2.514652013778686523e-01
1.922681480646133423e-01
1.526227891445159912e-01
1.406987160444259644e-01
1.340125799179077148e-01
1.291035711765289307e-01
1.246827617287635803e-01
1.219213753938674927e-01
1.187227815389633179e-01
1.157273799180984497e-01
1.131088882684707642e-01
1.103494092822074890e-01
1.086179539561271667e-01
1.062875092029571533e-01
1.047880873084068298e-01
1.028375327587127686e-01
1.016950979828834534e-01
1.008496582508087158e-01
9.848467260599136353e-02
9.808568656444549561e-02
9.710615128278732300e-02
9.532906115055084229e-02
9.404106438159942627e-02
9.263344109058380127e-02
9.281324595212936401e-02
9.056197851896286011e-02
9.023362398147583008e-02
8.960354328155517578e-02
8.858501911163330078e-02
8.738805353641510010e-02
8.688236773014068604e-02
8.604325354099273682e-02
8.522522449493408203e-02
8.477421849966049194e-02
8.333511650562286377e-02
8.305412530899047852e-02
8.281797915697097778e-02
8.255775272846221924e-02
8.099001646041870117e-02
8.039665222167968750e-02
8.052749931812286377e-02
8.005123585462570190e-02
7.863324135541915894e-02
7.878724485635757446e-02
7.742840051651000977e-02
7.744435966014862061e-02
7.664263248443603516e-02
7.686702907085418701e-02
7.597085088491439819e-02
7.507496327161788940e-02
7.486864179372787476e-02
7.426390796899795532e-02
7.439274340867996216e-02
7.366412132978439331e-02
7.339490205049514771e-02
7.269638031721115112e-02
7.189850509166717529e-02
7.197388261556625366e-02
7.099607586860656738e-02
7.034585624933242798e-02
7.054518163204193115e-02
6.935785710811614990e-02
6.884538382291793823e-02
6.902201473712921143e-02
6.827659159898757935e-02
6.774276494979858398e-02
6.744591146707534790e-02
6.601726263761520386e-02
6.583677977323532104e-02
6.723906099796295166e-02
6.535618752241134644e-02
6.520444154739379883e-02
6.459158658981323242e-02
6.444430351257324219e-02
6.377509236335754395e-02
6.332350522279739380e-02
6.329888105392456055e-02
6.316008418798446655e-02
6.282239407300949097e-02
6.282690167427062988e-02
6.265170872211456299e-02
6.197092682123184204e-02
6.200080737471580505e-02
6.151941418647766113e-02
6.071844324469566345e-02
6.091028451919555664e-02
6.085626780986785889e-02
6.058706715703010559e-02
5.948575213551521301e-02
5.953066423535346985e-02
5.950681120157241821e-02
5.930743739008903503e-02
5.869964510202407837e-02
5.909600853919982910e-02
5.827914923429489136e-02
5.877110734581947327e-02
5.840753763914108276e-02
5.784121155738830566e-02
5.740583315491676331e-02
5.761757493019104004e-02
5.722030997276306152e-02
5.678733438253402710e-02
5.726591497659683228e-02
5.644851177930831909e-02
5.684198439121246338e-02
5.611624568700790405e-02
5.613433197140693665e-02
5.586918815970420837e-02
5.492877587676048279e-02
5.476617068052291870e-02
5.520855262875556946e-02
5.543025583028793335e-02
5.457504838705062866e-02
5.481615290045738220e-02
5.483610183000564575e-02
5.441445484757423401e-02
5.425918474793434143e-02
5.460400506854057312e-02
5.393027141690254211e-02
5.393372103571891785e-02
5.301974341273307800e-02
5.320752039551734924e-02
5.288734287023544312e-02
5.327308177947998047e-02
5.250448733568191528e-02
5.358083173632621765e-02
5.262752249836921692e-02
5.235982686281204224e-02
5.240925773978233337e-02
5.203555151820182800e-02
5.115765705704689026e-02
5.144943296909332275e-02
5.111311748623847961e-02
5.070219933986663818e-02
5.107155442237854004e-02
5.042382329702377319e-02
4.996359348297119141e-02
4.978172853589057922e-02
5.028943344950675964e-02
5.005972459912300110e-02
5.015016719698905945e-02
5.044085532426834106e-02
4.973841458559036255e-02
4.977674782276153564e-02
4.968265816569328308e-02
4.972141608595848083e-02
4.913236945867538452e-02
4.962991923093795776e-02
4.878165200352668762e-02
4.917732253670692444e-02
4.887583479285240173e-02
4.916037619113922119e-02
4.888736456632614136e-02
4.870804399251937866e-02
4.797933995723724365e-02
4.803105816245079041e-02
4.761996492743492126e-02
4.780222475528717041e-02
4.712469130754470825e-02
4.754255712032318115e-02
4.761360213160514832e-02
4.748468101024627686e-02
4.789613932371139526e-02
4.712456092238426208e-02
4.665402695536613464e-02
4.678517580032348633e-02
4.709490388631820679e-02
4.638450592756271362e-02
4.699186235666275024e-02
4.699791967868804932e-02
4.732847958803176880e-02
4.613743722438812256e-02
4.621750488877296448e-02
4.590353742241859436e-02
4.572040960192680359e-02
4.561192169785499573e-02
4.631875455379486084e-02
4.570614546537399292e-02
4.585629329085350037e-02
4.545674100518226624e-02
4.546336829662322998e-02
4.554279521107673645e-02
4.498338699340820312e-02
4.561125114560127258e-02
4.542889073491096497e-02
4.505135118961334229e-02
4.446692392230033875e-02
4.451362788677215576e-02
4.467383772134780884e-02
4.392718896269798279e-02
4.446592554450035095e-02
4.509050026535987854e-02
4.498894885182380676e-02
4.453615471720695496e-02
4.470045864582061768e-02
4.417037963867187500e-02
4.406781122088432312e-02
4.390893131494522095e-02
4.335988312959671021e-02
4.370124638080596924e-02
4.416782781481742859e-02
4.354131966829299927e-02
4.366965591907501221e-02
4.296439513564109802e-02
4.338986054062843323e-02
4.424360021948814392e-02
4.307917878031730652e-02
4.353043437004089355e-02
4.320104047656059265e-02
4.315007477998733521e-02
4.344186559319496155e-02
4.305662587285041809e-02
4.266038537025451660e-02
4.269020631909370422e-02
4.328379407525062561e-02
4.212771356105804443e-02
4.224799200892448425e-02
4.276242107152938843e-02
4.211589694023132324e-02
4.233494400978088379e-02
4.285706952214241028e-02
4.216773808002471924e-02
4.190883785486221313e-02
4.220183193683624268e-02
4.270689561963081360e-02
4.175622761249542236e-02
4.195305332541465759e-02
4.220706596970558167e-02
4.171795397996902466e-02
4.189740866422653198e-02
4.175820946693420410e-02
4.199244827032089233e-02
4.124543815851211548e-02
4.165875166654586792e-02
4.102601110935211182e-02
4.161804541945457458e-02
4.114436358213424683e-02
4.163096472620964050e-02
4.073666408658027649e-02
4.089502617716789246e-02
4.132620617747306824e-02
4.086017981171607971e-02
4.055936262011528015e-02
4.119015857577323914e-02
4.053879156708717346e-02
4.050285741686820984e-02
4.056672379374504089e-02
4.044250398874282837e-02
4.043504223227500916e-02
4.035640507936477661e-02
4.035009443759918213e-02
4.008762538433074951e-02
4.085457697510719299e-02
4.031492024660110474e-02
3.984596952795982361e-02
3.980475291609764099e-02
4.014120995998382568e-02
4.044018313288688660e-02
4.045704379677772522e-02
3.996362909674644470e-02
3.982000052928924561e-02
3.968717530369758606e-02
3.972407430410385132e-02
4.000475257635116577e-02
3.923700004816055298e-02
3.958009928464889526e-02
4.023868963122367859e-02
3.989002853631973267e-02
3.937517479062080383e-02
3.962968662381172180e-02
3.937317058444023132e-02
3.964670002460479736e-02
3.989070653915405273e-02
3.919246792793273926e-02
3.912770003080368042e-02
3.925747796893119812e-02
3.922569379210472107e-02
3.954212740063667297e-02
3.900305554270744324e-02
3.963167965412139893e-02
3.951421007513999939e-02
3.988037258386611938e-02
3.897825255990028381e-02
3.893762826919555664e-02
3.903063759207725525e-02
3.881643339991569519e-02
3.857234492897987366e-02
3.819602355360984802e-02
3.871786594390869141e-02
3.833117708563804626e-02
3.832947090268135071e-02
3.885978087782859802e-02
3.822007402777671814e-02
3.903862088918685913e-02
3.837808594107627869e-02
3.831807523965835571e-02
3.816034272313117981e-02
3.904174640774726868e-02
3.815331682562828064e-02
3.842919319868087769e-02
3.789367899298667908e-02
3.833008930087089539e-02
3.862256184220314026e-02
3.820944577455520630e-02
3.794528171420097351e-02
3.802971541881561279e-02
3.855635225772857666e-02
3.820808231830596924e-02
3.788336366415023804e-02
3.810214623808860779e-02
3.801346197724342346e-02
3.795441240072250366e-02
3.761895373463630676e-02
3.783781453967094421e-02
3.814076259732246399e-02
3.822100907564163208e-02
3.751203790307044983e-02
3.769089654088020325e-02
3.750213980674743652e-02
3.816744685173034668e-02
3.775097802281379700e-02
3.747768327593803406e-02
3.898562490940093994e-02
3.844601288437843323e-02
3.727374225854873657e-02
3.720425069332122803e-02
3.758659958839416504e-02
3.730994090437889099e-02
3.693122789263725281e-02
3.724851831793785095e-02
3.756652399897575378e-02
3.758242726325988770e-02
3.757403418421745300e-02
3.761169314384460449e-02
3.664557263255119324e-02
3.719798475503921509e-02
3.690075129270553589e-02
3.683347627520561218e-02
3.743528947234153748e-02
3.723132610321044922e-02
3.709439933300018311e-02
3.641641139984130859e-02
3.764346241950988770e-02
3.701644018292427063e-02
3.683371096849441528e-02
3.661854192614555359e-02
3.642595186829566956e-02
3.648261353373527527e-02
3.689302504062652588e-02
3.677213937044143677e-02
3.636069968342781067e-02
3.653069585561752319e-02
3.645702451467514038e-02
3.614931181073188782e-02
3.663826361298561096e-02
3.618414700031280518e-02
3.655073791742324829e-02
3.640269115567207336e-02
3.640779852867126465e-02
3.610010445117950439e-02
3.621843084692955017e-02
3.628895059227943420e-02
3.678674995899200439e-02
3.700158745050430298e-02
3.642096370458602905e-02
3.593226149678230286e-02
3.575191646814346313e-02
3.565727546811103821e-02
3.616338223218917847e-02
3.622678294777870178e-02
3.615443408489227295e-02
3.609984740614891052e-02
3.635200858116149902e-02
3.584332019090652466e-02
3.594651073217391968e-02
3.578700497746467590e-02
3.628562018275260925e-02
3.562293574213981628e-02
3.569841012358665466e-02
3.561452776193618774e-02
3.615918010473251343e-02
3.583371266722679138e-02
3.551690280437469482e-02
3.576529771089553833e-02
3.557122871279716492e-02
3.545067086815834045e-02
3.537648171186447144e-02
3.541452437639236450e-02
3.602379187941551208e-02
3.581142053008079529e-02
3.596348688006401062e-02
3.531475737690925598e-02
3.560558706521987915e-02
3.482383862137794495e-02
3.512784466147422791e-02
3.544770181179046631e-02
3.542111068964004517e-02
3.457271680235862732e-02
3.482812643051147461e-02
3.525212034583091736e-02
3.488995879888534546e-02
3.575521707534790039e-02
3.545357659459114075e-02
3.508057072758674622e-02
3.473744541406631470e-02
3.555559739470481873e-02
3.536925837397575378e-02
3.474455326795578003e-02
3.499955311417579651e-02
3.480730578303337097e-02
3.491087257862091064e-02
3.497328609228134155e-02
3.512530773878097534e-02
3.482206910848617554e-02
3.519287705421447754e-02
3.521168231964111328e-02
3.483953699469566345e-02
3.487431257963180542e-02
3.494610637426376343e-02
3.554283455014228821e-02
3.509562835097312927e-02
3.411283344030380249e-02
3.442794084548950195e-02
3.492097184062004089e-02
3.474592417478561401e-02
3.451993688941001892e-02
3.470386192202568054e-02
3.439683094620704651e-02
3.463457897305488586e-02
3.418334946036338806e-02
3.417629748582839966e-02
3.427185118198394775e-02
3.470510244369506836e-02
3.446134552359580994e-02
3.460218012332916260e-02
3.443117067217826843e-02
3.435117751359939575e-02
3.477525711059570312e-02
3.437308594584465027e-02
3.474687412381172180e-02
3.424640744924545288e-02
3.420851007103919983e-02
3.416037932038307190e-02
3.434650227427482605e-02
3.426963463425636292e-02
3.447504341602325439e-02
3.417381644248962402e-02
3.428841754794120789e-02
3.434672951698303223e-02
3.408095985651016235e-02
3.425562381744384766e-02
3.376584127545356750e-02
3.399741649627685547e-02
3.402526676654815674e-02
3.433461114764213562e-02
3.469636663794517517e-02
3.373757749795913696e-02
3.416584432125091553e-02
3.402839973568916321e-02
3.382317721843719482e-02
3.438560292124748230e-02
3.413587063550949097e-02
3.382997214794158936e-02
3.411463275551795959e-02
3.376216813921928406e-02
3.373588621616363525e-02
3.412145748734474182e-02
3.391331061720848083e-02
3.411484882235527039e-02
3.366442024707794189e-02
3.345837444067001343e-02
3.380590677261352539e-02
3.339157998561859131e-02
3.354858234524726868e-02
3.311563283205032349e-02
3.311454877257347107e-02
3.332886099815368652e-02
3.332730010151863098e-02
3.349198028445243835e-02
3.350467607378959656e-02
3.332975134253501892e-02
3.333278000354766846e-02
3.378686681389808655e-02
3.346626833081245422e-02
3.338982537388801575e-02
3.337797895073890686e-02
3.356755152344703674e-02
3.303680568933486938e-02
3.328358381986618042e-02
3.345062583684921265e-02
3.375469520688056946e-02
3.317200765013694763e-02
3.288811445236206055e-02
3.363649547100067139e-02
3.300854191184043884e-02
3.354349732398986816e-02
3.265200182795524597e-02
3.287379071116447449e-02
3.301501274108886719e-02
3.305422887206077576e-02
