2.040655708312988281e+01
2.027595329284667969e+01
2.030615234375000000e+01
2.032786750793457031e+01
2.029014205932617188e+01
2.029274368286132812e+01
2.032127952575683594e+01
2.030286788940429688e+01
2.029855537414550781e+01
2.033506011962890625e+01
2.028508186340332031e+01
2.028285408020019531e+01
2.026828575134277344e+01
2.026374626159667969e+01
2.027984046936035156e+01
2.023739624023437500e+01
2.028580474853515625e+01
2.028347015380859375e+01
2.028753280639648438e+01
2.029134178161621094e+01
2.028297615051269531e+01
2.028197097778320312e+01
2.026588249206542969e+01
2.030823516845703125e+01
2.028501510620117188e+01
2.029090309143066406e+01
2.029670333862304688e+01
2.024197578430175781e+01
2.027499771118164062e+01
2.028992652893066406e+01
2.027650070190429688e+01
2.025230789184570312e+01
2.030846977233886719e+01
2.026816749572753906e+01
2.029770851135253906e+01
2.029455566406250000e+01
2.026124954223632812e+01
2.027005577087402344e+01
2.030776977539062500e+01
2.024868011474609375e+01
2.031133842468261719e+01
2.032856941223144531e+01
2.029127120971679688e+01
2.031263351440429688e+01
2.024941635131835938e+01
2.029748344421386719e+01
2.027411460876464844e+01
2.029531478881835938e+01
2.031856536865234375e+01
2.035409355163574219e+01
2.027476310729980469e+01
2.030823135375976562e+01
2.028310585021972656e+01
2.026371955871582031e+01
2.026508140563964844e+01
2.025728225708007812e+01
2.029916000366210938e+01
2.027972030639648438e+01
2.028348731994628906e+01
2.022028350830078125e+01
2.026920700073242188e+01
2.026237487792968750e+01
2.025399398803710938e+01
2.026874542236328125e+01
2.030460548400878906e+01
2.029960632324218750e+01
2.029575538635253906e+01
2.029457092285156250e+01
2.026041984558105469e+01
2.032520675659179688e+01
2.026245689392089844e+01
2.031188011169433594e+01
2.026269149780273438e+01
2.031934356689453125e+01
2.027586555480957031e+01
2.028431892395019531e+01
2.027578163146972656e+01
2.026652526855468750e+01
2.028672218322753906e+01
2.029002761840820312e+01
2.028872489929199219e+01
2.028521728515625000e+01
2.025988769531250000e+01
2.026110267639160156e+01
2.026341438293457031e+01
2.026089286804199219e+01
2.027937316894531250e+01
2.028084945678710938e+01
2.025106811523437500e+01
2.024770545959472656e+01
2.026648712158203125e+01
2.023982620239257812e+01
2.026940155029296875e+01
2.027431297302246094e+01
2.029283523559570312e+01
2.027335929870605469e+01
2.028007698059082031e+01
2.026697349548339844e+01
2.027506637573242188e+01
2.023433685302734375e+01
2.026439476013183594e+01
2.025995635986328125e+01
2.032345390319824219e+01
2.029107666015625000e+01
2.028587532043457031e+01
2.025837707519531250e+01
2.029680442810058594e+01
2.031925964355468750e+01
2.026000404357910156e+01
2.031351280212402344e+01
2.029237937927246094e+01
2.028041648864746094e+01
2.029702186584472656e+01
2.027649497985839844e+01
2.025463676452636719e+01
2.026511955261230469e+01
2.025390243530273438e+01
2.031385993957519531e+01
2.027959632873535156e+01
2.028816032409667969e+01
2.027500915527343750e+01
2.023062896728515625e+01
2.027056121826171875e+01
2.028668785095214844e+01
2.025417327880859375e+01
2.027083969116210938e+01
2.027084159851074219e+01
2.025911140441894531e+01
2.025682258605957031e+01
2.030665397644042969e+01
2.025415229797363281e+01
2.030523300170898438e+01
2.027442359924316406e+01
2.024755287170410156e+01
2.025875663757324219e+01
2.027009201049804688e+01
2.024008369445800781e+01
2.033294486999511719e+01
2.027888107299804688e+01
2.033939361572265625e+01
2.028078842163085938e+01
2.026086807250976562e+01
2.026052474975585938e+01
2.023832511901855469e+01
2.028305053710937500e+01
2.030858993530273438e+01
2.027927970886230469e+01
2.029594612121582031e+01
2.025928878784179688e+01
2.030157089233398438e+01
2.026217079162597656e+01
2.025361061096191406e+01
2.030994606018066406e+01
2.026492118835449219e+01
2.027487754821777344e+01
2.028348350524902344e+01
2.026950073242187500e+01
2.028240585327148438e+01
2.027077293395996094e+01
2.028296661376953125e+01
2.025668525695800781e+01
2.026123428344726562e+01
2.027573394775390625e+01
2.027063941955566406e+01
2.023220062255859375e+01
2.027560997009277344e+01
2.027341079711914062e+01
2.026582336425781250e+01
2.026766777038574219e+01
2.030071640014648438e+01
2.026550483703613281e+01
2.027579498291015625e+01
2.031050300598144531e+01
2.027437591552734375e+01
2.027335166931152344e+01
2.026534271240234375e+01
2.027137184143066406e+01
2.028389549255371094e+01
2.027156639099121094e+01
2.030498313903808594e+01
2.030619621276855469e+01
2.028361320495605469e+01
2.026425170898437500e+01
2.025628662109375000e+01
2.026511955261230469e+01
2.026251220703125000e+01
2.026187324523925781e+01
2.027867698669433594e+01
2.026853561401367188e+01
2.027354812622070312e+01
2.030109596252441406e+01
2.026733016967773438e+01
2.024856376647949219e+01
2.029098510742187500e+01
2.025361061096191406e+01
2.026607513427734375e+01
2.024845886230468750e+01
2.023950767517089844e+01
2.024870872497558594e+01
2.030634689331054688e+01
2.029336929321289062e+01
2.027844619750976562e+01
2.029748916625976562e+01
2.030135345458984375e+01
2.027430725097656250e+01
2.032138252258300781e+01
2.026306152343750000e+01
2.026207733154296875e+01
2.028244972229003906e+01
2.026668357849121094e+01
2.026686477661132812e+01
2.026807212829589844e+01
2.026286125183105469e+01
2.028328514099121094e+01
2.029894447326660156e+01
2.028195762634277344e+01
2.027539443969726562e+01
2.025426101684570312e+01
2.028319358825683594e+01
2.028802680969238281e+01
2.029696655273437500e+01
2.028492736816406250e+01
2.027216339111328125e+01
2.030778503417968750e+01
2.029280281066894531e+01
2.031830215454101562e+01
2.032463455200195312e+01
2.027632141113281250e+01
2.026663208007812500e+01
2.027237319946289062e+01
2.030062103271484375e+01
2.028554153442382812e+01
2.032164955139160156e+01
2.027149581909179688e+01
2.028583717346191406e+01
2.027155876159667969e+01
2.027053833007812500e+01
2.027095985412597656e+01
2.026615333557128906e+01
2.027470397949218750e+01
2.028016281127929688e+01
2.025742530822753906e+01
2.023592185974121094e+01
2.028404235839843750e+01
2.027057266235351562e+01
2.024790763854980469e+01
2.025766754150390625e+01
2.029054641723632812e+01
2.027139854431152344e+01
2.027493476867675781e+01
2.027765464782714844e+01
2.024657440185546875e+01
2.027018547058105469e+01
2.030361175537109375e+01
2.030154037475585938e+01
2.024455451965332031e+01
2.028609466552734375e+01
2.028296089172363281e+01
2.026317977905273438e+01
2.026924133300781250e+01
2.026619720458984375e+01
2.028059959411621094e+01
2.026249313354492188e+01
2.027857589721679688e+01
2.025944519042968750e+01
2.027255439758300781e+01
2.026843833923339844e+01
2.026584815979003906e+01
2.028673171997070312e+01
2.030217742919921875e+01
2.025030326843261719e+01
2.030798149108886719e+01
2.032207679748535156e+01
2.026753044128417969e+01
2.026530075073242188e+01
2.027148246765136719e+01
2.024246788024902344e+01
2.030272483825683594e+01
2.027812767028808594e+01
2.027018928527832031e+01
2.030285263061523438e+01
2.029941749572753906e+01
2.025967407226562500e+01
2.028324508666992188e+01
2.027417945861816406e+01
2.026042747497558594e+01
2.027938079833984375e+01
2.026391601562500000e+01
2.027292251586914062e+01
2.028152275085449219e+01
2.030362510681152344e+01
2.030190849304199219e+01
2.024379920959472656e+01
2.027692413330078125e+01
2.026920890808105469e+01
2.031884574890136719e+01
2.027457427978515625e+01
2.030194091796875000e+01
2.028837776184082031e+01
2.027931404113769531e+01
2.025369071960449219e+01
2.027337455749511719e+01
2.028665542602539062e+01
2.026473999023437500e+01
2.024511146545410156e+01
2.027223014831542969e+01
2.024476623535156250e+01
2.024774360656738281e+01
2.026013374328613281e+01
2.025949287414550781e+01
2.024770545959472656e+01
2.028880500793457031e+01
2.029594421386718750e+01
2.027795791625976562e+01
2.032178878784179688e+01
2.028191375732421875e+01
2.030828666687011719e+01
2.027024459838867188e+01
2.029852676391601562e+01
2.026012611389160156e+01
2.028799629211425781e+01
2.025149345397949219e+01
2.027017593383789062e+01
2.029043579101562500e+01
2.024770545959472656e+01
2.027674293518066406e+01
2.031211280822753906e+01
2.026497077941894531e+01
2.030283355712890625e+01
2.027278518676757812e+01
2.028631210327148438e+01
2.029271316528320312e+01
2.028355407714843750e+01
2.024427413940429688e+01
2.026854896545410156e+01
2.028853034973144531e+01
2.029971313476562500e+01
2.025416374206542969e+01
2.026312255859375000e+01
2.027044677734375000e+01
2.023870086669921875e+01
2.027920150756835938e+01
2.031295204162597656e+01
2.023964118957519531e+01
2.028169441223144531e+01
2.030655860900878906e+01
2.028191375732421875e+01
2.022597312927246094e+01
2.029277420043945312e+01
2.026458168029785156e+01
2.027822685241699219e+01
2.027627944946289062e+01
2.025635337829589844e+01
2.028423500061035156e+01
2.025143432617187500e+01
2.032772636413574219e+01
2.027263832092285156e+01
2.029622840881347656e+01
2.026372909545898438e+01
2.032304954528808594e+01
2.025776863098144531e+01
2.026972961425781250e+01
2.025622749328613281e+01
2.027886962890625000e+01
2.030228042602539062e+01
2.030802345275878906e+01
2.025178146362304688e+01
2.027291488647460938e+01
2.025347900390625000e+01
2.028320121765136719e+01
2.027264976501464844e+01
2.025060081481933594e+01
2.028351783752441406e+01
2.025662994384765625e+01
2.032201004028320312e+01
2.026275062561035156e+01
2.026054954528808594e+01
2.028845024108886719e+01
2.029472732543945312e+01
2.027078056335449219e+01
2.027340698242187500e+01
2.023480987548828125e+01
2.024877548217773438e+01
2.027531814575195312e+01
2.028706359863281250e+01
2.028175926208496094e+01
2.028357124328613281e+01
2.024944496154785156e+01
2.023940277099609375e+01
2.027980613708496094e+01
2.025308036804199219e+01
2.024995803833007812e+01
2.026180267333984375e+01
2.028587722778320312e+01
2.027083969116210938e+01
2.029562568664550781e+01
2.027195739746093750e+01
2.029234313964843750e+01
2.028917503356933594e+01
2.029153823852539062e+01
2.026111221313476562e+01
2.029882049560546875e+01
2.027419853210449219e+01
2.025211524963378906e+01
2.026622009277343750e+01
2.028303527832031250e+01
2.026288604736328125e+01
2.030464935302734375e+01
2.024963951110839844e+01
2.028554534912109375e+01
2.025926399230957031e+01
2.026199913024902344e+01
2.028322219848632812e+01
2.026791572570800781e+01
2.031309127807617188e+01
2.027686309814453125e+01
2.026718711853027344e+01
2.026371765136718750e+01
2.027640342712402344e+01
2.031299781799316406e+01
2.030380058288574219e+01
2.028357315063476562e+01
2.035089111328125000e+01
2.026480293273925781e+01
2.029907989501953125e+01
2.027451705932617188e+01
2.025328636169433594e+01
2.024887275695800781e+01
2.026387405395507812e+01
2.024656677246093750e+01
2.029217910766601562e+01
2.031707572937011719e+01
2.029819297790527344e+01
2.026298713684082031e+01
2.024668312072753906e+01
2.027583503723144531e+01
2.028565597534179688e+01
2.028279876708984375e+01
2.027547645568847656e+01
2.028866767883300781e+01
2.024709892272949219e+01
2.027999496459960938e+01
2.026124000549316406e+01
2.027046012878417969e+01
2.027320671081542969e+01
2.027301025390625000e+01
2.025861358642578125e+01
2.026315498352050781e+01
2.025384330749511719e+01
2.027344322204589844e+01
2.027792549133300781e+01
2.026085662841796875e+01
2.030272102355957031e+01
2.028600120544433594e+01
2.025378608703613281e+01
2.028195953369140625e+01
2.024989891052246094e+01
2.030718803405761719e+01
2.027441024780273438e+01
2.025498580932617188e+01
2.026005554199218750e+01
2.029538536071777344e+01
2.026675796508789062e+01
2.026501655578613281e+01
2.028037261962890625e+01
2.028141021728515625e+01
2.025524520874023438e+01
2.024996948242187500e+01
2.027030372619628906e+01
2.030160713195800781e+01
2.029211807250976562e+01
2.027692222595214844e+01
2.025141334533691406e+01
2.027146911621093750e+01
2.027654838562011719e+01
2.030979347229003906e+01
2.026973342895507812e+01
2.027128028869628906e+01
2.029405593872070312e+01
2.026898574829101562e+01
2.025601959228515625e+01
2.026451301574707031e+01
2.023695755004882812e+01
2.024683761596679688e+01
2.025432586669921875e+01
2.031477546691894531e+01
2.024676132202148438e+01
2.024085998535156250e+01
2.030649757385253906e+01
2.026032257080078125e+01
2.026799583435058594e+01
2.032127761840820312e+01
2.029449844360351562e+01
2.027122116088867188e+01
2.026009750366210938e+01
2.028451538085937500e+01
2.028030586242675781e+01
2.029593276977539062e+01
2.027919387817382812e+01
2.029199600219726562e+01
2.026457214355468750e+01
2.030610275268554688e+01
2.028610229492187500e+01
2.030950164794921875e+01
2.027750396728515625e+01
2.029961013793945312e+01
2.026022529602050781e+01
2.028948783874511719e+01
2.024685287475585938e+01
2.026988983154296875e+01
2.029317283630371094e+01
2.025684165954589844e+01
2.027726936340332031e+01
2.026935577392578125e+01
2.029755592346191406e+01
2.030493354797363281e+01
2.028371047973632812e+01
2.029284477233886719e+01
2.024823379516601562e+01
2.027698898315429688e+01
2.030006790161132812e+01
2.024626731872558594e+01
2.028790473937988281e+01
2.026838874816894531e+01
2.026569938659667969e+01
2.028741264343261719e+01
2.026651382446289062e+01
2.027002143859863281e+01
2.027534675598144531e+01
2.031596946716308594e+01
2.028297042846679688e+01
2.024107551574707031e+01
2.026020240783691406e+01
2.030137252807617188e+01
2.030116653442382812e+01
2.024640846252441406e+01
2.027516365051269531e+01
2.031538200378417969e+01
2.028842163085937500e+01
2.032136344909667969e+01
2.029343986511230469e+01
2.023925781250000000e+01
2.028498268127441406e+01
2.026893234252929688e+01
2.026745223999023438e+01
2.025157165527343750e+01
2.027136230468750000e+01
2.027329254150390625e+01
2.031341743469238281e+01
2.029533004760742188e+01
2.026681709289550781e+01
2.025638961791992188e+01
2.027861404418945312e+01
2.026847839355468750e+01
2.032838249206542969e+01
2.027492904663085938e+01
2.027906036376953125e+01
2.025786018371582031e+01
2.026259613037109375e+01
2.028956985473632812e+01
2.027772521972656250e+01
2.028566741943359375e+01
2.028026580810546875e+01
2.025970458984375000e+01
2.026955986022949219e+01
2.025307273864746094e+01
2.026998329162597656e+01
2.028162956237792969e+01
2.027494430541992188e+01
2.026343727111816406e+01
2.026007461547851562e+01
2.026946258544921875e+01
2.026894187927246094e+01
2.027941513061523438e+01
2.026508140563964844e+01
2.027275657653808594e+01
2.028481483459472656e+01
2.025826835632324219e+01
2.028433990478515625e+01
2.028960418701171875e+01
2.027914619445800781e+01
2.024577140808105469e+01
2.027522659301757812e+01
2.027517318725585938e+01
2.025488662719726562e+01
2.031054878234863281e+01
2.027710151672363281e+01
2.027960586547851562e+01
2.025912284851074219e+01
2.025675582885742188e+01
2.027573013305664062e+01
2.027577972412109375e+01
2.026551628112792969e+01
2.034419441223144531e+01
2.026705169677734375e+01
2.031093597412109375e+01
2.025861167907714844e+01
2.024603271484375000e+01
2.026068687438964844e+01
2.031235313415527344e+01
2.028245162963867188e+01
2.026541709899902344e+01
2.028279113769531250e+01
2.027980232238769531e+01
2.025490760803222656e+01
2.027686691284179688e+01
2.030057144165039062e+01
2.027610015869140625e+01
2.027568054199218750e+01
2.025856018066406250e+01
2.028415870666503906e+01
2.022953605651855469e+01
2.026790237426757812e+01
2.029235458374023438e+01
2.028608512878417969e+01
2.026413345336914062e+01
2.029860687255859375e+01
2.027617835998535156e+01
2.025609016418457031e+01
2.024353981018066406e+01
2.026701164245605469e+01
2.025985717773437500e+01
2.028822326660156250e+01
2.030445480346679688e+01
2.029172897338867188e+01
2.026348686218261719e+01
2.026562118530273438e+01
2.026658439636230469e+01
2.026280021667480469e+01
2.030094718933105469e+01
2.029476928710937500e+01
2.027609443664550781e+01
2.026542663574218750e+01
2.027686119079589844e+01
2.030079460144042969e+01
2.026791000366210938e+01
2.028562164306640625e+01
2.028711318969726562e+01
2.028402328491210938e+01
2.031927490234375000e+01
2.028962516784667969e+01
2.029746246337890625e+01
2.031652450561523438e+01
2.029942131042480469e+01
2.026162528991699219e+01
2.026347351074218750e+01
2.026211929321289062e+01
2.025349617004394531e+01
2.025548744201660156e+01
2.028097724914550781e+01
2.028773117065429688e+01
2.029372215270996094e+01
2.024955749511718750e+01
2.028139686584472656e+01
2.033004760742187500e+01
2.025119972229003906e+01
2.029153060913085938e+01
2.028160858154296875e+01
2.029381752014160156e+01
2.029277420043945312e+01
2.030945777893066406e+01
2.024836730957031250e+01
2.027753067016601562e+01
2.022360420227050781e+01
2.029465866088867188e+01
2.026126480102539062e+01
2.025503158569335938e+01
2.030949401855468750e+01
2.025240516662597656e+01
2.027837181091308594e+01
2.030926322937011719e+01
2.024998474121093750e+01
2.028442955017089844e+01
2.028746795654296875e+01
2.029435157775878906e+01
2.031461906433105469e+01
2.029140090942382812e+01
2.029434776306152344e+01
2.027329444885253906e+01
2.029538536071777344e+01
2.026760101318359375e+01
2.025327873229980469e+01
2.028162002563476562e+01
2.025363922119140625e+01
2.025057601928710938e+01
2.026671028137207031e+01
2.026929283142089844e+01
2.026881408691406250e+01
2.026008033752441406e+01
2.027485466003417969e+01
2.026284027099609375e+01
2.025157356262207031e+01
2.028824806213378906e+01
2.026628303527832031e+01
2.025823593139648438e+01
2.026351928710937500e+01
2.028379821777343750e+01
2.029511451721191406e+01
2.026899147033691406e+01
2.027715682983398438e+01
2.029240798950195312e+01
2.029629325866699219e+01
2.029184150695800781e+01
2.029128837585449219e+01
2.030378150939941406e+01
2.024934005737304688e+01
2.027969169616699219e+01
2.030483055114746094e+01
2.024589920043945312e+01
2.027843856811523438e+01
2.027676391601562500e+01
2.028421020507812500e+01
2.026536178588867188e+01
2.028779029846191406e+01
2.024273681640625000e+01
2.028143692016601562e+01
2.027994728088378906e+01
2.032362556457519531e+01
2.026748466491699219e+01
2.028884696960449219e+01
2.028046798706054688e+01
2.028701782226562500e+01
2.027799797058105469e+01
2.030894470214843750e+01
2.025381278991699219e+01
2.025832176208496094e+01
2.026335716247558594e+01
2.028547477722167969e+01
2.028145408630371094e+01
2.029499435424804688e+01
2.029316520690917969e+01
2.030517196655273438e+01
2.028786087036132812e+01
2.028765296936035156e+01
2.025834846496582031e+01
2.026783752441406250e+01
2.027754592895507812e+01
2.026590919494628906e+01
2.027290916442871094e+01
2.030965995788574219e+01
2.025771522521972656e+01
2.026620483398437500e+01
2.030284309387207031e+01
2.028954696655273438e+01
2.027739143371582031e+01
2.028297615051269531e+01
2.024548149108886719e+01
2.025811958312988281e+01
2.027326393127441406e+01
2.028563499450683594e+01
2.026298332214355469e+01
2.032488822937011719e+01
2.025091552734375000e+01
2.029178619384765625e+01
2.029575920104980469e+01
2.027425575256347656e+01
2.029034805297851562e+01
2.027568244934082031e+01
2.028167915344238281e+01
2.024087333679199219e+01
2.031009101867675781e+01
2.022953414916992188e+01
2.028306961059570312e+01
2.035339927673339844e+01
2.028460502624511719e+01
2.028454017639160156e+01
2.027471542358398438e+01
2.027913856506347656e+01
2.028567504882812500e+01
2.025995063781738281e+01
2.025480842590332031e+01
2.027897262573242188e+01
2.030060577392578125e+01
2.027915191650390625e+01
2.025889396667480469e+01
2.025938796997070312e+01
2.027388572692871094e+01
2.030548858642578125e+01
2.025917053222656250e+01
2.028685379028320312e+01
2.026989555358886719e+01
2.032185745239257812e+01
2.029893875122070312e+01
2.031838226318359375e+01
2.029494285583496094e+01
2.025165748596191406e+01
2.024105262756347656e+01
2.026435089111328125e+01
2.027344512939453125e+01
2.025553703308105469e+01
2.026291465759277344e+01
2.026180076599121094e+01
2.028288459777832031e+01
2.030586814880371094e+01
2.026870536804199219e+01
2.025868988037109375e+01
2.029842567443847656e+01
2.027363014221191406e+01
2.025484466552734375e+01
2.029338836669921875e+01
2.026577377319335938e+01
2.030140495300292969e+01
2.029787826538085938e+01
2.026460838317871094e+01
2.026610374450683594e+01
2.027645492553710938e+01
2.024361610412597656e+01
2.027235031127929688e+01
2.027943992614746094e+01
2.026257705688476562e+01
2.031980514526367188e+01
2.026567459106445312e+01
2.028545570373535156e+01
2.030140686035156250e+01
2.026765251159667969e+01
2.031067085266113281e+01
2.025404548645019531e+01
2.025920867919921875e+01
2.024793815612792969e+01
2.026595306396484375e+01
2.025726699829101562e+01
2.024315261840820312e+01
2.029630279541015625e+01
2.028601646423339844e+01
2.027673530578613281e+01
2.030803680419921875e+01
2.028515434265136719e+01
2.026992416381835938e+01
2.028155517578125000e+01
2.028266716003417969e+01
2.030520629882812500e+01
2.028811264038085938e+01
2.026911926269531250e+01
2.029601287841796875e+01
2.025893974304199219e+01
2.025074768066406250e+01
2.032317161560058594e+01
2.030838203430175781e+01
2.024119758605957031e+01
2.031960678100585938e+01
2.026805496215820312e+01
2.025021743774414062e+01
2.027531433105468750e+01
2.025504493713378906e+01
2.030909919738769531e+01
2.028564834594726562e+01
2.025082969665527344e+01
2.029348754882812500e+01
2.027483367919921875e+01
2.028126907348632812e+01
2.027309226989746094e+01
2.026912307739257812e+01
2.027558517456054688e+01
2.027012634277343750e+01
2.026940345764160156e+01
2.026948547363281250e+01
2.027131652832031250e+01
2.029118347167968750e+01
2.024473953247070312e+01
2.028686141967773438e+01
2.028632164001464844e+01
2.025185394287109375e+01
2.025842857360839844e+01
2.024622917175292969e+01
2.025469779968261719e+01
2.027705383300781250e+01
2.025031471252441406e+01
2.027109909057617188e+01
2.026647377014160156e+01
2.026372718811035156e+01
2.026407051086425781e+01
2.027169799804687500e+01
2.024630928039550781e+01
2.028545188903808594e+01
2.027953529357910156e+01
2.024586486816406250e+01
2.027205467224121094e+01
2.028925704956054688e+01
2.028411293029785156e+01
2.026820564270019531e+01
2.028789329528808594e+01
2.027203369140625000e+01
2.028339004516601562e+01
2.028289985656738281e+01
2.027122306823730469e+01
2.025940895080566406e+01
2.028393936157226562e+01
2.027431488037109375e+01
2.027053833007812500e+01
2.027980804443359375e+01
2.026774787902832031e+01
2.026489639282226562e+01
2.029834938049316406e+01
2.028597259521484375e+01
2.027314567565917969e+01
2.034171485900878906e+01
2.029594993591308594e+01
2.026645469665527344e+01
2.026803398132324219e+01
2.030097198486328125e+01
2.026968574523925781e+01
2.025806045532226562e+01
2.025768661499023438e+01
2.027554321289062500e+01
2.031097030639648438e+01
2.027557945251464844e+01
2.029419708251953125e+01
2.026120567321777344e+01
2.026496315002441406e+01
2.029265213012695312e+01
2.027138519287109375e+01
2.026304244995117188e+01
2.029761314392089844e+01
2.030120849609375000e+01
2.024806976318359375e+01
2.023632812500000000e+01
2.029469299316406250e+01
2.030629348754882812e+01
2.023683547973632812e+01
2.028582954406738281e+01
2.032331085205078125e+01
2.028061294555664062e+01
2.027126121520996094e+01
2.028081321716308594e+01
2.027925491333007812e+01
2.027939224243164062e+01
2.028877258300781250e+01
2.025812721252441406e+01
2.030832672119140625e+01
2.025166320800781250e+01
2.028108787536621094e+01
2.028569221496582031e+01
2.031053924560546875e+01
2.030518531799316406e+01
2.028385162353515625e+01
2.027422142028808594e+01
2.028973007202148438e+01
2.028212547302246094e+01
2.027157592773437500e+01
2.026597023010253906e+01
2.025330543518066406e+01
2.025921821594238281e+01
2.025531578063964844e+01
2.027410507202148438e+01
2.027932739257812500e+01
2.028286743164062500e+01
2.027558517456054688e+01
2.028519248962402344e+01
2.028680229187011719e+01
2.026520729064941406e+01
2.027188491821289062e+01
2.027027130126953125e+01
2.027385330200195312e+01
2.026960945129394531e+01
2.025502586364746094e+01
2.024509811401367188e+01
2.028670501708984375e+01
2.024455070495605469e+01
2.030245018005371094e+01
2.030120086669921875e+01
2.027579498291015625e+01
2.028631019592285156e+01
2.029155731201171875e+01
2.028357887268066406e+01
2.026836204528808594e+01
2.026552391052246094e+01
2.024678039550781250e+01
2.027638053894042969e+01
2.025308036804199219e+01
2.027739524841308594e+01
2.024123001098632812e+01
2.027268791198730469e+01
2.028951835632324219e+01
2.030283355712890625e+01
2.033579063415527344e+01
2.028872108459472656e+01
2.026238059997558594e+01
2.028132438659667969e+01
2.028879356384277344e+01
2.027081489562988281e+01
2.026748275756835938e+01
2.024592971801757812e+01
2.026590156555175781e+01
2.029994392395019531e+01
2.026737976074218750e+01
2.025106620788574219e+01
2.027340126037597656e+01
2.025632095336914062e+01
2.029817390441894531e+01
2.025526809692382812e+01
2.025671195983886719e+01
2.027653503417968750e+01
2.026119232177734375e+01
2.032915306091308594e+01
2.027296066284179688e+01
2.026151084899902344e+01
2.028119659423828125e+01
2.024791336059570312e+01
2.029064369201660156e+01
2.028981208801269531e+01
