2.518233358860015869e-01
2.514226138591766357e-01
2.510322928428649902e-01
2.356790304183959961e-01
1.997522115707397461e-01
1.751337647438049316e-01
1.573030948638916016e-01
1.441057175397872925e-01
1.339636445045471191e-01
1.263910233974456787e-01
1.205252856016159058e-01
1.159983202815055847e-01
1.121580377221107483e-01
1.089627966284751892e-01
1.065392419695854187e-01
1.038019433617591858e-01
1.010564342141151428e-01
9.889855235815048218e-02
9.712027758359909058e-02
9.506136924028396606e-02
9.301272779703140259e-02
9.145817905664443970e-02
8.954767137765884399e-02
8.774460852146148682e-02
8.613441139459609985e-02
8.418360352516174316e-02
8.299051225185394287e-02
8.125504106283187866e-02
7.956831157207489014e-02
7.822633534669876099e-02
7.674630731344223022e-02
7.525692135095596313e-02
7.413016259670257568e-02
7.283753156661987305e-02
7.153497636318206787e-02
7.022212445735931396e-02
6.920647621154785156e-02
6.807867437601089478e-02
6.710716336965560913e-02
6.645844131708145142e-02
6.517248600721359253e-02
6.421890854835510254e-02
6.344137340784072876e-02
6.250803172588348389e-02
6.177711114287376404e-02
6.069102138280868530e-02
6.033462658524513245e-02
5.941112712025642395e-02
5.882956460118293762e-02
5.805455148220062256e-02
5.758172646164894104e-02
5.702118948101997375e-02
5.613082274794578552e-02
5.552849173545837402e-02
5.493307113647460938e-02
5.438642948865890503e-02
5.380233377218246460e-02
5.346015095710754395e-02
5.292712524533271790e-02
5.248501151800155640e-02
5.190501734614372253e-02
5.170954763889312744e-02
5.088143050670623779e-02
5.044182389974594116e-02
5.001593008637428284e-02
4.971387609839439392e-02
4.948955774307250977e-02
4.891318082809448242e-02
4.856948181986808777e-02
4.828940331935882568e-02
4.786406457424163818e-02
4.755938053131103516e-02
4.737436771392822266e-02
4.671569913625717163e-02
4.635855183005332947e-02
4.620492458343505859e-02
4.579366371035575867e-02
4.548203572630882263e-02
4.520214721560478210e-02
4.473505541682243347e-02
4.441191256046295166e-02
4.409379139542579651e-02
4.417265951633453369e-02
4.384371265769004822e-02
4.364539682865142822e-02
4.335032775998115540e-02
4.325358942151069641e-02
4.296151548624038696e-02
4.253775626420974731e-02
4.241510853171348572e-02
4.237533733248710632e-02
4.202397540211677551e-02
4.178449138998985291e-02
4.174172878265380859e-02
4.143911972641944885e-02
4.097422212362289429e-02
4.090613499283790588e-02
4.064658284187316895e-02
4.073710367083549500e-02
4.043348878622055054e-02
4.000847786664962769e-02
3.987653180956840515e-02
3.973592445254325867e-02
3.956994041800498962e-02
3.947549685835838318e-02
3.929261863231658936e-02
3.898548707365989685e-02
3.899945691227912903e-02
3.852950036525726318e-02
3.861591964960098267e-02
3.865408152341842651e-02
3.832924738526344299e-02
3.822914138436317444e-02
3.788846358656883240e-02
3.762414678931236267e-02
3.774768859148025513e-02
3.748218342661857605e-02
3.754139319062232971e-02
3.705117106437683105e-02
3.720615804195404053e-02
3.710652887821197510e-02
3.699200600385665894e-02
3.668854385614395142e-02
3.644395619630813599e-02
3.637313842773437500e-02
3.653374314308166504e-02
3.630585595965385437e-02
3.634848073124885559e-02
3.605001047253608704e-02
3.584963455796241760e-02
3.592551127076148987e-02
3.560125827789306641e-02
3.577842563390731812e-02
3.540617972612380981e-02
3.550421819090843201e-02
3.531245887279510498e-02
3.503228351473808289e-02
3.505272045731544495e-02
3.491563349962234497e-02
3.469877690076828003e-02
3.471695631742477417e-02
3.475672379136085510e-02
3.443978726863861084e-02
3.448990732431411743e-02
3.434325009584426880e-02
3.435033187270164490e-02
3.420668467879295349e-02
3.416663780808448792e-02
3.378986939787864685e-02
3.405358269810676575e-02
3.375414013862609863e-02
3.362210839986801147e-02
3.350817412137985229e-02
3.334433585405349731e-02
3.339926525950431824e-02
3.334567695856094360e-02
3.302439302206039429e-02
3.307151794433593750e-02
3.305712342262268066e-02
3.290987387299537659e-02
3.288158401846885681e-02
3.282215446233749390e-02
3.277857601642608643e-02
3.250194340944290161e-02
3.249927610158920288e-02
3.250304609537124634e-02
3.243406862020492554e-02
3.224606439471244812e-02
3.226027637720108032e-02
3.207172080874443054e-02
3.181466087698936462e-02
3.198791295289993286e-02
3.199095278978347778e-02
3.172508627176284790e-02
3.173680976033210754e-02
3.157654777169227600e-02
3.155575692653656006e-02
3.154058381915092468e-02
3.143658116459846497e-02
3.151240199804306030e-02
3.141299635171890259e-02
3.141393885016441345e-02
3.117891214787960052e-02
3.118690475821495056e-02
3.109387680888175964e-02
3.104766085743904114e-02
3.103086911141872406e-02
3.087707981467247009e-02
3.083618357777595520e-02
3.100880421698093414e-02
3.073008731007575989e-02
3.049500286579132080e-02
3.066540695726871490e-02
3.063806146383285522e-02
3.075271099805831909e-02
3.035946562886238098e-02
3.042311407625675201e-02
3.054597973823547363e-02
3.046992421150207520e-02
3.023794852197170258e-02
3.035045042634010315e-02
2.997835539281368256e-02
3.003088571131229401e-02
3.016103059053421021e-02
3.005459345877170563e-02
2.997443452477455139e-02
2.993420697748661041e-02
2.986496686935424805e-02
2.986657246947288513e-02
2.985583432018756866e-02
2.979428879916667938e-02
2.950884215533733368e-02
2.973289415240287781e-02
2.918126992881298065e-02
2.958430163562297821e-02
2.922561578452587128e-02
2.944934368133544922e-02
2.959046699106693268e-02
2.927230298519134521e-02
2.935630269348621368e-02
2.919016778469085693e-02
2.924888581037521362e-02
2.909332700073719025e-02
2.924167551100254059e-02
2.925272099673748016e-02
2.888325415551662445e-02
2.877078205347061157e-02
2.879416570067405701e-02
2.872797846794128418e-02
2.878597751259803772e-02
2.887211367487907410e-02
2.876324951648712158e-02
2.878578193485736847e-02
2.864672616124153137e-02
2.873483859002590179e-02
2.861484698951244354e-02
2.861721813678741455e-02
2.851478382945060730e-02
2.839081920683383942e-02
2.842846512794494629e-02
2.833564952015876770e-02
2.834261395037174225e-02
2.825532294809818268e-02
2.828662097454071045e-02
2.817648276686668396e-02
2.832783013582229614e-02
2.826071716845035553e-02
2.812715619802474976e-02
2.825783751904964447e-02
2.799369394779205322e-02
2.815538085997104645e-02
2.785233780741691589e-02
2.773960120975971222e-02
2.792352624237537384e-02
2.781064622104167938e-02
2.787595801055431366e-02
2.771969139575958252e-02
2.776747196912765503e-02
2.766945399343967438e-02
2.758678421378135681e-02
2.760875970125198364e-02
2.760287560522556305e-02
2.749843336641788483e-02
2.742031402885913849e-02
2.737676724791526794e-02
2.750269137322902679e-02
2.756591327488422394e-02
2.763403579592704773e-02
2.725712023675441742e-02
2.706449851393699646e-02
2.739281207323074341e-02
2.732810378074645996e-02
2.725951932370662689e-02
2.732380852103233337e-02
2.709175646305084229e-02
2.703001908957958221e-02
2.731699869036674500e-02
2.695584669709205627e-02
2.722468227148056030e-02
2.708124369382858276e-02
2.705187164247035980e-02
2.685817517340183258e-02
2.705500088632106781e-02
2.689518034458160400e-02
2.691830880939960480e-02
2.702533267438411713e-02
2.677211165428161621e-02
2.669346332550048828e-02
2.684855647385120392e-02
2.672022022306919098e-02
2.659178338944911957e-02
2.673032321035861969e-02
2.654304169118404388e-02
2.650511451065540314e-02
2.672073803842067719e-02
2.638064511120319366e-02
2.658686600625514984e-02
2.652364410459995270e-02
2.628946863114833832e-02
2.656806632876396179e-02
2.659134753048419952e-02
2.625726535916328430e-02
2.631235495209693909e-02
2.644151262938976288e-02
2.622927166521549225e-02
2.646751329302787781e-02
2.621914446353912354e-02
2.621380053460597992e-02
2.607125043869018555e-02
2.604806236922740936e-02
2.606914751231670380e-02
2.590171061456203461e-02
2.612554840743541718e-02
2.612440474331378937e-02
2.579881623387336731e-02
2.597875706851482391e-02
2.610517106950283051e-02
2.600736916065216064e-02
2.589225582778453827e-02
2.585288695991039276e-02
2.571269683539867401e-02
2.584391273558139801e-02
2.587957680225372314e-02
2.562018856406211853e-02
2.571452595293521881e-02
2.576056681573390961e-02
2.584791742265224457e-02
2.561752870678901672e-02
2.574226818978786469e-02
2.551937848329544067e-02
2.552800253033638000e-02
2.570745535194873810e-02
2.545245178043842316e-02
2.551058493554592133e-02
2.546058595180511475e-02
2.547358907759189606e-02
2.540550008416175842e-02
2.534595318138599396e-02
2.541944198310375214e-02
2.533798292279243469e-02
2.535542100667953491e-02
2.532635442912578583e-02
2.522556856274604797e-02
2.502385713160037994e-02
2.529924735426902771e-02
2.537702955305576324e-02
2.519927918910980225e-02
2.525825425982475281e-02
2.518230676651000977e-02
2.508637309074401855e-02
2.509477920830249786e-02
2.515533007681369781e-02
2.514879032969474792e-02
2.496888488531112671e-02
2.498028054833412170e-02
2.500255592167377472e-02
2.498183399438858032e-02
2.500301785767078400e-02
2.499500475823879242e-02
2.501945570111274719e-02
2.496086619794368744e-02
2.493537962436676025e-02
2.471667155623435974e-02
2.493478357791900635e-02
2.473544329404830933e-02
2.460393309593200684e-02
2.481804229319095612e-02
2.475189045071601868e-02
2.476650476455688477e-02
2.475751936435699463e-02
2.477319911122322083e-02
2.478077635169029236e-02
2.457341738045215607e-02
2.461768127977848053e-02
2.474091388285160065e-02
2.455888874828815460e-02
2.469051443040370941e-02
2.461501769721508026e-02
2.450824715197086334e-02
2.455992624163627625e-02
2.447022497653961182e-02
2.444657310843467712e-02
2.444647438824176788e-02
2.457332052290439606e-02
2.452391013503074646e-02
2.439647354185581207e-02
2.438792586326599121e-02
2.442854270339012146e-02
2.458724938333034515e-02
2.443864196538925171e-02
2.432939969003200531e-02
2.417384646832942963e-02
2.420343272387981415e-02
2.436263486742973328e-02
2.428146451711654663e-02
2.414651960134506226e-02
2.409063279628753662e-02
2.413331903517246246e-02
2.435751259326934814e-02
2.424656413495540619e-02
2.413790859282016754e-02
2.409991994500160217e-02
2.406607754528522491e-02
2.403919957578182220e-02
2.415601350367069244e-02
2.396211214363574982e-02
2.417363226413726807e-02
2.417422458529472351e-02
2.400526963174343109e-02
2.383779920637607574e-02
2.393417619168758392e-02
2.422923594713211060e-02
2.397327125072479248e-02
2.388677932322025299e-02
2.401055954396724701e-02
2.390004508197307587e-02
2.378488332033157349e-02
2.381094545125961304e-02
2.387142367660999298e-02
2.401284500956535339e-02
2.390560694038867950e-02
2.386615052819252014e-02
2.369431592524051666e-02
2.363468892872333527e-02
2.355775982141494751e-02
2.383841201663017273e-02
2.393790706992149353e-02
2.366760186851024628e-02
2.381286025047302246e-02
2.390416152775287628e-02
2.355381287634372711e-02
2.357203885912895203e-02
2.371757477521896362e-02
2.363376133143901825e-02
2.362445555627346039e-02
2.342211082577705383e-02
2.365533448755741119e-02
2.347714826464653015e-02
2.354486659169197083e-02
2.349117584526538849e-02
2.363794669508934021e-02
2.352548949420452118e-02
2.336500771343708038e-02
2.326836064457893372e-02
2.345647849142551422e-02
2.351656556129455566e-02
2.326132915914058685e-02
2.331654541194438934e-02
2.336367219686508179e-02
2.336263470351696014e-02
2.336820960044860840e-02
2.321175299584865570e-02
2.323896810412406921e-02
2.323475107550621033e-02
2.319159172475337982e-02
2.329329960048198700e-02
2.319652214646339417e-02
2.320506982505321503e-02
2.335395850241184235e-02
2.301544882357120514e-02
2.329416945576667786e-02
2.299958467483520508e-02
2.314874529838562012e-02
2.338025160133838654e-02
2.316361665725708008e-02
2.314281463623046875e-02
2.315164357423782349e-02
2.323533967137336731e-02
2.315648831427097321e-02
2.323106303811073303e-02
2.295524813234806061e-02
2.297880873084068298e-02
2.303120680153369904e-02
2.296948432922363281e-02
2.298920974135398865e-02
2.308408543467521667e-02
2.291081473231315613e-02
2.302557788789272308e-02
2.305339649319648743e-02
2.304855920374393463e-02
2.299820445477962494e-02
2.296623773872852325e-02
2.295299805700778961e-02
2.286607585847377777e-02
2.296504378318786621e-02
2.289199829101562500e-02
2.273070067167282104e-02
2.294933237135410309e-02
2.278864011168479919e-02
2.285061404109001160e-02
2.275177463889122009e-02
2.276523411273956299e-02
2.273259498178958893e-02
2.294169366359710693e-02
2.275832556188106537e-02
2.271928824484348297e-02
2.269258908927440643e-02
2.260288782417774200e-02
2.277631685137748718e-02
2.278604358434677124e-02
2.268404699862003326e-02
2.268775179982185364e-02
2.279807813465595245e-02
2.266528271138668060e-02
2.274948917329311371e-02
2.264858782291412354e-02
2.268594689667224884e-02
2.250714413821697235e-02
2.259674109518527985e-02
2.248202264308929443e-02
2.267715893685817719e-02
2.282950840890407562e-02
2.246104180812835693e-02
2.253889665007591248e-02
2.250218763947486877e-02
2.247751317918300629e-02
2.242403477430343628e-02
2.261610701680183411e-02
2.258138358592987061e-02
2.245194464921951294e-02
2.251538634300231934e-02
2.252935245633125305e-02
2.242079190909862518e-02
2.245988138020038605e-02
2.241912297904491425e-02
2.242537774145603180e-02
2.237593755125999451e-02
2.231511473655700684e-02
2.235622890293598175e-02
2.226766757667064667e-02
2.239471673965454102e-02
2.236982248723506927e-02
2.240326628088951111e-02
2.256940491497516632e-02
2.227269671857357025e-02
2.234862186014652252e-02
2.215019240975379944e-02
2.226613089442253113e-02
2.234496548771858215e-02
2.230386622250080109e-02
2.221598476171493530e-02
2.231337316334247589e-02
2.225943282246589661e-02
2.218715660274028778e-02
2.226181514561176300e-02
2.210286632180213928e-02
2.218796499073505402e-02
2.218400314450263977e-02
2.210400812327861786e-02
2.220754511654376984e-02
2.210376411676406860e-02
2.216812409460544586e-02
2.215204946696758270e-02
2.196883410215377808e-02
2.209131419658660889e-02
2.213541604578495026e-02
2.197985164821147919e-02
2.212344296276569366e-02
2.202218212187290192e-02
2.190457656979560852e-02
2.217368595302104950e-02
2.198509126901626587e-02
2.180226705968379974e-02
2.196502126753330231e-02
2.200841717422008514e-02
2.194949425756931305e-02
2.190715819597244263e-02
2.190571092069149017e-02
2.200634218752384186e-02
2.190546132624149323e-02
2.195398136973381042e-02
2.187829278409481049e-02
2.185697667300701141e-02
2.194905094802379608e-02
2.184367179870605469e-02
2.196525409817695618e-02
2.186707034707069397e-02
2.173626981675624847e-02
2.180821448564529419e-02
2.170839905738830566e-02
2.182840928435325623e-02
2.179286628961563110e-02
2.185645885765552521e-02
2.178044803440570831e-02
2.168416790664196014e-02
2.190094068646430969e-02
2.186553739011287689e-02
2.163310535252094269e-02
2.191931195557117462e-02
2.176813222467899323e-02
2.152591012418270111e-02
2.171198278665542603e-02
2.168661169707775116e-02
2.168830111622810364e-02
2.164522372186183929e-02
2.168711088597774506e-02
2.172360196709632874e-02
2.164725959300994873e-02
2.173717692494392395e-02
2.161857299506664276e-02
2.165247872471809387e-02
2.156235463917255402e-02
2.167011797428131104e-02
2.179272472858428955e-02
2.160006389021873474e-02
2.146936580538749695e-02
2.162585966289043427e-02
2.164716646075248718e-02
2.158629894256591797e-02
2.167114056646823883e-02
2.154583297669887543e-02
2.156545780599117279e-02
2.168337441980838776e-02
2.152308821678161621e-02
2.144486270844936371e-02
2.158274315297603607e-02
2.152557857334613800e-02
2.143546566367149353e-02
2.154322341084480286e-02
2.151177451014518738e-02
2.142486348748207092e-02
2.137127704918384552e-02
2.161946333944797516e-02
2.151168137788772583e-02
2.158435620367527008e-02
2.144317328929901123e-02
2.139373309910297394e-02
2.157851122319698334e-02
2.138911001384258270e-02
2.133023366332054138e-02
2.131940238177776337e-02
2.147753350436687469e-02
2.123872004449367523e-02
2.138048037886619568e-02
2.141623944044113159e-02
2.157692797482013702e-02
2.120326273143291473e-02
2.130237035453319550e-02
2.134066820144653320e-02
2.132296562194824219e-02
2.121485956013202667e-02
2.124225161969661713e-02
2.153165265917778015e-02
2.125342935323715210e-02
2.130463346838951111e-02
2.131710760295391083e-02
2.131334878504276276e-02
2.114319987595081329e-02
2.146492712199687958e-02
2.119350433349609375e-02
2.119689062237739563e-02
2.124810591340065002e-02
2.119328640401363373e-02
2.115190215408802032e-02
2.103197760879993439e-02
2.121186256408691406e-02
2.121106348931789398e-02
2.127163857221603394e-02
2.116833440959453583e-02
2.132026478648185730e-02
2.130855619907379150e-02
2.118870429694652557e-02
2.111177332699298859e-02
2.122804895043373108e-02
2.123068459331989288e-02
2.112096920609474182e-02
2.110261097550392151e-02
2.117732167243957520e-02
2.116542868316173553e-02
2.110084332525730133e-02
2.091436646878719330e-02
2.110958844423294067e-02
2.114353142678737640e-02
2.097469568252563477e-02
2.104971371591091156e-02
2.112771756947040558e-02
2.112515829503536224e-02
2.115364000201225281e-02
2.107571251690387726e-02
2.102771215140819550e-02
2.099481783807277679e-02
2.113524824380874634e-02
2.102925442159175873e-02
2.099732868373394012e-02
2.108984626829624176e-02
2.099007740616798401e-02
2.098216302692890167e-02
2.104378677904605865e-02
2.084164507687091827e-02
2.094405516982078552e-02
2.104234509170055389e-02
2.110518701374530792e-02
2.094485424458980560e-02
2.093989774584770203e-02
2.093528397381305695e-02
2.091779932379722595e-02
2.092825621366500854e-02
2.079654857516288757e-02
2.102236077189445496e-02
2.108571864664554596e-02
2.093443274497985840e-02
2.103539928793907166e-02
2.085236832499504089e-02
2.084553427994251251e-02
2.108354866504669189e-02
2.096071094274520874e-02
2.091516181826591492e-02
2.079715766012668610e-02
2.087615616619586945e-02
2.074546553194522858e-02
2.074366994202136993e-02
2.085151150822639465e-02
2.085991762578487396e-02
2.086234651505947113e-02
2.088286913931369781e-02
2.084335498511791229e-02
2.076221443712711334e-02
2.071918174624443054e-02
2.074526995420455933e-02
2.076247334480285645e-02
2.061235532164573669e-02
2.079810388386249542e-02
2.078674547374248505e-02
2.059832774102687836e-02
2.066302113234996796e-02
2.080661430954933167e-02
2.073528245091438293e-02
2.064094692468643188e-02
2.071985974907875061e-02
2.065669558942317963e-02
2.069297619163990021e-02
2.062463760375976562e-02
2.064595744013786316e-02
2.063483186066150665e-02
2.059718780219554901e-02
2.067863009870052338e-02
2.048112638294696808e-02
2.070438861846923828e-02
2.080051414668560028e-02
2.041809447109699249e-02
2.061583288013935089e-02
2.063914388418197632e-02
2.060917578637599945e-02
2.052550204098224640e-02
2.047061361372470856e-02
2.075920999050140381e-02
2.069005370140075684e-02
2.054322883486747742e-02
2.054015547037124634e-02
2.057627961039543152e-02
2.051099576056003571e-02
2.052225358784198761e-02
2.047113142907619476e-02
2.061518281698226929e-02
2.057473734021186829e-02
2.045853435993194580e-02
2.041281946003437042e-02
2.052666805684566498e-02
2.050636895000934601e-02
2.044111303985118866e-02
2.045946940779685974e-02
2.040656283497810364e-02
2.035637572407722473e-02
2.050182968378067017e-02
2.047901041805744171e-02
2.040181308984756470e-02
2.046718262135982513e-02
2.042236365377902985e-02
2.038940973579883575e-02
2.043837681412696838e-02
2.032443508505821228e-02
2.041719853878021240e-02
2.033599652349948883e-02
2.041147276759147644e-02
2.043130807578563690e-02
2.031688019633293152e-02
2.039195597171783447e-02
2.029377035796642303e-02
2.038506790995597839e-02
2.040035836398601532e-02
2.038141153752803802e-02
2.018266916275024414e-02
2.037717215716838837e-02
2.031951211392879486e-02
2.025936171412467957e-02
2.056763134896755219e-02
2.019116841256618500e-02
2.033649943768978119e-02
2.034927718341350555e-02
2.019956149160861969e-02
2.041456662118434906e-02
2.043407596647739410e-02
2.026719041168689728e-02
2.026403695344924927e-02
2.021889202296733856e-02
2.010460197925567627e-02
2.010968327522277832e-02
2.032420597970485687e-02
2.028359100222587585e-02
2.017658203840255737e-02
2.036089077591896057e-02
2.035066112875938416e-02
2.035924419760704041e-02
2.021299302577972412e-02
2.027717046439647675e-02
2.023550122976303101e-02
2.028288319706916809e-02
2.032595500349998474e-02
2.027473226189613342e-02
2.022596634924411774e-02
2.024652808904647827e-02
2.019184641540050507e-02
2.035714499652385712e-02
2.007274143397808075e-02
2.022876031696796417e-02
2.020601928234100342e-02
2.025321312248706818e-02
2.019728533923625946e-02
2.010006457567214966e-02
2.035133913159370422e-02
2.020080015063285828e-02
2.018059045076370239e-02
2.023793384432792664e-02
2.001423574984073639e-02
2.021729946136474609e-02
2.009136043488979340e-02
2.013056166470050812e-02
2.028640359640121460e-02
2.010001055896282196e-02
2.016745321452617645e-02
1.990126632153987885e-02
2.007110044360160828e-02
2.012074738740921021e-02
2.005836926400661469e-02
2.013614214956760406e-02
2.015588432550430298e-02
2.007386833429336548e-02
1.994566060602664948e-02
2.007162943482398987e-02
2.007141709327697754e-02
2.011806145310401917e-02
2.013100124895572662e-02
2.023613825440406799e-02
2.003747038543224335e-02
1.989322341978549957e-02
2.008922770619392395e-02
1.996239461004734039e-02
2.005231939256191254e-02
1.999709196388721466e-02
2.018392086029052734e-02
2.009404450654983521e-02
1.993999257683753967e-02
2.001330442726612091e-02
1.996311359107494354e-02
1.988463103771209717e-02
1.994492486119270325e-02
1.984296180307865143e-02
1.997249945998191833e-02
1.989209279417991638e-02
1.972810551524162292e-02
2.007135562598705292e-02
2.001420594751834869e-02
1.989997923374176025e-02
2.002249844372272491e-02
1.991867274045944214e-02
2.003620937466621399e-02
1.997378841042518616e-02
2.000553719699382782e-02
2.012054994702339172e-02
1.997070200741291046e-02
2.002817019820213318e-02
1.977715082466602325e-02
1.993194781243801117e-02
1.994640193879604340e-02
1.990504749119281769e-02
1.976762339472770691e-02
1.977816596627235413e-02
1.994537189602851868e-02
1.982320100069046021e-02
1.977215521037578583e-02
1.988482847809791565e-02
1.983665488660335541e-02
1.973227970302104950e-02
1.991431415081024170e-02
1.985684782266616821e-02
1.979144290089607239e-02
1.987011358141899109e-02
1.973658241331577301e-02
1.987474784255027771e-02
1.963809505105018616e-02
1.985849998891353607e-02
1.969113759696483612e-02
1.962442882359027863e-02
1.978152431547641754e-02
1.975297927856445312e-02
1.964048296213150024e-02
1.970773376524448395e-02
1.967438496649265289e-02
1.961499452590942383e-02
1.975801028311252594e-02
1.978763192892074585e-02
1.971633732318878174e-02
1.968126185238361359e-02
1.992544159293174744e-02
1.971883326768875122e-02
1.963919401168823242e-02
1.963608339428901672e-02
1.964002661406993866e-02
1.966812647879123688e-02
1.978991739451885223e-02
1.987282000482082367e-02
1.977523602545261383e-02
1.974907517433166504e-02
1.981527358293533325e-02
1.972802914679050446e-02
1.974926330149173737e-02
1.972695998847484589e-02
1.985462754964828491e-02
1.977795735001564026e-02
1.969485916197299957e-02
1.964764483273029327e-02
1.963487826287746429e-02
1.969808526337146759e-02
1.969919912517070770e-02
1.955068111419677734e-02
1.963169313967227936e-02
1.947616785764694214e-02
1.954909600317478180e-02
1.956474035978317261e-02
1.967126503586769104e-02
1.969677582383155823e-02
1.946021616458892822e-02
1.960108242928981781e-02
1.952496170997619629e-02
1.976050622761249542e-02
1.984674111008644104e-02
1.954163424670696259e-02
1.969968341290950775e-02
1.962433569133281708e-02
1.961689628660678864e-02
1.965396292507648468e-02
1.952826417982578278e-02
1.954774372279644012e-02
1.961435005068778992e-02
1.972342655062675476e-02
1.939756609499454498e-02
1.939796283841133118e-02
1.973297074437141418e-02
1.959090121090412140e-02
1.966195181012153625e-02
1.957740448415279388e-02
1.943030022084712982e-02
1.953134126961231232e-02
1.965269260108470917e-02
1.942785829305648804e-02
1.949770562350749969e-02
1.961373165249824524e-02
1.954529248178005219e-02
1.950366981327533722e-02
1.950124464929103851e-02
1.952533982694149017e-02
1.960970647633075714e-02
1.974349468946456909e-02
1.952260360121726990e-02
1.935742050409317017e-02
1.944618672132492065e-02
1.930897496640682220e-02
1.941637694835662842e-02
1.950192451477050781e-02
1.942880637943744659e-02
1.934090442955493927e-02
1.926479674875736237e-02
1.935966126620769501e-02
1.935114152729511261e-02
1.953968591988086700e-02
1.953524723649024963e-02
1.952390745282173157e-02
1.923299953341484070e-02
1.932525448501110077e-02
1.934557408094406128e-02
1.932032965123653412e-02
1.949578896164894104e-02
1.923469640314579010e-02
1.946148276329040527e-02
1.941701956093311310e-02
1.931987702846527100e-02
1.915666274726390839e-02
1.933142915368080139e-02
1.935564354062080383e-02
1.936918124556541443e-02
1.942691951990127563e-02
1.929488591849803925e-02
1.946427114307880402e-02
1.918469928205013275e-02
1.939447410404682159e-02
1.940132118761539459e-02
1.947675831615924835e-02
1.939917169511318207e-02
1.944924704730510712e-02
1.919808238744735718e-02
1.934704743325710297e-02
1.934734173119068146e-02
1.948520727455615997e-02
1.927818730473518372e-02
1.924998126924037933e-02
1.937415637075901031e-02
1.923959143459796906e-02
1.932695694267749786e-02
1.928946375846862793e-02
1.930144988000392914e-02
1.933486200869083405e-02
1.926608197391033173e-02
1.930672302842140198e-02
1.920218579471111298e-02
1.942577585577964783e-02
1.939979754388332367e-02
1.921777985990047455e-02
1.916827820241451263e-02
1.928375475108623505e-02
1.926816999912261963e-02
1.925717666745185852e-02
1.931651122868061066e-02
1.929922960698604584e-02
1.929667592048645020e-02
1.913363859057426453e-02
1.921431906521320343e-02
1.935776323080062866e-02
1.928202249109745026e-02
1.927101425826549530e-02
1.924017630517482758e-02
1.934455521404743195e-02
1.907156407833099365e-02
1.929214783012866974e-02
1.919375546276569366e-02
1.917359605431556702e-02
1.915867999196052551e-02
1.911817863583564758e-02
1.923446357250213623e-02
1.931976899504661560e-02
1.924884319305419922e-02
1.922757551074028015e-02
1.909551955759525299e-02
1.914140023291110992e-02
1.908976398408412933e-02
1.920430175960063934e-02
1.902943477034568787e-02
1.909207180142402649e-02
1.915894262492656708e-02
1.914334669709205627e-02
1.913603022694587708e-02
1.916255615651607513e-02
1.913931220769882202e-02
1.915144361555576324e-02
1.916709356009960175e-02
1.920313946902751923e-02
1.896758191287517548e-02
1.923495717346668243e-02
1.916246488690376282e-02
1.899579353630542755e-02
1.907639764249324799e-02
1.925281435251235962e-02
1.908557303249835968e-02
1.894540339708328247e-02
1.916661486029624939e-02
1.905710063874721527e-02
1.907169632613658905e-02
1.901407912373542786e-02
1.921761780977249146e-02
1.913464628159999847e-02
1.911599561572074890e-02
1.903473213315010071e-02
1.911405101418495178e-02
1.904435455799102783e-02
1.903880015015602112e-02
1.900058239698410034e-02
1.909746974706649780e-02
1.900243200361728668e-02
1.909234933555126190e-02
1.912541501224040985e-02
1.903123036026954651e-02
1.895698904991149902e-02
1.911346428096294403e-02
1.903199777007102966e-02
1.897358894348144531e-02
1.899795606732368469e-02
1.912351697683334351e-02
1.896916329860687256e-02
1.895595714449882507e-02
1.912451349198818207e-02
1.893504895269870758e-02
1.905039325356483459e-02
1.902473904192447662e-02
1.910861209034919739e-02
1.902467943727970123e-02
1.899352855980396271e-02
1.893124170601367950e-02
1.904820464551448822e-02
1.888259500265121460e-02
1.909442991018295288e-02
1.897809654474258423e-02
1.897632144391536713e-02
1.885400153696537018e-02
1.884778775274753571e-02
1.907479576766490936e-02
1.879913359880447388e-02
1.908439956605434418e-02
1.871418952941894531e-02
1.888104528188705444e-02
1.888548582792282104e-02
1.898803003132343292e-02
1.888953335583209991e-02
1.898880116641521454e-02
1.892147399485111237e-02
1.900231651961803436e-02
1.894985884428024292e-02
1.881396211683750153e-02
1.888046972453594208e-02
1.883387565612792969e-02
1.883199252188205719e-02
1.893140375614166260e-02
1.878385245800018311e-02
1.908069290220737457e-02
1.889186352491378784e-02
1.900533586740493774e-02
1.894148811697959900e-02
1.892082206904888153e-02
1.880258880555629730e-02
1.894620247185230255e-02
1.894755102694034576e-02
1.885202154517173767e-02
1.877451501786708832e-02
1.884461008012294769e-02
1.881579682230949402e-02
1.884363777935504913e-02
1.877186261117458344e-02
1.886118017137050629e-02
1.902359537780284882e-02
1.893972977995872498e-02
1.883260346949100494e-02
1.882068440318107605e-02
1.885807886719703674e-02
1.872946694493293762e-02
1.900685951113700867e-02
1.882086507976055145e-02
1.863072998821735382e-02
1.876023598015308380e-02
1.877757720649242401e-02
1.876840926706790924e-02
1.887672580778598785e-02
1.884300448000431061e-02
1.880592480301856995e-02
1.890159212052822113e-02
1.883670687675476074e-02
1.879385486245155334e-02
1.877987571060657501e-02
1.874027401208877563e-02
1.879959367215633392e-02
1.876441016793251038e-02
1.874346472322940826e-02
1.875596866011619568e-02
1.881828531622886658e-02
1.859486661851406097e-02
1.886437274515628815e-02
1.876253075897693634e-02
1.866845972836017609e-02
1.881100982427597046e-02
1.867389120161533356e-02
1.873157918453216553e-02
1.882986351847648621e-02
1.863500289618968964e-02
1.872980035841464996e-02
1.876852661371231079e-02
1.873161830008029938e-02
1.882022619247436523e-02
1.863700151443481445e-02
1.865546032786369324e-02
1.866826042532920837e-02
1.876392588019371033e-02
1.881999522447586060e-02
1.880129054188728333e-02
1.884202659130096436e-02
1.857375912368297577e-02
1.871002279222011566e-02
1.886665448546409607e-02
1.876107044517993927e-02
1.871111057698726654e-02
1.874678395688533783e-02
1.879061758518218994e-02
1.862835511565208435e-02
1.889149285852909088e-02
1.862435787916183472e-02
1.870574988424777985e-02
1.890034042298793793e-02
1.864450424909591675e-02
1.864040829241275787e-02
1.882316917181015015e-02
1.868945732712745667e-02
1.846674457192420959e-02
1.861906237900257111e-02
1.855436526238918304e-02
1.868830434978008270e-02
1.870040968060493469e-02
1.876027509570121765e-02
1.876943372189998627e-02
1.872505992650985718e-02
1.848816312849521637e-02
1.847429014742374420e-02
1.877654716372489929e-02
1.861387491226196289e-02
1.861731894314289093e-02
1.862078160047531128e-02
1.856267265975475311e-02
1.876007393002510071e-02
1.855282299220561981e-02
1.865673810243606567e-02
1.847567223012447357e-02
1.849373988807201385e-02
1.864926703274250031e-02
1.859308965504169464e-02
1.869404874742031097e-02
1.866555586457252502e-02
1.858163811266422272e-02
1.857994124293327332e-02
1.858177594840526581e-02
1.871439069509506226e-02
1.857162453234195709e-02
1.859808899462223053e-02
1.851805672049522400e-02
1.846901886165142059e-02
1.851673424243927002e-02
1.856753602623939514e-02
1.854297146201133728e-02
1.864800415933132172e-02
1.843556761741638184e-02
1.858296990394592285e-02
1.850938238203525543e-02
1.856808736920356750e-02
1.865626312792301178e-02
1.843393966555595398e-02
1.868303678929805756e-02
1.840448193252086639e-02
1.857933029532432556e-02
1.860016770660877228e-02
1.862805522978305817e-02
1.840442232787609100e-02
1.873679645359516144e-02
1.853783242404460907e-02
1.850971393287181854e-02
1.854331418871879578e-02
1.852745003998279572e-02
1.866176910698413849e-02
1.840254291892051697e-02
1.848901063203811646e-02
1.850514113903045654e-02
1.861597597599029541e-02
1.855719834566116333e-02
1.837882585823535919e-02
1.838858239352703094e-02
1.859709247946739197e-02
1.857639476656913757e-02
1.843028701841831207e-02
1.858152449131011963e-02
1.857345923781394958e-02
1.859636977314949036e-02
1.846574991941452026e-02
1.841813139617443085e-02
1.858688704669475555e-02
1.851539872586727142e-02
1.842242106795310974e-02
1.856255345046520233e-02
1.842863112688064575e-02
1.840039342641830444e-02
1.851413398981094360e-02
1.858133636415004730e-02
1.850575767457485199e-02
1.847928203642368317e-02
1.842245273292064667e-02
1.838233508169651031e-02
1.862108707427978516e-02
1.839902251958847046e-02
1.854551769793033600e-02
1.833990029990673065e-02
1.845499128103256226e-02
1.843786984682083130e-02
1.838308572769165039e-02
1.852061785757541656e-02
1.838836632668972015e-02
1.842668466269969940e-02
1.833809912204742432e-02
1.838206313550472260e-02
1.838830299675464630e-02
1.839690841734409332e-02
1.842158846557140350e-02
1.854225620627403259e-02
1.831433735787868500e-02
1.830592192709445953e-02
1.829926855862140656e-02
1.843588426709175110e-02
1.837981678545475006e-02
1.827415451407432556e-02
1.853832416236400604e-02
1.832908764481544495e-02
1.852238364517688751e-02
1.841845549643039703e-02
1.843558810651302338e-02
1.828416436910629272e-02
1.830743625760078430e-02
1.834776625037193298e-02
1.829839311540126801e-02
1.821811683475971222e-02
1.846141926944255829e-02
1.836122199892997742e-02
1.844164915382862091e-02
1.843915879726409912e-02
1.826301775872707367e-02
1.841839216649532318e-02
1.840096712112426758e-02
1.824775151908397675e-02
1.823093742132186890e-02
1.831177994608879089e-02
1.828988268971443176e-02
1.842347905039787292e-02
1.840487495064735413e-02
1.827543228864669800e-02
1.828906685113906860e-02
1.832155138254165649e-02
1.821528933942317963e-02
1.814334839582443237e-02
1.830606907606124878e-02
1.831458322703838348e-02
1.826690137386322021e-02
1.828504540026187897e-02
1.812567003071308136e-02
1.832137256860733032e-02
1.834338717162609100e-02
1.830187812447547913e-02
1.836091466248035431e-02
1.828375831246376038e-02
1.823595538735389709e-02
1.838343776762485504e-02
1.835862174630165100e-02
1.830005832016468048e-02
1.845998689532279968e-02
1.826036721467971802e-02
1.833151467144489288e-02
1.824904046952724457e-02
1.834196224808692932e-02
1.837413012981414795e-02
1.819217205047607422e-02
1.827367767691612244e-02
1.815968379378318787e-02
1.827055402100086212e-02
1.823985949158668518e-02
1.829216815531253815e-02
1.829134486615657806e-02
1.816087961196899414e-02
1.840276643633842468e-02
1.819665357470512390e-02
1.808854937553405762e-02
1.823258399963378906e-02
1.824547909200191498e-02
1.828518509864807129e-02
1.821433939039707184e-02
1.832208409905433655e-02
1.831449940800666809e-02
1.834672130644321442e-02
1.810507476329803467e-02
1.829327084124088287e-02
1.824866421520709991e-02
1.813885755836963654e-02
1.824590004980564117e-02
1.811183989048004150e-02
1.819945126771926880e-02
1.817481592297554016e-02
1.817152462899684906e-02
1.826999709010124207e-02
1.810226030647754669e-02
1.823841966688632965e-02
1.831714436411857605e-02
1.814047805964946747e-02
1.831626333296298981e-02
1.821879856288433075e-02
1.809673942625522614e-02
1.813423819839954376e-02
1.816471479833126068e-02
1.811850816011428833e-02
1.805433817207813263e-02
1.798677630722522736e-02
1.824073307216167450e-02
1.823223382234573364e-02
1.805949211120605469e-02
1.810726709663867950e-02
1.835610903799533844e-02
1.819728873670101166e-02
1.811607927083969116e-02
1.803620718419551849e-02
1.812284812331199646e-02
1.822430454194545746e-02
1.808107458055019379e-02
1.805314049124717712e-02
1.813053898513317108e-02
1.809811219573020935e-02
1.829693280160427094e-02
1.820262335240840912e-02
1.803328655660152435e-02
1.814373768866062164e-02
1.800270564854145050e-02
1.808586902916431427e-02
1.800667494535446167e-02
1.824637688696384430e-02
1.817407272756099701e-02
1.825368031859397888e-02
1.810876652598381042e-02
1.811203546822071075e-02
1.814995333552360535e-02
1.812887378036975861e-02
1.795756071805953979e-02
1.802630163729190826e-02
1.812416873872280121e-02
1.810184679925441742e-02
1.815380901098251343e-02
1.816065609455108643e-02
1.822063885629177094e-02
1.813203468918800354e-02
1.806133612990379333e-02
1.811804994940757751e-02
1.814905740320682526e-02
1.801708154380321503e-02
1.798838749527931213e-02
1.799549534916877747e-02
1.799531094729900360e-02
1.815142109990119934e-02
1.804115436971187592e-02
1.811102032661437988e-02
1.799913123250007629e-02
1.801625639200210571e-02
1.820254884660243988e-02
1.807412691414356232e-02
1.818361878395080566e-02
1.806198805570602417e-02
1.810480467975139618e-02
1.800955645740032196e-02
1.807324402034282684e-02
1.811296120285987854e-02
1.796838827431201935e-02
1.799409277737140656e-02
1.820706389844417572e-02
1.802870817482471466e-02
1.806249655783176422e-02
1.800446398556232452e-02
1.796237751841545105e-02
1.794385351240634918e-02
1.801970042288303375e-02
1.801398396492004395e-02
1.796449162065982819e-02
1.795826293528079987e-02
1.802258752286434174e-02
1.792859099805355072e-02
1.796087063848972321e-02
1.808663457632064819e-02
1.786065101623535156e-02
1.797557994723320007e-02
1.797032915055751801e-02
1.801873557269573212e-02
1.799857802689075470e-02
1.797215454280376434e-02
1.797210052609443665e-02
1.809585653245449066e-02
1.807638630270957947e-02
1.807234808802604675e-02
1.811966672539710999e-02
1.793714426457881927e-02
1.788127981126308441e-02
1.812363415956497192e-02
1.791299507021903992e-02
1.789315603673458099e-02
1.812264695763587952e-02
1.793250627815723419e-02
1.799418963491916656e-02
1.785863749682903290e-02
1.813791878521442413e-02
1.798807270824909210e-02
1.786794699728488922e-02
1.783149875700473785e-02
1.816215924918651581e-02
1.810534484684467316e-02
1.797359436750411987e-02
1.800429821014404297e-02
1.791350357234477997e-02
1.786032319068908691e-02
1.796479336917400360e-02
1.797848194837570190e-02
1.787281967699527740e-02
1.794983819127082825e-02
1.791073568165302277e-02
1.788415573537349701e-02
1.792457886040210724e-02
1.778162270784378052e-02
1.789135299623012543e-02
1.799388043582439423e-02
1.795110292732715607e-02
1.793891377747058868e-02
1.788747496902942657e-02
1.792540401220321655e-02
1.783124729990959167e-02
1.780110038816928864e-02
1.789851672947406769e-02
1.791788637638092041e-02
1.796687766909599304e-02
1.781355589628219604e-02
1.793223805725574493e-02
1.795803010463714600e-02
1.790278963744640350e-02
1.771530881524085999e-02
1.783713512122631073e-02
1.792897842824459076e-02
1.795012876391410828e-02
1.800214499235153198e-02
1.774868555366992950e-02
1.804341748356819153e-02
1.788892410695552826e-02
1.790796220302581787e-02
1.777976751327514648e-02
1.780096627771854401e-02
1.783042214810848236e-02
1.768749393522739410e-02
1.785044744610786438e-02
1.781511493027210236e-02
1.788960956037044525e-02
1.786666922271251678e-02
1.780348643660545349e-02
1.788130588829517365e-02
1.779804565012454987e-02
1.789957471191883087e-02
1.782787404954433441e-02
1.789834909141063690e-02
1.773672923445701599e-02
1.789541170001029968e-02
1.782365515828132629e-02
1.783024892210960388e-02
1.776962541043758392e-02
1.789958588778972626e-02
1.789471320807933807e-02
1.779616624116897583e-02
1.782623119652271271e-02
1.795338466763496399e-02
1.785279810428619385e-02
1.788374781608581543e-02
1.796402968466281891e-02
1.774573698639869690e-02
1.775585114955902100e-02
1.793698780238628387e-02
1.798585429787635803e-02
1.775587350130081177e-02
1.766571216285228729e-02
1.782108098268508911e-02
1.773048378527164459e-02
1.774838194251060486e-02
1.767659559845924377e-02
1.791092939674854279e-02
1.775271259248256683e-02
1.796314679086208344e-02
1.777321659028530121e-02
1.785287819802761078e-02
1.781529746949672699e-02
1.774777099490165710e-02
1.782264746725559235e-02
1.772413961589336395e-02
1.773048937320709229e-02
1.772242411971092224e-02
1.763099059462547302e-02
1.778424158692359924e-02
1.784124225378036499e-02
1.776757463812828064e-02
1.763911172747612000e-02
1.786722987890243530e-02
1.786850206553936005e-02
1.781569980084896088e-02
1.776483282446861267e-02
1.779523305594921112e-02
1.763119176030158997e-02
1.778821088373661041e-02
1.788984797894954681e-02
1.780218631029129028e-02
1.782018877565860748e-02
1.777159422636032104e-02
1.777449622750282288e-02
1.800050027668476105e-02
1.776253804564476013e-02
1.761752739548683167e-02
1.761658862233161926e-02
1.761967316269874573e-02
1.773492619395256042e-02
1.761564426124095917e-02
1.776394620537757874e-02
1.772188022732734680e-02
1.776407472789287567e-02
1.774478144943714142e-02
1.762131415307521820e-02
1.760952733457088470e-02
1.773662492632865906e-02
1.774800941348075867e-02
1.770724169909954071e-02
1.771728508174419403e-02
1.779855415225028992e-02
1.767691969871520996e-02
1.765815168619155884e-02
1.777902990579605103e-02
1.767832227051258087e-02
1.767554692924022675e-02
1.779838278889656067e-02
1.777990907430648804e-02
1.765007339417934418e-02
1.784962229430675507e-02
1.777381263673305511e-02
1.762408018112182617e-02
1.775806210935115814e-02
1.774434931576251984e-02
1.760875992476940155e-02
1.769776828587055206e-02
1.779533177614212036e-02
1.767338998615741730e-02
1.763795875012874603e-02
1.768286898732185364e-02
1.759538054466247559e-02
1.763398200273513794e-02
1.771868951618671417e-02
1.756276376545429230e-02
1.772488467395305634e-02
1.770335063338279724e-02
1.756133884191513062e-02
1.763350144028663635e-02
1.778892427682876587e-02
1.765006408095359802e-02
1.758373714983463287e-02
1.759372837841510773e-02
1.761214621365070343e-02
1.771422661840915680e-02
1.765117049217224121e-02
1.764434389770030975e-02
1.743263192474842072e-02
1.771485432982444763e-02
1.758154109120368958e-02
1.756342500448226929e-02
1.767497695982456207e-02
1.773684658110141754e-02
1.784528419375419617e-02
1.744947023689746857e-02
1.764928176999092102e-02
1.769376732409000397e-02
1.755866780877113342e-02
1.752557046711444855e-02
1.758232340216636658e-02
1.777218282222747803e-02
1.754921302199363708e-02
1.772181130945682526e-02
1.751758530735969543e-02
1.769640482962131500e-02
1.759083196520805359e-02
1.750434003770351410e-02
1.754262484610080719e-02
1.766640320420265198e-02
1.756872981786727905e-02
1.747456565499305725e-02
1.752853021025657654e-02
1.771416328847408295e-02
1.767284609377384186e-02
1.757173240184783936e-02
1.748266443610191345e-02
1.759582944214344025e-02
1.756524853408336639e-02
1.750637963414192200e-02
1.756764203310012817e-02
1.761994883418083191e-02
1.755651831626892090e-02
1.757199317216873169e-02
1.769623160362243652e-02
1.760675013065338135e-02
1.740303635597229004e-02
1.754633709788322449e-02
1.766944304108619690e-02
1.754175685346126556e-02
1.752053014934062958e-02
1.751550845801830292e-02
1.765950582921504974e-02
1.756548136472702026e-02
1.754950731992721558e-02
1.750706322491168976e-02
1.761703565716743469e-02
1.742164604365825653e-02
1.754692010581493378e-02
1.761448755860328674e-02
1.739532127976417542e-02
1.748540066182613373e-02
1.757823489606380463e-02
1.746857538819313049e-02
1.751631870865821838e-02
1.760782860219478607e-02
1.761372201144695282e-02
1.749540865421295166e-02
1.752156205475330353e-02
1.772320829331874847e-02
1.750775799155235291e-02
1.760017871856689453e-02
1.747915893793106079e-02
1.751352846622467041e-02
1.751533895730972290e-02
1.767664402723312378e-02
1.759016327559947968e-02
1.756236329674720764e-02
1.752781495451927185e-02
1.753240637481212616e-02
1.750237494707107544e-02
1.745780557394027710e-02
1.743570901453495026e-02
1.766976527869701385e-02
1.744954474270343781e-02
1.753274351358413696e-02
1.730380952358245850e-02
1.752673089504241943e-02
1.750325784087181091e-02
1.748030818998813629e-02
1.745194010436534882e-02
1.743490807712078094e-02
1.738147996366024017e-02
1.748636923730373383e-02
1.752677746117115021e-02
1.738298870623111725e-02
1.762530393898487091e-02
1.758953183889389038e-02
1.751428283751010895e-02
1.751440763473510742e-02
1.736699044704437256e-02
1.751570776104927063e-02
1.746995374560356140e-02
1.762995868921279907e-02
1.759714446961879730e-02
1.750171743333339691e-02
1.752139255404472351e-02
1.730988360941410065e-02
1.738800294697284698e-02
1.756465621292591095e-02
1.741527393460273743e-02
1.741762459278106689e-02
1.764553226530551910e-02
1.758163981139659882e-02
1.727287471294403076e-02
1.761267520487308502e-02
1.746102795004844666e-02
1.748787425458431244e-02
1.737672276794910431e-02
1.735994778573513031e-02
1.742663048207759857e-02
1.743611320853233337e-02
1.737961359322071075e-02
1.734862104058265686e-02
1.750780455768108368e-02
1.749107614159584045e-02
1.750852540135383606e-02
1.744716987013816833e-02
1.751683279871940613e-02
1.741623505949974060e-02
1.732952333986759186e-02
1.748293638229370117e-02
1.738516613841056824e-02
1.748166233301162720e-02
1.739269308745861053e-02
1.738029904663562775e-02
1.745685189962387085e-02
1.739809848368167877e-02
1.728463172912597656e-02
1.742139086127281189e-02
1.738040149211883545e-02
1.725014299154281616e-02
1.743903011083602905e-02
1.750208064913749695e-02
1.733959093689918518e-02
1.734339259564876556e-02
1.719738729298114777e-02
1.737998239696025848e-02
1.740131340920925140e-02
1.737989298999309540e-02
1.740684174001216888e-02
1.731064543128013611e-02
1.733866333961486816e-02
1.736857369542121887e-02
1.734272949397563934e-02
1.743895187973976135e-02
1.737924665212631226e-02
1.744523085653781891e-02
1.745099015533924103e-02
1.731996610760688782e-02
1.755419932305812836e-02
1.745086722075939178e-02
1.736101694405078888e-02
1.736756041646003723e-02
1.733005046844482422e-02
1.745774410665035248e-02
1.738065294921398163e-02
1.755330339074134827e-02
1.754789426922798157e-02
1.726726815104484558e-02
1.734820194542407990e-02
1.726968027651309967e-02
1.734875142574310303e-02
1.738869398832321167e-02
1.741470769047737122e-02
1.732884906232357025e-02
1.744302175939083099e-02
1.735945232212543488e-02
1.737583614885807037e-02
1.744671352207660675e-02
1.749252527952194214e-02
1.723412424325942993e-02
1.728519238531589508e-02
1.726120524108409882e-02
1.731146872043609619e-02
1.720623672008514404e-02
1.731046289205551147e-02
1.736328937113285065e-02
1.718203537166118622e-02
1.730055361986160278e-02
1.743949204683303833e-02
1.740951836109161377e-02
1.715883053839206696e-02
1.723087020218372345e-02
1.736851036548614502e-02
1.721553504467010498e-02
1.742103509604930878e-02
1.730801723897457123e-02
1.728980988264083862e-02
1.735015213489532471e-02
1.730561628937721252e-02
1.731523126363754272e-02
1.730219833552837372e-02
1.720008254051208496e-02
1.728237979114055634e-02
1.724484004080295563e-02
1.723786257207393646e-02
1.726100966334342957e-02
1.727922447025775909e-02
1.730159670114517212e-02
1.730524003505706787e-02
1.727018505334854126e-02
1.721576042473316193e-02
1.718917302787303925e-02
1.725634932518005371e-02
1.730260625481605530e-02
1.718417368829250336e-02
1.738128624856472015e-02
1.735090464353561401e-02
1.739229448139667511e-02
1.720227487385272980e-02
1.717212982475757599e-02
1.719791255891323090e-02
1.730511337518692017e-02
1.723117940127849579e-02
1.731223240494728088e-02
1.729738526046276093e-02
1.734930463135242462e-02
1.725225523114204407e-02
1.726335287094116211e-02
1.719800196588039398e-02
1.736923679709434509e-02
1.728341728448867798e-02
1.742330566048622131e-02
1.737346686422824860e-02
1.726692728698253632e-02
1.723605580627918243e-02
1.725344732403755188e-02
1.716037280857563019e-02
1.704514771699905396e-02
1.738390140235424042e-02
1.722693815827369690e-02
1.736786775290966034e-02
1.732815988361835480e-02
1.710042357444763184e-02
1.713503524661064148e-02
1.716274023056030273e-02
1.719018258154392242e-02
1.714496687054634094e-02
1.738756522536277771e-02
1.726995781064033508e-02
1.718015410006046295e-02
1.727926731109619141e-02
1.724834740161895752e-02
1.719789952039718628e-02
1.731243170797824860e-02
1.720670610666275024e-02
1.716317981481552124e-02
1.725784130394458771e-02
1.724358275532722473e-02
1.728160679340362549e-02
1.728060282766819000e-02
1.717265136539936066e-02
1.706451177597045898e-02
1.724098995327949524e-02
1.727955043315887451e-02
1.732780225574970245e-02
1.721667870879173279e-02
1.712109334766864777e-02
1.724110357463359833e-02
1.712200418114662170e-02
1.713625155389308929e-02
1.721611060202121735e-02
1.713991537690162659e-02
1.703717373311519623e-02
1.716200076043605804e-02
1.710951514542102814e-02
1.711833663284778595e-02
1.705229282379150391e-02
1.719741709530353546e-02
1.722588390111923218e-02
1.721966080367565155e-02
1.719169877469539642e-02
1.719194091856479645e-02
1.714055053889751434e-02
1.721083931624889374e-02
1.713352464139461517e-02
1.722218282520771027e-02
1.714487373828887939e-02
1.721482537686824799e-02
1.713027246296405792e-02
1.723993383347988129e-02
1.710516586899757385e-02
1.724685728549957275e-02
1.725454255938529968e-02
1.731914095580577850e-02
1.709407195448875427e-02
1.732277683913707733e-02
1.718050800263881683e-02
1.712143793702125549e-02
1.709715835750102997e-02
1.730070635676383972e-02
1.700924895703792572e-02
1.713415980339050293e-02
1.718552596867084503e-02
1.707356795668601990e-02
1.712657697498798370e-02
1.716012880206108093e-02
1.721385866403579712e-02
1.707672700285911560e-02
1.709194295108318329e-02
1.709767058491706848e-02
1.716641709208488464e-02
1.718336902558803558e-02
1.715463213622570038e-02
1.717192493379116058e-02
1.707726716995239258e-02
1.726126298308372498e-02
1.725046522915363312e-02
1.708188839256763458e-02
1.721103303134441376e-02
1.709651388227939606e-02
1.721289381384849548e-02
1.692280359566211700e-02
1.717812009155750275e-02
1.701097190380096436e-02
1.705573312938213348e-02
1.698289066553115845e-02
1.698515005409717560e-02
1.709577627480030060e-02
1.716367155313491821e-02
1.711588166654109955e-02
1.703717373311519623e-02
1.717243529856204987e-02
1.712867617607116699e-02
1.711781695485115051e-02
1.704496145248413086e-02
1.727846078574657440e-02
1.702504418790340424e-02
1.710529252886772156e-02
1.693195290863513947e-02
1.703131198883056641e-02
1.707997545599937439e-02
1.715207844972610474e-02
1.706288754940032959e-02
1.715245097875595093e-02
1.712835766375064850e-02
1.718501560389995575e-02
1.713418774306774139e-02
1.705917902290821075e-02
1.718331873416900635e-02
1.702708005905151367e-02
1.719611324369907379e-02
1.710725389420986176e-02
1.727310381829738617e-02
1.709542609751224518e-02
1.703414507210254669e-02
1.703492738306522369e-02
1.705503091216087341e-02
1.705365628004074097e-02
1.701887883245944977e-02
1.710541360080242157e-02
1.709559559822082520e-02
1.703345216810703278e-02
1.706572808325290680e-02
1.706121861934661865e-02
1.700167171657085419e-02
1.716470904648303986e-02
