8.203087002038955688e-02
2.988073043525218964e-02
2.005169913172721863e-02
1.725231111049652100e-02
1.549070607870817184e-02
1.431583520025014877e-02
1.327947061508893967e-02
1.257532555609941483e-02
1.180689875036478043e-02
1.123432535678148270e-02
1.071225851774215698e-02
1.028012577444314957e-02
9.895225986838340759e-03
9.462928399443626404e-03
9.232080541551113129e-03
8.988686837255954742e-03
8.648073300719261169e-03
8.349593728780746460e-03
8.220048621296882629e-03
7.829243317246437073e-03
7.852891460061073303e-03
7.560746744275093079e-03
7.502298802137374878e-03
7.355518173426389694e-03
7.076030597090721130e-03
7.190438918769359589e-03
6.922487635165452957e-03
6.822846364229917526e-03
6.664962973445653915e-03
6.683025509119033813e-03
6.516632158309221268e-03
6.452881731092929840e-03
6.381766404956579208e-03
6.070534233003854752e-03
6.209123414009809494e-03
6.031529512256383896e-03
5.846669431775808334e-03
5.851190537214279175e-03
5.970453377813100815e-03
5.669879727065563202e-03
5.596901755779981613e-03
5.716819316148757935e-03
5.637637339532375336e-03
5.533342715352773666e-03
5.418860819190740585e-03
5.447646137326955795e-03
5.304391961544752121e-03
5.395691841840744019e-03
5.301342811435461044e-03
5.208894610404968262e-03
5.156547762453556061e-03
5.193378776311874390e-03
5.090031772851943970e-03
4.995826166123151779e-03
5.016964860260486603e-03
4.888501483947038651e-03
4.862135741859674454e-03
4.930472932755947113e-03
4.879963118582963943e-03
4.773015156388282776e-03
4.872751422226428986e-03
4.746743477880954742e-03
4.775486886501312256e-03
4.671499598771333694e-03
4.757004790008068085e-03
4.542618524283170700e-03
4.685886669903993607e-03
4.670988768339157104e-03
4.598604049533605576e-03
4.593852907419204712e-03
4.529703874140977859e-03
4.543722141534090042e-03
4.534926731139421463e-03
4.382272716611623764e-03
4.422201309353113174e-03
4.371152259409427643e-03
4.408560693264007568e-03
4.419420845806598663e-03
4.397450480610132217e-03
4.287070129066705704e-03
4.296584054827690125e-03
4.286915063858032227e-03
4.307160619646310806e-03
4.179041832685470581e-03
4.245747812092304230e-03
4.261937923729419708e-03
4.074124153703451157e-03
4.122557118535041809e-03
4.173541441559791565e-03
4.080956801772117615e-03
4.154461901634931564e-03
4.095642827451229095e-03
3.985412884503602982e-03
4.041154403239488602e-03
4.025648348033428192e-03
3.945917822420597076e-03
4.149026703089475632e-03
3.917043562978506088e-03
3.949594683945178986e-03
3.947193734347820282e-03
3.998438362032175064e-03
3.951093647629022598e-03
3.799775615334510803e-03
3.953638020902872086e-03
3.759653540328145027e-03
3.883772995322942734e-03
3.868266008794307709e-03
3.867448773235082626e-03
3.818501951172947884e-03
3.923961892724037170e-03
3.779377322643995285e-03
3.766775131225585938e-03
3.787900554016232491e-03
3.720986656844615936e-03
3.750998759642243385e-03
3.684577066451311111e-03
3.730885218828916550e-03
3.692200407385826111e-03
3.666396252810955048e-03
3.820956917479634285e-03
3.640212584286928177e-03
3.667192067950963974e-03
3.647948848083615303e-03
3.686888143420219421e-03
3.703900612890720367e-03
3.585946746170520782e-03
3.598774783313274384e-03
3.636869834735989571e-03
3.610856132581830025e-03
3.529534209519624710e-03
3.544824197888374329e-03
3.496580058708786964e-03
3.482884494587779045e-03
3.561566583812236786e-03
3.585220314562320709e-03
3.506105393171310425e-03
3.437998238950967789e-03
3.520712256431579590e-03
3.481105901300907135e-03
3.436380764469504356e-03
3.471620613709092140e-03
3.447185037657618523e-03
3.451177617534995079e-03
3.401214256882667542e-03
3.396565560251474380e-03
3.435052465647459030e-03
3.521067323163151741e-03
3.444399917498230934e-03
3.267889376729726791e-03
3.427587449550628662e-03
3.339888062328100204e-03
3.410803619772195816e-03
3.303298261016607285e-03
3.341134637594223022e-03
3.322187112644314766e-03
3.382709110155701637e-03
3.264725441113114357e-03
3.252984723076224327e-03
3.293529851362109184e-03
3.190979128703474998e-03
3.438943531364202499e-03
3.261348698288202286e-03
3.261754289269447327e-03
3.234349424019455910e-03
3.225136082619428635e-03
3.265919163823127747e-03
3.169180592522025108e-03
3.294038120657205582e-03
3.297103801742196083e-03
3.231320995837450027e-03
3.199814120307564735e-03
3.194012679159641266e-03
3.200367791578173637e-03
3.167402930557727814e-03
3.229141235351562500e-03
3.135169856250286102e-03
3.205960383638739586e-03
3.102917689830064774e-03
3.259163582697510719e-03
3.167826682329177856e-03
3.157087136059999466e-03
3.191634779796004295e-03
3.108046948909759521e-03
3.080613911151885986e-03
3.127028467133641243e-03
3.171216929331421852e-03
3.209558082744479179e-03
3.053808119148015976e-03
3.124668030068278313e-03
3.092062426730990410e-03
3.099145600572228432e-03
3.049619030207395554e-03
3.112451406195759773e-03
3.131244564428925514e-03
3.116294043138623238e-03
3.070665057748556137e-03
3.050038358196616173e-03
3.035344183444976807e-03
3.093543695285916328e-03
3.099832218140363693e-03
3.080125898122787476e-03
2.959158504381775856e-03
3.041605930775403976e-03
3.033532062545418739e-03
3.013060661032795906e-03
3.112200414761900902e-03
2.923337509855628014e-03
3.038181457668542862e-03
3.009684383869171143e-03
2.930032787844538689e-03
2.994678448885679245e-03
2.995003014802932739e-03
3.015438094735145569e-03
3.020688891410827637e-03
2.934848191216588020e-03
2.964542480185627937e-03
3.060117829591035843e-03
2.874870086088776588e-03
2.885614521801471710e-03
3.040589159354567528e-03
2.959233243018388748e-03
2.927709603682160378e-03
2.932626055553555489e-03
2.996025374159216881e-03
3.008385421708226204e-03
2.883873414248228073e-03
2.848526462912559509e-03
2.956283977255225182e-03
2.866134047508239746e-03
2.882630098611116409e-03
2.893410390242934227e-03
2.845684997737407684e-03
2.939321566373109818e-03
2.891705837100744247e-03
2.928057219833135605e-03
2.911471296101808548e-03
2.811285201460123062e-03
2.866941038519144058e-03
2.826920012012124062e-03
2.875740872696042061e-03
2.825366100296378136e-03
2.893760800361633301e-03
2.802483271807432175e-03
2.835792722180485725e-03
2.840671921148896217e-03
2.846890361979603767e-03
2.801726805046200752e-03
2.834074664860963821e-03
2.799113979563117027e-03
2.859690226614475250e-03
2.765472279861569405e-03
2.845118287950754166e-03
2.769249491393566132e-03
2.788646379485726357e-03
2.809170866385102272e-03
2.750721992924809456e-03
2.838039072230458260e-03
2.767362166196107864e-03
2.806217875331640244e-03
2.807713113725185394e-03
2.680976176634430885e-03
2.874342026188969612e-03
2.741851378232240677e-03
2.776844194158911705e-03
2.725040540099143982e-03
2.914650831371545792e-03
2.735389163717627525e-03
2.740716096013784409e-03
2.731040818616747856e-03
2.809598809108138084e-03
2.698464319109916687e-03
2.722028410062193871e-03
2.759594470262527466e-03
2.714478643611073494e-03
2.816647756844758987e-03
2.713494002819061279e-03
2.712591085582971573e-03
2.701597288250923157e-03
2.682347781956195831e-03
2.704504178836941719e-03
2.636008197441697121e-03
2.709405263885855675e-03
2.868954557925462723e-03
2.669704146683216095e-03
2.761627780273556709e-03
2.655767137184739113e-03
2.734811976552009583e-03
2.613381016999483109e-03
2.747155260294675827e-03
2.640547463670372963e-03
2.659314777702093124e-03
2.645821077749133110e-03
2.665186533704400063e-03
2.713381545618176460e-03
2.637973288074135780e-03
2.612075768411159515e-03
2.657403470948338509e-03
2.702344674617052078e-03
2.570372307673096657e-03
2.638782141730189323e-03
2.743729623034596443e-03
2.579943742603063583e-03
2.607235452160239220e-03
2.599650295451283455e-03
2.688288222998380661e-03
2.609656425192952156e-03
2.590212738141417503e-03
2.616436919197440147e-03
2.654432784765958786e-03
2.660325029864907265e-03
2.603287575766444206e-03
2.660809084773063660e-03
2.545491326600313187e-03
2.604412147775292397e-03
2.578251296654343605e-03
2.620268613100051880e-03
2.591537078842520714e-03
2.571141812950372696e-03
2.568352967500686646e-03
2.579110208898782730e-03
2.588360104709863663e-03
2.593169687315821648e-03
2.550662960857152939e-03
2.585137495771050453e-03
2.529169199988245964e-03
2.569743199273943901e-03
2.544386778026819229e-03
2.592332195490598679e-03
2.625878201797604561e-03
2.565379254519939423e-03
2.594223478808999062e-03
2.474483335390686989e-03
2.565410686656832695e-03
2.587880706414580345e-03
2.566823270171880722e-03
2.483634278178215027e-03
2.592504722997546196e-03
2.494156360626220703e-03
2.524442039430141449e-03
2.552656922489404678e-03
2.504042349755764008e-03
2.551486482843756676e-03
2.468341728672385216e-03
2.615559380501508713e-03
2.532765502110123634e-03
2.531809965148568153e-03
2.551926998421549797e-03
2.480288967490196228e-03
2.515649888664484024e-03
2.495971275493502617e-03
2.500987844541668892e-03
2.547996584326028824e-03
2.476816531270742416e-03
2.536509651690721512e-03
2.519221976399421692e-03
2.467000158503651619e-03
2.522001974284648895e-03
2.517579356208443642e-03
2.467647427693009377e-03
2.519219415262341499e-03
2.455834764987230301e-03
2.529683755710721016e-03
2.508374862372875214e-03
2.507661469280719757e-03
2.487451303750276566e-03
2.456352114677429199e-03
2.449053106829524040e-03
2.615881850942969322e-03
2.397846197709441185e-03
2.465870697051286697e-03
2.458258066326379776e-03
2.439409727230668068e-03
2.563080750405788422e-03
2.404165221378207207e-03
2.454349305480718613e-03
2.495171269401907921e-03
2.432795707136392593e-03
2.460050862282514572e-03
2.477530390024185181e-03
2.441806951537728310e-03
2.456793095916509628e-03
2.461022231727838516e-03
2.382884500548243523e-03
2.511179540306329727e-03
2.444738289341330528e-03
2.470834180712699890e-03
2.538091270253062248e-03
2.403680700808763504e-03
2.509943209588527679e-03
2.473509171977639198e-03
2.416803268715739250e-03
2.442488446831703186e-03
2.500563161447644234e-03
2.428555395454168320e-03
2.411536639556288719e-03
2.437688875943422318e-03
2.383762504905462265e-03
2.331484807655215263e-03
2.468588529154658318e-03
2.417842624709010124e-03
2.446983708068728447e-03
2.484506461769342422e-03
2.311855321750044823e-03
2.439964329823851585e-03
2.393165836110711098e-03
2.421140205115079880e-03
2.398643642663955688e-03
2.435293281450867653e-03
2.343542408198118210e-03
2.438670257106423378e-03
2.423742320388555527e-03
2.369701862335205078e-03
2.405486768111586571e-03
2.440191572532057762e-03
2.338720718398690224e-03
2.354791155084967613e-03
2.390451729297637939e-03
2.447853330522775650e-03
2.354543656110763550e-03
2.319218358024954796e-03
2.398431301116943359e-03
2.383862854912877083e-03
2.392908791080117226e-03
2.361511113122105598e-03
2.363829407840967178e-03
2.421779092401266098e-03
2.326740650460124016e-03
2.319528255611658096e-03
2.345311921089887619e-03
2.371013863012194633e-03
2.365235704928636551e-03
2.393010305240750313e-03
2.353734336793422699e-03
2.322256332263350487e-03
2.403933089226484299e-03
2.425902290269732475e-03
2.373707480728626251e-03
2.335077384486794472e-03
2.347738482058048248e-03
2.317431150004267693e-03
2.419345313683152199e-03
2.327684778720140457e-03
2.367570763453841209e-03
2.310661366209387779e-03
2.392750466242432594e-03
2.342820167541503906e-03
2.319509396329522133e-03
2.248366829007863998e-03
2.372321905568242073e-03
2.267592586576938629e-03
2.391472924500703812e-03
2.374617382884025574e-03
2.314081182703375816e-03
2.404019469395279884e-03
2.266678027808666229e-03
2.328932285308837891e-03
2.346800640225410461e-03
2.254690509289503098e-03
2.312398049980401993e-03
2.384956227615475655e-03
2.293237252160906792e-03
2.277919091284275055e-03
2.377853263169527054e-03
2.299604238942265511e-03
2.334882272407412529e-03
2.289621625095605850e-03
2.401334466412663460e-03
2.242653397843241692e-03
2.264586742967367172e-03
2.392779570072889328e-03
2.249044599011540413e-03
2.300200983881950378e-03
2.286103321239352226e-03
2.354437019675970078e-03
2.357015619054436684e-03
2.335067838430404663e-03
2.243470167741179466e-03
2.292525023221969604e-03
2.324123168364167213e-03
2.257507294416427612e-03
2.308033639565110207e-03
2.275274833664298058e-03
2.304233843460679054e-03
2.329451264813542366e-03
2.308307681232690811e-03
2.285744063556194305e-03
2.298405859619379044e-03
2.284430200234055519e-03
2.266850322484970093e-03
2.320508705452084541e-03
2.222415059804916382e-03
2.297480590641498566e-03
2.280944725498557091e-03
2.280139131471514702e-03
2.278850181028246880e-03
2.280637854710221291e-03
2.267051488161087036e-03
2.344019711017608643e-03
2.219529822468757629e-03
2.379589248448610306e-03
2.247823402285575867e-03
2.333661541342735291e-03
2.205377677455544472e-03
2.216058317571878433e-03
2.297255909070372581e-03
2.238981658592820168e-03
2.238086890429258347e-03
2.317917998880147934e-03
2.260332461446523666e-03
2.257724525406956673e-03
2.298332983627915382e-03
2.203157404437661171e-03
2.228018362075090408e-03
2.277035498991608620e-03
2.267073141410946846e-03
2.277117455378174782e-03
2.255591098219156265e-03
2.274203579872846603e-03
2.246240619570016861e-03
2.288862131536006927e-03
2.261612797155976295e-03
2.250140300020575523e-03
2.241505309939384460e-03
2.289853058755397797e-03
2.222224837169051170e-03
2.245435258373618126e-03
2.236676169559359550e-03
2.229689387604594231e-03
2.249962184578180313e-03
2.244063885882496834e-03
2.277940278872847557e-03
2.184169366955757141e-03
2.252053935080766678e-03
2.255248138681054115e-03
2.208553254604339600e-03
2.287004375830292702e-03
2.209457335993647575e-03
2.238040091469883919e-03
2.196458401158452034e-03
2.195367123931646347e-03
2.218426903709769249e-03
2.201903611421585083e-03
2.191956853494048119e-03
2.261935267597436905e-03
2.220286522060632706e-03
2.231172751635313034e-03
2.220264403149485588e-03
2.245752373710274696e-03
2.215871820226311684e-03
2.145703416317701340e-03
2.264726674184203148e-03
2.151968656107783318e-03
2.206339500844478607e-03
2.213724190369248390e-03
2.215690677985548973e-03
2.178117167204618454e-03
2.235441235825419426e-03
2.229204168543219566e-03
2.148393541574478149e-03
2.249038778245449066e-03
2.223694464191794395e-03
2.170008374378085136e-03
2.196051180362701416e-03
2.183037577196955681e-03
2.184160286560654640e-03
2.134643262252211571e-03
2.170769032090902328e-03
2.182327210903167725e-03
2.192067680880427361e-03
2.208526479080319405e-03
2.146114828065037727e-03
2.141141099855303764e-03
2.237196080386638641e-03
2.265120623633265495e-03
2.212557941675186157e-03
2.177667338401079178e-03
2.146662445738911629e-03
2.193122403696179390e-03
2.216263674199581146e-03
2.227804390713572502e-03
2.121204277500510216e-03
2.199994167312979698e-03
2.182475756853818893e-03
2.269328571856021881e-03
2.133731730282306671e-03
2.165367826819419861e-03
2.162898657843470573e-03
2.193943830206990242e-03
2.159258350729942322e-03
2.160948468372225761e-03
2.127145882695913315e-03
2.212516497820615768e-03
2.113523194566369057e-03
2.158142393454909325e-03
2.187368692830204964e-03
2.149889478459954262e-03
2.181132789701223373e-03
2.163839992135763168e-03
2.135650487616658211e-03
2.116671530529856682e-03
2.134351059794425964e-03
2.172541338950395584e-03
2.236031694337725639e-03
2.140704076737165451e-03
2.084159525111317635e-03
2.185188932344317436e-03
2.104692626744508743e-03
2.232665428891777992e-03
2.130021806806325912e-03
2.195858396589756012e-03
2.111150184646248817e-03
2.194527536630630493e-03
2.113484079018235207e-03
2.157822949811816216e-03
2.150829648599028587e-03
2.204024931415915489e-03
2.136345021426677704e-03
2.146734623238444328e-03
2.171385567635297775e-03
2.103455830365419388e-03
2.152507891878485680e-03
2.171604428440332413e-03
2.127363346517086029e-03
2.228798344731330872e-03
2.197026507928967476e-03
2.110588364303112030e-03
2.176362788304686546e-03
2.071336843073368073e-03
2.133163390681147575e-03
2.203451003879308701e-03
2.103726845234632492e-03
2.032776363193988800e-03
2.256970852613449097e-03
2.114825649186968803e-03
2.067390363663434982e-03
2.174171619117259979e-03
2.129815751686692238e-03
2.117774216458201408e-03
2.157605485990643501e-03
2.079799538478255272e-03
2.056169789284467697e-03
2.122696954756975174e-03
2.126399893313646317e-03
2.081305487081408501e-03
2.184768673032522202e-03
2.144037745893001556e-03
2.045129891484975815e-03
2.147055696696043015e-03
2.123228041455149651e-03
2.169678686186671257e-03
2.077136887237429619e-03
2.177344635128974915e-03
2.120565623044967651e-03
2.071079099550843239e-03
2.173024229705333710e-03
2.120121149346232414e-03
2.147205639630556107e-03
2.149370964616537094e-03
2.133129397407174110e-03
2.059635473415255547e-03
2.145041245967149734e-03
2.078440506011247635e-03
2.061152365058660507e-03
2.150720451027154922e-03
2.072676550596952438e-03
2.183360513299703598e-03
2.048594178631901741e-03
2.091223374009132385e-03
2.116955816745758057e-03
2.089455258101224899e-03
2.062215935438871384e-03
2.123625483363866806e-03
2.097800374031066895e-03
2.067339140921831131e-03
2.078220946714282036e-03
2.154809655621647835e-03
2.125613158568739891e-03
2.091090660542249680e-03
2.098767552524805069e-03
2.103004837408661842e-03
2.116536255925893784e-03
2.081471960991621017e-03
2.081884769722819328e-03
1.998031977564096451e-03
2.060519298538565636e-03
2.074607415124773979e-03
2.070723334327340126e-03
2.049647038802504539e-03
2.099285600706934929e-03
2.112513873726129532e-03
2.185962628573179245e-03
2.001074375584721565e-03
2.129610860720276833e-03
2.097311895340681076e-03
2.062442712485790253e-03
2.027082722634077072e-03
2.123469021171331406e-03
2.088605193421244621e-03
2.115845680236816406e-03
2.019210020080208778e-03
2.163724042475223541e-03
2.031029667705297470e-03
2.036945661529898643e-03
2.044643741101026535e-03
2.066356362774968147e-03
2.064584521576762199e-03
2.044098917394876480e-03
2.119972137734293938e-03
2.110396977514028549e-03
2.087745582684874535e-03
2.110278699547052383e-03
2.054930198937654495e-03
2.083652419969439507e-03
2.097088843584060669e-03
2.015419071540236473e-03
2.051995135843753815e-03
2.099793171510100365e-03
2.121347701177000999e-03
1.963600516319274902e-03
2.066187560558319092e-03
2.152721164748072624e-03
2.089615212753415108e-03
2.075352473184466362e-03
2.089223824441432953e-03
2.117787953466176987e-03
2.054172102361917496e-03
2.065918641164898872e-03
2.141834935173392296e-03
2.045954810455441475e-03
2.044798107817769051e-03
2.093790099024772644e-03
2.030867850407958031e-03
2.029668539762496948e-03
2.042367821559309959e-03
2.127233194187283516e-03
2.027481561526656151e-03
2.060485072433948517e-03
2.008414128795266151e-03
2.037113532423973083e-03
2.024913439527153969e-03
2.039277926087379456e-03
2.001392655074596405e-03
2.018510363996028900e-03
2.010217169299721718e-03
2.058921149000525475e-03
2.042127307504415512e-03
2.047709655016660690e-03
1.980283064767718315e-03
2.085353480651974678e-03
2.019280800595879555e-03
2.139720832929015160e-03
2.037097001448273659e-03
2.012649318203330040e-03
2.022477332502603531e-03
2.054925309494137764e-03
2.046845620498061180e-03
2.055417746305465698e-03
2.036941004917025566e-03
2.019741805270314217e-03
1.986738760024309158e-03
2.031373092904686928e-03
1.987648662179708481e-03
2.060902304947376251e-03
2.036675810813903809e-03
2.000542357563972473e-03
2.112197224050760269e-03
1.998296007513999939e-03
2.020474057644605637e-03
2.041986677795648575e-03
2.017482183873653412e-03
2.030593808740377426e-03
2.045598113909363747e-03
2.002770779654383659e-03
2.035187091678380966e-03
2.014106838032603264e-03
1.975025981664657593e-03
2.088610548526048660e-03
2.035240642726421356e-03
2.047646790742874146e-03
1.987643539905548096e-03
2.038790145888924599e-03
2.015164587646722794e-03
1.993040554225444794e-03
2.033965196460485458e-03
1.984006259590387344e-03
2.033238299190998077e-03
2.067577093839645386e-03
1.967628020793199539e-03
2.057276898995041847e-03
2.006972441449761391e-03
1.964023103937506676e-03
2.080267760902643204e-03
1.984765054658055305e-03
1.985583221539855003e-03
2.098367782309651375e-03
1.996382605284452438e-03
2.060656901448965073e-03
2.014980418607592583e-03
2.018392086029052734e-03
1.994523452594876289e-03
2.094491384923458099e-03
2.018093597143888474e-03
2.038672799244523048e-03
2.081635873764753342e-03
2.028809394687414169e-03
1.974399667233228683e-03
2.026444068178534508e-03
1.962658017873764038e-03
2.007567556574940681e-03
2.038882579654455185e-03
1.988777890801429749e-03
2.106639323756098747e-03
1.971485791727900505e-03
2.005751710385084152e-03
2.062167972326278687e-03
1.962362555786967278e-03
1.967659685760736465e-03
1.985438866540789604e-03
2.047404879704117775e-03
2.013277495279908180e-03
2.094076713547110558e-03
1.952914288267493248e-03
1.972395228222012520e-03
2.043118234723806381e-03
2.102199010550975800e-03
1.974960090592503548e-03
1.970550743862986565e-03
2.043190877884626389e-03
2.013216726481914520e-03
1.984730362892150879e-03
2.030579838901758194e-03
1.994744408875703812e-03
2.009408082813024521e-03
1.989561831578612328e-03
1.927456818521022797e-03
2.023698529228568077e-03
1.973929582163691521e-03
2.113241003826260567e-03
1.961861737072467804e-03
2.010028343647718430e-03
1.998994033783674240e-03
2.025809604674577713e-03
1.991873839870095253e-03
1.960073364898562431e-03
2.020157407969236374e-03
1.958556240424513817e-03
2.088105073198676109e-03
2.002652268856763840e-03
2.020127605646848679e-03
1.997738378122448921e-03
1.982672605663537979e-03
2.008004346862435341e-03
2.008645562455058098e-03
2.006260911002755165e-03
2.018832135945558548e-03
1.976349158212542534e-03
1.972206169739365578e-03
1.975659746676683426e-03
1.946854172274470329e-03
1.941363327205181122e-03
1.954406267032027245e-03
1.981956651434302330e-03
1.955411629751324654e-03
1.999187981709837914e-03
1.982105895876884460e-03
1.975115854293107986e-03
1.928770449012517929e-03
1.969810808077454567e-03
1.956037245690822601e-03
2.014433732256293297e-03
2.015925245359539986e-03
1.917602727189660072e-03
2.024614950641989708e-03
1.949680503457784653e-03
1.957083586603403091e-03
1.959992107003927231e-03
1.956852618604898453e-03
2.038349630311131477e-03
1.960176974534988403e-03
1.997092273086309433e-03
2.031425712630152702e-03
1.998344203457236290e-03
1.922327443026006222e-03
2.010718453675508499e-03
1.987142954021692276e-03
1.942989765666425228e-03
1.970124663785099983e-03
2.005369402468204498e-03
1.942044240422546864e-03
1.986403483897447586e-03
2.000655746087431908e-03
1.963101094588637352e-03
1.892448053695261478e-03
1.985131297260522842e-03
1.945081865414977074e-03
1.962902257218956947e-03
1.999293221160769463e-03
1.967623597010970116e-03
1.928111305460333824e-03
1.941942260600626469e-03
2.027239184826612473e-03
1.905608922243118286e-03
1.954569481313228607e-03
1.977992476895451546e-03
1.975546823814511299e-03
1.971548190340399742e-03
1.941344118677079678e-03
1.941429334692656994e-03
1.938173663802444935e-03
1.968848751857876778e-03
1.969697186723351479e-03
1.953185768797993660e-03
1.939914189279079437e-03
2.005968941375613213e-03
1.941209658980369568e-03
1.905668992549180984e-03
1.920639770105481148e-03
1.940011745318770409e-03
1.988548552617430687e-03
2.012192737311124802e-03
1.893352367915213108e-03
1.934439293108880520e-03
1.939956913702189922e-03
1.942136324942111969e-03
1.943678827956318855e-03
2.011393429711461067e-03
1.923400908708572388e-03
1.999913016334176064e-03
1.892783679068088531e-03
1.951123587787151337e-03
1.934834639541804790e-03
1.987259369343519211e-03
1.879746792837977409e-03
1.933862338773906231e-03
1.975942868739366531e-03
1.900214236229658127e-03
1.921438844874501228e-03
1.981661887839436531e-03
1.900504925288259983e-03
1.970796845853328705e-03
2.000454580411314964e-03
1.995505532249808311e-03
1.967988675460219383e-03
1.950811012648046017e-03
1.895915949717164040e-03
1.962281065061688423e-03
1.963050337508320808e-03
1.878404058516025543e-03
1.910741091705858707e-03
1.931064645759761333e-03
1.970472978428006172e-03
1.877140603028237820e-03
1.947785145603120327e-03
1.948723569512367249e-03
2.006920520216226578e-03
1.959203043952584267e-03
1.877559465356171131e-03
1.943860435858368874e-03
1.903421012684702873e-03
1.908545847982168198e-03
1.917320652864873409e-03
1.944687101058661938e-03
1.979121472686529160e-03
1.983172027394175529e-03
1.906963530927896500e-03
1.959141111001372337e-03
1.927288249135017395e-03
1.938854460604488850e-03
1.956474967300891876e-03
1.937477267347276211e-03
1.940775546245276928e-03
1.891273306682705879e-03
1.968402881175279617e-03
1.880084746517241001e-03
1.960603054612874985e-03
1.885825535282492638e-03
2.012854442000389099e-03
1.888474100269377232e-03
1.935861073434352875e-03
1.962400972843170166e-03
1.935251755639910698e-03
1.877990202046930790e-03
1.966879237443208694e-03
1.922286814078688622e-03
1.942109665833413601e-03
1.909468672238290310e-03
1.906576566398143768e-03
1.969331176951527596e-03
1.862676581367850304e-03
1.954717328771948814e-03
1.947735785506665707e-03
1.916907727718353271e-03
1.979930093511939049e-03
1.876047695986926556e-03
1.918936497531831264e-03
1.893410459160804749e-03
1.970328390598297119e-03
1.923833857290446758e-03
1.879299408756196499e-03
1.919019734486937523e-03
