8.436762541532516479e-02
8.397465944290161133e-02
6.683947890996932983e-02
4.004453867673873901e-02
3.167654946446418762e-02
2.798931673169136047e-02
2.567261084914207458e-02
2.368131466209888458e-02
2.207329496741294861e-02
2.096604928374290466e-02
1.978345960378646851e-02
1.886698976159095764e-02
1.791201159358024597e-02
1.721455343067646027e-02
1.658128947019577026e-02
1.596957817673683167e-02
1.541673298925161362e-02
1.492226775735616684e-02
1.458581537008285522e-02
1.417709328234195709e-02
1.369475945830345154e-02
1.341139897704124451e-02
1.290994416922330856e-02
1.271313987672328949e-02
1.248577516525983810e-02
1.222818251699209213e-02
1.181815937161445618e-02
1.169914659112691879e-02
1.154661830514669418e-02
1.128916069865226746e-02
1.102317683398723602e-02
1.082276273518800735e-02
1.063735783100128174e-02
1.057620067149400711e-02
1.036829594522714615e-02
1.019314024597406387e-02
1.004388835281133652e-02
1.001055445522069931e-02
9.732541628181934357e-03
9.757315739989280701e-03
9.637118317186832428e-03
9.360712952911853790e-03
9.335003793239593506e-03
9.281354025006294250e-03
9.145553223788738251e-03
9.134884923696517944e-03
8.965620771050453186e-03
8.906207047402858734e-03
8.705882355570793152e-03
8.849238976836204529e-03
8.742197416722774506e-03
8.645129390060901642e-03
8.439966477453708649e-03
8.405999280512332916e-03
8.360971696674823761e-03
8.412107825279235840e-03
8.247644640505313873e-03
8.152824826538562775e-03
8.070108480751514435e-03
8.221451193094253540e-03
7.969882339239120483e-03
8.038877509534358978e-03
7.954351603984832764e-03
7.926308549940586090e-03
7.785504683852195740e-03
7.733251433819532394e-03
7.835677824914455414e-03
7.709338329732418060e-03
7.655288092792034149e-03
7.683210540562868118e-03
7.530952338129281998e-03
7.543102838099002838e-03
7.434911560267210007e-03
7.480421103537082672e-03
7.369223982095718384e-03
7.239039521664381027e-03
7.402790244668722153e-03
7.384489756077528000e-03
7.275456562638282776e-03
7.246462628245353699e-03
7.125786039978265762e-03
7.140051573514938354e-03
7.053674664348363876e-03
7.074935361742973328e-03
7.028045132756233215e-03
6.998812779784202576e-03
6.909856572747230530e-03
7.063667289912700653e-03
6.848361808806657791e-03
6.955266930162906647e-03
6.743319332599639893e-03
6.805457640439271927e-03
6.814184132963418961e-03
6.779432296752929688e-03
6.699280347675085068e-03
6.829323247075080872e-03
6.719564553350210190e-03
6.712659262120723724e-03
6.688110996037721634e-03
6.756377406418323517e-03
6.531120277941226959e-03
6.524765864014625549e-03
6.538379006087779999e-03
6.582122761756181717e-03
6.404081359505653381e-03
6.576970219612121582e-03
6.475727073848247528e-03
6.545155309140682220e-03
6.403948646038770676e-03
6.403686944395303726e-03
6.490149069577455521e-03
6.321403663605451584e-03
6.364178378134965897e-03
6.407699082046747208e-03
6.338523235172033310e-03
6.352969445288181305e-03
6.463061086833477020e-03
6.258443929255008698e-03
6.148195825517177582e-03
6.166305392980575562e-03
6.147120613604784012e-03
6.190177053213119507e-03
6.185326725244522095e-03
6.205752026289701462e-03
6.121417507529258728e-03
6.179710384458303452e-03
6.164954509586095810e-03
6.120544392615556717e-03
6.128131411969661713e-03
6.066535133868455887e-03
6.081704981625080109e-03
6.020141765475273132e-03
6.114475429058074951e-03
6.036784034222364426e-03
6.035251077264547348e-03
6.017446517944335938e-03
5.959591362625360489e-03
6.029513198882341385e-03
5.996465682983398438e-03
5.909618921577930450e-03
5.863056983798742294e-03
5.899544805288314819e-03
5.954999942332506180e-03
5.913968198001384735e-03
5.833725444972515106e-03
5.792484153062105179e-03
5.906109698116779327e-03
5.920547526329755783e-03
5.843430757522583008e-03
5.851507652550935745e-03
5.746860988438129425e-03
5.720912478864192963e-03
5.794228054583072662e-03
5.822537932544946671e-03
5.768517963588237762e-03
5.767134483903646469e-03
5.730092525482177734e-03
5.761897191405296326e-03
5.745171103626489639e-03
5.828354507684707642e-03
5.778272636234760284e-03
5.705866962671279907e-03
5.561835132539272308e-03
5.791806615889072418e-03
5.684970412403345108e-03
5.660173948854207993e-03
5.660552531480789185e-03
5.530445836484432220e-03
5.715704523026943207e-03
5.626361351460218430e-03
5.634361412376165390e-03
5.669724661856889725e-03
5.691892467439174652e-03
5.500996485352516174e-03
5.714441183954477310e-03
5.573345348238945007e-03
5.560131277889013290e-03
5.555575713515281677e-03
5.496667698025703430e-03
5.550429690629243851e-03
5.465910769999027252e-03
5.537366028875112534e-03
5.572205409407615662e-03
5.489371716976165771e-03
5.482069682329893112e-03
5.451334640383720398e-03
5.561738740652799606e-03
5.460393149405717850e-03
5.429377779364585876e-03
5.462433677166700363e-03
5.497298669070005417e-03
5.378955043852329254e-03
5.422824062407016754e-03
5.420573521405458450e-03
5.460255313664674759e-03
5.482302978634834290e-03
5.339133087545633316e-03
5.411225836724042892e-03
5.346019286662340164e-03
5.498639307916164398e-03
5.290377419441938400e-03
5.435567814856767654e-03
5.294905975461006165e-03
5.325597710907459259e-03
5.460893735289573669e-03
5.348363425582647324e-03
5.233362782746553421e-03
5.225935485213994980e-03
5.372169427573680878e-03
5.297665484249591827e-03
5.219668615609407425e-03
5.261821206659078598e-03
5.264716222882270813e-03
5.280962213873863220e-03
5.308268126100301743e-03
5.249534733593463898e-03
5.331045016646385193e-03
5.157776642590761185e-03
5.188409704715013504e-03
5.259272642433643341e-03
5.267801694571971893e-03
5.264028441160917282e-03
5.087222903966903687e-03
5.247661843895912170e-03
5.231008399277925491e-03
5.391788668930530548e-03
5.146006587892770767e-03
5.179213825613260269e-03
5.318851675838232040e-03
5.167149472981691360e-03
5.166243761777877808e-03
5.079672206193208694e-03
5.139302462339401245e-03
5.219054408371448517e-03
5.208309274166822433e-03
5.177251994609832764e-03
5.230539478361606598e-03
5.079397931694984436e-03
5.084315314888954163e-03
5.064058117568492889e-03
5.125769414007663727e-03
5.049884319305419922e-03
5.167044233530759811e-03
4.994014743715524673e-03
5.267810076475143433e-03
5.180653184652328491e-03
5.032585933804512024e-03
5.087484605610370636e-03
5.116390995681285858e-03
5.093981511890888214e-03
5.052390974014997482e-03
5.035546142607927322e-03
4.980795085430145264e-03
4.969046451151371002e-03
5.039409734308719635e-03
5.037921946495771408e-03
5.023960955440998077e-03
4.989566281437873840e-03
4.983866121619939804e-03
5.138791631907224655e-03
4.994068760424852371e-03
4.983218852430582047e-03
4.985657520592212677e-03
4.889334551990032196e-03
5.075424909591674805e-03
4.974495619535446167e-03
5.002857651561498642e-03
4.931278061121702194e-03
4.938684403896331787e-03
4.918809980154037476e-03
5.000643432140350342e-03
4.920308943837881088e-03
4.919001832604408264e-03
5.045978818088769913e-03
4.932152107357978821e-03
4.856300540268421173e-03
5.001515615731477737e-03
4.903732333332300186e-03
5.092641338706016541e-03
4.865453112870454788e-03
4.977551288902759552e-03
4.886541981250047684e-03
4.938561003655195236e-03
4.869219381362199783e-03
4.788438323885202408e-03
4.821103531867265701e-03
5.162249319255352020e-03
4.953163210302591324e-03
4.851278383284807205e-03
4.795958753675222397e-03
4.781844560056924820e-03
4.841012414544820786e-03
4.835955332964658737e-03
4.883104469627141953e-03
4.728654399514198303e-03
4.756500013172626495e-03
4.758391529321670532e-03
4.803387448191642761e-03
4.830986727029085159e-03
4.797875881195068359e-03
4.841709975153207779e-03
4.845104180276393890e-03
4.757248330861330032e-03
4.834499210119247437e-03
4.749590065330266953e-03
4.755860660225152969e-03
4.764145705848932266e-03
4.955159965902566910e-03
4.655234515666961670e-03
4.757915157824754715e-03
4.767320118844509125e-03
4.942786414176225662e-03
4.785185214132070541e-03
4.978098906576633453e-03
4.667172208428382874e-03
4.647215362638235092e-03
4.731598775833845139e-03
4.833386279642581940e-03
4.832319915294647217e-03
4.700702615082263947e-03
4.717095755040645599e-03
4.701752215623855591e-03
4.743998404592275620e-03
4.784921184182167053e-03
4.815883003175258636e-03
4.741907119750976562e-03
4.853587131947278976e-03
4.579300992190837860e-03
4.604648798704147339e-03
4.717968869954347610e-03
4.709366708993911743e-03
4.729179665446281433e-03
4.722193814814090729e-03
4.651723895221948624e-03
4.633855074644088745e-03
4.675605334341526031e-03
4.615708254277706146e-03
4.863088019192218781e-03
4.656830336898565292e-03
4.657217767089605331e-03
4.766690079122781754e-03
4.685285501182079315e-03
4.721768666058778763e-03
4.649618640542030334e-03
4.647591151297092438e-03
4.732547793537378311e-03
4.566729068756103516e-03
4.603480454534292221e-03
4.616884049028158188e-03
4.717510659247636795e-03
4.636751487851142883e-03
4.667362663894891739e-03
4.550709389150142670e-03
4.795229528099298477e-03
4.752317909151315689e-03
4.511308390647172928e-03
4.618626087903976440e-03
4.578242078423500061e-03
4.553308710455894470e-03
4.624306224286556244e-03
4.648839589208364487e-03
4.660254810005426407e-03
4.528867546468973160e-03
4.604718647897243500e-03
4.720791243016719818e-03
4.493894521147012711e-03
4.556698724627494812e-03
4.566434770822525024e-03
4.474513232707977295e-03
4.617024678736925125e-03
4.613191820681095123e-03
4.557108506560325623e-03
4.538730718195438385e-03
4.552145022898912430e-03
4.594306461513042450e-03
4.558012820780277252e-03
4.602990578860044479e-03
4.471364896744489670e-03
4.557196516543626785e-03
4.635840188711881638e-03
4.632683005183935165e-03
4.465018864721059799e-03
4.511453211307525635e-03
4.486070480197668076e-03
4.537643399089574814e-03
4.704916384071111679e-03
4.469959530979394913e-03
4.489168990403413773e-03
4.579798318445682526e-03
4.552050959318876266e-03
4.471259657293558121e-03
4.451998509466648102e-03
4.576314706355333328e-03
4.627325572073459625e-03
4.478844814002513885e-03
4.504069220274686813e-03
4.691621754318475723e-03
4.444574937224388123e-03
4.530501551926136017e-03
4.466126672923564911e-03
4.433155525475740433e-03
4.521932918578386307e-03
4.357570782303810120e-03
4.486653953790664673e-03
4.630756564438343048e-03
4.414930474013090134e-03
4.567845258861780167e-03
4.451532848179340363e-03
4.443829879164695740e-03
4.544498864561319351e-03
4.406509920954704285e-03
4.449458327144384384e-03
4.499633330851793289e-03
4.464040510356426239e-03
4.481815267354249954e-03
4.496713634580373764e-03
4.541329573839902878e-03
4.392360802739858627e-03
4.493168089538812637e-03
4.459329880774021149e-03
4.469381645321846008e-03
4.465433303266763687e-03
4.484649281948804855e-03
4.482899792492389679e-03
4.445252940058708191e-03
4.408434964716434479e-03
4.611710086464881897e-03
4.385209176689386368e-03
4.367934074252843857e-03
4.299166146665811539e-03
4.451382905244827271e-03
4.438821692019701004e-03
4.412176553159952164e-03
4.381113220006227493e-03
4.395397845655679703e-03
4.417839460074901581e-03
4.702168051153421402e-03
4.363384563475847244e-03
4.436876159161329269e-03
4.395350348204374313e-03
4.421513993293046951e-03
4.322593100368976593e-03
4.483131691813468933e-03
4.295492079108953476e-03
4.329423420131206512e-03
4.455362446606159210e-03
4.443372134119272232e-03
4.328471142798662186e-03
4.419939592480659485e-03
4.325579851865768433e-03
4.284903872758150101e-03
4.226743709295988083e-03
4.510445054620504379e-03
4.414312541484832764e-03
4.336195997893810272e-03
4.323286470025777817e-03
4.334508441388607025e-03
4.375828895717859268e-03
4.334466066211462021e-03
4.373884294182062149e-03
4.329903516918420792e-03
4.478105809539556503e-03
4.377554636448621750e-03
4.399384371936321259e-03
4.552376456558704376e-03
4.350485745817422867e-03
4.181717988103628159e-03
4.374281037598848343e-03
4.223831929266452789e-03
4.296205006539821625e-03
4.367643035948276520e-03
4.342876374721527100e-03
4.342329222708940506e-03
4.421480465680360794e-03
4.289900884032249451e-03
4.413962364196777344e-03
4.214847460389137268e-03
4.315681755542755127e-03
4.366977140307426453e-03
4.308053757995367050e-03
4.285686183720827103e-03
4.315870814025402069e-03
4.254735540598630905e-03
4.324352368712425232e-03
4.371969029307365417e-03
4.287099000066518784e-03
4.198912065476179123e-03
4.346491768956184387e-03
4.311394412070512772e-03
4.215521272271871567e-03
4.244501236826181412e-03
4.355686716735363007e-03
4.327835980802774429e-03
4.303831607103347778e-03
4.256516695022583008e-03
4.194953944534063339e-03
4.259233828634023666e-03
4.262229427695274353e-03
4.234527703374624252e-03
4.203079733997583389e-03
4.316768608987331390e-03
4.266383592039346695e-03
4.243610892444849014e-03
4.280545748770236969e-03
4.407925531268119812e-03
4.227077588438987732e-03
4.225673619657754898e-03
4.173643887042999268e-03
4.254047293215990067e-03
4.297536332160234451e-03
4.292999394237995148e-03
4.236829467117786407e-03
4.298704676330089569e-03
4.202335607260465622e-03
4.228304140269756317e-03
4.271253012120723724e-03
4.253131337463855743e-03
4.216016270220279694e-03
4.189319442957639694e-03
4.155877511948347092e-03
4.253837279975414276e-03
4.310907330363988876e-03
4.171458538621664047e-03
4.141585435718297958e-03
4.213206470012664795e-03
4.140333272516727448e-03
4.221426323056221008e-03
4.276614636182785034e-03
4.236909095197916031e-03
4.099857527762651443e-03
4.162154160439968109e-03
4.197929985821247101e-03
4.206987097859382629e-03
4.102771170437335968e-03
4.225422628223896027e-03
4.225686658173799515e-03
4.117014817893505096e-03
4.201889503747224808e-03
4.182872362434864044e-03
4.115416668355464935e-03
4.254515282809734344e-03
4.306842107325792313e-03
4.177664406597614288e-03
4.205526784062385559e-03
4.197102040052413940e-03
4.179535433650016785e-03
4.193012136965990067e-03
4.019254352897405624e-03
4.197385162115097046e-03
4.242783412337303162e-03
4.373180214315652847e-03
4.098549019545316696e-03
4.209300503134727478e-03
4.166306927800178528e-03
4.101584665477275848e-03
4.208132624626159668e-03
4.151931498199701309e-03
4.196712281554937363e-03
4.146626219153404236e-03
4.056547302752733231e-03
4.160170909017324448e-03
4.165565595030784607e-03
4.190571606159210205e-03
4.203991033136844635e-03
4.094406962394714355e-03
4.139973316341638565e-03
4.112354479730129242e-03
4.133097827434539795e-03
4.105062223970890045e-03
4.178643692284822464e-03
4.217231180518865585e-03
4.171598237007856369e-03
4.184976685792207718e-03
4.098468460142612457e-03
4.074071999639272690e-03
4.201870877295732498e-03
4.203286953270435333e-03
4.033984616398811340e-03
4.109501373022794724e-03
4.082834813743829727e-03
4.053098149597644806e-03
4.195847548544406891e-03
4.113671369850635529e-03
4.202404990792274475e-03
4.138393327593803406e-03
4.091127309948205948e-03
4.122281912714242935e-03
4.173755645751953125e-03
4.123301710933446884e-03
4.138796590268611908e-03
4.112502560019493103e-03
4.131951835006475449e-03
4.133791197091341019e-03
4.141498357057571411e-03
4.076853860169649124e-03
4.127900581806898117e-03
4.000789485871791840e-03
4.027772229164838791e-03
4.077184479683637619e-03
4.085775930434465408e-03
4.068260081112384796e-03
4.085040185600519180e-03
3.999559208750724792e-03
4.150871653109788895e-03
4.212640225887298584e-03
4.165613558143377304e-03
4.051849246025085449e-03
4.033372737467288971e-03
4.068591166287660599e-03
4.220223519951105118e-03
4.116940777748823166e-03
4.111329559236764908e-03
4.043065011501312256e-03
4.065028857439756393e-03
4.055482335388660431e-03
3.985325805842876434e-03
4.042352549731731415e-03
4.110469948500394821e-03
4.058339633047580719e-03
3.999698441475629807e-03
4.064572509378194809e-03
4.067172296345233917e-03
4.094540607184171677e-03
4.142303951084613800e-03
4.052937030792236328e-03
3.991112578660249710e-03
4.017806611955165863e-03
4.068773705512285233e-03
4.072614014148712158e-03
3.999592270702123642e-03
4.069427493959665298e-03
4.013690631836652756e-03
4.092585761100053787e-03
3.988785669207572937e-03
4.050418734550476074e-03
4.014036618173122406e-03
3.972997888922691345e-03
4.039632622152566910e-03
4.066039808094501495e-03
3.979011438786983490e-03
4.004248883575201035e-03
4.183769691735506058e-03
4.003213718533515930e-03
4.030738025903701782e-03
3.922469913959503174e-03
4.087839275598526001e-03
4.083737730979919434e-03
4.114598035812377930e-03
4.050038754940032959e-03
4.038599785417318344e-03
4.124971572309732437e-03
3.964559640735387802e-03
3.941617906093597412e-03
3.917015157639980316e-03
4.087503068149089813e-03
3.989581950008869171e-03
4.164654295891523361e-03
4.137751180678606033e-03
4.045448265969753265e-03
3.915379755198955536e-03
3.928860183805227280e-03
3.934775479137897491e-03
3.986508119851350784e-03
4.087584558874368668e-03
4.064851440489292145e-03
3.934330306947231293e-03
3.923849202692508698e-03
3.991853911429643631e-03
4.093087743967771530e-03
3.952586557716131210e-03
3.992045763880014420e-03
3.989328164607286453e-03
3.983573988080024719e-03
4.065412096679210663e-03
4.019882995635271072e-03
3.973040264099836349e-03
3.960359375923871994e-03
4.012251738458871841e-03
3.938724752515554428e-03
4.018527455627918243e-03
4.034107550978660583e-03
3.978357650339603424e-03
3.905613673850893974e-03
3.888525534421205521e-03
3.958444111049175262e-03
3.929299302399158478e-03
4.010331351310014725e-03
4.043701570481061935e-03
3.944663330912590027e-03
3.926448058336973190e-03
4.072972573339939117e-03
3.980192355811595917e-03
3.950468264520168304e-03
3.938012290745973587e-03
3.941527102142572403e-03
3.920054528862237930e-03
3.895846661180257797e-03
3.986713010817766190e-03
3.961651120334863663e-03
3.904141020029783249e-03
3.974788356572389603e-03
4.146878607571125031e-03
3.929773345589637756e-03
3.899156814441084862e-03
3.908916842192411423e-03
3.991753794252872467e-03
3.907043021172285080e-03
3.875042311847209930e-03
3.939733840525150299e-03
4.091184586286544800e-03
3.946636337786912918e-03
3.901901887729763985e-03
3.867149353027343750e-03
3.952485509216785431e-03
3.979911562055349350e-03
3.908096812665462494e-03
3.918278496712446213e-03
3.966392017900943756e-03
3.905639285221695900e-03
3.965567797422409058e-03
3.819128265604376793e-03
3.935515880584716797e-03
4.008015152066946030e-03
3.919114824384450912e-03
3.907546866685152054e-03
3.943528048694133759e-03
4.029978532344102859e-03
3.933992236852645874e-03
3.868354251608252525e-03
3.997994586825370789e-03
3.997219260782003403e-03
3.965912386775016785e-03
3.963925875723361969e-03
3.871149150654673576e-03
3.979295957833528519e-03
3.954797051846981049e-03
3.941026050597429276e-03
3.887340892106294632e-03
3.902150783687829971e-03
3.920509479939937592e-03
3.934734500944614410e-03
3.945609554648399353e-03
3.850151784718036652e-03
3.801679704338312149e-03
3.840771270915865898e-03
4.007115028798580170e-03
4.038936924189329147e-03
3.894261782988905907e-03
3.942253999412059784e-03
3.863523481413722038e-03
3.900546114891767502e-03
3.900689771398901939e-03
3.848251653835177422e-03
3.865327453240752220e-03
3.883565310388803482e-03
3.895718604326248169e-03
3.908562939614057541e-03
3.887367667630314827e-03
3.925954923033714294e-03
3.911541309207677841e-03
3.964334260672330856e-03
3.932473249733448029e-03
3.899638075381517410e-03
3.878952935338020325e-03
3.951642196625471115e-03
4.014102742075920105e-03
3.914764616638422012e-03
3.845874220132827759e-03
3.911171108484268188e-03
3.860159777104854584e-03
3.899484872817993164e-03
3.891737665981054306e-03
3.883627243340015411e-03
3.822424216195940971e-03
3.830215428024530411e-03
3.858244279399514198e-03
3.917412366718053818e-03
3.892548615112900734e-03
3.886781400069594383e-03
3.910444211214780807e-03
3.870912594720721245e-03
3.984428010880947113e-03
3.860219847410917282e-03
3.877136157825589180e-03
3.887974191457033157e-03
3.901066724210977554e-03
3.922285977751016617e-03
3.901211777701973915e-03
3.879815107211470604e-03
3.908889368176460266e-03
3.759104991331696510e-03
3.871667897328734398e-03
3.832664573565125465e-03
3.898055758327245712e-03
3.837141906842589378e-03
3.898800816386938095e-03
3.825491294264793396e-03
3.828617976978421211e-03
4.041911568492650986e-03
3.882575314491987228e-03
3.945116419345140457e-03
3.860157914459705353e-03
3.890153486281633377e-03
3.840402932837605476e-03
3.822432132437825203e-03
3.883209312334656715e-03
3.775635967031121254e-03
3.849973669275641441e-03
3.853139001876115799e-03
3.784212749451398849e-03
3.807372413575649261e-03
3.897309070453047752e-03
3.858452895656228065e-03
3.869917243719100952e-03
3.841534722596406937e-03
3.861510194838047028e-03
3.779256250709295273e-03
3.804655047133564949e-03
3.911531064659357071e-03
3.786240005865693092e-03
3.863039892166852951e-03
3.840968478471040726e-03
3.829259891062974930e-03
3.842054633423686028e-03
3.877691226080060005e-03
3.819363890215754509e-03
3.822893835604190826e-03
3.869926789775490761e-03
3.743412904441356659e-03
3.940524999052286148e-03
3.766351612284779549e-03
3.827705048024654388e-03
3.798068733885884285e-03
3.810433670878410339e-03
3.851577173918485641e-03
3.872018773108720779e-03
3.816529177129268646e-03
3.827899228781461716e-03
3.778773359954357147e-03
3.843149868771433830e-03
3.876788541674613953e-03
3.875970607623457909e-03
3.797921817749738693e-03
3.866715123876929283e-03
3.853941336274147034e-03
3.790086135268211365e-03
3.809020156040787697e-03
3.905587829649448395e-03
3.762215375900268555e-03
3.861239179968833923e-03
3.875057213008403778e-03
3.847681684419512749e-03
3.772603580728173256e-03
3.755184588953852654e-03
3.843685146421194077e-03
3.790938295423984528e-03
3.765683388337492943e-03
3.853908507153391838e-03
3.858579555526375771e-03
3.716906532645225525e-03
3.807587549090385437e-03
3.841843921691179276e-03
3.771790536120533943e-03
3.786278190091252327e-03
3.867547959089279175e-03
3.834140254184603691e-03
3.801767248660326004e-03
3.758569015190005302e-03
3.819680772721767426e-03
3.774983808398246765e-03
3.761528292670845985e-03
3.859146730974316597e-03
3.766641719266772270e-03
3.894555382430553436e-03
3.767009126022458076e-03
3.775565885007381439e-03
3.810598049312829971e-03
3.826814237982034683e-03
3.777660895138978958e-03
3.728368785232305527e-03
3.739473642781376839e-03
3.725249087437987328e-03
3.838937729597091675e-03
3.811461851000785828e-03
3.776599187403917313e-03
3.870007582008838654e-03
3.723894013091921806e-03
3.714062040671706200e-03
3.734765574336051941e-03
3.782868152484297752e-03
3.801215207204222679e-03
3.784593194723129272e-03
3.852654481306672096e-03
3.729894291609525681e-03
3.793382551521062851e-03
3.747843438759446144e-03
3.810798982158303261e-03
3.779012709856033325e-03
3.766861045733094215e-03
3.844727529212832451e-03
3.713588463142514229e-03
3.721642075106501579e-03
3.804904874414205551e-03
3.804021514952182770e-03
3.701719921082258224e-03
3.723677946254611015e-03
3.674570005387067795e-03
3.846215782687067986e-03
3.747459966689348221e-03
3.801733255386352539e-03
3.825023537501692772e-03
3.809902817010879517e-03
3.832514863461256027e-03
3.909430000931024551e-03
3.776328405365347862e-03
3.675313899293541908e-03
3.673839149996638298e-03
3.727011615410447121e-03
3.776931203901767731e-03
3.720797598361968994e-03
3.735497826710343361e-03
3.766603767871856689e-03
3.738400992006063461e-03
3.713305108249187469e-03
3.840144490823149681e-03
3.725057234987616539e-03
3.678146284073591232e-03
3.774473210796713829e-03
3.730602795258164406e-03
3.740301355719566345e-03
3.743127454072237015e-03
3.765542758628726006e-03
3.719531930983066559e-03
3.709118813276290894e-03
3.691648133099079132e-03
3.786785528063774109e-03
3.736988408491015434e-03
3.763451240956783295e-03
3.728520125150680542e-03
3.758698469027876854e-03
3.681512782350182533e-03
3.812659997493028641e-03
3.663679352030158043e-03
3.682683920487761497e-03
3.693677950650453568e-03
3.717619227245450020e-03
3.743048058822751045e-03
3.825540654361248016e-03
3.825014457106590271e-03
3.730450989678502083e-03
3.642396302893757820e-03
3.720502601936459541e-03
3.701991634443402290e-03
3.719721687957644463e-03
3.719393163919448853e-03
3.769267117604613304e-03
3.798994002863764763e-03
3.710575634613633156e-03
3.623954718932509422e-03
3.729658434167504311e-03
3.855811664834618568e-03
3.627544036135077477e-03
3.673482686281204224e-03
3.759554121643304825e-03
3.765784902498126030e-03
3.845355007797479630e-03
3.623603610321879387e-03
3.636704990640282631e-03
3.800632432103157043e-03
3.733710618689656258e-03
3.774873679503798485e-03
3.762638196349143982e-03
3.726348979398608208e-03
3.674909705296158791e-03
3.718647873029112816e-03
3.708093427121639252e-03
3.722475608810782433e-03
3.635273547843098640e-03
3.741187741979956627e-03
3.710150718688964844e-03
3.627256024628877640e-03
3.700785106047987938e-03
3.697200678288936615e-03
3.681230824440717697e-03
3.731029108166694641e-03
3.655880223959684372e-03
3.797021228820085526e-03
3.675586078315973282e-03
3.707037540152668953e-03
3.634949913248419762e-03
3.693668637424707413e-03
3.675481537356972694e-03
3.755870740860700607e-03
3.720265114679932594e-03
3.654937725514173508e-03
3.769134636968374252e-03
3.628973616287112236e-03
3.749407362192869186e-03
3.706448245793581009e-03
3.661020658910274506e-03
3.649644786491990089e-03
3.883508732542395592e-03
3.580841934308409691e-03
3.693117992952466011e-03
3.679789137095212936e-03
3.645178163424134254e-03
3.657565684989094734e-03
3.696616273373365402e-03
3.680075751617550850e-03
3.760456107556819916e-03
3.660235321149230003e-03
3.620335832238197327e-03
3.726818831637501717e-03
3.615426365286111832e-03
3.764176741242408752e-03
3.677865024656057358e-03
3.615537658333778381e-03
3.692224156111478806e-03
3.694856306537985802e-03
3.756826976314187050e-03
3.611325286328792572e-03
3.689877456054091454e-03
3.605202306061983109e-03
3.655419684946537018e-03
3.663625335320830345e-03
3.781749168410897255e-03
3.654038766399025917e-03
3.649610793218016624e-03
3.586890641599893570e-03
3.855759510770440102e-03
3.625883720815181732e-03
3.761737840250134468e-03
3.645369317382574081e-03
3.669659839943051338e-03
3.556465497240424156e-03
3.634537803009152412e-03
3.693110542371869087e-03
3.704648930579423904e-03
3.753749886527657509e-03
3.775265300646424294e-03
3.656664630398154259e-03
3.633648622781038284e-03
3.754205768927931786e-03
3.652031533420085907e-03
3.641104325652122498e-03
3.698053304105997086e-03
3.631325438618659973e-03
3.648509969934821129e-03
3.632164560258388519e-03
3.821278223767876625e-03
3.687933320179581642e-03
3.608604194596409798e-03
3.584020538255572319e-03
3.720930777490139008e-03
3.706513671204447746e-03
3.700878471136093140e-03
3.594518639147281647e-03
3.617377020418643951e-03
3.747098613530397415e-03
3.666603937745094299e-03
3.636905457824468613e-03
3.671797225251793861e-03
3.635145490989089012e-03
3.665258176624774933e-03
3.651794511824846268e-03
3.598863957449793816e-03
3.650208469480276108e-03
3.635532688349485397e-03
3.682052250951528549e-03
3.725904040038585663e-03
3.624647855758666992e-03
3.631199477240443230e-03
3.631523810327053070e-03
3.639505011960864067e-03
3.730756696313619614e-03
3.688703523948788643e-03
3.730351338163018227e-03
3.636852838099002838e-03
3.566252067685127258e-03
3.678241046145558357e-03
3.701890585944056511e-03
3.637326182797551155e-03
3.608709434047341347e-03
3.619743743911385536e-03
3.658459987491369247e-03
3.767982590943574905e-03
3.603537566959857941e-03
3.557641990482807159e-03
3.636071924120187759e-03
3.589254105463624001e-03
3.720214823260903358e-03
3.684436902403831482e-03
3.626365913078188896e-03
3.590229665860533714e-03
3.681514644995331764e-03
3.699334803968667984e-03
3.551265923306345940e-03
3.566289553418755531e-03
3.615859895944595337e-03
3.617743495851755142e-03
3.560768440365791321e-03
3.679921152070164680e-03
3.568122629076242447e-03
3.678749781101942062e-03
3.675046376883983612e-03
3.556381212547421455e-03
3.649013582617044449e-03
3.631697269156575203e-03
3.610069630667567253e-03
3.690141253173351288e-03
3.675198182463645935e-03
3.666418371722102165e-03
3.643080359324812889e-03
3.525493899360299110e-03
3.629866987466812134e-03
3.565964289009571075e-03
3.623930970206856728e-03
3.798925783485174179e-03
3.549787215888500214e-03
3.569698426872491837e-03
3.628961974754929543e-03
3.648441284894943237e-03
3.596044145524501801e-03
3.583049401640892029e-03
3.663752228021621704e-03
3.586164908483624458e-03
3.671356244012713432e-03
3.544429084286093712e-03
3.599802032113075256e-03
3.661850932985544205e-03
3.558505093678832054e-03
3.681659465655684471e-03
3.615950234234333038e-03
3.579423064365983009e-03
3.556277602910995483e-03
3.574958769604563713e-03
3.625825280323624611e-03
3.646459896117448807e-03
3.603267949074506760e-03
3.531082766130566597e-03
3.620664589107036591e-03
3.589184023439884186e-03
3.695793449878692627e-03
3.666279837489128113e-03
3.549413988366723061e-03
3.579727606847882271e-03
3.700310597196221352e-03
3.503464162349700928e-03
3.589948406442999840e-03
3.544200677424669266e-03
3.491306677460670471e-03
3.522449405863881111e-03
3.565496997907757759e-03
3.760252846404910088e-03
3.510949201881885529e-03
3.552899463102221489e-03
3.633198793977499008e-03
3.574229544028639793e-03
3.571538953110575676e-03
3.544121049344539642e-03
3.679646411910653114e-03
3.673605853691697121e-03
3.612597472965717316e-03
3.573433496057987213e-03
3.611704800277948380e-03
3.563294187188148499e-03
3.546805353835225105e-03
3.546200692653656006e-03
3.574117086827754974e-03
3.575734794139862061e-03
3.552128560841083527e-03
3.587441984564065933e-03
3.613386768847703934e-03
3.694515908136963844e-03
3.531615249812602997e-03
3.492827527225017548e-03
3.607505699619650841e-03
3.639571135863661766e-03
3.492520423606038094e-03
3.619858762249350548e-03
3.628373844549059868e-03
3.510498674586415291e-03
3.634987398982048035e-03
3.520362311974167824e-03
3.585724160075187683e-03
3.560954937711358070e-03
3.608964849263429642e-03
3.499874845147132874e-03
3.567342180758714676e-03
3.572426736354827881e-03
3.518455429002642632e-03
3.576291957870125771e-03
3.526801476255059242e-03
3.550436114892363548e-03
3.585015656426548958e-03
3.517699893563985825e-03
3.549225861206650734e-03
3.626615740358829498e-03
3.545557381585240364e-03
3.617081092670559883e-03
3.530771238729357719e-03
3.569955937564373016e-03
3.620151430368423462e-03
3.580103628337383270e-03
3.557785879820585251e-03
3.569877240806818008e-03
3.562303492799401283e-03
3.575465409085154533e-03
3.515646327286958694e-03
3.536131931468844414e-03
3.630354302003979683e-03
3.486837493255734444e-03
3.632429987192153931e-03
3.541516605764627457e-03
3.561951685696840286e-03
3.467751201242208481e-03
3.569942200556397438e-03
3.642501542344689369e-03
3.511362709105014801e-03
3.575226990506052971e-03
3.501893253996968269e-03
3.505262779071927071e-03
3.581555793061852455e-03
3.526915330439805984e-03
3.508297260850667953e-03
3.621535375714302063e-03
3.699667984619736671e-03
3.567862091585993767e-03
3.547197673469781876e-03
3.668799996376037598e-03
3.477534279227256775e-03
3.476371988654136658e-03
3.517838194966316223e-03
3.520233556628227234e-03
3.702707355841994286e-03
3.493424504995346069e-03
3.441063221544027328e-03
3.468097420409321785e-03
3.552822396159172058e-03
3.491776064038276672e-03
3.513342002406716347e-03
3.503277199342846870e-03
3.524092258885502815e-03
3.591204527765512466e-03
3.537714714184403419e-03
3.488220740109682083e-03
3.477404359728097916e-03
3.569094697013497353e-03
3.535838797688484192e-03
3.600849770009517670e-03
3.443680470809340477e-03
3.444572445005178452e-03
3.509061876684427261e-03
3.610217478126287460e-03
3.569508902728557587e-03
3.442995948716998100e-03
3.544881241396069527e-03
3.585996106266975403e-03
3.495847340673208237e-03
3.538840916007757187e-03
3.556494601070880890e-03
3.514901269227266312e-03
3.572424640879034996e-03
3.564562415704131126e-03
3.477914491668343544e-03
3.498208709061145782e-03
3.481132211163640022e-03
3.580334363505244255e-03
3.515979973599314690e-03
3.517969511449337006e-03
3.580327378585934639e-03
3.576991381123661995e-03
3.647063160315155983e-03
3.434471553191542625e-03
3.490412374958395958e-03
3.498568432405591011e-03
3.524652449414134026e-03
3.474778262898325920e-03
3.530208021402359009e-03
3.529981011524796486e-03
3.585845697671175003e-03
3.531178459525108337e-03
3.483868902549147606e-03
3.516291733831167221e-03
3.584572114050388336e-03
3.551680361852049828e-03
3.518274519592523575e-03
3.589994972571730614e-03
3.490260103717446327e-03
3.463106229901313782e-03
3.586135571822524071e-03
3.511272370815277100e-03
3.727487288415431976e-03
3.509213682264089584e-03
3.537843702360987663e-03
3.467548405751585960e-03
3.448118222877383232e-03
3.497277153655886650e-03
3.640178591012954712e-03
3.474156372249126434e-03
3.456053091213107109e-03
3.555157687515020370e-03
3.507289336994290352e-03
3.446358954533934593e-03
3.501169849187135696e-03
3.536843694746494293e-03
3.484933171421289444e-03
3.506361041218042374e-03
3.475626930594444275e-03
3.515410004183650017e-03
3.489045193418860435e-03
3.511655144393444061e-03
3.450983669608831406e-03
3.495912766084074974e-03
3.518627490848302841e-03
3.575587878003716469e-03
3.531932830810546875e-03
3.479448845610022545e-03
3.488433547317981720e-03
3.497579833492636681e-03
3.451352706179022789e-03
3.511465154588222504e-03
3.551189322024583817e-03
3.523777704685926437e-03
3.514782059937715530e-03
3.568462794646620750e-03
3.452042583376169205e-03
3.447863273322582245e-03
3.431220073252916336e-03
3.445720067247748375e-03
3.497506026178598404e-03
3.488967195153236389e-03
3.494000528007745743e-03
3.577528987079858780e-03
3.524445462971925735e-03
3.497260389849543571e-03
3.535408293828368187e-03
3.504243213683366776e-03
3.483199980109930038e-03
3.491183975711464882e-03
3.580925986170768738e-03
3.674956969916820526e-03
3.431357908993959427e-03
3.454460995271801949e-03
3.428261727094650269e-03
3.414497012272477150e-03
3.496213816106319427e-03
3.476964076980948448e-03
3.525665029883384705e-03
3.526896703988313675e-03
3.486952744424343109e-03
3.494395175948739052e-03
3.430564887821674347e-03
3.482837695628404617e-03
3.485514083877205849e-03
3.574174595996737480e-03
3.494918579235672951e-03
3.529623616486787796e-03
3.420114284381270409e-03
3.556092968210577965e-03
3.431241726502776146e-03
3.537413664162158966e-03
3.406767267733812332e-03
3.451503347605466843e-03
3.471817122772336006e-03
3.524235449731349945e-03
3.342153271660208702e-03
3.561314661055803299e-03
3.450383199378848076e-03
3.494865959510207176e-03
3.555666888132691383e-03
3.379176137968897820e-03
3.479638136923313141e-03
3.459674306213855743e-03
3.425398143008351326e-03
3.581878263503313065e-03
3.414094680920243263e-03
3.409844357520341873e-03
3.518194193020462990e-03
3.495875978842377663e-03
3.525685518980026245e-03
3.481152234598994255e-03
3.360229777172207832e-03
3.398562083020806313e-03
3.551178378984332085e-03
3.495433833450078964e-03
3.466631285846233368e-03
3.459005150943994522e-03
3.454605815932154655e-03
3.408997785300016403e-03
3.540477715432643890e-03
3.439611988142132759e-03
3.455911995843052864e-03
3.455970669165253639e-03
3.406995674595236778e-03
3.482618601992726326e-03
3.555150702595710754e-03
3.409727010875940323e-03
3.482999280095100403e-03
3.498719539493322372e-03
3.484028158709406853e-03
3.399262670427560806e-03
3.421969944611191750e-03
3.455261234194040298e-03
3.456839825958013535e-03
3.445934969931840897e-03
3.534389194101095200e-03
3.477943362668156624e-03
3.477837890386581421e-03
3.547145752236247063e-03
3.426861483603715897e-03
3.408000105991959572e-03
3.372232429683208466e-03
3.373318351805210114e-03
3.433671314269304276e-03
3.543183906003832817e-03
3.433673875406384468e-03
3.456027247011661530e-03
3.432362340390682220e-03
3.535882337018847466e-03
3.437557956203818321e-03
3.438610816374421120e-03
3.428017022088170052e-03
3.492318093776702881e-03
3.606577869504690170e-03
3.451106138527393341e-03
3.449072595685720444e-03
3.472093492746353149e-03
3.435389604419469833e-03
3.472052980214357376e-03
3.357616486027836800e-03
3.396330866962671280e-03
3.467057133093476295e-03
3.498119069263339043e-03
3.544035367667675018e-03
3.467096714302897453e-03
3.427772549912333488e-03
3.547339467331767082e-03
3.423752496019005775e-03
3.456206526607275009e-03
3.434033133089542389e-03
3.327742917463183403e-03
3.450372721999883652e-03
3.452241886407136917e-03
3.395964391529560089e-03
3.403685986995697021e-03
3.449786221608519554e-03
3.417902626097202301e-03
3.394584869965910912e-03
3.415795741602778435e-03
3.599475836381316185e-03
3.557412186637520790e-03
3.392326878383755684e-03
3.381307004019618034e-03
3.454206744208931923e-03
3.484946908429265022e-03
3.422671230509877205e-03
3.415471641346812248e-03
3.387552918866276741e-03
3.480106592178344727e-03
3.436170984059572220e-03
3.415212966501712799e-03
3.405142575502395630e-03
3.457461949437856674e-03
3.427320858463644981e-03
3.431216347962617874e-03
3.507649526000022888e-03
3.413370810449123383e-03
3.384195966646075249e-03
3.435383550822734833e-03
3.418924752622842789e-03
3.378207562491297722e-03
3.374750493094325066e-03
3.372003557160496712e-03
3.480938496068120003e-03
3.514786716550588608e-03
3.430294338613748550e-03
3.352710511535406113e-03
3.384236944839358330e-03
3.435521153733134270e-03
3.472686745226383209e-03
3.372155595570802689e-03
3.455642610788345337e-03
3.368375357240438461e-03
3.465991001576185226e-03
3.407562151551246643e-03
3.447283757850527763e-03
3.365236334502696991e-03
3.358174115419387817e-03
3.460184670984745026e-03
3.363452618941664696e-03
3.427826566621661186e-03
3.345802891999483109e-03
3.526193322613835335e-03
3.390429075807332993e-03
3.347543301060795784e-03
3.379628760740160942e-03
3.403053851798176765e-03
3.502476029098033905e-03
3.442643443122506142e-03
3.443257883191108704e-03
3.310296684503555298e-03
3.367010736837983131e-03
3.474160563200712204e-03
3.466655733063817024e-03
3.467814764007925987e-03
3.284736303612589836e-03
3.399937879294157028e-03
3.429620526731014252e-03
3.417098894715309143e-03
3.492348128929734230e-03
3.327296348288655281e-03
3.391086589545011520e-03
3.462600987404584885e-03
3.464748617261648178e-03
3.483434673398733139e-03
3.340490628033876419e-03
3.381002694368362427e-03
3.440011292695999146e-03
3.390440717339515686e-03
3.425673581659793854e-03
3.349675796926021576e-03
3.405915340408682823e-03
3.371204715222120285e-03
3.431683173403143883e-03
3.360529197379946709e-03
3.481566673144698143e-03
3.439404070377349854e-03
3.497135592624545097e-03
3.347508376464247704e-03
3.337858943268656731e-03
3.371692728251218796e-03
3.450343851000070572e-03
3.385063493624329567e-03
3.375857369974255562e-03
3.361429786309599876e-03
3.433286910876631737e-03
3.418663050979375839e-03
3.463411703705787659e-03
3.397906897589564323e-03
3.323088632896542549e-03
3.396179294213652611e-03
3.420646768063306808e-03
3.394027473405003548e-03
3.424364374950528145e-03
3.467664355412125587e-03
3.491044277325272560e-03
3.422384615987539291e-03
3.356543136760592461e-03
3.381139133125543594e-03
3.453182755038142204e-03
3.348173573613166809e-03
3.337777685374021530e-03
3.436236176639795303e-03
3.544467501342296600e-03
3.520922269672155380e-03
3.333586268126964569e-03
3.349330276250839233e-03
3.272352274507284164e-03
3.376173321157693863e-03
3.476653480902314186e-03
3.336723661050200462e-03
3.416149178519845009e-03
3.412811551243066788e-03
3.333384403958916664e-03
3.413669066503643990e-03
3.321780590340495110e-03
3.398631699383258820e-03
3.344991710036993027e-03
3.478894243016839027e-03
3.371630329638719559e-03
3.369859652593731880e-03
3.368709003552794456e-03
3.388023469597101212e-03
3.351637627929449081e-03
3.355977358296513557e-03
3.357903566211462021e-03
3.414025064557790756e-03
3.394806291908025742e-03
3.363508498296141624e-03
3.425789298489689827e-03
3.313798923045396805e-03
3.364239586517214775e-03
3.345246659591794014e-03
3.429584903642535210e-03
3.448022529482841492e-03
3.416374092921614647e-03
3.353189211338758469e-03
3.322061616927385330e-03
3.338214242830872536e-03
3.415997838601469994e-03
3.340482478961348534e-03
3.415486076846718788e-03
3.417415311560034752e-03
3.401051275432109833e-03
3.366474527865648270e-03
3.437014995142817497e-03
3.379328642040491104e-03
3.272770904004573822e-03
3.369848476722836494e-03
3.384585492312908173e-03
3.439324442297220230e-03
3.367531113326549530e-03
3.397633321583271027e-03
3.321952419355511665e-03
3.417057683691382408e-03
3.478248603641986847e-03
3.369617508724331856e-03
3.309965832158923149e-03
3.428365103900432587e-03
3.456000937148928642e-03
3.391796490177512169e-03
3.352374071255326271e-03
3.314375644549727440e-03
3.399106906726956367e-03
3.391400910913944244e-03
3.358482150360941887e-03
3.349044127389788628e-03
3.450220217928290367e-03
3.342812880873680115e-03
3.254224546253681183e-03
3.386644646525382996e-03
3.351160790771245956e-03
3.334809560328722000e-03
3.373155836015939713e-03
3.317724214866757393e-03
3.352076280862092972e-03
3.370006335899233818e-03
3.389797639101743698e-03
3.346185665577650070e-03
3.389100776985287666e-03
3.352187573909759521e-03
3.336911555379629135e-03
3.354420885443687439e-03
3.301821649074554443e-03
3.373146755620837212e-03
3.394598606973886490e-03
3.386977128684520721e-03
3.324359888210892677e-03
3.382668830454349518e-03
3.338137641549110413e-03
3.327821847051382065e-03
3.428879659622907639e-03
3.327630925923585892e-03
3.347712568938732147e-03
3.377439919859170914e-03
3.271906170994043350e-03
3.371557919308543205e-03
3.355007385835051537e-03
3.404444316402077675e-03
3.317203838378190994e-03
3.327268874272704124e-03
3.414800623431801796e-03
3.341339062899351120e-03
3.340363735333085060e-03
3.345454810187220573e-03
3.355408553034067154e-03
3.356290282681584358e-03
3.391491947695612907e-03
3.298114985227584839e-03
3.319739131256937981e-03
3.355966182425618172e-03
3.293541958555579185e-03
3.327197628095746040e-03
3.348894417285919189e-03
3.349541686475276947e-03
3.350227372720837593e-03
3.368180477991700172e-03
3.398848930373787880e-03
3.278051735833287239e-03
3.383998293429613113e-03
3.366290358826518059e-03
3.371401224285364151e-03
3.272812115028500557e-03
3.327450016513466835e-03
3.462792374193668365e-03
3.358672372996807098e-03
3.444575937464833260e-03
3.289040876552462578e-03
3.352801082655787468e-03
3.365709213539958000e-03
3.339927876368165016e-03
3.415039042010903358e-03
3.288627834990620613e-03
3.395962761715054512e-03
3.293039277195930481e-03
3.380225738510489464e-03
3.298828145489096642e-03
3.293186426162719727e-03
3.341611940413713455e-03
3.383433446288108826e-03
3.359639784321188927e-03
3.333082189783453941e-03
3.308892482891678810e-03
3.291052766144275665e-03
3.325794823467731476e-03
3.400143934413790703e-03
3.298274939879775047e-03
3.257580799981951714e-03
3.393671941012144089e-03
3.395922016352415085e-03
3.326964331790804863e-03
3.355880500748753548e-03
3.439967520534992218e-03
3.284243168309330940e-03
3.241591854020953178e-03
3.265570616349577904e-03
3.353413892909884453e-03
3.308922983705997467e-03
3.314015688374638557e-03
3.337516216561198235e-03
3.389614168554544449e-03
3.315486246719956398e-03
3.284266218543052673e-03
3.321803407743573189e-03
3.276541596278548241e-03
3.378172172233462334e-03
3.403864335268735886e-03
3.317776136100292206e-03
3.283998230472207069e-03
3.355754772201180458e-03
3.358440706506371498e-03
3.274073591455817223e-03
3.286640392616391182e-03
3.381808521226048470e-03
3.371649654582142830e-03
3.261760110035538673e-03
3.361252835020422935e-03
3.272847272455692291e-03
3.396203741431236267e-03
3.315037349238991737e-03
3.330458654090762138e-03
3.260519355535507202e-03
3.362701507285237312e-03
3.291915869340300560e-03
3.346241312101483345e-03
3.418985288590192795e-03
3.296845359727740288e-03
3.259251592680811882e-03
3.300827927887439728e-03
3.342102048918604851e-03
3.244577674195170403e-03
3.247743239626288414e-03
3.304573707282543182e-03
3.295032074674963951e-03
3.345313481986522675e-03
3.251040820032358170e-03
3.322419244796037674e-03
3.388400422409176826e-03
3.293751040473580360e-03
3.270667744800448418e-03
3.260802244767546654e-03
3.293423913419246674e-03
3.308329498395323753e-03
3.340790513902902603e-03
3.339444752782583237e-03
3.332783933728933334e-03
3.276212606579065323e-03
3.301306627690792084e-03
3.322990844026207924e-03
3.391809994354844093e-03
3.403681796044111252e-03
3.314836882054805756e-03
3.410274861380457878e-03
3.284811042249202728e-03
3.252725582569837570e-03
3.349183825775980949e-03
3.329845145344734192e-03
3.366835881024599075e-03
3.303394652903079987e-03
3.238533390685915947e-03
3.296545008197426796e-03
3.304490819573402405e-03
3.441697685047984123e-03
3.366721095517277718e-03
3.330465871840715408e-03
3.325544763356447220e-03
3.323379438370466232e-03
3.299936885014176369e-03
3.323311218991875648e-03
3.277944168075919151e-03
3.277242416515946388e-03
3.356907749548554420e-03
3.269305219873785973e-03
3.400785848498344421e-03
3.253976115956902504e-03
3.319232026115059853e-03
3.331435611471533775e-03
3.341641975566744804e-03
3.293724963441491127e-03
3.219935111701488495e-03
3.266987856477499008e-03
3.336530644446611404e-03
3.383901203051209450e-03
3.324310993775725365e-03
3.275242866948246956e-03
3.295784583315253258e-03
3.377603134140372276e-03
3.266287501901388168e-03
3.281843848526477814e-03
3.266364801675081253e-03
3.313523950055241585e-03
3.293108195066452026e-03
3.269620938226580620e-03
3.263810416683554649e-03
3.323336597532033920e-03
3.257190342992544174e-03
3.381284652277827263e-03
3.283266676589846611e-03
3.290717490017414093e-03
3.401378402486443520e-03
3.352921456098556519e-03
3.241969505324959755e-03
3.332444233819842339e-03
3.289119806140661240e-03
3.316443646326661110e-03
3.250886918976902962e-03
3.319688839837908745e-03
3.293022746220231056e-03
3.262681653723120689e-03
3.417750122025609016e-03
3.307808190584182739e-03
3.260326804593205452e-03
3.288252279162406921e-03
3.246540669351816177e-03
3.337073605507612228e-03
3.334525506943464279e-03
3.271308494731783867e-03
3.309726482257246971e-03
3.284240141510963440e-03
3.316299756988883018e-03
3.288048086687922478e-03
3.250391222536563873e-03
3.243562765419483185e-03
3.288370789960026741e-03
3.249414497986435890e-03
3.299686824902892113e-03
3.309848252683877945e-03
3.273787908256053925e-03
3.345768898725509644e-03
3.269846551120281219e-03
3.301186021417379379e-03
3.344382857903838158e-03
3.337573958560824394e-03
3.266280749812722206e-03
3.290959401056170464e-03
3.290540305897593498e-03
3.222663654014468193e-03
3.396070562303066254e-03
3.311722539365291595e-03
3.302182303741574287e-03
3.238295670598745346e-03
3.265257459133863449e-03
3.279145574197173119e-03
3.316227579489350319e-03
3.355070482939481735e-03
3.284495556727051735e-03
3.299354575574398041e-03
3.255079267546534538e-03
3.260461380705237389e-03
3.300981596112251282e-03
3.323328914120793343e-03
3.236088203266263008e-03
3.303322708234190941e-03
3.283435245975852013e-03
3.227709559723734856e-03
3.239228855818510056e-03
3.338646609336137772e-03
3.280708566308021545e-03
3.270566230639815331e-03
3.318166825920343399e-03
3.373874118551611900e-03
3.391844686120748520e-03
3.269686596468091011e-03
3.250862704589962959e-03
3.266401356086134911e-03
3.238430246710777283e-03
3.297225572168827057e-03
3.313829423859715462e-03
3.279757220298051834e-03
3.334595356136560440e-03
3.242777194827795029e-03
3.299752017483115196e-03
3.374994499608874321e-03
3.263462334871292114e-03
3.211430273950099945e-03
3.255364950746297836e-03
3.229247406125068665e-03
3.306401660665869713e-03
3.267493331804871559e-03
3.242772771045565605e-03
3.263670252636075020e-03
3.283588448539376259e-03
3.341056173667311668e-03
3.247282700613141060e-03
3.231353824958205223e-03
3.286373568698763847e-03
3.264639759436249733e-03
3.274589776992797852e-03
3.272284287959337234e-03
3.260559635236859322e-03
3.257789881899952888e-03
3.220703452825546265e-03
3.321364056318998337e-03
3.320811549201607704e-03
3.371332073584198952e-03
3.216590266674757004e-03
3.207636764273047447e-03
3.203630214557051659e-03
3.207497531548142433e-03
3.227469511330127716e-03
3.248916007578372955e-03
3.266658866778016090e-03
3.288529347628355026e-03
3.355161752551794052e-03
3.272043773904442787e-03
3.255700692534446716e-03
3.253884846344590187e-03
3.238306613638997078e-03
3.321035299450159073e-03
3.353256499394774437e-03
3.291012486442923546e-03
3.270918736234307289e-03
3.199173836037516594e-03
3.275298047810792923e-03
3.188733011484146118e-03
3.179860534146428108e-03
3.254768671467900276e-03
3.221228951588273048e-03
3.283365163952112198e-03
3.328575054183602333e-03
3.374881809577345848e-03
3.239137353375554085e-03
3.207241417840123177e-03
3.204277018085122108e-03
3.229475580155849457e-03
3.237439552322030067e-03
3.222524421289563179e-03
3.301106858998537064e-03
3.266270738095045090e-03
3.227635286748409271e-03
3.361475653946399689e-03
3.241376485675573349e-03
3.192458068951964378e-03
3.327064914628863335e-03
3.296536859124898911e-03
3.178515704348683357e-03
3.242658684030175209e-03
3.223685547709465027e-03
3.249687841162085533e-03
3.198749152943491936e-03
3.278037765994668007e-03
3.237858181819319725e-03
3.333104075863957405e-03
3.337093628942966461e-03
3.237139433622360229e-03
3.230194328352808952e-03
3.216679906472563744e-03
3.262331942096352577e-03
3.178811166435480118e-03
3.301606513559818268e-03
3.193719312548637390e-03
3.216490847989916801e-03
3.308323211967945099e-03
3.223012667149305344e-03
3.301567398011684418e-03
3.217960707843303680e-03
3.189596114680171013e-03
3.197721205651760101e-03
3.286531660705804825e-03
3.237609751522541046e-03
3.189315786585211754e-03
3.237363882362842560e-03
3.341678995639085770e-03
3.262179670855402946e-03
3.270098473876714706e-03
3.202868159860372543e-03
3.264008788391947746e-03
3.259552642703056335e-03
3.215761855244636536e-03
3.231716575101017952e-03
3.193987300619482994e-03
3.224866930395364761e-03
3.276318777352571487e-03
3.467949340119957924e-03
3.211081493645906448e-03
3.251563990488648415e-03
3.255829447880387306e-03
3.226913977414369583e-03
3.263669088482856750e-03
3.274659393355250359e-03
3.282519057393074036e-03
3.239563666284084320e-03
3.261353122070431709e-03
3.211754839867353439e-03
3.178278915584087372e-03
3.166439011693000793e-03
3.365371143445372581e-03
3.202384570613503456e-03
3.225994063541293144e-03
