2.351693212985992432e-01
1.981764882802963257e-01
1.651827394962310791e-01
1.402009427547454834e-01
1.294378489255905151e-01
1.222997680306434631e-01
1.164284124970436096e-01
1.108665540814399719e-01
1.059747338294982910e-01
1.017904430627822876e-01
9.736476093530654907e-02
9.375717490911483765e-02
9.060510993003845215e-02
8.752659708261489868e-02
8.484357595443725586e-02
8.305337280035018921e-02
8.076868206262588501e-02
7.846768200397491455e-02
7.618103921413421631e-02
7.470653951168060303e-02
7.231355458498001099e-02
6.992164254188537598e-02
6.881468743085861206e-02
6.722611933946609497e-02
6.584826856851577759e-02
6.408768892288208008e-02
6.236454099416732788e-02
6.142062693834304810e-02
5.964096635580062866e-02
5.909614637494087219e-02
5.788113549351692200e-02
5.648630112409591675e-02
5.518218874931335449e-02
5.538930371403694153e-02
5.410773679614067078e-02
5.282342806458473206e-02
5.184362083673477173e-02
5.146840214729309082e-02
4.962399974465370178e-02
5.008798837661743164e-02
4.889286309480667114e-02
4.832633957266807556e-02
4.869717732071876526e-02
4.667204990983009338e-02
4.623015969991683960e-02
4.670893400907516479e-02
4.551867023110389709e-02
4.464713484048843384e-02
4.381899908185005188e-02
4.451786354184150696e-02
4.377081990242004395e-02
4.293483868241310120e-02
4.362376779317855835e-02
4.197473824024200439e-02
4.154187813401222229e-02
4.122791066765785217e-02
4.128450900316238403e-02
4.075575619935989380e-02
4.062557592988014221e-02
4.008932784199714661e-02
3.929729387164115906e-02
3.967676684260368347e-02
3.940237686038017273e-02
3.911706432700157166e-02
3.831515461206436157e-02
3.853228315711021423e-02
3.807793185114860535e-02
3.759983927011489868e-02
3.718024492263793945e-02
3.672951459884643555e-02
3.594680503010749817e-02
3.609751164913177490e-02
3.630889579653739929e-02
3.618632256984710693e-02
3.557461500167846680e-02
3.519888222217559814e-02
3.586425259709358215e-02
3.436199948191642761e-02
3.495811671018600464e-02
3.532125055789947510e-02
3.443221747875213623e-02
3.337902575731277466e-02
3.370128199458122253e-02
3.336506336927413940e-02
3.344444185495376587e-02
3.324446082115173340e-02
3.326865658164024353e-02
3.293514251708984375e-02
3.270591422915458679e-02
3.293066844344139099e-02
3.217468410730361938e-02
3.186906874179840088e-02
3.221112117171287537e-02
3.147397935390472412e-02
3.147556632757186890e-02
3.129553422331809998e-02
3.156397491693496704e-02
3.113272786140441895e-02
3.057392500340938568e-02
3.135761618614196777e-02
3.092184849083423615e-02
3.120355680584907532e-02
3.017910383641719818e-02
3.017745539546012878e-02
3.014020435512065887e-02
2.985593862831592560e-02
2.952409535646438599e-02
3.032615035772323608e-02
2.912579663097858429e-02
2.991294302046298981e-02
2.924352698028087616e-02
2.933837473392486572e-02
2.853120118379592896e-02
2.902276627719402313e-02
2.836517244577407837e-02
2.836453169584274292e-02
2.860513143241405487e-02
2.802760154008865356e-02
2.817751280963420868e-02
2.842545881867408752e-02
2.848608046770095825e-02
2.805776707828044891e-02
2.806168422102928162e-02
2.773369103670120239e-02
2.704786323010921478e-02
2.700731717050075531e-02
2.740767039358615875e-02
2.750967070460319519e-02
2.712994255125522614e-02
2.740214206278324127e-02
2.687361091375350952e-02
2.690549753606319427e-02
2.652099728584289551e-02
2.702913805842399597e-02
2.682540006935596466e-02
2.656987495720386505e-02
2.606732398271560669e-02
2.668250352144241333e-02
2.631388977169990540e-02
2.601330913603305817e-02
2.571397647261619568e-02
2.560741081833839417e-02
2.574767544865608215e-02
2.569594979286193848e-02
2.548009157180786133e-02
2.610627003014087677e-02
2.528585121035575867e-02
2.595523931086063385e-02
2.548832446336746216e-02
2.491137385368347168e-02
2.562530152499675751e-02
2.524197660386562347e-02
2.517783455550670624e-02
2.482871897518634796e-02
2.472674660384654999e-02
2.453758567571640015e-02
2.427957579493522644e-02
2.545863762497901917e-02
2.469011209905147552e-02
2.439211308956146240e-02
2.451858296990394592e-02
2.403421327471733093e-02
2.463125064969062805e-02
2.417377941310405731e-02
2.417779527604579926e-02
2.393269352614879608e-02
2.442576549947261810e-02
2.348645403981208801e-02
2.395745366811752319e-02
2.369721978902816772e-02
2.403821609914302826e-02
2.386039681732654572e-02
2.333717048168182373e-02
2.359773591160774231e-02
2.341957576572895050e-02
2.358290925621986389e-02
2.344179712235927582e-02
2.316881716251373291e-02
2.312006242573261261e-02
2.362376078963279724e-02
2.275239862501621246e-02
2.328272722661495209e-02
2.271680906414985657e-02
2.303452417254447937e-02
2.268403582274913788e-02
2.292720973491668701e-02
2.285062894225120544e-02
2.247049659490585327e-02
2.253221347928047180e-02
2.240687981247901917e-02
2.280387654900550842e-02
2.275966294109821320e-02
2.238295041024684906e-02
2.249554730951786041e-02
2.216752246022224426e-02
2.176628261804580688e-02
2.237418107688426971e-02
2.169819548726081848e-02
2.197463810443878174e-02
2.208154462277889252e-02
2.173269353806972504e-02
2.225285209715366364e-02
2.176740020513534546e-02
2.138355746865272522e-02
2.225766330957412720e-02
2.167944982647895813e-02
2.209298685193061829e-02
2.174142189323902130e-02
2.190933004021644592e-02
2.128861658275127411e-02
2.139944024384021759e-02
2.122181653976440430e-02
2.253474295139312744e-02
2.138274349272251129e-02
2.153023332357406616e-02
2.101237699389457703e-02
2.176720462739467621e-02
2.103629149496555328e-02
2.161920443177223206e-02
2.053238451480865479e-02
2.095348574221134186e-02
2.060027979314327240e-02
2.104102261364459991e-02
2.140192501246929169e-02
2.095766365528106689e-02
2.068261802196502686e-02
2.043431065976619720e-02
2.084079384803771973e-02
2.051121555268764496e-02
2.086847461760044098e-02
2.100119739770889282e-02
2.073445171117782593e-02
2.033244445919990540e-02
2.080374956130981445e-02
2.094533108174800873e-02
2.005728334188461304e-02
2.017932571470737457e-02
2.118033170700073242e-02
2.017357014119625092e-02
2.037908881902694702e-02
2.049420215189456940e-02
2.033675462007522583e-02
2.033810690045356750e-02
2.003941684961318970e-02
1.981170661747455597e-02
2.002185769379138947e-02
1.990247517824172974e-02
1.976779289543628693e-02
2.003620378673076630e-02
1.964910514652729034e-02
2.015133015811443329e-02
1.977871544659137726e-02
1.930186338722705841e-02
1.983201876282691956e-02
2.017390727996826172e-02
1.913936994969844818e-02
1.966751925647258759e-02
1.996796764433383942e-02
1.949182897806167603e-02
1.964158937335014343e-02
1.914985664188861847e-02
1.943520084023475647e-02
1.923988945782184601e-02
1.941762492060661316e-02
1.950052380561828613e-02
1.952709257602691650e-02
1.884098909795284271e-02
1.908067427575588226e-02
1.992798782885074615e-02
1.933403313159942627e-02
1.967382431030273438e-02
1.968736387789249420e-02
1.883146353065967560e-02
1.901322603225708008e-02
1.948965340852737427e-02
1.871870830655097961e-02
1.884959079325199127e-02
1.900662481784820557e-02
1.907319389283657074e-02
1.872376166284084320e-02
1.887202821671962738e-02
1.894307322800159454e-02
1.890787295997142792e-02
1.902228780090808868e-02
1.887102797627449036e-02
1.873008161783218384e-02
1.863511651754379272e-02
1.877482980489730835e-02
1.876229606568813324e-02
1.904257386922836304e-02
1.864337734878063202e-02
1.897620782256126404e-02
1.835150644183158875e-02
1.837101578712463379e-02
1.828031428158283234e-02
1.845665462315082550e-02
1.821532659232616425e-02
1.902728714048862457e-02
1.851180754601955414e-02
1.834715902805328369e-02
1.802295260131359100e-02
1.832856237888336182e-02
1.831442862749099731e-02
1.819119229912757874e-02
1.792000420391559601e-02
1.850319653749465942e-02
1.834707520902156830e-02
1.812233775854110718e-02
1.797144673764705658e-02
1.812475919723510742e-02
1.802815496921539307e-02
1.850733160972595215e-02
1.764337159693241119e-02
1.803729869425296783e-02
1.767571270465850830e-02
1.770358346402645111e-02
1.806562952697277069e-02
1.795241236686706543e-02
1.779285818338394165e-02
1.786676794290542603e-02
1.776595227420330048e-02
1.747219078242778778e-02
1.774114184081554413e-02
1.772515103220939636e-02
1.785784028470516205e-02
1.729383133351802826e-02
1.763889379799365997e-02
1.759843342006206512e-02
1.770472340285778046e-02
1.803964376449584961e-02
1.767942123115062714e-02
1.741499826312065125e-02
1.774811558425426483e-02
1.760236546397209167e-02
1.788030378520488739e-02
1.718486845493316650e-02
1.718685775995254517e-02
1.725869067013263702e-02
1.758742332458496094e-02
1.785403676331043243e-02
1.706682145595550537e-02
1.731740497052669525e-02
1.726803928613662720e-02
1.732783392071723938e-02
1.742490381002426147e-02
1.742462068796157837e-02
1.673732325434684753e-02
1.706221513450145721e-02
1.739554852247238159e-02
1.724044792354106903e-02
1.750333048403263092e-02
1.681919768452644348e-02
1.717223227024078369e-02
1.683251745998859406e-02
1.685370318591594696e-02
1.728044636547565460e-02
1.701982691884040833e-02
1.689271442592144012e-02
1.691975630819797516e-02
1.708102226257324219e-02
1.709607802331447601e-02
1.699286885559558868e-02
1.666315458714962006e-02
1.697836257517337799e-02
1.663080416619777679e-02
1.682011783123016357e-02
1.678139157593250275e-02
1.679917238652706146e-02
1.682980731129646301e-02
1.671461947262287140e-02
1.706581003963947296e-02
1.678939536213874817e-02
1.658804714679718018e-02
1.678901910781860352e-02
1.699308678507804871e-02
1.679030060768127441e-02
1.641548611223697662e-02
1.670336909592151642e-02
1.691425405442714691e-02
1.675917953252792358e-02
1.638411544263362885e-02
1.677824184298515320e-02
1.666665449738502502e-02
1.625780761241912842e-02
1.687515340745449066e-02
1.661723852157592773e-02
1.680316776037216187e-02
1.658034510910511017e-02
1.678454875946044922e-02
1.635511592030525208e-02
1.669452898204326630e-02
1.593439280986785889e-02
1.605329476296901703e-02
1.688131131231784821e-02
1.635507121682167053e-02
1.609014533460140228e-02
1.617095433175563812e-02
1.572225242853164673e-02
1.580743864178657532e-02
1.644533872604370117e-02
1.595556735992431641e-02
1.605961844325065613e-02
1.586642116308212280e-02
1.594993844628334045e-02
1.627115346491336823e-02
1.632469706237316132e-02
1.632847823202610016e-02
1.590669527649879456e-02
1.613616012036800385e-02
1.634005829691886902e-02
1.615980081260204315e-02
1.583741046488285065e-02
1.591687649488449097e-02
1.576583459973335266e-02
1.568643562495708466e-02
1.564011722803115845e-02
1.566795445978641510e-02
1.592950895428657532e-02
1.563942804932594299e-02
1.639359071850776672e-02
1.589677855372428894e-02
1.566545851528644562e-02
1.602172479033470154e-02
1.598215661942958832e-02
1.635592803359031677e-02
1.576659269630908966e-02
1.562021765857934952e-02
1.587424241006374359e-02
1.578261330723762512e-02
1.564676500856876373e-02
1.583394408226013184e-02
1.587238535284996033e-02
1.585349813103675842e-02
1.567665114998817444e-02
1.590739563107490540e-02
1.564556173980236053e-02
1.566059514880180359e-02
1.587260141968727112e-02
1.556691993027925491e-02
1.540588214993476868e-02
1.568742282688617706e-02
1.563483662903308868e-02
1.547779422253370285e-02
1.564000174403190613e-02
1.546578761190176010e-02
1.560819614678621292e-02
1.540053263306617737e-02
1.552978716790676117e-02
1.553527917712926865e-02
1.584550365805625916e-02
1.581513695418834686e-02
1.502695586532354355e-02
1.574379950761795044e-02
1.523864921182394028e-02
1.582679711282253265e-02
1.516844891011714935e-02
1.518113072961568832e-02
1.531530357897281647e-02
1.521825045347213745e-02
1.506246067583560944e-02
1.511503383517265320e-02
1.569735817611217499e-02
1.533592399209737778e-02
1.553057879209518433e-02
1.526976563036441803e-02
1.493520103394985199e-02
1.532235089689493179e-02
1.560948695987462997e-02
1.549168210476636887e-02
1.525139063596725464e-02
1.485075149685144424e-02
1.553879398852586746e-02
1.507645566016435623e-02
1.512414682656526566e-02
1.517488062381744385e-02
1.514234393835067749e-02
1.497368700802326202e-02
1.547775324434041977e-02
1.489126589149236679e-02
1.512083690613508224e-02
1.501360163092613220e-02
1.488486491143703461e-02
1.512012444436550140e-02
1.487034931778907776e-02
1.475553959608078003e-02
1.483574137091636658e-02
1.497143600136041641e-02
1.499686390161514282e-02
1.478134188801050186e-02
1.475467626005411148e-02
1.496293023228645325e-02
1.497898902744054794e-02
1.536829210817813873e-02
1.458076294511556625e-02
1.511553954333066940e-02
1.494788564741611481e-02
1.468782871961593628e-02
1.492788642644882202e-02
1.505390089005231857e-02
1.462929509580135345e-02
1.455491036176681519e-02
1.455704309046268463e-02
1.478649396449327469e-02
1.439684443175792694e-02
1.471248082816600800e-02
1.512151397764682770e-02
1.479848287999629974e-02
1.490468624979257584e-02
1.457339152693748474e-02
1.494232937693595886e-02
1.436979696154594421e-02
1.436207257211208344e-02
1.474569644778966904e-02
1.476550940424203873e-02
1.477347034960985184e-02
1.455298531800508499e-02
1.448567770421504974e-02
1.469237264245748520e-02
1.482556480914354324e-02
1.463980227708816528e-02
1.435746531933546066e-02
1.439260970801115036e-02
1.444459240883588791e-02
1.430149842053651810e-02
1.465063728392124176e-02
1.456392277032136917e-02
1.431272830814123154e-02
1.439974084496498108e-02
1.465935073792934418e-02
1.459143590182065964e-02
1.450544223189353943e-02
1.422548852860927582e-02
1.412727311253547668e-02
1.434606220573186874e-02
1.453344151377677917e-02
1.434297021478414536e-02
1.438140217214822769e-02
1.465057674795389175e-02
1.386657450348138809e-02
1.497441902756690979e-02
1.454860437661409378e-02
1.451202202588319778e-02
1.416657119989395142e-02
1.444774866104125977e-02
1.410023868083953857e-02
1.416217815130949020e-02
1.422463357448577881e-02
1.420609001070261002e-02
1.426940597593784332e-02
1.453243382275104523e-02
1.462583616375923157e-02
1.421513129025697708e-02
1.439943909645080566e-02
1.405317801982164383e-02
1.429411116987466812e-02
1.429919060319662094e-02
1.426439732313156128e-02
1.509575825184583664e-02
1.404131203889846802e-02
1.433893665671348572e-02
1.422332134097814560e-02
1.404365431517362595e-02
1.431225892156362534e-02
1.391805894672870636e-02
1.405731216073036194e-02
1.439454220235347748e-02
1.447206642478704453e-02
1.349310576915740967e-02
1.434503030031919479e-02
1.423169951885938644e-02
1.388963032513856888e-02
1.413829997181892395e-02
1.403822191059589386e-02
1.433837227523326874e-02
1.403526309877634048e-02
1.403661817312240601e-02
1.402636989951133728e-02
1.407806482166051865e-02
1.428489200770854950e-02
1.417804602533578873e-02
1.387421879917383194e-02
1.402758527547121048e-02
1.390199270099401474e-02
1.409821026027202606e-02
1.421203184872865677e-02
1.382071245461702347e-02
1.383028738200664520e-02
1.390875317156314850e-02
1.387643348425626755e-02
1.375560928136110306e-02
1.381420437246561050e-02
1.390153355896472931e-02
1.400549616664648056e-02
1.403619535267353058e-02
1.375948265194892883e-02
1.400390174239873886e-02
1.342278067022562027e-02
1.412406098097562790e-02
1.346154883503913879e-02
1.389512885361909866e-02
1.366833318024873734e-02
1.400582212954759598e-02
1.372276805341243744e-02
1.382139883935451508e-02
1.380525343120098114e-02
1.389748509973287582e-02
1.399778109043836594e-02
1.388089079409837723e-02
1.372994575649499893e-02
1.397943031042814255e-02
1.374479196965694427e-02
1.365736778825521469e-02
1.367149315774440765e-02
1.370934024453163147e-02
1.385227963328361511e-02
1.401001028716564178e-02
1.385367568582296371e-02
1.378261763602495193e-02
1.385404076427221298e-02
1.375287026166915894e-02
1.387642882764339447e-02
1.321401447057723999e-02
1.381570007652044296e-02
1.340423803776502609e-02
1.370865106582641602e-02
1.358336210250854492e-02
1.379574369639158249e-02
1.330427266657352448e-02
1.376793254166841507e-02
1.330816000699996948e-02
1.324647944420576096e-02
1.333228312432765961e-02
1.364989019930362701e-02
1.339584495872259140e-02
1.321313437074422836e-02
1.343595888465642929e-02
1.349739823490381241e-02
1.329059526324272156e-02
1.359208673238754272e-02
1.348148565739393234e-02
1.387779321521520615e-02
1.308037061244249344e-02
1.328498404473066330e-02
1.318141538649797440e-02
1.347023341804742813e-02
1.315086707472801208e-02
1.322111953049898148e-02
1.340128295123577118e-02
1.343653909862041473e-02
1.341615524142980576e-02
1.352259609848260880e-02
1.312449108809232712e-02
1.301341876387596130e-02
1.353874802589416504e-02
1.353340875357389450e-02
1.319150812923908234e-02
1.346318796277046204e-02
1.351401954889297485e-02
1.327293459326028824e-02
1.289676688611507416e-02
1.322918385267257690e-02
1.374094188213348389e-02
1.364170480519533157e-02
1.318112201988697052e-02
1.348377298563718796e-02
1.332861930131912231e-02
1.302483119070529938e-02
1.328254491090774536e-02
1.302694529294967651e-02
1.384031493216753006e-02
1.311874669045209885e-02
1.312059536576271057e-02
1.312119513750076294e-02
1.354218646883964539e-02
1.327161677181720734e-02
1.337228436022996902e-02
1.301960553973913193e-02
1.303982082754373550e-02
1.323970314115285873e-02
1.354853063821792603e-02
1.325186900794506073e-02
1.287542190402746201e-02
1.305396761745214462e-02
1.289284415543079376e-02
1.293734088540077209e-02
1.290292199701070786e-02
1.317525934427976608e-02
1.324815861880779266e-02
1.328463200479745865e-02
1.296578533947467804e-02
1.311284117400646210e-02
1.328900735825300217e-02
1.294839102774858475e-02
1.318956539034843445e-02
1.307535357773303986e-02
1.310480572283267975e-02
1.338040083646774292e-02
1.301546487957239151e-02
1.328325457870960236e-02
1.320443116128444672e-02
1.292195264250040054e-02
1.314346585422754288e-02
1.299877651035785675e-02
1.285658683627843857e-02
1.307987142354249954e-02
1.293571759015321732e-02
1.278069056570529938e-02
1.317457947880029678e-02
1.271085254848003387e-02
1.303641311824321747e-02
1.275499630719423294e-02
1.297176163643598557e-02
1.340702362358570099e-02
1.287994813174009323e-02
1.325460616499185562e-02
1.285782828927040100e-02
1.283362507820129395e-02
1.312819402664899826e-02
1.277097128331661224e-02
1.280737761408090591e-02
1.265993900597095490e-02
1.300681475549936295e-02
1.278183888643980026e-02
1.258634123951196671e-02
1.272454392164945602e-02
1.324930321425199509e-02
1.240366138517856598e-02
1.269773580133914948e-02
1.295028999447822571e-02
1.301482692360877991e-02
1.271544024348258972e-02
1.283729728311300278e-02
1.274492591619491577e-02
1.279758755117654800e-02
1.319457683712244034e-02
1.288082730025053024e-02
1.281530968844890594e-02
1.285278610885143280e-02
1.230765879154205322e-02
1.261644810438156128e-02
1.251015625894069672e-02
1.282118633389472961e-02
1.251375675201416016e-02
1.272738818079233170e-02
1.282126735895872116e-02
1.242604292929172516e-02
1.284483820199966431e-02
1.271358691155910492e-02
1.272091083228588104e-02
1.278214063495397568e-02
1.257658377289772034e-02
1.282685715705156326e-02
1.276951469480991364e-02
1.248037908226251602e-02
1.267445366829633713e-02
1.270066853612661362e-02
1.248670369386672974e-02
1.273960620164871216e-02
1.232533901929855347e-02
1.250737253576517105e-02
1.268247328698635101e-02
1.265361998230218887e-02
1.321287639439105988e-02
1.235569082200527191e-02
1.270957384258508682e-02
1.268199644982814789e-02
1.264015678316354752e-02
1.294832117855548859e-02
1.247976627200841904e-02
1.260914653539657593e-02
1.246131677180528641e-02
1.308267004787921906e-02
1.232393272221088409e-02
1.252086553722620010e-02
1.253565028309822083e-02
1.231566444039344788e-02
1.266993768513202667e-02
1.242361497133970261e-02
1.244767755270004272e-02
1.238702796399593353e-02
1.247855089604854584e-02
1.258603204041719437e-02
1.239048503339290619e-02
1.275203283876180649e-02
1.258675754070281982e-02
1.221026387065649033e-02
1.251851953566074371e-02
1.212847325950860977e-02
1.235163956880569458e-02
1.211135834455490112e-02
1.249777805060148239e-02
1.223546545952558517e-02
1.233716215938329697e-02
1.236727833747863770e-02
1.228824444115161896e-02
1.230958476662635803e-02
1.229839492589235306e-02
1.236890349537134171e-02
1.241139043122529984e-02
1.230963971465826035e-02
1.220857631415128708e-02
1.246309559792280197e-02
1.214866526424884796e-02
1.254875399172306061e-02
1.248424872756004333e-02
1.262320671230554581e-02
1.223788224160671234e-02
1.243435777723789215e-02
1.251741033047437668e-02
1.207869686186313629e-02
1.249528303742408752e-02
1.245563942939043045e-02
1.225570309907197952e-02
1.221971027553081512e-02
1.203386113047599792e-02
1.229391619563102722e-02
1.212120614945888519e-02
1.199982315301895142e-02
1.194255240261554718e-02
1.243922673165798187e-02
1.237561739981174469e-02
1.216207258403301239e-02
1.209859736263751984e-02
1.245497539639472961e-02
1.189661864191293716e-02
1.200158614665269852e-02
1.231837738305330276e-02
1.257687900215387344e-02
1.212505530565977097e-02
1.249912008643150330e-02
1.244008354842662811e-02
1.236528996378183365e-02
1.251602545380592346e-02
1.241392828524112701e-02
1.228426303714513779e-02
1.223574671894311905e-02
1.227744203060865402e-02
1.192345749586820602e-02
1.238353550434112549e-02
1.242081914097070694e-02
1.238339208066463470e-02
1.186235249042510986e-02
1.204898115247488022e-02
1.240876317024230957e-02
1.201774179935455322e-02
1.203471142798662186e-02
1.206688024103641510e-02
1.247289590537548065e-02
1.172782573848962784e-02
1.225664280354976654e-02
1.223387755453586578e-02
1.197887957096099854e-02
1.245569065213203430e-02
1.177496463060379028e-02
1.229720283299684525e-02
1.192651316523551941e-02
1.228441018611192703e-02
1.165303960442543030e-02
1.211023610085248947e-02
1.190765947103500366e-02
1.180950365960597992e-02
1.204564608633518219e-02
1.204724051058292389e-02
1.190811581909656525e-02
1.180868595838546753e-02
1.193568389862775803e-02
1.201609242707490921e-02
1.206598244607448578e-02
1.168536394834518433e-02
1.180023606866598129e-02
1.189129147678613663e-02
1.171792764216661453e-02
1.230785343796014786e-02
1.195443328469991684e-02
1.183297298848628998e-02
1.187239680439233780e-02
1.193704642355442047e-02
1.230357680469751358e-02
1.205646619200706482e-02
1.194419432431459427e-02
1.196000538766384125e-02
1.177762076258659363e-02
1.182632427662611008e-02
1.180061604827642441e-02
1.195762027055025101e-02
1.186705939471721649e-02
1.211478374898433685e-02
1.164915040135383606e-02
1.165548618882894516e-02
1.221853308379650116e-02
1.211103610694408417e-02
1.195753552019596100e-02
1.180203445255756378e-02
1.211593858897686005e-02
1.161853317171335220e-02
1.209772285073995590e-02
1.176507119089365005e-02
1.216276176273822784e-02
1.195704378187656403e-02
1.179331261664628983e-02
1.207414735108613968e-02
1.228365022689104080e-02
1.194796338677406311e-02
1.186602935194969177e-02
1.191658340394496918e-02
1.191187649965286255e-02
1.194001361727714539e-02
1.149494946002960205e-02
1.197944954037666321e-02
1.193604990839958191e-02
1.178046967834234238e-02
1.164644304662942886e-02
1.188134681433439255e-02
1.160120777785778046e-02
1.179962977766990662e-02
1.164131239056587219e-02
1.167107839137315750e-02
1.200099661946296692e-02
1.196681894361972809e-02
1.175901386886835098e-02
1.170977856963872910e-02
1.172836031764745712e-02
1.160258892923593521e-02
1.189799234271049500e-02
1.167153567075729370e-02
1.179642602801322937e-02
1.182396057993173599e-02
1.210056990385055542e-02
1.235029380768537521e-02
1.172400079667568207e-02
1.166113372892141342e-02
1.185647957026958466e-02
1.152772735804319382e-02
1.175261847674846649e-02
1.172322314232587814e-02
1.175262033939361572e-02
1.199418026953935623e-02
1.225310470908880234e-02
1.146954298019409180e-02
1.168048381805419922e-02
1.195892877876758575e-02
1.164263021200895309e-02
1.149454712867736816e-02
1.173134427517652512e-02
1.158954855054616928e-02
1.195207610726356506e-02
1.194643974304199219e-02
1.203735638409852982e-02
1.163676567375659943e-02
1.147244684398174286e-02
1.190216466784477234e-02
1.153651066124439240e-02
1.161376107484102249e-02
1.180288847535848618e-02
1.153416931629180908e-02
1.169956009835004807e-02
1.153502520173788071e-02
1.143242046236991882e-02
1.170331332832574844e-02
1.144811697304248810e-02
1.162303239107131958e-02
1.159029640257358551e-02
1.145797222852706909e-02
1.131537184119224548e-02
1.142486743628978729e-02
1.171294599771499634e-02
1.163131557404994965e-02
1.152378786355257034e-02
1.141768135130405426e-02
1.171578001230955124e-02
1.169190183281898499e-02
1.154433749616146088e-02
1.153127662837505341e-02
1.161006931215524673e-02
1.153523661196231842e-02
1.153775677084922791e-02
1.181224640458822250e-02
1.192052848637104034e-02
1.165013387799263000e-02
1.172852050513029099e-02
1.152522116899490356e-02
1.169846206903457642e-02
1.148903649300336838e-02
1.128388475626707077e-02
1.136189792305231094e-02
1.156435441225767136e-02
1.148346718400716782e-02
1.182240247726440430e-02
1.125842891633510590e-02
1.120872423052787781e-02
1.155919488519430161e-02
1.123435888439416885e-02
1.145329512655735016e-02
1.127385534346103668e-02
1.174467243254184723e-02
1.147534698247909546e-02
1.151223201304674149e-02
1.128259301185607910e-02
1.132831163704395294e-02
1.153601799160242081e-02
1.131779700517654419e-02
1.111790630966424942e-02
1.165872160345315933e-02
1.136996783316135406e-02
1.144208107143640518e-02
1.134051475673913956e-02
1.176878716796636581e-02
1.124837528914213181e-02
1.143974624574184418e-02
1.162990741431713104e-02
1.149323396384716034e-02
1.161813363432884216e-02
1.135281380265951157e-02
1.105659920722246170e-02
1.140056364238262177e-02
1.134666334837675095e-02
1.134936511516571045e-02
1.168852765113115311e-02
1.145033817738294601e-02
1.151339337229728699e-02
1.132624410092830658e-02
1.118502672761678696e-02
1.119205355644226074e-02
1.144040375947952271e-02
1.136907096952199936e-02
1.131860166788101196e-02
1.144148595631122589e-02
1.119794882833957672e-02
1.127180177718400955e-02
1.140205655246973038e-02
1.111001335084438324e-02
1.137936953455209732e-02
1.168494299054145813e-02
1.119347568601369858e-02
1.120569463819265366e-02
1.105350535362958908e-02
1.132152881473302841e-02
1.130954921245574951e-02
1.125950831919908524e-02
1.152739487588405609e-02
1.100135035812854767e-02
1.153290271759033203e-02
1.108624227344989777e-02
1.106419786810874939e-02
1.165564358234405518e-02
1.119019463658332825e-02
1.138408854603767395e-02
1.174802798777818680e-02
1.127524673938751221e-02
1.112584676593542099e-02
1.163277868181467056e-02
1.098814886063337326e-02
1.141771674156188965e-02
1.109927240759134293e-02
1.121976040303707123e-02
1.100861746817827225e-02
1.107147894799709320e-02
1.133000105619430542e-02
1.116305496543645859e-02
1.132739707827568054e-02
1.126094534993171692e-02
1.134976278990507126e-02
1.117022428661584854e-02
1.157722342759370804e-02
1.124210655689239502e-02
1.127973757684230804e-02
1.101152505725622177e-02
1.109223812818527222e-02
1.106066256761550903e-02
1.136203762143850327e-02
1.126804202795028687e-02
1.111717335879802704e-02
1.102889887988567352e-02
1.113449782133102417e-02
1.098341867327690125e-02
1.091456320136785507e-02
1.104474160820245743e-02
1.124861929565668106e-02
1.084735710173845291e-02
1.128866989165544510e-02
1.093274727463722229e-02
1.123992539942264557e-02
1.150351762771606445e-02
1.119119580835103989e-02
1.118296571075916290e-02
1.129829138517379761e-02
1.125950645655393600e-02
1.110235042870044708e-02
1.143335737287998199e-02
1.116065029054880142e-02
1.090134214609861374e-02
1.088809408247470856e-02
1.100541464984416962e-02
1.097465120255947113e-02
1.137137413024902344e-02
1.112859603017568588e-02
1.110520586371421814e-02
1.090326253324747086e-02
1.118374057114124298e-02
1.113418675959110260e-02
1.120924856513738632e-02
1.140090823173522949e-02
1.137937884777784348e-02
1.116190943866968155e-02
1.128208357840776443e-02
1.104632951319217682e-02
1.096486486494541168e-02
1.101851463317871094e-02
1.113121118396520615e-02
1.106914784759283066e-02
1.115100923925638199e-02
1.093868073076009750e-02
1.099133305251598358e-02
1.115136686712503433e-02
1.107762940227985382e-02
1.095984969288110733e-02
1.090374868363142014e-02
1.106888987123966217e-02
1.083718985319137573e-02
1.097432523965835571e-02
1.118608750402927399e-02
1.073377579450607300e-02
1.118561811745166779e-02
1.089928112924098969e-02
1.132035721093416214e-02
1.107002794742584229e-02
1.087328139692544937e-02
1.100988313555717468e-02
1.116910297423601151e-02
1.094750687479972839e-02
1.077210810035467148e-02
1.093360874801874161e-02
1.105438079684972763e-02
1.084913965314626694e-02
1.117668207734823227e-02
1.066066417843103409e-02
1.080676913261413574e-02
1.112374383956193924e-02
1.067677512764930725e-02
1.093298196792602539e-02
1.091395411640405655e-02
1.093300525099039078e-02
1.102800294756889343e-02
1.112116035073995590e-02
1.089364942163228989e-02
1.074292417615652084e-02
1.093104574829339981e-02
1.110419537872076035e-02
1.108079124242067337e-02
1.064713299274444580e-02
1.092809811234474182e-02
1.083003263920545578e-02
1.079250313341617584e-02
1.070785429328680038e-02
1.078977901488542557e-02
1.058140490204095840e-02
1.072502136230468750e-02
1.104513835161924362e-02
1.095596421509981155e-02
1.082551665604114532e-02
1.056769117712974548e-02
1.069727260619401932e-02
1.083760894834995270e-02
1.082816626876592636e-02
1.093163806945085526e-02
1.082678232342004776e-02
1.089722756296396255e-02
1.081045810133218765e-02
1.057364232838153839e-02
1.071261893957853317e-02
1.104924362152814865e-02
1.087842602282762527e-02
1.059332210570573807e-02
1.092103216797113419e-02
1.096111256629228592e-02
1.055170223116874695e-02
1.075031049549579620e-02
1.082132384181022644e-02
1.071738172322511673e-02
1.061923522502183914e-02
1.070227101445198059e-02
1.086317189037799835e-02
1.050500571727752686e-02
1.100080367177724838e-02
1.088528335094451904e-02
1.098586898297071457e-02
1.066877041012048721e-02
1.065502781420946121e-02
1.093549095094203949e-02
1.072180178016424179e-02
1.061108522117137909e-02
1.064931135624647141e-02
1.080901175737380981e-02
1.104421634227037430e-02
1.096872799098491669e-02
1.057654153555631638e-02
1.065337657928466797e-02
1.091976277530193329e-02
1.083802059292793274e-02
1.088150963187217712e-02
1.048402301967144012e-02
1.072527747601270676e-02
1.079174410551786423e-02
1.069649029523134232e-02
1.111039612442255020e-02
1.078147720545530319e-02
1.033768989145755768e-02
1.069011352956295013e-02
1.048724539577960968e-02
1.065290533006191254e-02
1.071535330265760422e-02
1.074603293091058731e-02
1.064055506139993668e-02
1.040350645780563354e-02
1.064578071236610413e-02
1.042769569903612137e-02
1.045638415962457657e-02
1.079931389540433884e-02
1.033348590135574341e-02
1.070391107350587845e-02
1.054073031991720200e-02
1.080169808119535446e-02
1.043106708675622940e-02
1.078718621283769608e-02
1.069102343171834946e-02
1.066502556204795837e-02
1.046629063785076141e-02
1.047153584659099579e-02
1.086851395666599274e-02
1.061957981437444687e-02
1.049336977303028107e-02
1.050441805273294449e-02
1.075146719813346863e-02
1.081809028983116150e-02
1.078424416482448578e-02
1.068045571446418762e-02
1.043487526476383209e-02
1.091111358255147934e-02
1.042133010923862457e-02
1.057931222021579742e-02
1.045949105173349380e-02
1.050876453518867493e-02
1.060520578175783157e-02
1.053683739155530930e-02
1.027727033942937851e-02
1.038656104356050491e-02
1.046468690037727356e-02
1.064934115856885910e-02
1.054757647216320038e-02
1.072912942618131638e-02
1.041112933307886124e-02
1.057950407266616821e-02
1.066338922828435898e-02
1.037302147597074509e-02
1.075799763202667236e-02
1.071315724402666092e-02
1.053461991250514984e-02
1.065164152532815933e-02
1.053341664373874664e-02
1.060535479336977005e-02
1.041389442980289459e-02
1.053696032613515854e-02
1.073856465518474579e-02
1.035953406244516373e-02
1.024654041975736618e-02
1.051886379718780518e-02
1.051193196326494217e-02
1.048853900283575058e-02
1.054916530847549438e-02
1.057841815054416656e-02
1.047207228839397430e-02
1.029840204864740372e-02
1.032850798219442368e-02
1.046065986156463623e-02
1.020217966288328171e-02
1.036059204488992691e-02
1.024487707763910294e-02
1.035279314965009689e-02
1.002501323819160461e-02
1.050261687487363815e-02
1.046430878341197968e-02
1.057176850736141205e-02
1.005068980157375336e-02
1.054412499070167542e-02
1.031111925840377808e-02
1.033213734626770020e-02
1.050126366317272186e-02
1.037340518087148666e-02
1.040106732398271561e-02
1.057899277657270432e-02
1.058325916528701782e-02
1.026741974055767059e-02
1.050774380564689636e-02
1.035826373845338821e-02
1.027101837098598480e-02
1.043979078531265259e-02
1.061808690428733826e-02
1.031485479325056076e-02
1.053145341575145721e-02
1.048379950225353241e-02
1.065200660377740860e-02
1.037832070142030716e-02
1.072152797132730484e-02
1.042088493704795837e-02
1.054203882813453674e-02
1.063719391822814941e-02
1.047837734222412109e-02
1.020855642855167389e-02
1.036197971552610397e-02
1.025745552033185959e-02
1.028545107692480087e-02
1.023225300014019012e-02
9.994593448936939240e-03
1.052127592265605927e-02
1.021503657102584839e-02
1.043772138655185699e-02
1.056226529181003571e-02
1.045025605708360672e-02
1.042557880282402039e-02
1.040332578122615814e-02
1.002050656825304031e-02
1.013958826661109924e-02
1.023319177329540253e-02
1.026164740324020386e-02
1.020042505115270615e-02
1.025518309324979782e-02
1.009914185851812363e-02
1.051073614507913589e-02
9.942119009792804718e-03
1.045879907906055450e-02
1.049150805920362473e-02
1.061194576323032379e-02
1.035931054502725601e-02
1.060427166521549225e-02
1.022430509328842163e-02
1.024774834513664246e-02
1.003232412040233612e-02
1.030324399471282959e-02
1.014705095440149307e-02
1.025316957384347916e-02
1.030553970485925674e-02
1.023155450820922852e-02
1.051283441483974457e-02
1.046492066234350204e-02
1.036839559674263000e-02
1.064906269311904907e-02
1.026153936982154846e-02
1.024296041578054428e-02
1.023150980472564697e-02
1.045983657240867615e-02
1.006386801600456238e-02
1.016833819448947906e-02
1.026784256100654602e-02
1.034457422792911530e-02
1.023484207689762115e-02
1.021451782435178757e-02
1.022033765912055969e-02
1.029489841312170029e-02
1.008009258657693863e-02
1.028293371200561523e-02
1.029459107667207718e-02
1.016888953745365143e-02
1.053506415337324142e-02
1.010104082524776459e-02
1.050169207155704498e-02
1.035641599446535110e-02
1.064712554216384888e-02
1.031841058284044266e-02
1.028339657932519913e-02
1.034697704017162323e-02
1.021800283342599869e-02
1.029497105628252029e-02
1.026854570955038071e-02
9.999455884099006653e-03
1.053456030786037445e-02
1.031967811286449432e-02
1.030161604285240173e-02
1.019454747438430786e-02
1.011809147894382477e-02
1.015685219317674637e-02
1.033112220466136932e-02
1.009194273501634598e-02
1.036550570279359818e-02
9.833809919655323029e-03
1.053251512348651886e-02
1.016776822507381439e-02
1.015401817858219147e-02
1.036896929144859314e-02
1.048618182539939880e-02
1.018619164824485779e-02
1.014150027185678482e-02
1.028490718454122543e-02
1.024512667208909988e-02
1.034072507172822952e-02
1.052966155111789703e-02
1.031996775418519974e-02
1.016896683722734451e-02
1.015320140868425369e-02
1.011767331510782242e-02
1.015279348939657211e-02
1.003462634980678558e-02
1.041206065565347672e-02
1.010021381080150604e-02
1.009880937635898590e-02
1.021540910005569458e-02
1.039949618279933929e-02
1.022917404770851135e-02
1.033011078834533691e-02
9.982604533433914185e-03
1.035921741276979446e-02
1.012662798166275024e-02
1.019339915364980698e-02
1.036921143531799316e-02
1.017128489911556244e-02
1.024466659873723984e-02
1.013323478400707245e-02
1.032762229442596436e-02
1.022133696824312210e-02
1.030180230736732483e-02
1.040736678987741470e-02
9.953881613910198212e-03
1.015149801969528198e-02
1.009829156100749969e-02
1.018486078828573227e-02
1.038034260272979736e-02
1.026801299303770065e-02
9.882491081953048706e-03
1.010856684297323227e-02
1.004231814295053482e-02
1.017444860190153122e-02
1.007960643619298935e-02
9.999003261327743530e-03
9.945137426257133484e-03
9.946110658347606659e-03
9.952850639820098877e-03
1.011403277516365051e-02
9.946923702955245972e-03
9.907469153404235840e-03
9.989141486585140228e-03
9.934609755873680115e-03
9.947817772626876831e-03
1.008061971515417099e-02
9.987522847950458527e-03
9.960311464965343475e-03
1.007628161460161209e-02
1.009035576134920120e-02
9.725335054099559784e-03
1.022757403552532196e-02
9.899239055812358856e-03
1.000428572297096252e-02
1.002669520676136017e-02
1.015407498925924301e-02
1.002624910324811935e-02
1.017178315669298172e-02
1.029238104820251465e-02
1.007848419249057770e-02
1.033035945147275925e-02
9.882519021630287170e-03
9.873703122138977051e-03
1.010400615632534027e-02
9.983561933040618896e-03
9.952965192496776581e-03
9.968678466975688934e-03
9.908463805913925171e-03
1.028882525861263275e-02
9.921861812472343445e-03
9.937310591340065002e-03
9.938479401171207428e-03
9.900393895804882050e-03
9.751916863024234772e-03
9.964568540453910828e-03
1.011775247752666473e-02
9.982100687921047211e-03
9.954832494258880615e-03
1.015281397849321365e-02
1.014104392379522324e-02
9.944096207618713379e-03
1.011572405695915222e-02
9.781443513929843903e-03
9.942438453435897827e-03
9.923892095685005188e-03
9.913236834108829498e-03
9.997286833822727203e-03
9.810496121644973755e-03
9.762451983988285065e-03
1.018239744007587433e-02
1.009266637265682220e-02
9.957517497241497040e-03
1.021758466958999634e-02
1.047637872397899628e-02
1.020932570099830627e-02
9.683981537818908691e-03
9.872676804661750793e-03
9.876830503344535828e-03
9.794129990041255951e-03
1.001926418393850327e-02
9.633705019950866699e-03
1.003334950655698776e-02
9.886926971375942230e-03
9.808775037527084351e-03
9.942688979208469391e-03
9.744201786816120148e-03
9.993415325880050659e-03
1.008664444088935852e-02
1.005317829549312592e-02
1.007966417819261551e-02
9.770590811967849731e-03
1.001652982085943222e-02
9.630638174712657928e-03
1.009857654571533203e-02
9.748113341629505157e-03
1.016839686781167984e-02
1.015744637697935104e-02
9.847092442214488983e-03
1.009431388229131699e-02
9.769287891685962677e-03
1.001654472202062607e-02
1.004844717681407928e-02
9.852157905697822571e-03
9.754357859492301941e-03
1.022558845579624176e-02
9.816443547606468201e-03
9.951717220246791840e-03
9.725154377520084381e-03
1.009776163846254349e-02
9.720231406390666962e-03
9.748874232172966003e-03
9.969317354261875153e-03
9.791880846023559570e-03
9.921453893184661865e-03
9.676693007349967957e-03
9.875725954771041870e-03
9.858466684818267822e-03
9.912019595503807068e-03
9.977574460208415985e-03
9.855905547738075256e-03
9.794347919523715973e-03
9.822913445532321930e-03
9.811281226575374603e-03
9.878251701593399048e-03
9.671923704445362091e-03
9.872706606984138489e-03
9.871152229607105255e-03
9.894401766359806061e-03
9.606362320482730865e-03
9.915322996675968170e-03
9.984324686229228973e-03
9.948881343007087708e-03
9.757624939084053040e-03
9.807073511183261871e-03
9.697932749986648560e-03
9.645611979067325592e-03
9.712156839668750763e-03
1.013761665672063828e-02
9.610111825168132782e-03
9.728972800076007843e-03
9.920557960867881775e-03
9.877887554466724396e-03
9.901393204927444458e-03
9.896325878798961639e-03
9.777748957276344299e-03
1.005015894770622253e-02
9.620050899684429169e-03
9.772391989827156067e-03
9.905200451612472534e-03
9.487233124673366547e-03
1.013305503875017166e-02
9.792369790375232697e-03
9.564400650560855865e-03
9.920952841639518738e-03
9.843098931014537811e-03
9.724108502268791199e-03
9.732952341437339783e-03
9.689199738204479218e-03
1.027530059218406677e-02
9.573126211762428284e-03
9.909838438034057617e-03
9.746081195771694183e-03
9.721989743411540985e-03
9.785776957869529724e-03
9.650389663875102997e-03
1.009004563093185425e-02
9.626910090446472168e-03
9.855919517576694489e-03
9.549403563141822815e-03
9.889095090329647064e-03
9.836256504058837891e-03
9.779227897524833679e-03
9.839414618909358978e-03
9.785804897546768188e-03
9.908259846270084381e-03
1.000890508294105530e-02
9.575243107974529266e-03
1.012561842799186707e-02
9.827423840761184692e-03
9.614294394850730896e-03
9.656616486608982086e-03
9.888680651783943176e-03
9.839900769293308258e-03
9.822994470596313477e-03
9.509746916592121124e-03
9.515038691461086273e-03
9.814870543777942657e-03
1.012986060231924057e-02
9.769690223038196564e-03
9.718840941786766052e-03
9.822077117860317230e-03
9.607233107089996338e-03
9.625357575714588165e-03
9.848634712398052216e-03
9.609106928110122681e-03
9.446823969483375549e-03
9.657930582761764526e-03
9.570864029228687286e-03
9.857942350208759308e-03
9.783898480236530304e-03
9.625595994293689728e-03
9.626120328903198242e-03
9.907178580760955811e-03
9.824931621551513672e-03
9.880638681352138519e-03
9.607812389731407166e-03
9.962553158402442932e-03
9.944710880517959595e-03
9.636518545448780060e-03
9.774167090654373169e-03
9.684850461781024933e-03
9.515624493360519409e-03
9.984038770198822021e-03
9.597440250217914581e-03
9.596787393093109131e-03
9.503636509180068970e-03
9.707128629088401794e-03
9.699509479105472565e-03
9.574338793754577637e-03
9.779084473848342896e-03
9.583193808794021606e-03
9.690605103969573975e-03
9.477230720221996307e-03
9.778619743883609772e-03
9.809252806007862091e-03
9.727139025926589966e-03
9.662683121860027313e-03
9.561203420162200928e-03
9.792814031243324280e-03
9.680635295808315277e-03
9.826072491705417633e-03
9.496364742517471313e-03
9.734994731843471527e-03
9.529516100883483887e-03
9.629317559301853180e-03
9.429866448044776917e-03
9.817977435886859894e-03
9.700980037450790405e-03
9.483812376856803894e-03
9.700974449515342712e-03
9.619954973459243774e-03
9.481151588261127472e-03
9.846744127571582794e-03
9.518051519989967346e-03
9.696967899799346924e-03
9.714178740978240967e-03
9.758272208273410797e-03
9.597800672054290771e-03
9.713519364595413208e-03
9.678204543888568878e-03
9.689969010651111603e-03
9.549288079142570496e-03
9.814646095037460327e-03
9.844146668910980225e-03
9.765283204615116119e-03
9.837308898568153381e-03
9.889177978038787842e-03
9.620483964681625366e-03
9.637086652219295502e-03
9.713396430015563965e-03
9.492576122283935547e-03
9.521755389869213104e-03
9.714357554912567139e-03
9.606870822608470917e-03
9.842289611697196960e-03
9.588345885276794434e-03
9.541348554193973541e-03
9.587481617927551270e-03
9.507079608738422394e-03
9.774756617844104767e-03
9.661102667450904846e-03
9.754534810781478882e-03
9.558575227856636047e-03
9.822905994951725006e-03
9.662354364991188049e-03
9.728346019983291626e-03
9.206950664520263672e-03
9.625278413295745850e-03
9.271040558815002441e-03
9.461703710258007050e-03
9.653259068727493286e-03
9.671677835285663605e-03
9.547397494316101074e-03
9.534721262753009796e-03
9.478527121245861053e-03
9.796065278351306915e-03
9.529717266559600830e-03
9.696503169834613800e-03
9.380783885717391968e-03
9.508132934570312500e-03
9.480691514909267426e-03
9.504131972789764404e-03
9.499911218881607056e-03
9.407673962414264679e-03
9.890001267194747925e-03
9.571948088705539703e-03
9.532693773508071899e-03
9.520396590232849121e-03
9.536422789096832275e-03
9.457577951252460480e-03
9.667386300861835480e-03
9.183071553707122803e-03
9.533158503472805023e-03
9.790823794901371002e-03
9.733565151691436768e-03
9.424760937690734863e-03
9.413843043148517609e-03
9.824069216847419739e-03
9.527287445962429047e-03
9.564558044075965881e-03
9.502029977738857269e-03
9.391695261001586914e-03
9.636328555643558502e-03
9.463065303862094879e-03
9.560966864228248596e-03
9.585081599652767181e-03
1.001496799290180206e-02
9.458837099373340607e-03
9.543087333440780640e-03
9.532792493700981140e-03
9.762334637343883514e-03
9.512841701507568359e-03
9.625204838812351227e-03
9.553463198244571686e-03
9.391538798809051514e-03
9.585193358361721039e-03
9.623636491596698761e-03
9.574423544108867645e-03
9.307330474257469177e-03
9.499792009592056274e-03
9.262570179998874664e-03
9.511255659162998199e-03
9.470179677009582520e-03
9.577498771250247955e-03
9.476182982325553894e-03
9.330940432846546173e-03
9.239758364856243134e-03
9.746883995831012726e-03
9.539537131786346436e-03
9.478204883635044098e-03
9.383382275700569153e-03
9.705411270260810852e-03
9.320657700300216675e-03
9.678216651082038879e-03
9.074779227375984192e-03
9.330560453236103058e-03
9.218946099281311035e-03
9.419785812497138977e-03
9.355924092233181000e-03
9.478754363954067230e-03
9.605757892131805420e-03
9.648078121244907379e-03
9.774334728717803955e-03
9.403061121702194214e-03
9.515770711004734039e-03
9.556877426803112030e-03
9.489226154983043671e-03
9.555283002555370331e-03
9.707652032375335693e-03
9.312802925705909729e-03
9.479855187237262726e-03
9.375261142849922180e-03
9.202798828482627869e-03
9.487633593380451202e-03
9.478849358856678009e-03
9.333304129540920258e-03
9.670246392488479614e-03
9.645901620388031006e-03
9.292263537645339966e-03
9.470411576330661774e-03
9.528754279017448425e-03
9.361243806779384613e-03
9.211218915879726410e-03
9.358448907732963562e-03
9.089902974665164948e-03
9.423029609024524689e-03
9.378784336149692535e-03
9.476629085838794708e-03
9.564671665430068970e-03
9.383181110024452209e-03
9.867263026535511017e-03
9.139930829405784607e-03
9.592178277671337128e-03
9.350453503429889679e-03
9.373253211379051208e-03
9.291564114391803741e-03
9.550908580422401428e-03
9.531156159937381744e-03
9.457929991185665131e-03
9.304934181272983551e-03
9.469775483012199402e-03
9.158747270703315735e-03
9.496295824646949768e-03
9.586806409060955048e-03
9.325077757239341736e-03
9.495703503489494324e-03
9.301580488681793213e-03
9.276553057134151459e-03
9.494833648204803467e-03
9.416657499969005585e-03
9.510314092040061951e-03
9.339953772723674774e-03
9.419182315468788147e-03
9.439557790756225586e-03
9.268693625926971436e-03
9.339101612567901611e-03
9.381896816194057465e-03
9.377805516123771667e-03
9.541389532387256622e-03
9.141603484749794006e-03
9.295766241848468781e-03
9.728257544338703156e-03
9.475914761424064636e-03
9.186823852360248566e-03
9.274458512663841248e-03
9.428104385733604431e-03
9.368237107992172241e-03
9.316101670265197754e-03
9.323284029960632324e-03
9.613154456019401550e-03
9.398939087986946106e-03
9.376865811645984650e-03
9.184852242469787598e-03
9.173076599836349487e-03
9.240182116627693176e-03
9.462901391088962555e-03
9.382413700222969055e-03
9.552452713251113892e-03
9.226734749972820282e-03
9.180206805467605591e-03
9.282528422772884369e-03
9.325571358203887939e-03
9.260627441108226776e-03
9.396329522132873535e-03
9.159168228507041931e-03
9.273251518607139587e-03
9.436527267098426819e-03
9.369062259793281555e-03
9.234367869794368744e-03
9.134085848927497864e-03
9.238012135028839111e-03
9.251299314200878143e-03
9.032892994582653046e-03
9.270530194044113159e-03
9.627796709537506104e-03
9.375331923365592957e-03
9.070677682757377625e-03
9.515976533293724060e-03
9.480210952460765839e-03
9.066988714039325714e-03
9.320599026978015900e-03
9.454179555177688599e-03
9.301827289164066315e-03
9.471585974097251892e-03
9.213931858539581299e-03
9.166884236037731171e-03
9.159694425761699677e-03
9.098486974835395813e-03
9.331119246780872345e-03
9.277943521738052368e-03
9.258247911930084229e-03
9.373202919960021973e-03
9.563580155372619629e-03
9.208547882735729218e-03
9.249823167920112610e-03
9.192260913550853729e-03
9.117869660258293152e-03
9.432342834770679474e-03
9.165128692984580994e-03
9.122014045715332031e-03
9.210355579853057861e-03
9.325237013399600983e-03
9.104649536311626434e-03
9.285262785851955414e-03
9.331660345196723938e-03
9.201568551361560822e-03
9.304431267082691193e-03
9.234104305505752563e-03
9.267156012356281281e-03
9.034811519086360931e-03
9.194328449666500092e-03
9.216926991939544678e-03
9.039930067956447601e-03
9.169336408376693726e-03
9.446713142096996307e-03
9.228654205799102783e-03
9.535717777907848358e-03
9.128635749220848083e-03
9.411136619746685028e-03
9.431865066289901733e-03
9.243463166058063507e-03
9.247528389096260071e-03
9.044444188475608826e-03
9.271337650716304779e-03
9.254687465727329254e-03
9.134117513895034790e-03
9.162878617644309998e-03
9.290613234043121338e-03
9.447007440030574799e-03
9.575291536748409271e-03
9.113772772252559662e-03
9.325433522462844849e-03
9.270273149013519287e-03
9.285109117627143860e-03
9.111069142818450928e-03
8.842503651976585388e-03
9.142477996647357941e-03
9.161053225398063660e-03
9.206702001392841339e-03
9.171916171908378601e-03
9.309316985309123993e-03
9.094227105379104614e-03
9.294386021792888641e-03
9.302444756031036377e-03
9.169640950858592987e-03
9.180421940982341766e-03
9.245318360626697540e-03
9.329376742243766785e-03
9.205721318721771240e-03
9.372584521770477295e-03
9.021528065204620361e-03
9.211060591042041779e-03
9.233809076249599457e-03
9.216269478201866150e-03
9.308427572250366211e-03
9.210928343236446381e-03
9.272317402064800262e-03
9.119971655309200287e-03
9.151728823781013489e-03
9.044783189892768860e-03
9.062827564775943756e-03
9.296952746808528900e-03
9.588562883436679840e-03
9.117973037064075470e-03
9.220045991241931915e-03
9.113624691963195801e-03
8.978283964097499847e-03
9.278805926442146301e-03
9.082497097551822662e-03
9.035293944180011749e-03
9.261174127459526062e-03
9.092410095036029816e-03
9.051096625626087189e-03
9.279290214180946350e-03
9.264630265533924103e-03
9.038658812642097473e-03
9.212021715939044952e-03
9.127942845225334167e-03
9.261441417038440704e-03
8.978748694062232971e-03
9.118393994867801666e-03
8.884117007255554199e-03
9.089959785342216492e-03
9.224348701536655426e-03
9.172583930194377899e-03
9.178110398352146149e-03
9.097152389585971832e-03
9.126172401010990143e-03
9.031973779201507568e-03
8.835313841700553894e-03
9.360427968204021454e-03
9.346283972263336182e-03
9.157945401966571808e-03
9.454877115786075592e-03
9.064665995538234711e-03
8.995887823402881622e-03
9.110029786825180054e-03
9.350668638944625854e-03
8.850193582475185394e-03
9.138880297541618347e-03
9.529266506433486938e-03
9.474596939980983734e-03
9.137744084000587463e-03
9.335891343653202057e-03
9.222300723195075989e-03
9.054322727024555206e-03
9.302159771323204041e-03
9.240895509719848633e-03
8.964074775576591492e-03
8.871716447174549103e-03
9.043025784194469452e-03
9.225158952176570892e-03
9.113444946706295013e-03
8.970808237791061401e-03
8.877612650394439697e-03
9.008441120386123657e-03
9.051889181137084961e-03
9.272038005292415619e-03
8.823594078421592712e-03
9.124638512730598450e-03
9.093062020838260651e-03
9.121889248490333557e-03
9.264282882213592529e-03
9.146628901362419128e-03
8.988754823803901672e-03
9.299906902015209198e-03
9.054454043507575989e-03
9.158029220998287201e-03
8.913278579711914062e-03
9.160127490758895874e-03
8.839782327413558960e-03
9.013600647449493408e-03
9.394947439432144165e-03
9.242989122867584229e-03
8.696240372955799103e-03
8.988358080387115479e-03
9.335043840110301971e-03
9.047796949744224548e-03
9.257264435291290283e-03
9.113319218158721924e-03
9.399535134434700012e-03
9.148029610514640808e-03
8.856498636305332184e-03
8.879863657057285309e-03
9.087962098419666290e-03
9.212823584675788879e-03
9.142228402197360992e-03
9.199518710374832153e-03
9.108527563512325287e-03
9.059816598892211914e-03
9.070686064660549164e-03
9.220491163432598114e-03
9.045602753758430481e-03
9.186481125652790070e-03
8.985211141407489777e-03
9.126038290560245514e-03
9.029634296894073486e-03
8.868854492902755737e-03
8.862718008458614349e-03
9.103878401219844818e-03
9.154353290796279907e-03
9.226546622812747955e-03
8.984431624412536621e-03
8.925131522119045258e-03
9.165296331048011780e-03
8.937049657106399536e-03
8.878100663423538208e-03
9.123892523348331451e-03
8.899560198187828064e-03
8.922540582716464996e-03
9.295281022787094116e-03
8.844895288348197937e-03
8.966609835624694824e-03
8.864936418831348419e-03
8.897403255105018616e-03
8.833201602101325989e-03
9.233979508280754089e-03
9.243512526154518127e-03
8.931946009397506714e-03
9.112331084907054901e-03
8.878659456968307495e-03
9.414657019078731537e-03
9.186832234263420105e-03
9.042795747518539429e-03
9.167661890387535095e-03
9.163597598671913147e-03
8.853245526552200317e-03
8.704538457095623016e-03
9.207503870129585266e-03
9.154095314443111420e-03
9.070962667465209961e-03
8.912315592169761658e-03
9.086542762815952301e-03
8.923965506255626678e-03
9.008888155221939087e-03
9.081608615815639496e-03
9.008822962641716003e-03
9.221103042364120483e-03
8.983497507870197296e-03
9.155641309916973114e-03
8.930446580052375793e-03
9.131408296525478363e-03
9.288890287280082703e-03
8.860967122018337250e-03
8.925040252506732941e-03
9.065149351954460144e-03
9.035649709403514862e-03
8.997942321002483368e-03
9.195535443723201752e-03
9.031578898429870605e-03
8.979612030088901520e-03
9.208315052092075348e-03
8.937275037169456482e-03
8.773325011134147644e-03
8.892720565199851990e-03
8.941031992435455322e-03
8.709785528481006622e-03
8.936552330851554871e-03
8.845370262861251831e-03
8.836007677018642426e-03
9.075569920241832733e-03
8.689286187291145325e-03
8.832641877233982086e-03
9.035501629114151001e-03
9.150408208370208740e-03
9.109879843890666962e-03
8.810002356767654419e-03
8.918281644582748413e-03
9.259381331503391266e-03
8.973900228738784790e-03
8.947229944169521332e-03
8.756928145885467529e-03
9.165371768176555634e-03
8.764950558543205261e-03
9.130212478339672089e-03
9.135200642049312592e-03
9.209202602505683899e-03
8.835153654217720032e-03
8.901445195078849792e-03
9.027495048940181732e-03
8.875310420989990234e-03
9.096401743590831757e-03
8.957343176007270813e-03
9.209379553794860840e-03
8.751468732953071594e-03
9.269993752241134644e-03
8.926512673497200012e-03
8.776233531534671783e-03
9.123330004513263702e-03
8.729550056159496307e-03
8.911591023206710815e-03
9.110298939049243927e-03
8.882001042366027832e-03
8.774868212640285492e-03
8.899942971765995026e-03
8.924040943384170532e-03
8.750738576054573059e-03
8.808893151581287384e-03
9.032582864165306091e-03
9.031293913722038269e-03
9.000618942081928253e-03
9.111975319683551788e-03
8.971625939011573792e-03
8.710037916898727417e-03
8.955101482570171356e-03
8.896590210497379303e-03
8.829683065414428711e-03
9.037395939230918884e-03
9.088961407542228699e-03
8.792245760560035706e-03
9.127107448875904083e-03
9.029958397150039673e-03
8.940230123698711395e-03
9.019677527248859406e-03
9.162951260805130005e-03
8.870218880474567413e-03
9.011446498334407806e-03
8.930305019021034241e-03
8.873340673744678497e-03
9.145512245595455170e-03
8.903796784579753876e-03
9.118051268160343170e-03
8.788081817328929901e-03
8.942346088588237762e-03
9.222366847097873688e-03
8.980149403214454651e-03
8.854010142385959625e-03
8.769002743065357208e-03
8.678993210196495056e-03
8.619301021099090576e-03
9.015805087983608246e-03
8.856819011270999908e-03
8.752354420721530914e-03
9.018007665872573853e-03
8.866861462593078613e-03
8.636515587568283081e-03
8.873662911355495453e-03
8.796545676887035370e-03
8.961212821304798126e-03
8.873375132679939270e-03
8.671652525663375854e-03
8.963691070675849915e-03
8.786051534116268158e-03
8.907427079975605011e-03
8.966784924268722534e-03
8.795804344117641449e-03
8.906723931431770325e-03
8.878943510353565216e-03
9.026816114783287048e-03
8.827860467135906219e-03
8.705291897058486938e-03
8.899758569896221161e-03
8.802365511655807495e-03
9.239760227501392365e-03
8.817568421363830566e-03
8.874969556927680969e-03
8.968785405158996582e-03
8.845057338476181030e-03
8.693302981555461884e-03
9.065569378435611725e-03
9.028081782162189484e-03
8.817560970783233643e-03
8.728185668587684631e-03
9.025502949953079224e-03
8.622985333204269409e-03
9.092331863939762115e-03
9.017535485327243805e-03
8.844504132866859436e-03
8.739822544157505035e-03
8.861647918820381165e-03
8.711628615856170654e-03
8.815537206828594208e-03
8.831977844238281250e-03
9.169335477054119110e-03
8.920528925955295563e-03
8.876649662852287292e-03
8.891092613339424133e-03
8.768941275775432587e-03
8.752206340432167053e-03
8.861233480274677277e-03
8.953211829066276550e-03
8.704819716513156891e-03
8.817374706268310547e-03
8.784751407802104950e-03
8.933788165450096130e-03
8.845986798405647278e-03
8.838794194161891937e-03
8.660336956381797791e-03
8.851198479533195496e-03
8.903387933969497681e-03
8.781471289694309235e-03
8.757355622947216034e-03
8.715790696442127228e-03
8.793579414486885071e-03
9.108662605285644531e-03
8.660288527607917786e-03
8.692824281752109528e-03
8.620578795671463013e-03
8.799428120255470276e-03
8.620675653219223022e-03
8.965629152953624725e-03
8.638076484203338623e-03
8.790178224444389343e-03
8.864228613674640656e-03
8.583521470427513123e-03
8.688179776072502136e-03
8.717412129044532776e-03
8.897429332137107849e-03
8.673871867358684540e-03
9.054277092218399048e-03
8.671891875565052032e-03
8.786137215793132782e-03
8.698444813489913940e-03
8.867344819009304047e-03
8.696895092725753784e-03
8.991123177111148834e-03
8.773511275649070740e-03
8.711202070116996765e-03
8.690353482961654663e-03
8.789384737610816956e-03
8.737904019653797150e-03
8.714333176612854004e-03
8.623614907264709473e-03
8.582463487982749939e-03
8.545835502445697784e-03
8.884073235094547272e-03
8.567354641854763031e-03
8.886885829269886017e-03
8.463941514492034912e-03
8.736888878047466278e-03
8.648167364299297333e-03
8.732398971915245056e-03
9.085009805858135223e-03
8.625496178865432739e-03
8.822322823107242584e-03
8.664963766932487488e-03
8.989297784864902496e-03
8.919356390833854675e-03
8.713187649846076965e-03
8.695756085216999054e-03
8.695993572473526001e-03
8.790105581283569336e-03
8.684743195772171021e-03
8.759237825870513916e-03
8.880738168954849243e-03
8.600710891187191010e-03
8.763997815549373627e-03
8.708332665264606476e-03
8.817475289106369019e-03
8.863293565809726715e-03
8.793539367616176605e-03
8.749553002417087555e-03
8.528565056622028351e-03
9.115055203437805176e-03
8.861077949404716492e-03
8.610502816736698151e-03
8.826887235045433044e-03
8.702104911208152771e-03
8.568535558879375458e-03
8.571243844926357269e-03
8.985248394310474396e-03
8.852520957589149475e-03
8.725768886506557465e-03
8.639988489449024200e-03
8.897632360458374023e-03
8.453598245978355408e-03
8.534805849194526672e-03
8.811956271529197693e-03
8.861845359206199646e-03
8.875043131411075592e-03
8.701347745954990387e-03
8.430705405771732330e-03
8.618045598268508911e-03
8.675619028508663177e-03
8.520165458321571350e-03
8.747668005526065826e-03
8.478445932269096375e-03
8.536268025636672974e-03
8.757092058658599854e-03
8.789729326963424683e-03
8.516683243215084076e-03
8.731836453080177307e-03
8.726254105567932129e-03
8.663802407681941986e-03
8.832534775137901306e-03
8.750885725021362305e-03
8.548392914235591888e-03
8.550042286515235901e-03
8.803911507129669189e-03
8.399979211390018463e-03
8.864513598382472992e-03
8.691821247339248657e-03
8.548278361558914185e-03
8.735652081668376923e-03
8.770801126956939697e-03
8.588190190494060516e-03
8.798547089099884033e-03
8.738916367292404175e-03
8.762107230722904205e-03
8.639562875032424927e-03
8.780684322118759155e-03
8.605628274381160736e-03
8.540137670934200287e-03
8.608764968812465668e-03
8.717240765690803528e-03
8.517767302691936493e-03
8.698429912328720093e-03
8.737022988498210907e-03
8.639786392450332642e-03
8.608594536781311035e-03
8.635926991701126099e-03
8.754111826419830322e-03
8.353177458047866821e-03
8.719290606677532196e-03
8.537445217370986938e-03
8.573122322559356689e-03
8.739447221159934998e-03
8.776075206696987152e-03
8.848481811583042145e-03
8.589245378971099854e-03
8.619346655905246735e-03
8.773297071456909180e-03
8.848824538290500641e-03
8.677164092659950256e-03
8.686667308211326599e-03
8.990217000246047974e-03
8.654822595417499542e-03
8.910187520086765289e-03
8.828845806419849396e-03
8.449571207165718079e-03
8.516542613506317139e-03
8.670348674058914185e-03
8.620964363217353821e-03
8.499371819198131561e-03
8.552436716854572296e-03
8.666438050568103790e-03
8.713984861969947815e-03
8.655473589897155762e-03
8.456094190478324890e-03
8.749268949031829834e-03
8.735317736864089966e-03
9.059145115315914154e-03
8.640577085316181183e-03
8.657380938529968262e-03
8.387115783989429474e-03
8.709262125194072723e-03
8.442580699920654297e-03
8.617813698947429657e-03
8.690887130796909332e-03
8.484941907227039337e-03
8.524205535650253296e-03
8.810230530798435211e-03
8.735586889088153839e-03
8.644134737551212311e-03
8.575679734349250793e-03
8.759717456996440887e-03
8.594647981226444244e-03
8.714694529771804810e-03
8.608157746493816376e-03
8.575281128287315369e-03
8.553637191653251648e-03
8.541207760572433472e-03
8.597305044531822205e-03
8.370016701519489288e-03
8.899614214897155762e-03
8.307864889502525330e-03
8.504798635840415955e-03
8.500932715833187103e-03
8.550052531063556671e-03
8.552119135856628418e-03
8.676792494952678680e-03
8.701263926923274994e-03
8.738425560295581818e-03
8.722245693206787109e-03
8.613715879619121552e-03
8.632716722786426544e-03
8.565505966544151306e-03
8.547557517886161804e-03
8.661429397761821747e-03
8.645879104733467102e-03
8.612190373241901398e-03
8.484837599098682404e-03
8.576710708439350128e-03
8.795843459665775299e-03
8.493710309267044067e-03
8.485903963446617126e-03
8.525253273546695709e-03
8.654256351292133331e-03
8.599964901804924011e-03
8.476815186440944672e-03
8.618454448878765106e-03
8.625023998320102692e-03
8.495810441672801971e-03
8.663387037813663483e-03
8.452444337308406830e-03
8.728837594389915466e-03
8.630450814962387085e-03
8.633626624941825867e-03
8.567752316594123840e-03
8.458243682980537415e-03
8.785908110439777374e-03
8.435709401965141296e-03
8.634543046355247498e-03
8.476698771119117737e-03
8.600241504609584808e-03
8.809350430965423584e-03
8.556813001632690430e-03
8.526938967406749725e-03
8.539757691323757172e-03
8.634406141936779022e-03
8.584645576775074005e-03
8.843007497489452362e-03
8.734794333577156067e-03
8.741419762372970581e-03
8.539628237485885620e-03
8.535431697964668274e-03
8.481342345476150513e-03
8.327056653797626495e-03
8.433090522885322571e-03
8.595793507993221283e-03
8.632390759885311127e-03
8.706890046596527100e-03
8.636826649308204651e-03
8.624288253486156464e-03
8.659628219902515411e-03
8.713187649846076965e-03
8.570000529289245605e-03
8.523104712367057800e-03
8.629149757325649261e-03
8.525939658284187317e-03
8.607644587755203247e-03
8.350722491741180420e-03
8.746695704758167267e-03
8.442176505923271179e-03
8.516898378729820251e-03
8.672536350786685944e-03
8.687181398272514343e-03
8.449750021100044250e-03
8.714366704225540161e-03
8.635953068733215332e-03
8.328190073370933533e-03
8.432569913566112518e-03
8.585983887314796448e-03
8.624319918453693390e-03
8.830390870571136475e-03
8.479887619614601135e-03
8.641785942018032074e-03
8.411339484155178070e-03
8.522214367985725403e-03
8.515561930835247040e-03
8.414257317781448364e-03
8.699072524905204773e-03
8.612004108726978302e-03
8.515377528965473175e-03
8.592816069722175598e-03
8.578442037105560303e-03
8.575611747801303864e-03
8.620480075478553772e-03
8.471054024994373322e-03
8.479639887809753418e-03
8.545768447220325470e-03
8.521111682057380676e-03
8.579788729548454285e-03
8.394969627261161804e-03
8.348254486918449402e-03
8.438320830464363098e-03
8.508069440722465515e-03
8.403121493756771088e-03
8.371980860829353333e-03
8.481665514409542084e-03
8.689704351127147675e-03
8.513816632330417633e-03
8.596300147473812103e-03
8.527223952114582062e-03
8.584478870034217834e-03
8.302549831569194794e-03
8.532535284757614136e-03
8.308571763336658478e-03
8.547531440854072571e-03
8.300947025418281555e-03
8.342437446117401123e-03
8.647682145237922668e-03
8.772523142397403717e-03
8.607153780758380890e-03
8.628010749816894531e-03
8.455325849354267120e-03
8.332021534442901611e-03
8.346077054738998413e-03
8.434819988906383514e-03
8.434748277068138123e-03
8.541508577764034271e-03
8.652618154883384705e-03
8.504531346261501312e-03
8.560128509998321533e-03
8.563542738556861877e-03
8.450600318610668182e-03
8.544051088392734528e-03
8.585891686379909515e-03
8.353507146239280701e-03
8.256515488028526306e-03
8.405980654060840607e-03
8.458735421299934387e-03
8.211476728320121765e-03
8.564936928451061249e-03
8.778706192970275879e-03
8.290142752230167389e-03
8.611245080828666687e-03
8.595190010964870453e-03
8.613374084234237671e-03
8.598807267844676971e-03
8.384902961552143097e-03
8.356805890798568726e-03
8.659544400870800018e-03
8.448041044175624847e-03
8.601873181760311127e-03
8.346633985638618469e-03
8.399386890232563019e-03
8.486309088766574860e-03
8.544933050870895386e-03
8.571200072765350342e-03
8.579465560615062714e-03
8.455432951450347900e-03
8.437076583504676819e-03
8.332523517310619354e-03
8.651302196085453033e-03
8.291773498058319092e-03
8.483690209686756134e-03
8.537492714822292328e-03
8.505215868353843689e-03
8.283816277980804443e-03
8.454976603388786316e-03
8.476323448121547699e-03
8.476370945572853088e-03
8.437288925051689148e-03
8.592909201979637146e-03
8.486232720315456390e-03
8.317667059600353241e-03
8.457062765955924988e-03
8.356099016964435577e-03
8.485401980578899384e-03
8.479721844196319580e-03
8.479025214910507202e-03
8.598510175943374634e-03
8.546751923859119415e-03
8.446048945188522339e-03
8.459201082587242126e-03
8.345698006451129913e-03
8.400390855967998505e-03
8.308148942887783051e-03
8.417961187660694122e-03
8.181302808225154877e-03
8.342133834958076477e-03
8.183669298887252808e-03
8.674049749970436096e-03
8.383432403206825256e-03
8.484898135066032410e-03
8.545047603547573090e-03
8.290375582873821259e-03
8.406355977058410645e-03
8.621878921985626221e-03
8.283268660306930542e-03
8.555637672543525696e-03
8.483877405524253845e-03
8.330530487000942230e-03
8.400425314903259277e-03
8.532464504241943359e-03
8.366378955543041229e-03
8.417595177888870239e-03
8.674891665577888489e-03
8.103257976472377777e-03
8.462656289339065552e-03
8.575415238738059998e-03
8.558689616620540619e-03
8.413093164563179016e-03
8.405431173741817474e-03
8.387406356632709503e-03
8.307928219437599182e-03
8.530300110578536987e-03
8.430895395576953888e-03
8.362283930182456970e-03
8.235216140747070312e-03
8.530937135219573975e-03
8.343716152012348175e-03
8.498724550008773804e-03
8.581560105085372925e-03
8.419998921453952789e-03
8.344491943717002869e-03
8.451827801764011383e-03
8.777200244367122650e-03
8.422614075243473053e-03
8.642907254397869110e-03
8.449591696262359619e-03
8.463158272206783295e-03
8.455779403448104858e-03
8.295819163322448730e-03
8.452503010630607605e-03
8.493650704622268677e-03
8.610658347606658936e-03
8.435211144387722015e-03
8.502424694597721100e-03
8.561727590858936310e-03
8.397895842790603638e-03
8.315989747643470764e-03
8.155670948326587677e-03
8.332196623086929321e-03
8.383079431951045990e-03
8.500912226736545563e-03
8.396206423640251160e-03
8.484935387969017029e-03
8.077142760157585144e-03
8.577672764658927917e-03
8.501904085278511047e-03
8.549404330551624298e-03
8.400625549256801605e-03
8.214003406465053558e-03
8.201110176742076874e-03
8.287950418889522552e-03
8.233156986534595490e-03
8.344462141394615173e-03
8.464023470878601074e-03
8.318546228110790253e-03
8.508650586009025574e-03
8.488034829497337341e-03
8.271565660834312439e-03
8.547505363821983337e-03
8.396574296057224274e-03
8.278019726276397705e-03
8.338296785950660706e-03
8.439334109425544739e-03
8.267522789537906647e-03
8.268851786851882935e-03
8.595196530222892761e-03
8.659404702484607697e-03
8.378199301660060883e-03
8.070039562880992889e-03
8.424280211329460144e-03
8.642530068755149841e-03
8.220311254262924194e-03
8.593467064201831818e-03
8.315813727676868439e-03
8.143273182213306427e-03
8.414122276008129120e-03
8.127086795866489410e-03
8.271041326224803925e-03
8.483733981847763062e-03
8.429594337940216064e-03
8.521685376763343811e-03
8.640108630061149597e-03
8.233560249209403992e-03
8.561317808926105499e-03
8.360289037227630615e-03
8.293394930660724640e-03
8.620833046734333038e-03
8.277449756860733032e-03
8.246892131865024567e-03
8.396028541028499603e-03
8.323580026626586914e-03
8.428086526691913605e-03
8.419283665716648102e-03
8.298764005303382874e-03
8.435590192675590515e-03
8.368309587240219116e-03
8.572353050112724304e-03
8.186968974769115448e-03
8.507355116307735443e-03
8.411464281380176544e-03
8.465302176773548126e-03
8.180991746485233307e-03
8.390335366129875183e-03
8.412453345954418182e-03
8.351422846317291260e-03
8.348212577402591705e-03
8.273909799754619598e-03
8.356610313057899475e-03
8.379423059523105621e-03
8.316031657159328461e-03
8.206441067159175873e-03
8.278389461338520050e-03
8.372217416763305664e-03
8.414934389293193817e-03
8.208656683564186096e-03
8.539949543774127960e-03
8.238320238888263702e-03
8.196987211704254150e-03
8.369336836040019989e-03
8.250965736806392670e-03
8.190467953681945801e-03
8.597161620855331421e-03
8.264454081654548645e-03
8.274804800748825073e-03
8.155890740454196930e-03
8.108385838568210602e-03
8.041404187679290771e-03
8.477032184600830078e-03
8.322535082697868347e-03
8.364245295524597168e-03
8.681055158376693726e-03
8.536773733794689178e-03
8.457231335341930389e-03
8.310828357934951782e-03
8.326739072799682617e-03
8.414517156779766083e-03
8.256277069449424744e-03
8.324692025780677795e-03
8.323239162564277649e-03
8.251779712736606598e-03
8.522403426468372345e-03
8.112445473670959473e-03
8.792385458946228027e-03
8.228627033531665802e-03
8.118376135826110840e-03
8.174876682460308075e-03
8.168719708919525146e-03
8.119968697428703308e-03
8.335587568581104279e-03
8.319084532558917999e-03
8.303012698888778687e-03
8.538523688912391663e-03
8.467838168144226074e-03
8.410356007516384125e-03
8.093939162790775299e-03
8.181069046258926392e-03
8.306432515382766724e-03
8.379544131457805634e-03
8.629800751805305481e-03
8.120552636682987213e-03
8.459149859845638275e-03
8.437735959887504578e-03
8.322063833475112915e-03
8.522225543856620789e-03
8.295853622257709503e-03
8.069862611591815948e-03
8.070311509072780609e-03
8.444613777101039886e-03
8.375884965062141418e-03
8.315047249197959900e-03
8.605119772255420685e-03
8.219649083912372589e-03
8.347549475729465485e-03
8.246462792158126831e-03
8.218273520469665527e-03
8.327372372150421143e-03
8.432277478277683258e-03
8.165675215423107147e-03
8.477124385535717010e-03
8.234226144850254059e-03
8.366261608898639679e-03
8.340861648321151733e-03
8.434652350842952728e-03
8.233400061726570129e-03
8.313934318721294403e-03
8.213262073695659637e-03
8.534732274711132050e-03
8.253960870206356049e-03
8.328474126756191254e-03
8.444895036518573761e-03
8.410045877099037170e-03
8.285729214549064636e-03
8.003707043826580048e-03
8.215549401938915253e-03
8.393114432692527771e-03
8.521925657987594604e-03
8.435975760221481323e-03
8.184329606592655182e-03
8.149870671331882477e-03
8.390331640839576721e-03
8.028803393244743347e-03
8.314790204167366028e-03
8.247719146311283112e-03
8.253049105405807495e-03
8.484654128551483154e-03
8.164478465914726257e-03
8.392778225243091583e-03
8.017880842089653015e-03
8.477170020341873169e-03
8.094069547951221466e-03
8.269387297332286835e-03
8.252977393567562103e-03
8.274914696812629700e-03
8.175111375749111176e-03
8.305218070745468140e-03
8.372494950890541077e-03
8.368804119527339935e-03
8.246174082159996033e-03
8.503751829266548157e-03
8.239673450589179993e-03
8.456710726022720337e-03
8.149158209562301636e-03
8.125172927975654602e-03
8.198385126888751984e-03
8.832625113427639008e-03
8.248475380241870880e-03
8.189886808395385742e-03
8.107776753604412079e-03
8.218870498239994049e-03
8.464314043521881104e-03
7.966685108840465546e-03
8.229970000684261322e-03
8.138045668601989746e-03
8.546642027795314789e-03
8.475490845739841461e-03
8.102947846055030823e-03
8.222842589020729065e-03
8.363388478755950928e-03
8.266747929155826569e-03
8.087678812444210052e-03
8.276752196252346039e-03
8.184279315173625946e-03
8.012940175831317902e-03
8.223528042435646057e-03
8.345565758645534515e-03
8.416158147156238556e-03
8.253253996372222900e-03
8.191825821995735168e-03
8.380779065191745758e-03
8.102191612124443054e-03
8.443148806691169739e-03
8.086498826742172241e-03
7.961667142808437347e-03
8.497707545757293701e-03
8.302750065922737122e-03
7.984395138919353485e-03
8.305520750582218170e-03
8.172942325472831726e-03
8.141224272549152374e-03
8.297774940729141235e-03
8.354798890650272369e-03
8.032183162868022919e-03
8.141760714352130890e-03
8.091943338513374329e-03
7.970927283167839050e-03
8.286163210868835449e-03
8.042651228606700897e-03
8.222078904509544373e-03
8.203696459531784058e-03
8.235354907810688019e-03
8.221566677093505859e-03
8.238905109465122223e-03
8.137989789247512817e-03
8.313078433275222778e-03
8.062673732638359070e-03
8.379169739782810211e-03
8.149320259690284729e-03
8.054107427597045898e-03
8.083688095211982727e-03
8.620329201221466064e-03
8.124300278723239899e-03
8.222148753702640533e-03
8.303154259920120239e-03
7.908152416348457336e-03
8.217001333832740784e-03
8.193747140467166901e-03
8.223435841500759125e-03
8.170345798134803772e-03
8.237591013312339783e-03
8.222021162509918213e-03
8.135283365845680237e-03
8.339030668139457703e-03
8.228211663663387299e-03
8.348967880010604858e-03
8.274543099105358124e-03
8.144054561853408813e-03
8.077739737927913666e-03
8.059294894337654114e-03
8.065758273005485535e-03
8.295141160488128662e-03
8.015217259526252747e-03
8.091529831290245056e-03
8.089488372206687927e-03
8.112603798508644104e-03
8.118037134408950806e-03
8.253121748566627502e-03
8.369226939976215363e-03
8.279453031718730927e-03
8.145184256136417389e-03
8.107845671474933624e-03
8.295372128486633301e-03
8.192188106477260590e-03
8.217656984925270081e-03
8.615921251475811005e-03
8.034857921302318573e-03
8.099153637886047363e-03
8.118378929793834686e-03
8.071368560194969177e-03
8.037456311285495758e-03
8.143085055053234100e-03
8.325380273163318634e-03
8.341493085026741028e-03
8.184915408492088318e-03
8.255532942712306976e-03
8.212674409151077271e-03
8.331141434609889984e-03
8.286135271191596985e-03
7.954443804919719696e-03
8.154621347784996033e-03
8.211351931095123291e-03
8.108433336019515991e-03
8.056277409195899963e-03
7.883237674832344055e-03
7.911142893135547638e-03
8.301155641674995422e-03
8.297392167150974274e-03
8.336685597896575928e-03
8.394763804972171783e-03
8.295620791614055634e-03
8.218728937208652496e-03
8.084690198302268982e-03
8.079520426690578461e-03
8.020098321139812469e-03
8.285729214549064636e-03
8.110742084681987762e-03
8.249762468039989471e-03
8.189523592591285706e-03
8.035623468458652496e-03
8.120085112750530243e-03
7.945976220071315765e-03
8.293560706079006195e-03
8.307427167892456055e-03
8.126881904900074005e-03
8.278281427919864655e-03
8.238422684371471405e-03
8.236581459641456604e-03
8.151065558195114136e-03
7.967773824930191040e-03
8.261444978415966034e-03
8.129358291625976562e-03
8.208410814404487610e-03
8.137996308505535126e-03
8.127153851091861725e-03
8.260037750005722046e-03
8.123951032757759094e-03
7.969710975885391235e-03
8.124398998916149139e-03
8.062940090894699097e-03
8.168998174369335175e-03
8.142412640154361725e-03
7.947617210447788239e-03
8.348785340785980225e-03
8.253507316112518311e-03
8.194490335881710052e-03
7.945816032588481903e-03
8.009401150047779083e-03
7.977631874382495880e-03
8.243317715823650360e-03
8.414049632847309113e-03
8.178389631211757660e-03
8.039542473852634430e-03
8.341801352798938751e-03
8.151305839419364929e-03
7.826356217265129089e-03
7.965399883687496185e-03
8.055089041590690613e-03
8.215907961130142212e-03
8.009042590856552124e-03
