6.784254312515258789e-02
2.343988418579101562e-02
1.868284679949283600e-02
1.691530458629131317e-02
1.594147086143493652e-02
1.518681924790143967e-02
1.455832086503505707e-02
1.402103994041681290e-02
1.348491664975881577e-02
1.305585354566574097e-02
1.321932021528482437e-02
1.287058088928461075e-02
1.239413116127252579e-02
1.235543563961982727e-02
1.214668899774551392e-02
1.195474155247211456e-02
1.167891267687082291e-02
1.153128966689109802e-02
1.156239397823810577e-02
1.126714050769805908e-02
1.121004577726125717e-02
1.126810535788536072e-02
1.117641758173704147e-02
1.076369453221559525e-02
1.080428343266248703e-02
1.062447018921375275e-02
1.033412851393222809e-02
1.069298759102821350e-02
1.029094122350215912e-02
1.027876138687133789e-02
1.008390635251998901e-02
1.003590505570173264e-02
1.011706609278917313e-02
1.002769730985164642e-02
9.737125597894191742e-03
9.924837388098239899e-03
1.002559997141361237e-02
9.872470982372760773e-03
9.564902633428573608e-03
9.585889056324958801e-03
9.706207551062107086e-03
9.575268253684043884e-03
9.646712802350521088e-03
9.341594763100147247e-03
9.411589242517948151e-03
9.406328201293945312e-03
9.181531146168708801e-03
9.332280606031417847e-03
9.088331833481788635e-03
9.430603124201297760e-03
9.343407116830348969e-03
9.203816764056682587e-03
9.180245921015739441e-03
9.087338112294673920e-03
9.016722440719604492e-03
9.377951733767986298e-03
8.951113559305667877e-03
9.230970405042171478e-03
9.161922149360179901e-03
8.667761459946632385e-03
9.071603417396545410e-03
8.747347630560398102e-03
8.968957699835300446e-03
8.846985176205635071e-03
9.027485735714435577e-03
8.988916873931884766e-03
8.885616436600685120e-03
8.787305094301700592e-03
9.010156616568565369e-03
9.117828682065010071e-03
8.964259177446365356e-03
8.734359405934810638e-03
8.839624002575874329e-03
8.739234879612922668e-03
8.802150376141071320e-03
8.614969439804553986e-03
8.809816092252731323e-03
8.902487345039844513e-03
9.009666740894317627e-03
8.763199672102928162e-03
8.741907775402069092e-03
8.915887214243412018e-03
8.891709148883819580e-03
9.058256633579730988e-03
8.625566959381103516e-03
9.077048860490322113e-03
8.868276141583919525e-03
9.025425650179386139e-03
8.921003900468349457e-03
8.639064617455005646e-03
8.788214996457099915e-03
8.762741461396217346e-03
8.779275231063365936e-03
9.128167293965816498e-03
8.792965672910213470e-03
8.641406893730163574e-03
9.068412706255912781e-03
8.903170004487037659e-03
9.463189169764518738e-03
9.039822034537792206e-03
8.912760764360427856e-03
8.884572423994541168e-03
9.146818891167640686e-03
9.587757289409637451e-03
8.774637244641780853e-03
9.064903482794761658e-03
8.589324541389942169e-03
8.679643273353576660e-03
8.873909711837768555e-03
9.082947857677936554e-03
9.286690503358840942e-03
9.312307462096214294e-03
9.018032811582088470e-03
9.207451716065406799e-03
8.761655539274215698e-03
8.948391303420066833e-03
8.826381526887416840e-03
8.743984624743461609e-03
8.919116109609603882e-03
8.712092414498329163e-03
9.128849022090435028e-03
8.941737003624439240e-03
9.005274623632431030e-03
9.055367670953273773e-03
9.143088012933731079e-03
8.800960145890712738e-03
8.778098039329051971e-03
9.024817496538162231e-03
8.935657329857349396e-03
8.950120769441127777e-03
8.446793071925640106e-03
8.956532925367355347e-03
9.170987643301486969e-03
8.863562718033790588e-03
8.650739677250385284e-03
9.316803887486457825e-03
8.744231425225734711e-03
9.003108367323875427e-03
9.440904483199119568e-03
8.913137950003147125e-03
8.985292166471481323e-03
9.041043929755687714e-03
8.662073872983455658e-03
9.031897410750389099e-03
8.855019696056842804e-03
9.015819989144802094e-03
8.948737755417823792e-03
8.901994675397872925e-03
8.649582043290138245e-03
8.859536610543727875e-03
8.854767307639122009e-03
9.164042770862579346e-03
8.531530387699604034e-03
8.972130715847015381e-03
8.960517123341560364e-03
8.914425969123840332e-03
8.870785124599933624e-03
8.865029551088809967e-03
9.068291634321212769e-03
8.921300992369651794e-03
8.481340482831001282e-03
8.723782375454902649e-03
8.992283605039119720e-03
8.762731216847896576e-03
8.507017977535724640e-03
8.705107495188713074e-03
9.082793258130550385e-03
8.755898103117942810e-03
8.383684791624546051e-03
9.010536596179008484e-03
8.803108707070350647e-03
8.774517104029655457e-03
9.202363900840282440e-03
8.412447758018970490e-03
8.532028645277023315e-03
9.363861754536628723e-03
8.526743389666080475e-03
8.365216664969921112e-03
8.584809489548206329e-03
8.860389702022075653e-03
8.598410524427890778e-03
8.753807283937931061e-03
8.764628320932388306e-03
8.791038766503334045e-03
9.434505365788936615e-03
9.020740166306495667e-03
9.173108264803886414e-03
8.912616409361362457e-03
8.660419844090938568e-03
8.945097215473651886e-03
9.246372617781162262e-03
8.848818019032478333e-03
8.545831777155399323e-03
8.823449723422527313e-03
8.774261921644210815e-03
8.930536918342113495e-03
8.761931210756301880e-03
9.043354541063308716e-03
8.855025283992290497e-03
8.419075980782508850e-03
9.042340330779552460e-03
8.100942708551883698e-03
8.782663382589817047e-03
8.860741741955280304e-03
8.596406318247318268e-03
8.830527774989604950e-03
8.881832472980022430e-03
8.616025559604167938e-03
8.769658394157886505e-03
9.209871292114257812e-03
9.306279942393302917e-03
8.677598088979721069e-03
8.949332870543003082e-03
9.022246114909648895e-03
8.784138597548007965e-03
8.732562884688377380e-03
9.158891625702381134e-03
8.549383841454982758e-03
8.937068283557891846e-03
8.778894320130348206e-03
8.464376442134380341e-03
8.241373114287853241e-03
8.304370567202568054e-03
8.539821952581405640e-03
8.895304054021835327e-03
8.722961880266666412e-03
9.263592772185802460e-03
8.855120278894901276e-03
8.658600971102714539e-03
9.184510447084903717e-03
9.092866443097591400e-03
8.619616739451885223e-03
8.895104750990867615e-03
8.781868964433670044e-03
9.601124562323093414e-03
8.575442247092723846e-03
8.729177527129650116e-03
8.715392090380191803e-03
8.707301691174507141e-03
8.883114904165267944e-03
9.050219319760799408e-03
8.792310953140258789e-03
9.243161417543888092e-03
8.882876485586166382e-03
9.363124147057533264e-03
9.150542318820953369e-03
9.115052409470081329e-03
8.595269173383712769e-03
8.683821186423301697e-03
8.878051303327083588e-03
9.054432623088359833e-03
9.302567690610885620e-03
9.067977778613567352e-03
9.138205088675022125e-03
9.073535911738872528e-03
9.270882233977317810e-03
8.893762715160846710e-03
9.084758348762989044e-03
8.921329863369464874e-03
9.285043925046920776e-03
8.848160505294799805e-03
8.796256035566329956e-03
8.587361313402652740e-03
8.766872808337211609e-03
9.582443162798881531e-03
9.497287683188915253e-03
9.089590981602668762e-03
9.051580913364887238e-03
9.026045911014080048e-03
9.101758711040019989e-03
9.019684977829456329e-03
9.312779642641544342e-03
9.240458719432353973e-03
9.062967263162136078e-03
9.316558018326759338e-03
9.264674037694931030e-03
9.494813159108161926e-03
9.991964325308799744e-03
9.721417911350727081e-03
9.384676814079284668e-03
9.046540595591068268e-03
9.247599169611930847e-03
9.484265930950641632e-03
9.043657220900058746e-03
9.541966952383518219e-03
9.409734047949314117e-03
9.327928535640239716e-03
9.564010426402091980e-03
9.700681082904338837e-03
9.514268487691879272e-03
9.718250483274459839e-03
9.394945576786994934e-03
9.629419073462486267e-03
9.633314795792102814e-03
9.236359037458896637e-03
9.497222490608692169e-03
9.828714653849601746e-03
9.841765277087688446e-03
9.000500664114952087e-03
9.382079355418682098e-03
9.557886049151420593e-03
9.561655111610889435e-03
9.571673348546028137e-03
9.637101553380489349e-03
9.153032675385475159e-03
9.015250019729137421e-03
9.166736155748367310e-03
9.193855337798595428e-03
9.006504900753498077e-03
9.334896691143512726e-03
1.047849655151367188e-02
1.001747697591781616e-02
9.689634665846824646e-03
9.751736186444759369e-03
9.526783600449562073e-03
9.534126147627830505e-03
9.559358470141887665e-03
9.187413379549980164e-03
9.200097061693668365e-03
9.718280285596847534e-03
9.363706223666667938e-03
9.567070752382278442e-03
9.442374110221862793e-03
9.384340606629848480e-03
8.902186527848243713e-03
8.905525319278240204e-03
9.071306325495243073e-03
9.536867961287498474e-03
9.449690580368041992e-03
9.710396640002727509e-03
9.934100322425365448e-03
9.665203280746936798e-03
9.205968119204044342e-03
9.690135717391967773e-03
9.318976663053035736e-03
9.237543679773807526e-03
9.029058739542961121e-03
9.671091102063655853e-03
9.673800319433212280e-03
9.230139665305614471e-03
9.389414452016353607e-03
9.921245276927947998e-03
9.371686726808547974e-03
9.394832886755466461e-03
9.053245186805725098e-03
9.031058289110660553e-03
9.039605967700481415e-03
9.422048926353454590e-03
9.191886521875858307e-03
9.358934126794338226e-03
9.375932626426219940e-03
1.042188610881567001e-02
9.720495902001857758e-03
9.446403943002223969e-03
9.982672519981861115e-03
9.506924077868461609e-03
9.974802844226360321e-03
9.584245271980762482e-03
9.319137781858444214e-03
9.601460769772529602e-03
9.390765801072120667e-03
9.309421293437480927e-03
9.646104648709297180e-03
9.188767522573471069e-03
9.300083853304386139e-03
9.597350843250751495e-03
9.820716455578804016e-03
9.613883681595325470e-03
9.459023363888263702e-03
9.587982669472694397e-03
1.021350733935832977e-02
9.520403109490871429e-03
9.914766997098922729e-03
1.036282163113355637e-02
1.018308568745851517e-02
1.001128926873207092e-02
9.806679561734199524e-03
9.412456303834915161e-03
9.648019447922706604e-03
9.926764294505119324e-03
9.741922840476036072e-03
9.608416818082332611e-03
9.102933108806610107e-03
9.968655183911323547e-03
1.036816183477640152e-02
1.057541649788618088e-02
1.097683236002922058e-02
1.083772256970405579e-02
1.029871404170989990e-02
1.007106900215148926e-02
1.019007246941328049e-02
1.023431401699781418e-02
9.854703210294246674e-03
9.756778366863727570e-03
1.012799702584743500e-02
9.462501853704452515e-03
9.701580740511417389e-03
1.003161352127790451e-02
1.018087565898895264e-02
1.026260387152433395e-02
9.704257361590862274e-03
9.750002995133399963e-03
9.540578350424766541e-03
1.085439324378967285e-02
1.035211887210607529e-02
9.928096085786819458e-03
9.464278817176818848e-03
1.001084409654140472e-02
9.821012616157531738e-03
9.766881354153156281e-03
1.026273891329765320e-02
9.902523830533027649e-03
1.006704755127429962e-02
9.648649953305721283e-03
1.014861743897199631e-02
1.059897523373365402e-02
1.060125697404146194e-02
1.045934483408927917e-02
1.032584812492132187e-02
1.020775828510522842e-02
9.669519960880279541e-03
9.740900248289108276e-03
1.034472417086362839e-02
9.877126663923263550e-03
9.856520220637321472e-03
9.918483905494213104e-03
1.036040298640727997e-02
1.013119705021381378e-02
9.960966184735298157e-03
1.135011110454797745e-02
1.009044051170349121e-02
1.019407715648412704e-02
1.011254917830228806e-02
9.802294895052909851e-03
1.027974206954240799e-02
1.032250188291072845e-02
1.047919411212205887e-02
1.010825484991073608e-02
1.051397342234849930e-02
1.061437092721462250e-02
1.075465697795152664e-02
1.106624118983745575e-02
1.152954623103141785e-02
1.125778537243604660e-02
1.049057673662900925e-02
1.048371382057666779e-02
1.052495185285806656e-02
1.033285446465015411e-02
1.075498200953006744e-02
1.045548636466264725e-02
1.089988369494676590e-02
1.072745770215988159e-02
1.051823142915964127e-02
1.043903362005949020e-02
1.020783837884664536e-02
1.098442263901233673e-02
1.024209987372159958e-02
1.019539497792720795e-02
1.014230120927095413e-02
1.030748710036277771e-02
1.023440062999725342e-02
1.058712415397167206e-02
1.097754575312137604e-02
1.047241967171430588e-02
1.099629793316125870e-02
1.139440014958381653e-02
1.055898424237966537e-02
1.045509520918130875e-02
1.016560755670070648e-02
1.036045514047145844e-02
1.035608071833848953e-02
1.053955871611833572e-02
1.025376655161380768e-02
1.049777586013078690e-02
1.049867458641529083e-02
1.035740971565246582e-02
9.939542971551418304e-03
1.043689809739589691e-02
9.969042614102363586e-03
1.025292184203863144e-02
1.102380640804767609e-02
1.087202411144971848e-02
1.005077920854091644e-02
9.806917048990726471e-03
1.018368359655141830e-02
1.072947122156620026e-02
1.036096457391977310e-02
1.067474856972694397e-02
1.016767229884862900e-02
1.005922816693782806e-02
1.036120671778917313e-02
1.103447005152702332e-02
1.175080146640539169e-02
1.106815133243799210e-02
1.066989824175834656e-02
1.072611007839441299e-02
1.052525639533996582e-02
1.031517982482910156e-02
9.776431135833263397e-03
1.015700586140155792e-02
1.044800598174333572e-02
9.951774962246417999e-03
9.998676367104053497e-03
1.039916835725307465e-02
1.077482663094997406e-02
1.052804011851549149e-02
1.012815814465284348e-02
9.893093258142471313e-03
1.015819236636161804e-02
1.031861640512943268e-02
1.032427232712507248e-02
1.045790407806634903e-02
1.000900659710168839e-02
1.003995724022388458e-02
1.046424452215433121e-02
1.075313705950975418e-02
1.015983708202838898e-02
1.027518883347511292e-02
1.109824143350124359e-02
1.144599542021751404e-02
1.188152749091386795e-02
1.103489566594362259e-02
1.080010179430246353e-02
1.067909970879554749e-02
1.068423036485910416e-02
1.066567748785018921e-02
1.126690488308668137e-02
1.093667931854724884e-02
1.140128634870052338e-02
1.083249878138303757e-02
1.096859853714704514e-02
1.123566459864377975e-02
1.063647773116827011e-02
1.084579993039369583e-02
1.051435433328151703e-02
1.071689371019601822e-02
1.102606114000082016e-02
1.033493969589471817e-02
1.073392946273088455e-02
1.064642146229743958e-02
1.076830178499221802e-02
1.055501122027635574e-02
1.152119785547256470e-02
1.110179163515567780e-02
1.092517003417015076e-02
1.062591467052698135e-02
1.051075663417577744e-02
1.056103594601154327e-02
1.063448376953601837e-02
1.142269559204578400e-02
1.059067528694868088e-02
1.041915081441402435e-02
1.061097253113985062e-02
1.087493542581796646e-02
1.041818223893642426e-02
1.032354123890399933e-02
9.932554326951503754e-03
1.012473367154598236e-02
1.070074271410703659e-02
1.098695863038301468e-02
1.127227675169706345e-02
1.101368572562932968e-02
1.068950537592172623e-02
1.037158910185098648e-02
1.047467812895774841e-02
1.038623321801424026e-02
1.063738111406564713e-02
1.098525803536176682e-02
1.088178902864456177e-02
1.006584614515304565e-02
9.934890083968639374e-03
1.058926805853843689e-02
1.025946158915758133e-02
1.024471316486597061e-02
1.064556185156106949e-02
1.083298772573471069e-02
1.074509695172309875e-02
1.048266887664794922e-02
1.068669371306896210e-02
1.099393144249916077e-02
1.044000592082738876e-02
1.041565183550119400e-02
1.123992353677749634e-02
1.131984498351812363e-02
1.079094409942626953e-02
1.063646469265222549e-02
1.054307166486978531e-02
1.010181475430727005e-02
1.038609351962804794e-02
1.043317746371030807e-02
1.038075704127550125e-02
1.043052598834037781e-02
1.072121690958738327e-02
1.079625822603702545e-02
1.131231430917978287e-02
1.079420559108257294e-02
1.144926343113183975e-02
1.121428515762090683e-02
1.121045276522636414e-02
1.150404103100299835e-02
1.078003551810979843e-02
1.073231734335422516e-02
1.082269102334976196e-02
1.010515633970499039e-02
1.069445908069610596e-02
1.105543784797191620e-02
1.129634212702512741e-02
1.121848262846469879e-02
1.095137000083923340e-02
1.043300516903400421e-02
1.077143661677837372e-02
1.095427293330430984e-02
1.070782355964183807e-02
1.054510846734046936e-02
1.078050117939710617e-02
1.086416374891996384e-02
1.100563909858465195e-02
1.069323997944593430e-02
1.100720930844545364e-02
1.168868038803339005e-02
1.189443562179803848e-02
1.037002820521593094e-02
1.093098241835832596e-02
1.057545654475688934e-02
1.080079935491085052e-02
1.050120964646339417e-02
1.119854487478733063e-02
1.102860923856496811e-02
1.067384704947471619e-02
1.089692115783691406e-02
1.136876735836267471e-02
1.120424084365367889e-02
1.067604310810565948e-02
1.068237517029047012e-02
1.141091808676719666e-02
1.184852886945009232e-02
1.244330313056707382e-02
1.117241103202104568e-02
1.089110691100358963e-02
1.114639174193143845e-02
1.158541999757289886e-02
1.209564786404371262e-02
1.149452850222587585e-02
1.134843099862337112e-02
1.177512947469949722e-02
1.207675319164991379e-02
1.205337326973676682e-02
1.226867362856864929e-02
1.284315530210733414e-02
1.276606321334838867e-02
1.164759136736392975e-02
1.132178679108619690e-02
1.176149025559425354e-02
1.136367022991180420e-02
1.122054550796747208e-02
1.118774898350238800e-02
1.112656295299530029e-02
1.087403018027544022e-02
1.022655889391899109e-02
1.068536937236785889e-02
1.042724959552288055e-02
1.102067343890666962e-02
1.134161930531263351e-02
1.138101425021886826e-02
1.096089277416467667e-02
1.085806917399168015e-02
1.074290461838245392e-02
1.187350880354642868e-02
1.229540724307298660e-02
1.145803369581699371e-02
1.137405820190906525e-02
1.164599414914846420e-02
1.132582686841487885e-02
1.173252239823341370e-02
1.222377642989158630e-02
1.153315138071775436e-02
1.152930315583944321e-02
1.186698116362094879e-02
1.139850728213787079e-02
1.118887215852737427e-02
1.135326735675334930e-02
1.141330227255821228e-02
1.114194002002477646e-02
1.117156632244586945e-02
1.117088738828897476e-02
1.228066999465227127e-02
1.122099347412586212e-02
1.151019521057605743e-02
1.153973024338483810e-02
1.095353905111551285e-02
1.088634599000215530e-02
1.086625456809997559e-02
1.067759376019239426e-02
1.076794508844614029e-02
1.092755235731601715e-02
1.093033049255609512e-02
1.048351358622312546e-02
1.111056283116340637e-02
1.087142806500196457e-02
1.123608276247978210e-02
1.167774945497512817e-02
1.183540839701890945e-02
1.169613562524318695e-02
1.165933348238468170e-02
1.203045714646577835e-02
1.169189997017383575e-02
1.111655961722135544e-02
1.153407432138919830e-02
1.158333942294120789e-02
1.164834946393966675e-02
1.183484867215156555e-02
1.140998862683773041e-02
1.083533745259046555e-02
1.154576148837804794e-02
1.270701456815004349e-02
1.213460601866245270e-02
1.197705604135990143e-02
1.155032776296138763e-02
1.180883124470710754e-02
1.199026685208082199e-02
1.212180592119693756e-02
1.223142538219690323e-02
1.148994546383619308e-02
1.168108545243740082e-02
1.212829630821943283e-02
1.216295920312404633e-02
1.169340778142213821e-02
1.109930593520402908e-02
1.145278196781873703e-02
1.134883798658847809e-02
1.159420143812894821e-02
1.122273225337266922e-02
1.123483665287494659e-02
1.178061868995428085e-02
1.170364581048488617e-02
1.181434839963912964e-02
1.182689331471920013e-02
1.198653038591146469e-02
1.094188913702964783e-02
1.120135281234979630e-02
1.160777639597654343e-02
1.084181852638721466e-02
1.137448847293853760e-02
1.192687079310417175e-02
1.225572451949119568e-02
1.179337035864591599e-02
1.199853606522083282e-02
1.186601631343364716e-02
1.192441582679748535e-02
1.180003117769956589e-02
1.146372128278017044e-02
1.140950992703437805e-02
1.163335982710123062e-02
1.115746516734361649e-02
1.171370688825845718e-02
1.156837213784456253e-02
1.126294489949941635e-02
1.133571937680244446e-02
1.232958957552909851e-02
1.291682478040456772e-02
1.337159611284732819e-02
1.206591073423624039e-02
1.270684972405433655e-02
1.235931366682052612e-02
1.200457941740751266e-02
1.233413629233837128e-02
1.181477028876543045e-02
1.137209590524435043e-02
1.218082010746002197e-02
1.233518309891223907e-02
1.200015749782323837e-02
1.176267769187688828e-02
1.194556243717670441e-02
1.227928418666124344e-02
1.259213685989379883e-02
1.260620262473821640e-02
1.227929908782243729e-02
1.250090729445219040e-02
1.247442793101072311e-02
1.271989755332469940e-02
1.225776039063930511e-02
1.281494274735450745e-02
1.273508183658123016e-02
1.250497810542583466e-02
1.198755297809839249e-02
1.145937200635671616e-02
1.237304601818323135e-02
1.163172069936990738e-02
1.112732756882905960e-02
1.163481641560792923e-02
1.180456392467021942e-02
1.141203753650188446e-02
1.187269948422908783e-02
1.201617717742919922e-02
1.183181721717119217e-02
1.171271968632936478e-02
1.209992263466119766e-02
1.264585833996534348e-02
1.265108492225408554e-02
1.269170641899108887e-02
1.253235619515180588e-02
1.237881276756525040e-02
1.231265068054199219e-02
1.264042500406503677e-02
1.164229121059179306e-02
1.166811119765043259e-02
1.200961321592330933e-02
1.197473891079425812e-02
1.229460258036851883e-02
1.241221837699413300e-02
1.251635048538446426e-02
1.204707380384206772e-02
1.233969535678625107e-02
1.192496344447135925e-02
1.165341027081012726e-02
1.159276720136404037e-02
1.265850849449634552e-02
1.281986571848392487e-02
1.274063903838396072e-02
1.284166704863309860e-02
1.244694460183382034e-02
1.201956160366535187e-02
1.280971709638834000e-02
1.329729147255420685e-02
1.282004546374082565e-02
1.239646412432193756e-02
1.182738877832889557e-02
1.179797016084194183e-02
1.165269967168569565e-02
1.197108160704374313e-02
1.197768282145261765e-02
1.202369760721921921e-02
1.179116684943437576e-02
1.154414191842079163e-02
1.195334177464246750e-02
1.164651755243539810e-02
1.216623187065124512e-02
1.205106545239686966e-02
1.202599983662366867e-02
1.211639028042554855e-02
1.130570936948060989e-02
1.170635502785444260e-02
1.217276323586702347e-02
1.241622585803270340e-02
1.304212491959333420e-02
1.342124026268720627e-02
1.315100584179162979e-02
1.305257529020309448e-02
1.260106544941663742e-02
1.284737698733806610e-02
1.245102752000093460e-02
1.264415774494409561e-02
1.300851907581090927e-02
1.280358433723449707e-02
1.261242292821407318e-02
1.234031189233064651e-02
1.251428760588169098e-02
1.208942942321300507e-02
1.248965878039598465e-02
1.296474784612655640e-02
1.259001903235912323e-02
1.314194221049547195e-02
1.382299605756998062e-02
1.309339329600334167e-02
1.297444012016057968e-02
1.196954213082790375e-02
1.165426895022392273e-02
1.181975193321704865e-02
1.216702163219451904e-02
1.241534948348999023e-02
1.247936021536588669e-02
1.233652699738740921e-02
1.246837992221117020e-02
1.321040187031030655e-02
1.330976374447345734e-02
1.273185294121503830e-02
1.337830070406198502e-02
1.272363122552633286e-02
1.263188105076551437e-02
1.246993523091077805e-02
1.221570931375026703e-02
1.192664727568626404e-02
1.194395590573549271e-02
1.218115910887718201e-02
1.179629471153020859e-02
1.209157984703779221e-02
1.222541928291320801e-02
1.293675974011421204e-02
1.312182471156120300e-02
1.354784052819013596e-02
1.303524337708950043e-02
1.259644050151109695e-02
1.203152351081371307e-02
1.199014671146869659e-02
1.216660439968109131e-02
1.227974984794855118e-02
1.185861881822347641e-02
1.215668674558401108e-02
1.153312437236309052e-02
1.258563902229070663e-02
1.241457369178533554e-02
1.210607960820198059e-02
1.247973926365375519e-02
1.233028061687946320e-02
1.251005660742521286e-02
1.293633878231048584e-02
1.300030853599309921e-02
1.235239673405885696e-02
1.293676160275936127e-02
1.331802550703287125e-02
1.336029358208179474e-02
1.225911080837249756e-02
1.192784029990434647e-02
1.239961758255958557e-02
1.208179164677858353e-02
1.249870564788579941e-02
1.294847670942544937e-02
1.295929867774248123e-02
1.274958532303571701e-02
1.240936759859323502e-02
1.304004993289709091e-02
1.306675281375646591e-02
1.315614208579063416e-02
1.296511851251125336e-02
1.289564836770296097e-02
1.322392746806144714e-02
1.430665329098701477e-02
1.370085775852203369e-02
1.383728813380002975e-02
1.304008904844522476e-02
1.249402202665805817e-02
1.201533246785402298e-02
1.229935884475708008e-02
1.262520533055067062e-02
1.315898634493350983e-02
1.299329660832881927e-02
1.294026337563991547e-02
1.298770867288112640e-02
1.302371174097061157e-02
1.230036281049251556e-02
1.310326997190713882e-02
1.250084023922681808e-02
1.281922869384288788e-02
1.266802009195089340e-02
1.255216356366872787e-02
1.270274911075830460e-02
1.313502527773380280e-02
1.296752598136663437e-02
1.356188766658306122e-02
1.343691255897283554e-02
1.293374039232730865e-02
1.258797664195299149e-02
1.273102313280105591e-02
1.287490036338567734e-02
1.264272630214691162e-02
1.264849863946437836e-02
1.318349782377481461e-02
1.314694061875343323e-02
1.355441007763147354e-02
1.295573078095912933e-02
1.262491662055253983e-02
1.258716918528079987e-02
1.277366466820240021e-02
1.260625105351209641e-02
1.238027494400739670e-02
1.252181269228458405e-02
1.200397033244371414e-02
1.202087104320526123e-02
1.208879891782999039e-02
1.263451296836137772e-02
1.261061709374189377e-02
1.219076942652463913e-02
1.195866893976926804e-02
1.313154119998216629e-02
1.307948306202888489e-02
1.288822479546070099e-02
1.298394799232482910e-02
1.287889108061790466e-02
1.302350498735904694e-02
1.305738557130098343e-02
1.264245714992284775e-02
1.232717651873826981e-02
1.238825637847185135e-02
1.210474781692028046e-02
1.233369857072830200e-02
1.254293695092201233e-02
1.248524617403745651e-02
1.318167615681886673e-02
1.283066440373659134e-02
1.200418174266815186e-02
1.241154409945011139e-02
1.288865506649017334e-02
1.290878280997276306e-02
1.266384497284889221e-02
1.285396423190832138e-02
1.290789991617202759e-02
1.326593942940235138e-02
1.296816579997539520e-02
1.347998995333909988e-02
1.425599679350852966e-02
