2.516805529594421387e-01
2.512982487678527832e-01
2.443696707487106323e-01
1.948891580104827881e-01
1.716007441282272339e-01
1.641037166118621826e-01
1.584489196538925171e-01
1.457026004791259766e-01
1.322127282619476318e-01
1.250085085630416870e-01
1.199832782149314880e-01
1.160465925931930542e-01
1.122576370835304260e-01
1.092397049069404602e-01
1.056800037622451782e-01
1.024525538086891174e-01
9.882477670907974243e-02
9.592974185943603516e-02
9.332244843244552612e-02
9.086305648088455200e-02
8.839359879493713379e-02
8.702284842729568481e-02
8.458644896745681763e-02
8.311451226472854614e-02
8.127655088901519775e-02
7.956917583942413330e-02
7.815491408109664917e-02
7.648528367280960083e-02
7.498271763324737549e-02
7.356151193380355835e-02
7.281678915023803711e-02
7.101920247077941895e-02
7.004947215318679810e-02
6.893154233694076538e-02
6.773795187473297119e-02
6.670251488685607910e-02
6.526428461074829102e-02
6.416345387697219849e-02
6.321025639772415161e-02
6.218535825610160828e-02
6.103233993053436279e-02
6.023855507373809814e-02
5.892467871308326721e-02
5.801229923963546753e-02
5.753501504659652710e-02
5.673117563128471375e-02
5.571150034666061401e-02
5.462525784969329834e-02
5.349012091755867004e-02
5.311569571495056152e-02
5.214793980121612549e-02
5.129581317305564880e-02
5.070481449365615845e-02
5.021810531616210938e-02
4.946606606245040894e-02
4.848044738173484802e-02
4.778723046183586121e-02
4.693368449807167053e-02
4.676363617181777954e-02
4.582529142498970032e-02
4.536514729261398315e-02
4.466043785214424133e-02
4.410314559936523438e-02
4.379940405488014221e-02
4.287958145141601562e-02
4.250153899192810059e-02
4.196317121386528015e-02
4.171719774603843689e-02
4.058995097875595093e-02
4.026311635971069336e-02
3.985457122325897217e-02
3.922015428543090820e-02
3.871643170714378357e-02
3.852424398064613342e-02
3.779945522546768188e-02
3.747524693608283997e-02
3.702446818351745605e-02
3.689434379339218140e-02
3.608375415205955505e-02
3.596217557787895203e-02
3.554583340883255005e-02
3.503798320889472961e-02
3.492916375398635864e-02
3.443528339266777039e-02
3.404344618320465088e-02
3.377344459295272827e-02
3.366734459996223450e-02
3.293324634432792664e-02
3.265745937824249268e-02
3.225065022706985474e-02
3.217804804444313049e-02
3.192134946584701538e-02
3.140454739332199097e-02
3.130095824599266052e-02
3.106391988694667816e-02
3.092348016798496246e-02
3.041668422520160675e-02
2.993009984493255615e-02
2.997396513819694519e-02
3.002378158271312714e-02
2.924845181405544281e-02
2.949958480894565582e-02
2.865018509328365326e-02
2.884327434003353119e-02
2.841733768582344055e-02
2.814939431846141815e-02
2.795146219432353973e-02
2.785858325660228729e-02
2.728459425270557404e-02
2.718654088675975800e-02
2.705652080476284027e-02
2.670254558324813843e-02
2.682010084390640259e-02
2.651983313262462616e-02
2.599199116230010986e-02
2.631753496825695038e-02
2.577733621001243591e-02
2.590275742113590240e-02
2.550205960869789124e-02
2.525448612868785858e-02
2.558363601565361023e-02
2.535332180559635162e-02
2.495174854993820190e-02
2.478652447462081909e-02
2.456687204539775848e-02
2.433563768863677979e-02
2.427138946950435638e-02
2.388095296919345856e-02
2.385240420699119568e-02
2.401627041399478912e-02
2.329316176474094391e-02
2.424156107008457184e-02
2.358028665184974670e-02
2.319587394595146179e-02
2.317382022738456726e-02
2.302792295813560486e-02
2.282320708036422729e-02
2.271373569965362549e-02
2.240751683712005615e-02
2.216855809092521667e-02
2.257554791867733002e-02
2.202126383781433105e-02
2.218439429998397827e-02
2.182057127356529236e-02
2.177608944475650787e-02
2.157453633844852448e-02
2.152659557759761810e-02
2.124714106321334839e-02
2.140144631266593933e-02
2.141800709068775177e-02
2.091085724532604218e-02
2.074752002954483032e-02
2.092046476900577545e-02
2.060027979314327240e-02
2.057144790887832642e-02
2.042076922953128815e-02
2.031306736171245575e-02
2.024737745523452759e-02
2.016984485089778900e-02
2.020446397364139557e-02
1.988277770578861237e-02
1.977160945534706116e-02
1.974011585116386414e-02
1.959324069321155548e-02
1.948298141360282898e-02
1.946499571204185486e-02
1.933811418712139130e-02
1.927712745964527130e-02
1.916401274502277374e-02
1.900032162666320801e-02
1.903613656759262085e-02
1.879330724477767944e-02
1.882295124232769012e-02
1.874519512057304382e-02
1.886182837188243866e-02
1.857910864055156708e-02
1.858096756041049957e-02
1.813976839184761047e-02
1.831837557256221771e-02
1.816118881106376648e-02
1.797867380082607269e-02
1.799021475017070770e-02
1.802522502839565277e-02
1.794156059622764587e-02
1.807684823870658875e-02
1.751004718244075775e-02
1.763654872775077820e-02
1.761101186275482178e-02
1.750965416431427002e-02
1.738914847373962402e-02
1.725645922124385834e-02
1.720344461500644684e-02
1.717570796608924866e-02
1.710176281630992889e-02
1.699824258685112000e-02
1.697508245706558228e-02
1.694124005734920502e-02
1.698664948344230652e-02
1.650207675993442535e-02
1.666498556733131409e-02
1.651840656995773315e-02
1.646915264427661896e-02
1.639466919004917145e-02
1.646904461085796356e-02
1.654559560120105743e-02
1.623862795531749725e-02
1.624303497374057770e-02
1.597007364034652710e-02
1.615878008306026459e-02
1.602891646325588226e-02
1.595838554203510284e-02
1.600007526576519012e-02
1.597892120480537415e-02
1.579402945935726166e-02
1.573765650391578674e-02
1.558259967714548111e-02
1.571894250810146332e-02
1.535103470087051392e-02
1.538388524204492569e-02
1.534337084740400314e-02
1.517942454665899277e-02
1.535689551383256912e-02
1.509448792785406113e-02
1.515834406018257141e-02
1.526673231273889542e-02
1.511472929269075394e-02
1.505256164819002151e-02
1.500481460243463516e-02
1.511147804558277130e-02
1.461587660014629364e-02
1.471735537052154541e-02
1.474410109221935272e-02
1.455266028642654419e-02
1.459669228643178940e-02
1.450890395790338516e-02
1.469132583588361740e-02
1.472150254994630814e-02
1.443114224821329117e-02
1.436053682118654251e-02
1.430719532072544098e-02
1.443963963538408279e-02
1.424654852598905563e-02
1.415153127163648605e-02
1.414675544947385788e-02
1.405975315719842911e-02
1.400452200323343277e-02
1.395855192095041275e-02
1.394143421202898026e-02
1.399110071361064911e-02
1.384658552706241608e-02
1.380633004009723663e-02
1.365524530410766602e-02
1.371520478278398514e-02
1.371974591165781021e-02
1.366829778999090195e-02
1.357945147901773453e-02
1.360959000885486603e-02
1.337561011314392090e-02
1.352314092218875885e-02
1.329509355127811432e-02
1.341408398002386093e-02
1.342929992824792862e-02
1.326000317931175232e-02
1.318334043025970459e-02
1.322069391608238220e-02
1.319539360702037811e-02
1.306085847318172455e-02
1.312485802918672562e-02
1.305532362312078476e-02
1.289682555943727493e-02
1.298500597476959229e-02
1.288287248462438583e-02
1.300360076129436493e-02
1.273973379284143448e-02
1.267884299159049988e-02
1.270471978932619095e-02
1.274568960070610046e-02
1.264653913676738739e-02
1.266488153487443924e-02
1.257473602890968323e-02
1.266034599393606186e-02
1.254350785166025162e-02
1.250641513615846634e-02
1.237889844924211502e-02
1.247302256524562836e-02
1.243305113166570663e-02
1.260873954743146896e-02
1.240000128746032715e-02
1.218219473958015442e-02
1.221119519323110580e-02
1.217305380851030350e-02
1.215048693120479584e-02
1.218567043542861938e-02
1.192717067897319794e-02
1.219860371202230453e-02
1.209353655576705933e-02
1.192092895507812500e-02
1.211383938789367676e-02
1.189680490642786026e-02
1.194837596267461777e-02
1.190059818327426910e-02
1.204213313758373260e-02
1.190611254423856735e-02
1.192532759159803391e-02
1.170614641159772873e-02
1.196835190057754517e-02
1.179424021393060684e-02
1.165268477052450180e-02
1.161488704383373260e-02
1.161035522818565369e-02
1.177695114165544510e-02
1.146922074258327484e-02
1.164739206433296204e-02
1.152366213500499725e-02
1.145791262388229370e-02
1.155192032456398010e-02
1.142451725900173187e-02
1.165490224957466125e-02
1.147021912038326263e-02
1.125062536448240280e-02
1.130751427263021469e-02
1.122369803488254547e-02
1.118551287800073624e-02
1.124999113380908966e-02
1.135109085589647293e-02
1.111549884080886841e-02
1.126455795019865036e-02
1.100680511444807053e-02
1.098185870796442032e-02
1.114703249186277390e-02
1.100146491080522537e-02
1.108194608241319656e-02
1.094485353678464890e-02
1.083378493785858154e-02
1.098269689828157425e-02
1.092765852808952332e-02
1.080655958503484726e-02
1.088589057326316833e-02
1.075784210115671158e-02
1.092361938208341599e-02
1.077187061309814453e-02
1.086534839123487473e-02
1.077411882579326630e-02
1.078062690794467926e-02
1.065623573958873749e-02
1.062653120607137680e-02
1.068385597318410873e-02
1.052751671522855759e-02
1.068672444671392441e-02
1.061794534325599670e-02
1.051529776304960251e-02
1.046665292233228683e-02
1.043434161692857742e-02
1.044698990881443024e-02
1.050142385065555573e-02
1.030476856976747513e-02
1.028472557663917542e-02
1.040821336209774017e-02
1.043555047363042831e-02
1.025523059070110321e-02
1.040163543075323105e-02
1.031511463224887848e-02
1.031828857958316803e-02
1.023778412491083145e-02
1.031845249235630035e-02
1.022461894899606705e-02
1.007868442684412003e-02
1.028339192271232605e-02
1.017936039716005325e-02
1.027223747223615646e-02
1.005080435425043106e-02
1.007638592272996902e-02
9.889286942780017853e-03
1.001844927668571472e-02
1.014618668705224991e-02
1.009948458522558212e-02
9.952048771083354950e-03
9.897781535983085632e-03
9.943536482751369476e-03
9.956961497664451599e-03
9.813237935304641724e-03
9.732908569276332855e-03
9.928218089044094086e-03
9.869198314845561981e-03
9.873922914266586304e-03
9.837866760790348053e-03
9.911620058119297028e-03
9.818879887461662292e-03
9.693528525531291962e-03
9.715568274259567261e-03
9.765200316905975342e-03
9.893636219203472137e-03
9.672865271568298340e-03
9.598774835467338562e-03
9.656310081481933594e-03
9.583244100213050842e-03
9.586958214640617371e-03
9.599647484719753265e-03
9.532647207379341125e-03
9.722296148538589478e-03
9.594691917300224304e-03
9.650944732129573822e-03
9.524309076368808746e-03
9.436758235096931458e-03
9.533099830150604248e-03
9.405624121427536011e-03
9.309388697147369385e-03
9.376080706715583801e-03
9.361229836940765381e-03
9.408709593117237091e-03
9.357258677482604980e-03
9.279596619307994843e-03
9.512190707027912140e-03
9.248265996575355530e-03
9.352823719382286072e-03
9.343419224023818970e-03
9.196333587169647217e-03
9.370104409754276276e-03
9.190524928271770477e-03
9.261617437005043030e-03
9.163968265056610107e-03
9.319262579083442688e-03
8.971868082880973816e-03
9.124763309955596924e-03
9.191545657813549042e-03
9.082756936550140381e-03
9.204066358506679535e-03
9.132452309131622314e-03
9.106492623686790466e-03
9.003852494060993195e-03
9.011733345687389374e-03
9.005255997180938721e-03
9.054847061634063721e-03
8.990775793790817261e-03
9.022683836519718170e-03
8.937495760619640350e-03
8.888147771358489990e-03
8.918364532291889191e-03
8.990869857370853424e-03
8.979218080639839172e-03
8.900986053049564362e-03
8.905380032956600189e-03
8.876444771885871887e-03
8.823029696941375732e-03
8.742147125303745270e-03
8.813399821519851685e-03
8.852613158524036407e-03
8.768289349973201752e-03
8.832974359393119812e-03
8.759821765124797821e-03
8.685022592544555664e-03
8.712266571819782257e-03
8.667381480336189270e-03
8.640109561383724213e-03
8.664675056934356689e-03
8.626766502857208252e-03
8.609117008745670319e-03
8.639052510261535645e-03
8.568740449845790863e-03
8.574844337999820709e-03
8.581957779824733734e-03
8.558510802686214447e-03
8.545492775738239288e-03
8.486865088343620300e-03
8.532772772014141083e-03
8.493841625750064850e-03
8.652918972074985504e-03
8.405843749642372131e-03
8.487320505082607269e-03
8.495279587805271149e-03
8.427839726209640503e-03
8.448429405689239502e-03
8.461964316666126251e-03
8.389336988329887390e-03
8.331955410540103912e-03
8.376032114028930664e-03
8.425791747868061066e-03
8.309311233460903168e-03
8.341483771800994873e-03
8.383200503885746002e-03
8.299225941300392151e-03
8.307197131216526031e-03
8.264977484941482544e-03
8.274483494460582733e-03
8.369773626327514648e-03
8.183257654309272766e-03
8.216552436351776123e-03
8.256204426288604736e-03
8.178238756954669952e-03
8.172164671123027802e-03
8.246337994933128357e-03
8.295775391161441803e-03
8.128093555569648743e-03
8.149070665240287781e-03
8.029439486563205719e-03
8.127436041831970215e-03
8.139292709529399872e-03
8.064272813498973846e-03
8.117005228996276855e-03
8.077049627900123596e-03
