2.515998184680938721e-01
2.469291836023330688e-01
1.833000481128692627e-01
1.490134447813034058e-01
1.301271319389343262e-01
1.192370727658271790e-01
1.109574660658836365e-01
1.040064021944999695e-01
9.734744578599929810e-02
9.179995954036712646e-02
8.668690174818038940e-02
8.222027868032455444e-02
7.849708199501037598e-02
7.437817752361297607e-02
7.122116535902023315e-02
6.785219162702560425e-02
6.516327708959579468e-02
6.299491971731185913e-02
6.024640426039695740e-02
5.893681943416595459e-02
5.677901580929756165e-02
5.510665476322174072e-02
5.434903874993324280e-02
5.246619135141372681e-02
5.129644274711608887e-02
5.017961189150810242e-02
4.914992675185203552e-02
4.826183989644050598e-02
4.722408577799797058e-02
4.630141332745552063e-02
4.556178674101829529e-02
4.485983774065971375e-02
4.398500919342041016e-02
4.343462735414505005e-02
4.275776073336601257e-02
4.267341271042823792e-02
4.159024357795715332e-02
4.160825163125991821e-02
4.097288474440574646e-02
4.026485607028007507e-02
3.988556563854217529e-02
3.952942788600921631e-02
3.903459012508392334e-02
3.900879994034767151e-02
3.836024552583694458e-02
3.787405043840408325e-02
3.779219090938568115e-02
3.738948702812194824e-02
3.694044798612594604e-02
3.707300499081611633e-02
3.630661591887474060e-02
3.624778240919113159e-02
3.602686896920204163e-02
3.562714904546737671e-02
3.551329672336578369e-02
3.499093279242515564e-02
3.489808365702629089e-02
3.483987599611282349e-02
3.469233214855194092e-02
3.449187055230140686e-02
3.423221409320831299e-02
3.420949354767799377e-02
3.345848992466926575e-02
3.338243067264556885e-02
3.341322764754295349e-02
3.329473733901977539e-02
3.306593373417854309e-02
3.326473012566566467e-02
3.268032148480415344e-02
3.219822794198989868e-02
3.246771171689033508e-02
3.207438811659812927e-02
3.227150440216064453e-02
3.237885609269142151e-02
3.198041394352912903e-02
3.160824999213218689e-02
3.156684711575508118e-02
3.154947981238365173e-02
3.134525939822196960e-02
3.106004558503627777e-02
3.081337921321392059e-02
3.118198923766613007e-02
3.087226860225200653e-02
3.068167530000209808e-02
3.033834509551525116e-02
3.011877462267875671e-02
3.037537075579166412e-02
3.080402873456478119e-02
3.019488044083118439e-02
2.995074726641178131e-02
3.042714111506938934e-02
2.972429618239402771e-02
2.940751984715461731e-02
2.966475486755371094e-02
2.960158325731754303e-02
2.936293557286262512e-02
2.943973056972026825e-02
2.921586111187934875e-02
2.918183617293834686e-02
2.908663637936115265e-02
2.917899563908576965e-02
2.889420650899410248e-02
2.889431081712245941e-02
2.868879772722721100e-02
2.881001308560371399e-02
2.866806089878082275e-02
2.883653342723846436e-02
2.846236899495124817e-02
2.852523326873779297e-02
2.817365713417530060e-02
2.846682257950305939e-02
2.817668579518795013e-02
2.825923450291156769e-02
2.822135761380195618e-02
2.796708419919013977e-02
2.778610400855541229e-02
2.782742492854595184e-02
2.778487093746662140e-02
2.788628078997135162e-02
2.814732678234577179e-02
2.756600640714168549e-02
2.761626616120338440e-02
2.733522839844226837e-02
2.740568108856678009e-02
2.752989158034324646e-02
2.736680582165718079e-02
2.721978724002838135e-02
2.734961360692977905e-02
2.692174725234508514e-02
2.736174687743186951e-02
2.695490606129169464e-02
2.698165923357009888e-02
2.688487432897090912e-02
2.696175687015056610e-02
2.687117271125316620e-02
2.668263949453830719e-02
2.646260522305965424e-02
2.705707028508186340e-02
2.656406909227371216e-02
2.633718959987163544e-02
2.647130563855171204e-02
2.666761353611946106e-02
2.660457603633403778e-02
2.671174332499504089e-02
2.618145570158958435e-02
2.627792023122310638e-02
2.618111111223697662e-02
2.642576396465301514e-02
2.627865783870220184e-02
2.612528204917907715e-02
2.633149549365043640e-02
2.599286101758480072e-02
2.610742487013339996e-02
2.567402087152004242e-02
2.607398293912410736e-02
2.579597383737564087e-02
2.590253762900829315e-02
2.562083117663860321e-02
2.562513947486877441e-02
2.580711059272289276e-02
2.566254884004592896e-02
2.576099894940853119e-02
2.548476122319698334e-02
2.553001977503299713e-02
2.567693777382373810e-02
2.526420541107654572e-02
2.516361512243747711e-02
2.528983540832996368e-02
2.498143352568149567e-02
2.515526302158832550e-02
2.539077959954738617e-02
2.533684484660625458e-02
2.512634545564651489e-02
2.521313540637493134e-02
2.521711774170398712e-02
2.502599172294139862e-02
2.523836679756641388e-02
2.521872147917747498e-02
2.512264251708984375e-02
2.489568665623664856e-02
2.469821646809577942e-02
2.497638016939163208e-02
2.468104474246501923e-02
2.470342256128787994e-02
2.455018833279609680e-02
2.486385591328144073e-02
2.479354292154312134e-02
2.452612854540348053e-02
2.432755194604396820e-02
2.456214837729930878e-02
2.452653460204601288e-02
2.460344508290290833e-02
2.462242543697357178e-02
2.457703649997711182e-02
2.438468858599662781e-02
2.428186498582363129e-02
2.423569932579994202e-02
2.432625927031040192e-02
2.432354912161827087e-02
2.453267201781272888e-02
2.437350526452064514e-02
2.424578927457332611e-02
2.406038902699947357e-02
2.390711195766925812e-02
2.398290485143661499e-02
2.397039532661437988e-02
2.423470839858055115e-02
2.400292642414569855e-02
2.395316585898399353e-02
2.388213016092777252e-02
2.382416836917400360e-02
2.388681471347808838e-02
2.396217547357082367e-02
2.420072443783283234e-02
2.381292544305324554e-02
2.375471405684947968e-02
2.388351410627365112e-02
2.403329499065876007e-02
2.360887639224529266e-02
2.337447181344032288e-02
2.367838099598884583e-02
2.365931868553161621e-02
2.432153001427650452e-02
2.352558821439743042e-02
2.352593466639518738e-02
2.332111820578575134e-02
2.368028461933135986e-02
2.344692498445510864e-02
2.360790222883224487e-02
2.333578653633594513e-02
2.328647114336490631e-02
2.354281954467296600e-02
2.333690598607063293e-02
2.358667179942131042e-02
2.337010204792022705e-02
2.317910082638263702e-02
2.325937710702419281e-02
2.322506532073020935e-02
2.318494953215122223e-02
2.354969829320907593e-02
2.325579524040222168e-02
2.312432788312435150e-02
2.305602468550205231e-02
2.306815050542354584e-02
2.290556579828262329e-02
2.292403578758239746e-02
2.322984859347343445e-02
2.303154766559600830e-02
2.310666441917419434e-02
2.318340539932250977e-02
2.286247722804546356e-02
2.277189865708351135e-02
2.284752391278743744e-02
2.318967878818511963e-02
2.296826615929603577e-02
2.306440658867359161e-02
2.286722511053085327e-02
2.294291369616985321e-02
2.290823310613632202e-02
2.300904877483844757e-02
2.282627671957015991e-02
2.268350683152675629e-02
2.257449366152286530e-02
2.269189618527889252e-02
2.294890023767948151e-02
2.267772145569324493e-02
2.281125821173191071e-02
2.263899706304073334e-02
2.246030233800411224e-02
2.244950830936431885e-02
2.270937897264957428e-02
2.249534800648689270e-02
2.252232283353805542e-02
2.261560223996639252e-02
2.228548936545848846e-02
2.255408279597759247e-02
2.249243855476379395e-02
2.247223071753978729e-02
2.251966111361980438e-02
2.225263789296150208e-02
2.223101630806922913e-02
2.230551466345787048e-02
2.242029085755348206e-02
2.234318852424621582e-02
2.217268198728561401e-02
2.229978889226913452e-02
2.226251177489757538e-02
2.235162071883678436e-02
2.216243930160999298e-02
2.233304269611835480e-02
2.224802970886230469e-02
2.233039401471614838e-02
2.258348837494850159e-02
2.211577631533145905e-02
2.201597578823566437e-02
2.203400991857051849e-02
2.212630212306976318e-02
2.195473760366439819e-02
2.213579230010509491e-02
2.194871939718723297e-02
2.227792330086231232e-02
2.213234454393386841e-02
2.200291864573955536e-02
2.198412641882896423e-02
2.205133810639381409e-02
2.169239893555641174e-02
2.211565710604190826e-02
2.188300155103206635e-02
2.202588319778442383e-02
2.166993916034698486e-02
2.191188000142574310e-02
2.181352674961090088e-02
2.190589345991611481e-02
2.194860018789768219e-02
2.174018695950508118e-02
2.176273427903652191e-02
2.187538146972656250e-02
2.155052684247493744e-02
2.182357758283615112e-02
2.179243229329586029e-02
2.191796898841857910e-02
2.183042652904987335e-02
2.179986611008644104e-02
2.174719795584678650e-02
2.190678194165229797e-02
2.156402915716171265e-02
2.165296860039234161e-02
2.137381769716739655e-02
2.215077914297580719e-02
2.161395549774169922e-02
2.157538384199142456e-02
2.159716561436653137e-02
2.153349295258522034e-02
2.169465646147727966e-02
2.148238383233547211e-02
2.129919081926345825e-02
2.166307903826236725e-02
2.157077565789222717e-02
2.137118019163608551e-02
2.133782207965850830e-02
2.153138443827629089e-02
2.156430482864379883e-02
2.152201347053050995e-02
2.134774997830390930e-02
2.147350832819938660e-02
2.127878926694393158e-02
2.139171399176120758e-02
2.135331742465496063e-02
2.155028283596038818e-02
2.152595482766628265e-02
2.130061201751232147e-02
2.174404636025428772e-02
2.114650420844554901e-02
2.128913253545761108e-02
2.150260843336582184e-02
2.160709351301193237e-02
2.101920731365680695e-02
2.119838073849678040e-02
2.147044800221920013e-02
2.111807838082313538e-02
2.118185348808765411e-02
2.124498039484024048e-02
2.116264775395393372e-02
2.112358622252941132e-02
2.095818892121315002e-02
2.114092372357845306e-02
2.127732522785663605e-02
2.130396477878093719e-02
2.116786874830722809e-02
2.111366763710975647e-02
2.092581614851951599e-02
2.108385041356086731e-02
2.111811563372612000e-02
2.099242433905601501e-02
2.107185311615467072e-02
2.096317522227764130e-02
2.113739587366580963e-02
2.096009626984596252e-02
2.099682204425334930e-02
2.114266529679298401e-02
2.080822177231311798e-02
2.077728882431983948e-02
2.082862146198749542e-02
2.099031396210193634e-02
2.084447629749774933e-02
2.114919759333133698e-02
2.101448178291320801e-02
2.092789672315120697e-02
2.071645297110080719e-02
2.123798802495002747e-02
2.078657411038875580e-02
2.059514820575714111e-02
2.073206007480621338e-02
2.091478928923606873e-02
2.070330642163753510e-02
2.089614421129226685e-02
2.080082893371582031e-02
2.083614841103553772e-02
2.047858946025371552e-02
2.069617249071598053e-02
2.052825503051280975e-02
2.081482484936714172e-02
2.072442695498466492e-02
2.068380452692508698e-02
2.072124369442462921e-02
2.099470607936382294e-02
2.061239071190357208e-02
2.064079046249389648e-02
2.070463076233863831e-02
2.058451808989048004e-02
2.076499909162521362e-02
2.064428292214870453e-02
2.044858038425445557e-02
2.041198313236236572e-02
2.093189582228660583e-02
2.051590010523796082e-02
2.052569761872291565e-02
2.048740722239017487e-02
2.052593789994716644e-02
2.065365388989448547e-02
2.040611766278743744e-02
2.048782445490360260e-02
2.060899138450622559e-02
2.058830298483371735e-02
2.042421884834766388e-02
2.056671492755413055e-02
2.052507735788822174e-02
2.040177024900913239e-02
2.050457149744033813e-02
2.017315663397312164e-02
2.037625759840011597e-02
2.039330452680587769e-02
2.035345323383808136e-02
2.058847621083259583e-02
2.077794261276721954e-02
2.044494450092315674e-02
2.017387188971042633e-02
2.041703462600708008e-02
2.023273520171642303e-02
2.039997093379497528e-02
2.018275856971740723e-02
2.022240683436393738e-02
2.027639187872409821e-02
2.028391323983669281e-02
2.021133527159690857e-02
2.032144740223884583e-02
2.024824917316436768e-02
2.038952708244323730e-02
2.007469162344932556e-02
2.017160505056381226e-02
2.027654275298118591e-02
2.010192163288593292e-02
2.009351737797260284e-02
2.013768628239631653e-02
2.030560933053493500e-02
2.020957879722118378e-02
2.036239765584468842e-02
2.019947394728660583e-02
2.046870253980159760e-02
2.006769366562366486e-02
2.008491940796375275e-02
2.016009949147701263e-02
2.003186754882335663e-02
2.026477828621864319e-02
2.004117891192436218e-02
2.021044492721557617e-02
2.011273615062236786e-02
2.013703063130378723e-02
1.988705247640609741e-02
2.007011324167251587e-02
1.989563554525375366e-02
2.003238163888454437e-02
2.007618173956871033e-02
1.997817121446132660e-02
1.985150203108787537e-02
1.991719752550125122e-02
2.012345753610134125e-02
2.013306878507137299e-02
2.017820440232753754e-02
2.016805298626422882e-02
2.011133916676044464e-02
1.981345377862453461e-02
2.014018222689628601e-02
1.978079788386821747e-02
2.021702378988265991e-02
2.012953162193298340e-02
1.963828876614570618e-02
1.984604075551033020e-02
1.985351368784904480e-02
2.018976025283336639e-02
1.984909363090991974e-02
1.976832933723926544e-02
1.971967890858650208e-02
1.975267194211483002e-02
2.009562216699123383e-02
2.003775723278522491e-02
1.996662840247154236e-02
1.968610472977161407e-02
1.997343637049198151e-02
1.977233961224555969e-02
1.976142637431621552e-02
1.972634717822074890e-02
1.987723633646965027e-02
1.958492584526538849e-02
1.983295008540153503e-02
1.975296437740325928e-02
1.975647173821926117e-02
1.992173306643962860e-02
1.972270570695400238e-02
1.968063414096832275e-02
1.961973495781421661e-02
1.962863467633724213e-02
1.990831829607486725e-02
1.961786858737468719e-02
1.980072446167469025e-02
1.981187798082828522e-02
1.973253674805164337e-02
1.983981207013130188e-02
1.966756768524646759e-02
1.953054219484329224e-02
1.976099051535129547e-02
1.943671889603137970e-02
1.964425109326839447e-02
1.975411549210548401e-02
1.971549727022647858e-02
1.964390650391578674e-02
1.975390315055847168e-02
1.940906420350074768e-02
1.973263919353485107e-02
1.946707442402839661e-02
1.976739242672920227e-02
1.966496556997299194e-02
1.940340176224708557e-02
1.976503804326057434e-02
1.994222216308116913e-02
1.964591816067695618e-02
1.963267847895622253e-02
1.962905377149581909e-02
1.953267864882946014e-02
1.944410987198352814e-02
1.974738761782646179e-02
1.948378607630729675e-02
1.957069709897041321e-02
1.954480446875095367e-02
1.973551511764526367e-02
1.970363035798072815e-02
1.959381438791751862e-02
1.943572983145713806e-02
1.946863345801830292e-02
1.955521479249000549e-02
1.950063183903694153e-02
1.952213793992996216e-02
1.947545818984508514e-02
1.940526068210601807e-02
1.945163309574127197e-02
1.956783421337604523e-02
1.939714513719081879e-02
1.940025761723518372e-02
1.962912455201148987e-02
1.943672262132167816e-02
1.925624907016754150e-02
1.949445158243179321e-02
1.940848119556903839e-02
1.939955353736877441e-02
1.943174190819263458e-02
1.958756335079669952e-02
1.951278746128082275e-02
1.932896114885807037e-02
1.930826529860496521e-02
1.923200860619544983e-02
1.935608871281147003e-02
1.936745271086692810e-02
1.959927752614021301e-02
1.941656693816184998e-02
1.927061006426811218e-02
1.918560266494750977e-02
1.940176263451576233e-02
1.932216063141822815e-02
1.923346705734729767e-02
1.924622058868408203e-02
1.939250901341438293e-02
1.942590437829494476e-02
1.944726891815662384e-02
1.920003071427345276e-02
1.909564994275569916e-02
1.924466341733932495e-02
1.919220201671123505e-02
1.920862123370170593e-02
1.933137513697147369e-02
1.919127441942691803e-02
1.916470937430858612e-02
1.902155019342899323e-02
1.905850134789943695e-02
1.929428800940513611e-02
1.923131011426448822e-02
1.898259669542312622e-02
1.912029087543487549e-02
1.939432322978973389e-02
1.893739774823188782e-02
1.912015490233898163e-02
1.924904063344001770e-02
1.910386607050895691e-02
1.920129358768463135e-02
1.923829503357410431e-02
1.927412860095500946e-02
1.929561793804168701e-02
1.886927336454391479e-02
1.900015212595462799e-02
1.891152374446392059e-02
1.893004588782787323e-02
1.892395503818988800e-02
1.905820518732070923e-02
1.914031244814395905e-02
1.924198679625988007e-02
1.896076463162899017e-02
1.878834515810012817e-02
1.933426596224308014e-02
1.911050081253051758e-02
1.914491876959800720e-02
1.907576061785221100e-02
1.905379816889762878e-02
1.900090277194976807e-02
1.910573430359363556e-02
1.914645731449127197e-02
1.915687881410121918e-02
1.901773922145366669e-02
1.914812438189983368e-02
1.885599270462989807e-02
1.904663629829883575e-02
1.901388168334960938e-02
1.908807829022407532e-02
1.900297589600086212e-02
1.899267360568046570e-02
1.899004727602005005e-02
1.887653768062591553e-02
1.870513707399368286e-02
1.906503736972808838e-02
1.897559314966201782e-02
1.905883848667144775e-02
1.880568265914916992e-02
1.879014074802398682e-02
1.888781040906906128e-02
1.882895454764366150e-02
1.894979923963546753e-02
1.895353011786937714e-02
1.926426775753498077e-02
1.887250319123268127e-02
1.882730238139629364e-02
1.892717182636260986e-02
1.887816190719604492e-02
1.880230754613876343e-02
1.895961724221706390e-02
1.888293959200382233e-02
1.879557222127914429e-02
1.866529881954193115e-02
1.879742741584777832e-02
1.887302473187446594e-02
1.886091008782386780e-02
1.888799481093883514e-02
1.918398775160312653e-02
1.898043602705001831e-02
1.910388097167015076e-02
1.894630119204521179e-02
1.886800490319728851e-02
1.892409101128578186e-02
1.888488046824932098e-02
1.885813847184181213e-02
1.855922862887382507e-02
1.865260303020477295e-02
1.867590285837650299e-02
1.873743347823619843e-02
1.909143850207328796e-02
1.873139105737209320e-02
1.864363066852092743e-02
1.846752315759658813e-02
1.865302957594394684e-02
1.855243183672428131e-02
1.869721896946430206e-02
1.871749758720397949e-02
1.865922100841999054e-02
1.879881136119365692e-02
1.879428140819072723e-02
1.870475709438323975e-02
1.898982003331184387e-02
1.874990761280059814e-02
1.863421685993671417e-02
1.854251138865947723e-02
1.869998872280120850e-02
1.857956312596797943e-02
1.856591366231441498e-02
1.866065151989459991e-02
1.860041357576847076e-02
1.866294629871845245e-02
1.859302073717117310e-02
1.883311383426189423e-02
1.864618994295597076e-02
1.872540079057216644e-02
1.857788115739822388e-02
1.855699717998504639e-02
1.863962598145008087e-02
1.876186579465866089e-02
1.860230229794979095e-02
1.875321380794048309e-02
1.858275197446346283e-02
1.859963312745094299e-02
1.873266696929931641e-02
1.856731809675693512e-02
1.866877265274524689e-02
1.869792863726615906e-02
1.850713044404983521e-02
1.845245808362960815e-02
1.852659136056900024e-02
1.843551732599735260e-02
1.868563517928123474e-02
1.854229904711246490e-02
1.852311566472053528e-02
1.860041916370391846e-02
1.853821240365505219e-02
1.852037198841571808e-02
1.857023686170578003e-02
1.848687417805194855e-02
1.868653669953346252e-02
1.834346726536750793e-02
1.856368966400623322e-02
1.857695728540420532e-02
1.854575797915458679e-02
1.839274168014526367e-02
1.839501596987247467e-02
1.847509294748306274e-02
1.850175485014915466e-02
1.833848655223846436e-02
1.841395907104015350e-02
1.869490370154380798e-02
1.844458095729351044e-02
1.833841390907764435e-02
1.859513670206069946e-02
1.846626587212085724e-02
1.850149035453796387e-02
1.836215890944004059e-02
1.831667311489582062e-02
1.833227649331092834e-02
1.851220056414604187e-02
1.827171631157398224e-02
1.854683272540569305e-02
1.846003718674182892e-02
1.860011368989944458e-02
1.842493563890457153e-02
1.841025799512863159e-02
1.825646124780178070e-02
1.832969859242439270e-02
1.865247450768947601e-02
1.850412040948867798e-02
1.819684170186519623e-02
1.830450445413589478e-02
1.854650676250457764e-02
1.827418990433216095e-02
1.829759404063224792e-02
1.844255439937114716e-02
1.836480386555194855e-02
1.813292689621448517e-02
1.830864511430263519e-02
1.809121482074260712e-02
1.838770322501659393e-02
1.825871691107749939e-02
1.843730732798576355e-02
1.833644509315490723e-02
1.835961453616619110e-02
1.849120482802391052e-02
1.811718568205833435e-02
1.844136975705623627e-02
1.838761195540428162e-02
1.815957203507423401e-02
1.828195340931415558e-02
1.834986545145511627e-02
1.802459545433521271e-02
1.846621930599212646e-02
1.860511861741542816e-02
1.821028813719749451e-02
1.818367838859558105e-02
1.829722896218299866e-02
1.819580234587192535e-02
1.818657107651233673e-02
1.807057484984397888e-02
1.826941967010498047e-02
1.824852451682090759e-02
1.813117042183876038e-02
1.844850368797779083e-02
1.846943981945514679e-02
1.797521300613880157e-02
1.797057501971721649e-02
1.832429133355617523e-02
1.809605583548545837e-02
1.800615340471267700e-02
1.830029673874378204e-02
1.823185943067073822e-02
1.816715672612190247e-02
1.810828037559986115e-02
1.824788376688957214e-02
1.804394461214542389e-02
1.831518858671188354e-02
1.842013373970985413e-02
1.810082793235778809e-02
1.799640618264675140e-02
1.813502050936222076e-02
1.830535009503364563e-02
1.814284175634384155e-02
1.817186921834945679e-02
1.807028986513614655e-02
1.825114339590072632e-02
1.812453940510749817e-02
1.802858896553516388e-02
1.814841665327548981e-02
1.802281476557254791e-02
1.801493205130100250e-02
1.817918568849563599e-02
1.819055713713169098e-02
1.799169741570949554e-02
1.831015944480895996e-02
1.837769895792007446e-02
1.816185750067234039e-02
1.794512383639812469e-02
1.822105050086975098e-02
1.813963241875171661e-02
1.809981279075145721e-02
1.799077913165092468e-02
1.782165840268135071e-02
1.798054389655590057e-02
1.833908259868621826e-02
1.774328388273715973e-02
1.802788674831390381e-02
1.808248087763786316e-02
1.787831261754035950e-02
1.794441044330596924e-02
1.811313629150390625e-02
1.800167001783847809e-02
1.814172044396400452e-02
1.796765625476837158e-02
1.810916885733604431e-02
1.802904531359672546e-02
1.794435270130634308e-02
1.803030259907245636e-02
1.815532892942428589e-02
1.772840321063995361e-02
1.808128319680690765e-02
1.775565370917320251e-02
1.820290833711624146e-02
1.783308759331703186e-02
1.790974475443363190e-02
1.814572699368000031e-02
1.794605329632759094e-02
1.815000548958778381e-02
1.803426072001457214e-02
1.782062463462352753e-02
1.796153932809829712e-02
1.771180704236030579e-02
1.780248805880546570e-02
1.809081993997097015e-02
1.795282773673534393e-02
1.829683221876621246e-02
1.786767318844795227e-02
1.813012361526489258e-02
1.769798062741756439e-02
1.776491478085517883e-02
1.782986521720886230e-02
1.802870631217956543e-02
1.811873540282249451e-02
1.778587512671947479e-02
1.790338382124900818e-02
1.789662986993789673e-02
1.805570721626281738e-02
1.786910556256771088e-02
1.789752952754497528e-02
1.770494505763053894e-02
1.813789643347263336e-02
1.788264513015747070e-02
1.781296916306018829e-02
1.794356293976306915e-02
1.777943223714828491e-02
1.761176064610481262e-02
1.775224320590496063e-02
1.802660711109638214e-02
1.786853373050689697e-02
1.785809546709060669e-02
1.779598183929920197e-02
1.803998649120330811e-02
1.777018606662750244e-02
1.788331940770149231e-02
1.771288365125656128e-02
1.784688606858253479e-02
1.770284958183765411e-02
1.775617152452468872e-02
1.798993907868862152e-02
1.787476427853107452e-02
1.780621148645877838e-02
1.756914332509040833e-02
1.790885999798774719e-02
1.795127987861633301e-02
1.768380403518676758e-02
1.774943806231021881e-02
1.749729923903942108e-02
1.791878044605255127e-02
1.776990853250026703e-02
1.789144054055213928e-02
1.776983588933944702e-02
1.779212988913059235e-02
1.760515756905078888e-02
1.776421442627906799e-02
1.766925863921642303e-02
1.771564781665802002e-02
1.777952723205089569e-02
1.776604726910591125e-02
1.765057444572448730e-02
1.770755834877490997e-02
1.762672141194343567e-02
1.801123097538948059e-02
1.780039630830287933e-02
1.774336770176887512e-02
1.787317730486392975e-02
1.772725209593772888e-02
1.776494830846786499e-02
1.759161055088043213e-02
1.790013909339904785e-02
1.772914081811904907e-02
1.767269894480705261e-02
1.777519099414348602e-02
1.753446273505687714e-02
1.756693050265312195e-02
1.773492246866226196e-02
1.768856309354305267e-02
1.766766794025897980e-02
1.757505908608436584e-02
1.779812760651111603e-02
1.762709207832813263e-02
1.757468096911907196e-02
1.777396909892559052e-02
1.777161099016666412e-02
1.770585589110851288e-02
1.767255924642086029e-02
1.735288836061954498e-02
1.755749061703681946e-02
1.768608018755912781e-02
1.768701896071434021e-02
1.758321560919284821e-02
1.759915053844451904e-02
1.784756779670715332e-02
1.769121363759040833e-02
1.765631698071956635e-02
1.789140701293945312e-02
1.746342703700065613e-02
1.779816858470439911e-02
1.758062653243541718e-02
1.763509958982467651e-02
1.769100502133369446e-02
1.746129989624023438e-02
1.746989227831363678e-02
1.770185679197311401e-02
1.757812313735485077e-02
1.771421544253826141e-02
1.782382465898990631e-02
1.755599305033683777e-02
1.742619089782238007e-02
1.750860922038555145e-02
1.775997132062911987e-02
1.761469058692455292e-02
1.759124174714088440e-02
1.747170649468898773e-02
1.746827177703380585e-02
1.733419112861156464e-02
1.751769706606864929e-02
1.775557175278663635e-02
1.763271726667881012e-02
1.751410961151123047e-02
1.751941256225109100e-02
1.758187822997570038e-02
1.762326247990131378e-02
1.746617816388607025e-02
1.763134449720382690e-02
1.746448315680027008e-02
1.760992035269737244e-02
1.737699471414089203e-02
1.764716580510139465e-02
1.752194762229919434e-02
1.741721667349338531e-02
1.722883991897106171e-02
1.762095652520656586e-02
1.754279248416423798e-02
1.750151813030242920e-02
1.735075004398822784e-02
1.748446375131607056e-02
1.758813485503196716e-02
1.756204664707183838e-02
1.736446283757686615e-02
1.740704663097858429e-02
1.745879277586936951e-02
1.786759495735168457e-02
1.768744736909866333e-02
1.730389334261417389e-02
1.721051894128322601e-02
1.806011237204074860e-02
1.741537265479564667e-02
1.756485551595687866e-02
1.738090813159942627e-02
1.736834645271301270e-02
1.737650856375694275e-02
1.745723560452461243e-02
1.730530336499214172e-02
1.772543974220752716e-02
1.724949292838573456e-02
1.748130843043327332e-02
1.730643585324287415e-02
1.753329299390316010e-02
1.756371371448040009e-02
1.744336448609828949e-02
1.732310280203819275e-02
1.732890494167804718e-02
1.746086217463016510e-02
1.756280846893787384e-02
1.736864261329174042e-02
1.759608276188373566e-02
1.739901304244995117e-02
1.732276752591133118e-02
1.741754449903964996e-02
1.770200766623020172e-02
1.744494214653968811e-02
1.740151643753051758e-02
1.722287200391292572e-02
1.752508990466594696e-02
1.747553050518035889e-02
1.751464046537876129e-02
1.754787191748619080e-02
1.739981025457382202e-02
1.734532415866851807e-02
1.723618060350418091e-02
1.740247197449207306e-02
1.751308143138885498e-02
1.715467125177383423e-02
1.721895858645439148e-02
1.727959141135215759e-02
1.749096438288688660e-02
1.731074973940849304e-02
1.734066754579544067e-02
1.752461306750774384e-02
1.764124631881713867e-02
1.711685769259929657e-02
1.715814881026744843e-02
1.741814240813255310e-02
1.749289408326148987e-02
1.739518530666828156e-02
1.727122068405151367e-02
1.749749295413494110e-02
1.733656600117683411e-02
1.724192872643470764e-02
1.735793985426425934e-02
1.721828430891036987e-02
1.748900301754474640e-02
1.726533658802509308e-02
1.723914407193660736e-02
1.752528920769691467e-02
1.748651266098022461e-02
1.739033311605453491e-02
1.741511933505535126e-02
1.706758700311183929e-02
1.751882024109363556e-02
1.742671430110931396e-02
1.735235378146171570e-02
1.758082211017608643e-02
1.720032840967178345e-02
1.725428923964500427e-02
1.720725372433662415e-02
1.728195510804653168e-02
1.709313876926898956e-02
1.727904193103313446e-02
1.744367368519306183e-02
1.736744120717048645e-02
1.739431545138359070e-02
1.751926355063915253e-02
1.718932576477527618e-02
1.712799444794654846e-02
1.726390421390533447e-02
1.727871038019657135e-02
1.741319522261619568e-02
1.720280013978481293e-02
1.720910146832466125e-02
1.721554435789585114e-02
1.735820062458515167e-02
1.715515181422233582e-02
1.712681539356708527e-02
1.723562367260456085e-02
1.738940365612506866e-02
1.717354729771614075e-02
1.719006709754467010e-02
1.707546040415763855e-02
1.730634830892086029e-02
1.718132570385932922e-02
1.743905432522296906e-02
1.736712269484996796e-02
1.721116714179515839e-02
1.706896349787712097e-02
1.704468578100204468e-02
1.724042743444442749e-02
1.731043867766857147e-02
1.714638993144035339e-02
1.735501922667026520e-02
1.736366190016269684e-02
1.716178469359874725e-02
1.729651913046836853e-02
1.708279736340045929e-02
1.721073687076568604e-02
1.723980531096458435e-02
1.720380410552024841e-02
1.707666739821434021e-02
1.707383431494235992e-02
1.716130785644054413e-02
1.722384244203567505e-02
1.713275350630283356e-02
1.705962419509887695e-02
1.710219494998455048e-02
1.726241782307624817e-02
1.720787957310676575e-02
1.735869422554969788e-02
1.715121790766716003e-02
1.721509732306003571e-02
1.705609820783138275e-02
1.742893084883689880e-02
1.689787209033966064e-02
1.713080704212188721e-02
1.728182658553123474e-02
1.729684323072433472e-02
1.727814786136150360e-02
1.723658293485641479e-02
1.715544797480106354e-02
1.719986088573932648e-02
1.706421189010143280e-02
1.704346016049385071e-02
1.720214821398258209e-02
1.688349433243274689e-02
1.736823841929435730e-02
1.721226982772350311e-02
1.715379208326339722e-02
1.725036837160587311e-02
1.725059002637863159e-02
1.700481586158275604e-02
1.709715090692043304e-02
1.710633747279644012e-02
1.716144755482673645e-02
1.737101562321186066e-02
1.723499968647956848e-02
1.700102537870407104e-02
1.698213070631027222e-02
1.713008061051368713e-02
1.704098843038082123e-02
1.699375733733177185e-02
1.745227724313735962e-02
1.716345921158790588e-02
1.707407087087631226e-02
1.701184920966625214e-02
1.725725643336772919e-02
1.710850559175014496e-02
1.713396236300468445e-02
1.709962263703346252e-02
1.684880256652832031e-02
1.720144972205162048e-02
1.703616417944431305e-02
1.714899204671382904e-02
1.699705421924591064e-02
1.694431900978088379e-02
1.707409322261810303e-02
1.694119721651077271e-02
1.697197742760181427e-02
1.719126105308532715e-02
1.706064306199550629e-02
1.700546592473983765e-02
1.711949333548545837e-02
1.704253070056438446e-02
1.706803962588310242e-02
1.713443361222743988e-02
1.695636101067066193e-02
1.693950593471527100e-02
1.702358201146125793e-02
1.713096722960472107e-02
1.705400645732879639e-02
1.682948134839534760e-02
1.706626452505588531e-02
1.698624156415462494e-02
1.704363897442817688e-02
1.694941893219947815e-02
1.707531139254570007e-02
1.723958551883697510e-02
1.724620722234249115e-02
1.707358472049236298e-02
1.706528849899768829e-02
1.711905375123023987e-02
1.686311885714530945e-02
1.707132160663604736e-02
1.695914752781391144e-02
1.696990616619586945e-02
1.680146157741546631e-02
1.701893843710422516e-02
1.694525964558124542e-02
1.683617196977138519e-02
1.700641959905624390e-02
1.710108295083045959e-02
1.709317602217197418e-02
1.699241623282432556e-02
1.702988520264625549e-02
1.716015115380287170e-02
1.705589704215526581e-02
1.718944869935512543e-02
1.686878129839897156e-02
1.682377234101295471e-02
1.687713153660297394e-02
1.717788167297840118e-02
1.732155680656433105e-02
1.701245643198490143e-02
1.679820381104946136e-02
1.689268276095390320e-02
1.691068708896636963e-02
1.705665141344070435e-02
1.697029545903205872e-02
1.703437604010105133e-02
1.708086580038070679e-02
1.697229035198688507e-02
1.678282581269741058e-02
1.690767332911491394e-02
1.701425760984420776e-02
1.701866090297698975e-02
1.692096143960952759e-02
1.707877963781356812e-02
1.677575334906578064e-02
1.696539483964443207e-02
1.693471521139144897e-02
1.702543348073959351e-02
1.713170111179351807e-02
1.705543696880340576e-02
1.689442433416843414e-02
1.722333580255508423e-02
1.684193126857280731e-02
1.677047275006771088e-02
1.686471700668334961e-02
1.690311357378959656e-02
1.689358614385128021e-02
1.678510196506977081e-02
1.696676947176456451e-02
1.685218699276447296e-02
1.685405150055885315e-02
1.704726181924343109e-02
1.686573028564453125e-02
1.701825484633445740e-02
1.687400601804256439e-02
1.686480268836021423e-02
1.693457737565040588e-02
1.696750335395336151e-02
1.670992560684680939e-02
1.679614931344985962e-02
1.716448180377483368e-02
1.698069833219051361e-02
1.708792150020599365e-02
1.695824600756168365e-02
1.686388254165649414e-02
1.680769585072994232e-02
1.690260693430900574e-02
1.688003912568092346e-02
1.696625910699367523e-02
1.707302406430244446e-02
1.673014275729656219e-02
1.681273803114891052e-02
1.677471585571765900e-02
1.677897199988365173e-02
1.686264760792255402e-02
1.702444255352020264e-02
1.665521785616874695e-02
1.697261072695255280e-02
1.706440374255180359e-02
1.704175584018230438e-02
1.691694930195808411e-02
1.673980988562107086e-02
1.670455746352672577e-02
1.688583940267562866e-02
1.706903986632823944e-02
1.674295589327812195e-02
1.691371202468872070e-02
1.687666215002536774e-02
1.664072088897228241e-02
1.656313240528106689e-02
1.702474243938922882e-02
1.694117672741413116e-02
1.683124713599681854e-02
1.683025620877742767e-02
1.683161221444606781e-02
1.683817990124225616e-02
1.677898690104484558e-02
1.671487092971801758e-02
1.702915877103805542e-02
1.703561469912528992e-02
1.713378541171550751e-02
1.674189232289791107e-02
1.683388650417327881e-02
1.701595261693000793e-02
1.669709011912345886e-02
1.660043001174926758e-02
1.666338369250297546e-02
1.689127646386623383e-02
1.682408154010772705e-02
1.713536120951175690e-02
1.679513975977897644e-02
1.681187935173511505e-02
1.672176085412502289e-02
1.662984304130077362e-02
1.675818301737308502e-02
1.676761172711849213e-02
1.701617427170276642e-02
1.688018627464771271e-02
1.678106561303138733e-02
1.663349755108356476e-02
1.680252328515052795e-02
1.669359765946865082e-02
1.687587797641754150e-02
1.668032072484493256e-02
1.673803851008415222e-02
1.709479466080665588e-02
1.693634688854217529e-02
1.709251664578914642e-02
1.679951511323451996e-02
1.674258150160312653e-02
1.675059273838996887e-02
1.677232794463634491e-02
1.685800962150096893e-02
1.681732572615146637e-02
1.668104343116283417e-02
1.688405685126781464e-02
1.653924956917762756e-02
1.711226254701614380e-02
1.674905233085155487e-02
1.676618680357933044e-02
1.668086461722850800e-02
1.674763299524784088e-02
1.655514910817146301e-02
1.681829057633876801e-02
1.668773964047431946e-02
1.658290624618530273e-02
1.675873994827270508e-02
1.700196601450443268e-02
1.683533936738967896e-02
1.672250218689441681e-02
1.674376800656318665e-02
1.663705892860889435e-02
1.671313866972923279e-02
1.655414700508117676e-02
1.661892607808113098e-02
1.684657298028469086e-02
1.670432463288307190e-02
1.682262122631072998e-02
1.687264069914817810e-02
1.665151864290237427e-02
1.667191274464130402e-02
1.683114655315876007e-02
1.670800708234310150e-02
1.680005155503749847e-02
1.681216433644294739e-02
1.654137112200260162e-02
1.673902943730354309e-02
1.688280701637268066e-02
1.676759123802185059e-02
1.648815348744392395e-02
1.651082560420036316e-02
1.642880961298942566e-02
1.660337112843990326e-02
1.667011342942714691e-02
1.650402881205081940e-02
1.659035310149192810e-02
1.668621227145195007e-02
1.670469902455806732e-02
1.663257926702499390e-02
1.662900112569332123e-02
1.653959229588508606e-02
1.668369024991989136e-02
1.659938506782054901e-02
1.669488660991191864e-02
1.663421466946601868e-02
1.689984090626239777e-02
1.646902970969676971e-02
1.656851917505264282e-02
1.663496904075145721e-02
1.642925478518009186e-02
1.674517244100570679e-02
1.691513508558273315e-02
1.681014336645603180e-02
1.658746413886547089e-02
1.672824099659919739e-02
1.652488298714160919e-02
1.653776131570339203e-02
1.647500880062580109e-02
1.654461026191711426e-02
1.665382459759712219e-02
1.654282957315444946e-02
1.661129482090473175e-02
1.669810898602008820e-02
1.659729704260826111e-02
1.682835258543491364e-02
1.666913926601409912e-02
1.666860468685626984e-02
1.651857420802116394e-02
1.658526808023452759e-02
1.670407131314277649e-02
1.651864312589168549e-02
1.649963483214378357e-02
1.665761321783065796e-02
1.652619242668151855e-02
1.655062660574913025e-02
1.662499643862247467e-02
1.645376533269882202e-02
1.661175861954689026e-02
1.679227314889431000e-02
1.647932827472686768e-02
1.658505946397781372e-02
1.671169884502887726e-02
1.672858558595180511e-02
1.654015481472015381e-02
1.683535426855087280e-02
1.645708270370960236e-02
1.632321253418922424e-02
1.649991795420646667e-02
1.658472791314125061e-02
1.653718948364257812e-02
1.641962490975856781e-02
1.640865392982959747e-02
1.664465293288230896e-02
1.681096106767654419e-02
1.641857437789440155e-02
1.653335243463516235e-02
1.673522032797336578e-02
1.668691821396350861e-02
1.662597246468067169e-02
1.653052493929862976e-02
1.662797294557094574e-02
1.662080548703670502e-02
1.664314977824687958e-02
1.630219444632530212e-02
1.666001044213771820e-02
1.665178127586841583e-02
1.649110764265060425e-02
1.648921333253383636e-02
1.669067330658435822e-02
1.642870903015136719e-02
1.650446280837059021e-02
1.666968129575252533e-02
1.672469638288021088e-02
1.674063876271247864e-02
1.652225665748119354e-02
1.653770729899406433e-02
1.653058826923370361e-02
1.661837473511695862e-02
1.661250181496143341e-02
1.639983430504798889e-02
1.660818606615066528e-02
1.647942140698432922e-02
1.652888022363185883e-02
1.646953262388706207e-02
1.641352660953998566e-02
1.685406081378459930e-02
1.655399613082408905e-02
1.648868247866630554e-02
1.643948815762996674e-02
1.661045290529727936e-02
1.639251410961151123e-02
1.647002808749675751e-02
1.645514927804470062e-02
1.646062545478343964e-02
1.648038253188133240e-02
1.663611643016338348e-02
1.674462854862213135e-02
1.640222221612930298e-02
1.638485305011272430e-02
1.655179262161254883e-02
1.683924160897731781e-02
1.646343059837818146e-02
1.645249873399734497e-02
1.646623201668262482e-02
1.659904420375823975e-02
1.630746200680732727e-02
1.627475954592227936e-02
1.635599322617053986e-02
1.660268567502498627e-02
1.636395603418350220e-02
1.644586212933063507e-02
1.658478192985057831e-02
1.643802970647811890e-02
1.648381352424621582e-02
1.643453538417816162e-02
1.632259041070938110e-02
1.642612181603908539e-02
1.643802598118782043e-02
1.639647409319877625e-02
1.649257540702819824e-02
1.638943515717983246e-02
1.630318537354469299e-02
1.641785539686679840e-02
1.654363423585891724e-02
1.635934785008430481e-02
1.646642759442329407e-02
1.639359630644321442e-02
1.648151315748691559e-02
1.631514355540275574e-02
1.649569906294345856e-02
1.636774279177188873e-02
1.650024764239788055e-02
1.701400429010391235e-02
1.639077998697757721e-02
1.633811369538307190e-02
1.641404256224632263e-02
1.622697338461875916e-02
1.636703871190547943e-02
1.629479043185710907e-02
1.621875539422035217e-02
1.655045151710510254e-02
1.639733836054801941e-02
1.640890538692474365e-02
1.617893576622009277e-02
1.648272015154361725e-02
1.639899052679538727e-02
1.637752167880535126e-02
1.656885072588920593e-02
1.634112000465393066e-02
1.639389619231224060e-02
1.630095206201076508e-02
1.667220517992973328e-02
1.649103127419948578e-02
1.648662611842155457e-02
1.658984273672103882e-02
1.625220291316509247e-02
1.680058613419532776e-02
1.626099832355976105e-02
1.625993847846984863e-02
1.652476936578750610e-02
1.639672741293907166e-02
1.636738143861293793e-02
1.632131077349185944e-02
1.638321205973625183e-02
1.635439880192279816e-02
1.631944254040718079e-02
1.630277000367641449e-02
1.652048155665397644e-02
1.672276109457015991e-02
1.651513949036598206e-02
1.642058044672012329e-02
1.660356111824512482e-02
1.615986041724681854e-02
1.633265987038612366e-02
1.634089834988117218e-02
1.624915748834609985e-02
1.651228778064250946e-02
1.646413281559944153e-02
1.632022298872470856e-02
1.658500544726848602e-02
1.620541326701641083e-02
1.618419028818607330e-02
1.632542535662651062e-02
1.662673614919185638e-02
1.623784191906452179e-02
1.639389246702194214e-02
1.662158966064453125e-02
1.637201197445392609e-02
1.659804955124855042e-02
1.634071394801139832e-02
1.629092730581760406e-02
1.627511158585548401e-02
1.638003624975681305e-02
1.648554019629955292e-02
1.625995151698589325e-02
1.632358133792877197e-02
1.629769802093505859e-02
1.645935513079166412e-02
1.638795994222164154e-02
1.639856770634651184e-02
1.624476350843906403e-02
1.641122438013553619e-02
1.623183116316795349e-02
1.647949591279029846e-02
1.616956107318401337e-02
1.629313081502914429e-02
1.611033268272876740e-02
1.622398383915424347e-02
1.619156822562217712e-02
1.637431792914867401e-02
1.644691452383995056e-02
1.628132350742816925e-02
1.662813499569892883e-02
1.638016849756240845e-02
1.624329946935176849e-02
1.626369915902614594e-02
1.624459214508533478e-02
1.647844165563583374e-02
1.624196954071521759e-02
1.639900170266628265e-02
1.630074530839920044e-02
1.613151468336582184e-02
1.639376953244209290e-02
1.621800474822521210e-02
1.629371196031570435e-02
1.639556698501110077e-02
1.626084744930267334e-02
1.619745418429374695e-02
1.629793271422386169e-02
1.619990356266498566e-02
1.627446711063385010e-02
1.610696874558925629e-02
1.612219028174877167e-02
1.637515425682067871e-02
1.633399538695812225e-02
1.650562696158885956e-02
1.642110757529735565e-02
1.620081067085266113e-02
1.629259809851646423e-02
1.613379269838333130e-02
1.620131917297840118e-02
1.635458879172801971e-02
1.631398685276508331e-02
1.619864813983440399e-02
1.626404188573360443e-02
1.677258871495723724e-02
1.617853902280330658e-02
1.632645167410373688e-02
1.622205227613449097e-02
1.642462052404880524e-02
1.629886031150817871e-02
1.639406755566596985e-02
1.628278568387031555e-02
1.623478345572948456e-02
1.632368378341197968e-02
1.666966080665588379e-02
1.637041568756103516e-02
1.605128869414329529e-02
1.603576168417930603e-02
1.624120213091373444e-02
1.663022302091121674e-02
1.646721735596656799e-02
1.622105576097965240e-02
1.614309847354888916e-02
1.595710590481758118e-02
1.626768149435520172e-02
1.622017472982406616e-02
1.616388373076915741e-02
1.629978604614734650e-02
1.619135588407516479e-02
1.622907444834709167e-02
1.607116870582103729e-02
1.635166816413402557e-02
1.636009290814399719e-02
1.621716096997261047e-02
1.618632674217224121e-02
1.660158112645149231e-02
1.642495766282081604e-02
1.631269231438636780e-02
1.608614996075630188e-02
1.669428497552871704e-02
1.618605293333530426e-02
1.644607819616794586e-02
1.620945148169994354e-02
1.638692058622837067e-02
1.621426269412040710e-02
1.619226671755313873e-02
1.640680618584156036e-02
1.633146405220031738e-02
1.635553501546382904e-02
1.609439402818679810e-02
1.612573489546775818e-02
1.638388819992542267e-02
1.615615561604499817e-02
1.638808101415634155e-02
1.643120497465133667e-02
1.624054275453090668e-02
1.612989418208599091e-02
1.619582623243331909e-02
1.634056121110916138e-02
1.609122380614280701e-02
1.617317646741867065e-02
1.638782396912574768e-02
1.655129715800285339e-02
1.614773832261562347e-02
1.643030159175395966e-02
1.632111705839633942e-02
1.645635813474655151e-02
1.608050614595413208e-02
1.608271338045597076e-02
1.638479158282279968e-02
1.634083874523639679e-02
1.641852781176567078e-02
1.625429466366767883e-02
1.610836014151573181e-02
1.629858650267124176e-02
1.610069349408149719e-02
1.629750803112983704e-02
1.618089340627193451e-02
1.605379953980445862e-02
1.621511392295360565e-02
1.640035584568977356e-02
1.610395871102809906e-02
1.640023849904537201e-02
1.618151552975177765e-02
1.614083163440227509e-02
1.615032367408275604e-02
1.625384017825126648e-02
1.613288559019565582e-02
1.616596616804599762e-02
1.622213982045650482e-02
1.620627194643020630e-02
1.623126678168773651e-02
1.617352478206157684e-02
1.619455032050609589e-02
1.632458716630935669e-02
1.616091839969158173e-02
1.626203581690788269e-02
1.617723703384399414e-02
1.612206734716892242e-02
1.609199866652488708e-02
1.613638363778591156e-02
1.609429158270359039e-02
1.597341895103454590e-02
1.618245430290699005e-02
1.633144728839397430e-02
1.628116890788078308e-02
1.659997366368770599e-02
1.612807437777519226e-02
1.611147262156009674e-02
1.609907671809196472e-02
1.610262691974639893e-02
1.623803935945034027e-02
1.611647568643093109e-02
1.594085246324539185e-02
1.616051793098449707e-02
1.617044024169445038e-02
1.627486757934093475e-02
1.618294045329093933e-02
1.613373681902885437e-02
1.606585830450057983e-02
1.610529236495494843e-02
1.615764573216438293e-02
1.615357212722301483e-02
1.626618951559066772e-02
1.602255739271640778e-02
1.678552851080894470e-02
1.632831990718841553e-02
1.598853804171085358e-02
1.602162607014179230e-02
1.601204462349414825e-02
1.641046442091464996e-02
1.605646125972270966e-02
1.655455306172370911e-02
1.604342646896839142e-02
1.609752699732780457e-02
1.592049375176429749e-02
1.617429591715335846e-02
1.600893959403038025e-02
1.622256264090538025e-02
1.620810665190219879e-02
1.613914407789707184e-02
1.622573658823966980e-02
1.610121503472328186e-02
1.601097732782363892e-02
1.619110256433486938e-02
1.608658395707607269e-02
1.617842912673950195e-02
1.618333719670772552e-02
1.620917581021785736e-02
1.608560979366302490e-02
1.610490120947360992e-02
1.607387140393257141e-02
1.607377640902996063e-02
1.612901501357555389e-02
1.635353453457355499e-02
1.621511019766330719e-02
1.611105538904666901e-02
1.609018072485923767e-02
1.620883867144584656e-02
1.592434756457805634e-02
1.619014516472816467e-02
1.604023016989231110e-02
1.624853909015655518e-02
1.610270328819751740e-02
1.595661975443363190e-02
1.616815105080604553e-02
1.616199128329753876e-02
1.625291071832180023e-02
1.637229323387145996e-02
1.603460311889648438e-02
1.592713221907615662e-02
1.602191291749477386e-02
1.599523611366748810e-02
1.603279635310173035e-02
1.591665297746658325e-02
1.623595878481864929e-02
1.589662022888660431e-02
1.604497060179710388e-02
1.595809124410152435e-02
1.603135466575622559e-02
1.611040905117988586e-02
1.592286489903926849e-02
1.598441787064075470e-02
1.592210307717323303e-02
1.614044792950153351e-02
1.608520932495594025e-02
1.626905426383018494e-02
1.598555408418178558e-02
1.611886546015739441e-02
1.598742976784706116e-02
1.585744135081768036e-02
1.621326990425586700e-02
1.590716466307640076e-02
1.616214960813522339e-02
1.616290397942066193e-02
1.598764955997467041e-02
1.603609882295131683e-02
1.622611097991466522e-02
1.615186221897602081e-02
1.595495454967021942e-02
1.601416990160942078e-02
1.599504053592681885e-02
1.602369174361228943e-02
1.598933711647987366e-02
1.610356755554676056e-02
1.595532894134521484e-02
1.591442525386810303e-02
1.609082333743572235e-02
1.603583246469497681e-02
1.594168134033679962e-02
1.593627966940402985e-02
1.612805575132369995e-02
1.608899235725402832e-02
1.613389514386653900e-02
1.620250381529331207e-02
1.596786826848983765e-02
1.591485552489757538e-02
1.594407483935356140e-02
1.588996499776840210e-02
1.596187427639961243e-02
1.615787111222743988e-02
1.604512333869934082e-02
1.585327461361885071e-02
1.624082401394844055e-02
1.618058606982231140e-02
1.582162268459796906e-02
1.601089164614677429e-02
1.588688418269157410e-02
1.589018851518630981e-02
1.606122404336929321e-02
1.601230166852474213e-02
1.582489348948001862e-02
1.616759225726127625e-02
1.599516719579696655e-02
1.618783175945281982e-02
1.600787043571472168e-02
1.614291407167911530e-02
1.606123149394989014e-02
1.601779647171497345e-02
1.591493561863899231e-02
1.584240235388278961e-02
1.600517518818378448e-02
1.628878340125083923e-02
1.596204191446304321e-02
1.596457324922084808e-02
1.618354767560958862e-02
1.608761772513389587e-02
1.584674417972564697e-02
1.598645932972431183e-02
1.605590805411338806e-02
1.590876094996929169e-02
1.606513373553752899e-02
1.601985096931457520e-02
1.604401692748069763e-02
1.596903800964355469e-02
1.588357426226139069e-02
1.599300466477870941e-02
1.588062755763530731e-02
1.602038741111755371e-02
1.594298891723155975e-02
1.590733416378498077e-02
1.588547416031360626e-02
1.616206020116806030e-02
1.607804559171199799e-02
1.586343720555305481e-02
1.608316600322723389e-02
1.581142097711563110e-02
1.594937592744827271e-02
1.607091352343559265e-02
1.594241708517074585e-02
1.617895066738128662e-02
1.615474186837673187e-02
1.581856608390808105e-02
1.587481610476970673e-02
1.617161370813846588e-02
1.580424048006534576e-02
1.591764017939567566e-02
1.579926908016204834e-02
1.591447181999683380e-02
1.599160395562648773e-02
1.645511947572231293e-02
1.585844531655311584e-02
1.585049927234649658e-02
1.583178900182247162e-02
1.589178666472434998e-02
1.599056459963321686e-02
1.592274755239486694e-02
1.586730778217315674e-02
1.585215888917446136e-02
1.587663032114505768e-02
1.592880301177501678e-02
1.589663885533809662e-02
1.596654765307903290e-02
1.596679724752902985e-02
1.616308093070983887e-02
1.631332188844680786e-02
1.586897484958171844e-02
1.581308431923389435e-02
1.587183214724063873e-02
1.614504493772983551e-02
1.585595868527889252e-02
1.589261367917060852e-02
1.613804697990417480e-02
1.596738211810588837e-02
1.597020402550697327e-02
1.595397666096687317e-02
1.576789468526840210e-02
1.602159999310970306e-02
1.582265645265579224e-02
1.586033590137958527e-02
1.576025225222110748e-02
1.597475633025169373e-02
1.607088930904865265e-02
1.598217710852622986e-02
1.601755432784557343e-02
1.597667485475540161e-02
1.580013707280158997e-02
1.612925156950950623e-02
1.587493531405925751e-02
1.599648594856262207e-02
1.582395844161510468e-02
1.574327796697616577e-02
1.575512997806072235e-02
1.562800258398056030e-02
1.595728844404220581e-02
1.610726863145828247e-02
1.589263975620269775e-02
1.581021957099437714e-02
1.582844741642475128e-02
1.575207151472568512e-02
1.594846323132514954e-02
1.594354771077632904e-02
1.601441577076911926e-02
1.594593562185764313e-02
1.604072749614715576e-02
1.606140844523906708e-02
1.572274975478649139e-02
1.588005572557449341e-02
1.608646288514137268e-02
1.607478410005569458e-02
1.585729047656059265e-02
1.572632044553756714e-02
1.605100557208061218e-02
1.590854860842227936e-02
1.583714969456195831e-02
1.586025580763816833e-02
1.584641449153423309e-02
1.592979393899440765e-02
1.573528163135051727e-02
1.607199572026729584e-02
1.618235372006893158e-02
1.600462198257446289e-02
1.569279655814170837e-02
1.591572724282741547e-02
1.591282151639461517e-02
1.579627394676208496e-02
1.595636270940303802e-02
1.586916670203208923e-02
1.575713790953159332e-02
1.579999737441539764e-02
1.596653647720813751e-02
1.557257305830717087e-02
1.590202748775482178e-02
1.577551476657390594e-02
1.575833186507225037e-02
1.608962006866931915e-02
1.582696102559566498e-02
1.599148102104663849e-02
1.593128032982349396e-02
1.582788862287998199e-02
1.572203077375888824e-02
1.569630019366741180e-02
1.573562994599342346e-02
1.594904810190200806e-02
1.597633771598339081e-02
1.573862880468368530e-02
1.576415263116359711e-02
1.575919426977634430e-02
1.578798703849315643e-02
1.589468680322170258e-02
1.584882847964763641e-02
1.603797823190689087e-02
1.603014953434467316e-02
1.575767062604427338e-02
1.570702530443668365e-02
