2.515261769294738770e-01
2.118888348340988159e-01
1.639458835124969482e-01
1.513852775096893311e-01
1.437736749649047852e-01
1.382082998752593994e-01
1.347536146640777588e-01
1.323135942220687866e-01
1.296157985925674438e-01
1.277167648077011108e-01
1.259108483791351318e-01
1.241303905844688416e-01
1.230457574129104614e-01
1.214371845126152039e-01
1.202858239412307739e-01
1.187237575650215149e-01
1.175304427742958069e-01
1.162102743983268738e-01
1.149764508008956909e-01
1.138365268707275391e-01
1.128916144371032715e-01
1.113035306334495544e-01
1.101301163434982300e-01
1.083396077156066895e-01
1.071486845612525940e-01
1.055406257510185242e-01
1.044324263930320740e-01
1.032367870211601257e-01
1.018776744604110718e-01
1.005029305815696716e-01
9.915938973426818848e-02
9.832317382097244263e-02
9.750010818243026733e-02
9.640984237194061279e-02
9.582436084747314453e-02
9.475885331630706787e-02
9.403176605701446533e-02
9.325784444808959961e-02
9.236309677362442017e-02
9.229373931884765625e-02
9.111605584621429443e-02
9.092134237289428711e-02
9.006324410438537598e-02
8.983600139617919922e-02
8.956059068441390991e-02
8.871734887361526489e-02
8.816363662481307983e-02
8.773664385080337524e-02
8.751881867647171021e-02
8.702051639556884766e-02
8.630158752202987671e-02
8.629057556390762329e-02
8.572425693273544312e-02
8.530947566032409668e-02
8.490204066038131714e-02
8.437564969062805176e-02
8.397112786769866943e-02
8.363215625286102295e-02
8.356108516454696655e-02
8.295122534036636353e-02
8.272466808557510376e-02
8.229178190231323242e-02
8.260373771190643311e-02
8.179848641157150269e-02
8.140060305595397949e-02
8.115294575691223145e-02
8.067242801189422607e-02
8.034138381481170654e-02
8.034057170152664185e-02
8.020118623971939087e-02
7.989520579576492310e-02
7.964698225259780884e-02
7.972158491611480713e-02
7.972275465726852417e-02
7.898541539907455444e-02
7.909163087606430054e-02
7.878694683313369751e-02
7.863862812519073486e-02
7.806529104709625244e-02
7.758335024118423462e-02
7.790869474411010742e-02
7.780987769365310669e-02
7.782586663961410522e-02
7.732254266738891602e-02
7.710744440555572510e-02
7.675378024578094482e-02
7.682967185974121094e-02
7.640927284955978394e-02
7.675935328006744385e-02
7.607238739728927612e-02
7.613177597522735596e-02
7.620368152856826782e-02
7.567340880632400513e-02
7.575391978025436401e-02
7.562538236379623413e-02
7.534641772508621216e-02
7.527285069227218628e-02
7.492731511592864990e-02
7.494493573904037476e-02
7.476676255464553833e-02
7.475221902132034302e-02
7.466925680637359619e-02
7.439672946929931641e-02
7.409840077161788940e-02
7.396367192268371582e-02
7.437703758478164673e-02
7.358802109956741333e-02
7.369381934404373169e-02
7.368695735931396484e-02
7.401157915592193604e-02
7.349193841218948364e-02
7.347368448972702026e-02
7.349769771099090576e-02
7.298579812049865723e-02
7.291670888662338257e-02
7.287545502185821533e-02
7.265740633010864258e-02
7.269866764545440674e-02
7.262963056564331055e-02
7.258433103561401367e-02
7.223515957593917847e-02
7.228638231754302979e-02
7.234292477369308472e-02
7.224186509847640991e-02
7.190687954425811768e-02
7.167027145624160767e-02
7.152020931243896484e-02
7.124212384223937988e-02
7.131110876798629761e-02
7.138301432132720947e-02
7.134212553501129150e-02
7.085274904966354370e-02
7.088777422904968262e-02
7.083016633987426758e-02
7.079426199197769165e-02
7.045674324035644531e-02
7.022901624441146851e-02
7.003905624151229858e-02
7.029224932193756104e-02
7.037532329559326172e-02
6.960375607013702393e-02
7.011597603559494019e-02
6.968060135841369629e-02
6.983294337987899780e-02
6.970124691724777222e-02
6.927308440208435059e-02
6.931634992361068726e-02
6.948176771402359009e-02
6.963269412517547607e-02
6.938520073890686035e-02
6.923567503690719604e-02
6.886406242847442627e-02
6.893793493509292603e-02
6.890146434307098389e-02
6.890562176704406738e-02
6.883505731821060181e-02
6.880303472280502319e-02
6.854011118412017822e-02
6.841746717691421509e-02
6.838028132915496826e-02
6.845196336507797241e-02
6.824805587530136108e-02
6.809355318546295166e-02
6.809365004301071167e-02
6.820124387741088867e-02
6.793309003114700317e-02
6.786382198333740234e-02
6.784165650606155396e-02
6.769395619630813599e-02
6.755565851926803589e-02
6.757701933383941650e-02
6.757728755474090576e-02
6.747581809759140015e-02
6.722362339496612549e-02
6.739546358585357666e-02
6.717507541179656982e-02
6.699626892805099487e-02
6.737390160560607910e-02
6.726100295782089233e-02
6.702039390802383423e-02
6.686414778232574463e-02
6.725337356328964233e-02
6.679072231054306030e-02
6.661808490753173828e-02
6.663731485605239868e-02
6.668765097856521606e-02
6.666705012321472168e-02
6.695543229579925537e-02
6.684879213571548462e-02
6.648536026477813721e-02
6.627839058637619019e-02
6.636461615562438965e-02
6.655982136726379395e-02
6.656495481729507446e-02
6.623128056526184082e-02
6.619106233119964600e-02
6.620459258556365967e-02
6.614819169044494629e-02
6.631073355674743652e-02
6.581608951091766357e-02
6.592820584774017334e-02
6.578814983367919922e-02
6.567869335412979126e-02
6.590925157070159912e-02
6.571102142333984375e-02
6.556024402379989624e-02
6.577516347169876099e-02
6.516639888286590576e-02
6.537269055843353271e-02
6.513179093599319458e-02
6.517443060874938965e-02
6.534088402986526489e-02
6.516425311565399170e-02
6.513256579637527466e-02
6.530951708555221558e-02
6.503011286258697510e-02
6.502563506364822388e-02
6.495534628629684448e-02
6.482315808534622192e-02
6.484222412109375000e-02
6.489495187997817993e-02
6.496420502662658691e-02
6.488908082246780396e-02
6.476709246635437012e-02
6.506800651550292969e-02
6.493204832077026367e-02
6.457425653934478760e-02
6.411509960889816284e-02
6.449253112077713013e-02
6.451092660427093506e-02
6.454795598983764648e-02
6.437645107507705688e-02
6.434839218854904175e-02
6.409554183483123779e-02
6.441868096590042114e-02
6.411246210336685181e-02
6.436915695667266846e-02
6.410176306962966919e-02
6.424979120492935181e-02
6.411088258028030396e-02
6.404805183410644531e-02
6.453404575586318970e-02
6.427625566720962524e-02
6.399814039468765259e-02
6.404870003461837769e-02
6.402539461851119995e-02
6.361277401447296143e-02
6.389106065034866333e-02
6.391495466232299805e-02
6.395786255598068237e-02
6.364022940397262573e-02
6.364622712135314941e-02
6.357049196958541870e-02
6.359543651342391968e-02
6.347647309303283691e-02
6.342119723558425903e-02
6.383652240037918091e-02
6.344889849424362183e-02
6.363543868064880371e-02
6.355118751525878906e-02
6.303757429122924805e-02
6.324220448732376099e-02
6.301177293062210083e-02
6.337669491767883301e-02
6.303270161151885986e-02
6.324717402458190918e-02
6.328108161687850952e-02
6.319472193717956543e-02
6.289429962635040283e-02
6.334661692380905151e-02
6.298428028821945190e-02
6.304688751697540283e-02
6.273459643125534058e-02
6.302563101053237915e-02
6.281758844852447510e-02
6.295476108789443970e-02
6.294205039739608765e-02
6.300827115774154663e-02
6.285545974969863892e-02
6.288652122020721436e-02
6.234978139400482178e-02
6.255360692739486694e-02
6.277780979871749878e-02
6.227659061551094055e-02
6.250345706939697266e-02
6.242199242115020752e-02
6.220023706555366516e-02
6.245256960391998291e-02
6.261534243822097778e-02
6.254364550113677979e-02
6.235815584659576416e-02
6.216532364487648010e-02
6.251946836709976196e-02
6.245127320289611816e-02
6.244379654526710510e-02
6.213678047060966492e-02
6.246023625135421753e-02
6.225293129682540894e-02
6.188684701919555664e-02
6.239198893308639526e-02
6.238427758216857910e-02
6.213278695940971375e-02
6.182583793997764587e-02
6.211960315704345703e-02
6.205219402909278870e-02
6.198257580399513245e-02
6.183055043220520020e-02
6.185520067811012268e-02
6.188683956861495972e-02
6.180099397897720337e-02
6.172707676887512207e-02
6.166657060384750366e-02
6.173623725771903992e-02
6.160800158977508545e-02
6.138339638710021973e-02
6.160344555974006653e-02
6.147658824920654297e-02
6.144334003329277039e-02
6.124205887317657471e-02
6.113455072045326233e-02
6.149839237332344055e-02
6.124549731612205505e-02
6.112250313162803650e-02
6.092249974608421326e-02
6.121174991130828857e-02
6.107135489583015442e-02
6.115986034274101257e-02
6.073910370469093323e-02
6.123222410678863525e-02
6.109747663140296936e-02
6.074096262454986572e-02
6.077944114804267883e-02
6.082773953676223755e-02
6.110057234764099121e-02
6.074650585651397705e-02
6.061048433184623718e-02
6.089818850159645081e-02
6.050113588571548462e-02
6.057386100292205811e-02
6.049742549657821655e-02
6.050512194633483887e-02
6.045266613364219666e-02
6.060808897018432617e-02
6.068193539977073669e-02
6.046119332313537598e-02
6.050889194011688232e-02
6.049287319183349609e-02
6.031166017055511475e-02
6.036087125539779663e-02
6.021548062562942505e-02
6.027176976203918457e-02
6.055519729852676392e-02
6.025367230176925659e-02
6.048145890235900879e-02
6.018175929784774780e-02
6.008640676736831665e-02
6.016763299703598022e-02
6.025741621851921082e-02
6.025937572121620178e-02
6.000905483961105347e-02
6.000228226184844971e-02
5.981555581092834473e-02
5.975260585546493530e-02
5.988287180662155151e-02
6.008770689368247986e-02
6.001149117946624756e-02
6.001635268330574036e-02
6.007146835327148438e-02
5.982739105820655823e-02
5.979114398360252380e-02
5.972830578684806824e-02
5.979145318269729614e-02
5.986184626817703247e-02
5.966581031680107117e-02
5.970609560608863831e-02
5.971492081880569458e-02
5.944608151912689209e-02
5.940411984920501709e-02
5.960696935653686523e-02
5.957768112421035767e-02
5.945368856191635132e-02
5.975899100303649902e-02
5.943962931632995605e-02
5.968871712684631348e-02
5.938173085451126099e-02
5.956619232892990112e-02
5.950518324971199036e-02
5.955294147133827209e-02
5.940024182200431824e-02
5.939565598964691162e-02
5.915245041251182556e-02
5.921895429491996765e-02
5.922862887382507324e-02
5.927518382668495178e-02
5.915872007608413696e-02
5.917064473032951355e-02
5.914583802223205566e-02
5.913894250988960266e-02
5.912937596440315247e-02
5.881852656602859497e-02
5.929512530565261841e-02
5.923371389508247375e-02
5.896444618701934814e-02
5.930287018418312073e-02
5.918728560209274292e-02
5.887131765484809875e-02
5.877589061856269836e-02
5.913326516747474670e-02
5.893661454319953918e-02
5.871875584125518799e-02
5.895285680890083313e-02
5.897925794124603271e-02
5.877062305808067322e-02
5.898015946149826050e-02
5.901740863919258118e-02
5.885755270719528198e-02
5.859889835119247437e-02
5.872435122728347778e-02
5.848608538508415222e-02
5.896518379449844360e-02
5.846882984042167664e-02
5.869020149111747742e-02
5.872609838843345642e-02
5.891115963459014893e-02
5.862106755375862122e-02
5.879307910799980164e-02
5.867121741175651550e-02
5.858600884675979614e-02
5.870915204286575317e-02
5.870629474520683289e-02
5.856710672378540039e-02
5.859636515378952026e-02
5.867281928658485413e-02
5.867810174822807312e-02
5.865621566772460938e-02
5.838646367192268372e-02
5.826368555426597595e-02
5.844393745064735413e-02
5.834510177373886108e-02
5.840332433581352234e-02
5.848412588238716125e-02
5.839909985661506653e-02
5.844654515385627747e-02
5.846087634563446045e-02
5.817544087767601013e-02
5.856836587190628052e-02
5.820649862289428711e-02
5.832301825284957886e-02
5.844244733452796936e-02
5.825969949364662170e-02
5.845164135098457336e-02
5.817259103059768677e-02
5.817375332117080688e-02
5.813056975603103638e-02
5.824732035398483276e-02
5.818674713373184204e-02
5.834381282329559326e-02
5.814363062381744385e-02
5.844505131244659424e-02
5.803487822413444519e-02
5.805257707834243774e-02
5.803275108337402344e-02
5.806684866547584534e-02
5.803290754556655884e-02
5.807873979210853577e-02
5.801767110824584961e-02
5.809961631894111633e-02
5.820316076278686523e-02
5.796614661812782288e-02
5.780186876654624939e-02
5.814357474446296692e-02
5.819799378514289856e-02
5.770637467503547668e-02
5.778446793556213379e-02
5.799230933189392090e-02
5.785469710826873779e-02
5.778050795197486877e-02
5.774789303541183472e-02
5.777774378657341003e-02
5.801992118358612061e-02
5.774768441915512085e-02
5.773161351680755615e-02
5.779853835701942444e-02
5.785613507032394409e-02
5.776650831103324890e-02
5.775298178195953369e-02
5.788964405655860901e-02
5.753050372004508972e-02
5.775806680321693420e-02
5.768809840083122253e-02
5.761997401714324951e-02
5.773082002997398376e-02
5.752417072653770447e-02
5.749891698360443115e-02
5.768677592277526855e-02
5.750570818781852722e-02
5.745132267475128174e-02
5.764638260006904602e-02
5.749599635601043701e-02
5.747425928711891174e-02
