2.519119083881378174e-01
2.514671087265014648e-01
2.505710721015930176e-01
2.105990201234817505e-01
1.752336174249649048e-01
1.687978059053421021e-01
1.657689213752746582e-01
1.636217981576919556e-01
1.603027880191802979e-01
1.534066647291183472e-01
1.407715827226638794e-01
1.299159675836563110e-01
1.216990947723388672e-01
1.157594397664070129e-01
1.110828518867492676e-01
1.072552055120468140e-01
1.043799147009849548e-01
1.003689765930175781e-01
9.755512326955795288e-02
9.435284137725830078e-02
9.139370918273925781e-02
8.871278911828994751e-02
8.633556216955184937e-02
8.385529369115829468e-02
8.160252869129180908e-02
7.934013009071350098e-02
7.765681296586990356e-02
7.552915811538696289e-02
7.383419573307037354e-02
7.240155339241027832e-02
7.037106156349182129e-02
6.917630881071090698e-02
6.730127334594726562e-02
6.592188775539398193e-02
6.415116041898727417e-02
6.321809440851211548e-02
6.159274652600288391e-02
6.037739664316177368e-02
5.879498273134231567e-02
5.767629668116569519e-02
5.626587569713592529e-02
5.530276522040367126e-02
5.415614321827888489e-02
5.290556699037551880e-02
5.215821415185928345e-02
5.095386877655982971e-02
4.996380209922790527e-02
4.883264005184173584e-02
4.802151396870613098e-02
4.725038260221481323e-02
4.637517780065536499e-02
4.567956924438476562e-02
4.477218165993690491e-02
4.410346969962120056e-02
4.385395720601081848e-02
4.264645278453826904e-02
4.209182783961296082e-02
4.146501049399375916e-02
4.089687764644622803e-02
4.051047191023826599e-02
3.976358473300933838e-02
3.928868100047111511e-02
3.877377137541770935e-02
3.824748843908309937e-02
3.765948116779327393e-02
3.726155683398246765e-02
3.691654279828071594e-02
3.639275953173637390e-02
3.583726659417152405e-02
3.566361218690872192e-02
3.507429361343383789e-02
3.491562232375144958e-02
3.447777405381202698e-02
3.377112001180648804e-02
3.362824395298957825e-02
3.312145173549652100e-02
3.293049708008766174e-02
3.260230273008346558e-02
3.222788870334625244e-02
3.210950270295143127e-02
3.178985416889190674e-02
3.134025260806083679e-02
3.107373602688312531e-02
3.077310137450695038e-02
3.070198558270931244e-02
3.003805316984653473e-02
2.993347682058811188e-02
2.961077168583869934e-02
2.936364524066448212e-02
2.928400598466396332e-02
2.893346361815929413e-02
2.886873669922351837e-02
2.862542681396007538e-02
2.827166207134723663e-02
2.800817787647247314e-02
2.795477584004402161e-02
2.770391292870044708e-02
2.752543427050113678e-02
2.740331552922725677e-02
2.722576446831226349e-02
2.704388648271560669e-02
2.684063464403152466e-02
2.653048932552337646e-02
2.630978822708129883e-02
2.605202980339527130e-02
2.608908526599407196e-02
2.576541714370250702e-02
2.565996535122394562e-02
2.538218721747398376e-02
2.523585036396980286e-02
2.526712231338024139e-02
2.512542903423309326e-02
2.501199021935462952e-02
2.478495612740516663e-02
2.443522587418556213e-02
2.432890608906745911e-02
2.420690841972827911e-02
2.406522445380687714e-02
2.392719499766826630e-02
2.402374707162380219e-02
2.369041927158832550e-02
2.353577874600887299e-02
2.341856434941291809e-02
2.340946160256862640e-02
2.316444180905818939e-02
2.301852963864803314e-02
2.297338657081127167e-02
2.278621122241020203e-02
2.283557690680027008e-02
2.263641543686389923e-02
2.255528792738914490e-02
2.233204618096351624e-02
2.220297046005725861e-02
2.212353982031345367e-02
2.202332019805908203e-02
2.217255905270576477e-02
2.181714400649070740e-02
2.156375348567962646e-02
2.170888520777225494e-02
2.163437567651271820e-02
2.149516344070434570e-02
2.123689092695713043e-02
2.108460664749145508e-02
2.118941023945808411e-02
2.097244001924991608e-02
2.088507637381553650e-02
2.088362537324428558e-02
2.067450806498527527e-02
2.086679823696613312e-02
2.057436481118202209e-02
2.034680359065532684e-02
2.050871588289737701e-02
2.021943964064121246e-02
2.031220123171806335e-02
2.011715248227119446e-02
1.992914639413356781e-02
1.995748095214366913e-02
1.993815414607524872e-02
1.961999200284481049e-02
1.986670121550559998e-02
1.976421102881431580e-02
1.963601447641849518e-02
1.946086809039115906e-02
1.935457438230514526e-02
1.945158094167709351e-02
1.933082379400730133e-02
1.924880966544151306e-02
1.911487244069576263e-02
1.890657469630241394e-02
1.906243525445461273e-02
1.896208710968494415e-02
1.888229139149188995e-02
1.879459433257579803e-02
1.873215846717357635e-02
1.861251145601272583e-02
1.850961521267890930e-02
1.848562434315681458e-02
1.840271428227424622e-02
1.835884898900985718e-02
1.829529739916324615e-02
1.818701997399330139e-02
1.820370927453041077e-02
1.825477182865142822e-02
1.819290965795516968e-02
1.799612864851951599e-02
1.797500811517238617e-02
1.787169091403484344e-02
1.788147166371345520e-02
1.778602041304111481e-02
1.772325299680233002e-02
1.772730611264705658e-02
1.762877590954303741e-02
1.754675433039665222e-02
1.750131137669086456e-02
1.740956120193004608e-02
1.763612031936645508e-02
1.729977875947952271e-02
1.732842810451984406e-02
1.733080111443996429e-02
1.734607480466365814e-02
1.712871715426445007e-02
1.708600297570228577e-02
1.714608818292617798e-02
1.694997213780879974e-02
1.709702238440513611e-02
1.697736606001853943e-02
1.692343689501285553e-02
1.686567999422550201e-02
1.663825288414955139e-02
1.683046482503414154e-02
1.667358912527561188e-02
1.663595251739025116e-02
1.656870916485786438e-02
1.660879142582416534e-02
1.655853353440761566e-02
1.649083383381366730e-02
1.637176424264907837e-02
1.641536504030227661e-02
1.626171171665191650e-02
1.620138250291347504e-02
1.634481176733970642e-02
1.626766286790370941e-02
1.625772565603256226e-02
1.611535251140594482e-02
1.609590090811252594e-02
1.611631549894809723e-02
1.612196490168571472e-02
1.602901890873908997e-02
1.583391986787319183e-02
1.594976335763931274e-02
1.596274226903915405e-02
1.597595959901809692e-02
1.572467945516109467e-02
1.586809568107128143e-02
1.578939519822597504e-02
1.572442799806594849e-02
1.563050784170627594e-02
1.562932878732681274e-02
1.562513969838619232e-02
1.564026437699794769e-02
1.557225547730922699e-02
1.550495158880949020e-02
1.544696278870105743e-02
1.545021217316389084e-02
1.548316236585378647e-02
1.541132107377052307e-02
1.532533671706914902e-02
1.536847278475761414e-02
1.515693403780460358e-02
1.519179157912731171e-02
1.521398499608039856e-02
1.507990434765815735e-02
1.506426837295293808e-02
1.507188566029071808e-02
1.510542072355747223e-02
1.491756830364465714e-02
1.489971950650215149e-02
1.495354622602462769e-02
1.486791856586933136e-02
1.477361191064119339e-02
1.477613113820552826e-02
1.502705086022615433e-02
1.483683567494153976e-02
1.475171558558940887e-02
1.479826215654611588e-02
1.477045565843582153e-02
1.467329263687133789e-02
1.458265539258718491e-02
1.467860117554664612e-02
1.448917295783758163e-02
1.467813365161418915e-02
1.462096627801656723e-02
1.461229845881462097e-02
1.439949125051498413e-02
1.450642757117748260e-02
1.445354800671339035e-02
1.444096025079488754e-02
1.426083035767078400e-02
1.441926416009664536e-02
1.433498412370681763e-02
1.417576428502798080e-02
1.413209829479455948e-02
1.424879487603902817e-02
1.424989942461252213e-02
1.421121228486299515e-02
1.408828515559434891e-02
1.419008895754814148e-02
1.390117406845092773e-02
1.400105003267526627e-02
1.398902293294668198e-02
1.410488132387399673e-02
1.402113214135169983e-02
1.396179571747779846e-02
1.404189784079790115e-02
1.404486037790775299e-02
1.388252153992652893e-02
1.386999804526567459e-02
1.403958257287740707e-02
1.393629331141710281e-02
1.369119621813297272e-02
1.381338667124509811e-02
1.382110361009836197e-02
1.381352823227643967e-02
1.380646880716085434e-02
1.377656776458024979e-02
1.360835693776607513e-02
1.368289347738027573e-02
1.367279421538114548e-02
1.363621000200510025e-02
1.371412444859743118e-02
1.355545595288276672e-02
1.353690307587385178e-02
1.356856059283018112e-02
1.347058638930320740e-02
1.344752870500087738e-02
1.344862487167119980e-02
1.340772118419408798e-02
1.334364153444766998e-02
1.337153650820255280e-02
1.342021860182285309e-02
1.329568587243556976e-02
1.332905236631631851e-02
1.328789163380861282e-02
1.328864786773920059e-02
1.319662760943174362e-02
1.330270897597074509e-02
1.315048243850469589e-02
1.314394269138574600e-02
1.323425304144620895e-02
1.321191620081663132e-02
1.305440254509449005e-02
1.323788613080978394e-02
1.317248307168483734e-02
1.307726185768842697e-02
1.303002424538135529e-02
1.302180066704750061e-02
1.296067330986261368e-02
1.299709454178810120e-02
1.314679440110921860e-02
1.293747499585151672e-02
1.284882891923189163e-02
1.279632095247507095e-02
1.295090653002262115e-02
1.285165920853614807e-02
1.294389087706804276e-02
1.283605303615331650e-02
1.296100765466690063e-02
1.291133277118206024e-02
1.283051818609237671e-02
1.280228421092033386e-02
1.287144608795642853e-02
1.270932797342538834e-02
1.273082103580236435e-02
1.278883963823318481e-02
1.265246979892253876e-02
1.269787456840276718e-02
1.272822450846433640e-02
1.266141887754201889e-02
1.261703483760356903e-02
1.257936470210552216e-02
1.264735031872987747e-02
1.254688389599323273e-02
1.263033319264650345e-02
1.255496870726346970e-02
1.253439206629991531e-02
1.259377878159284592e-02
1.258304715156555176e-02
1.236873120069503784e-02
1.250436995178461075e-02
1.258654147386550903e-02
1.247406471520662308e-02
1.235368568450212479e-02
1.246379315853118896e-02
1.235888898372650146e-02
1.226538699120283127e-02
1.238706428557634354e-02
1.238768734037876129e-02
1.245704293251037598e-02
1.227958407253026962e-02
1.230113767087459564e-02
1.219815853983163834e-02
1.224717870354652405e-02
1.217869948595762253e-02
1.227277610450983047e-02
1.216930989176034927e-02
1.235080696642398834e-02
1.216521672904491425e-02
1.228926330804824829e-02
1.210294943302869797e-02
1.218750607222318649e-02
1.216905098408460617e-02
1.210117992013692856e-02
1.203040592372417450e-02
1.198305469006299973e-02
1.206928677856922150e-02
1.206822413951158524e-02
1.211397536098957062e-02
1.201973482966423035e-02
1.208882499486207962e-02
1.213488634675741196e-02
1.208600774407386780e-02
1.197586581110954285e-02
1.189936790615320206e-02
1.193926855921745300e-02
1.191798038780689240e-02
1.200701948255300522e-02
1.191148534417152405e-02
1.182683836668729782e-02
1.191489025950431824e-02
1.192690059542655945e-02
1.184289157390594482e-02
1.168795675039291382e-02
1.165304984897375107e-02
1.179253496229648590e-02
1.185520458966493607e-02
1.183346845209598541e-02
1.173644140362739563e-02
1.185855455696582794e-02
1.168776489794254303e-02
1.180170476436614990e-02
1.161733269691467285e-02
1.179854106158018112e-02
1.156985107809305191e-02
1.176010351628065109e-02
1.154970936477184296e-02
1.162134017795324326e-02
1.173474732786417007e-02
1.155336387455463409e-02
1.161855272948741913e-02
1.154334004968404770e-02
1.150113157927989960e-02
1.166481524705886841e-02
1.152054965496063232e-02
1.158679369837045670e-02
1.161868032068014145e-02
1.144914329051971436e-02
1.147352810949087143e-02
1.136017870157957077e-02
1.145967375487089157e-02
1.145819202065467834e-02
1.155517064034938812e-02
1.146052125841379166e-02
1.149815414100885391e-02
1.134302560240030289e-02
1.134444028139114380e-02
1.147210597991943359e-02
1.139622833579778671e-02
1.131527684628963470e-02
1.140344236046075821e-02
1.138537935912609100e-02
1.132554095238447189e-02
1.136328093707561493e-02
1.124930568039417267e-02
1.138841267675161362e-02
1.129413116723299026e-02
1.123913843184709549e-02
1.136190537363290787e-02
1.123150717467069626e-02
1.142144761979579926e-02
1.128631457686424255e-02
1.122607290744781494e-02
1.128054037690162659e-02
1.118358597159385681e-02
1.124008931219577789e-02
1.122520677745342255e-02
1.108920294791460037e-02
1.126709207892417908e-02
1.122227590531110764e-02
1.112988404929637909e-02
1.118581555783748627e-02
1.114796940237283707e-02
1.109897624701261520e-02
1.113504916429519653e-02
1.112928800284862518e-02
1.108520012348890305e-02
1.116508990526199341e-02
1.106157433241605759e-02
1.111659221351146698e-02
1.095476374030113220e-02
1.102154795080423355e-02
1.098946295678615570e-02
1.100026816129684448e-02
1.106866728514432907e-02
1.094958465546369553e-02
1.101297792047262192e-02
1.086365617811679840e-02
1.110313180834054947e-02
1.095864735543727875e-02
1.097322721034288406e-02
1.102844905108213425e-02
1.093386486172676086e-02
1.099267415702342987e-02
1.080924365669488907e-02
1.092257164418697357e-02
1.080332044512033463e-02
1.086365152150392532e-02
1.094548404216766357e-02
1.079801842570304871e-02
1.100684329867362976e-02
1.076582819223403931e-02
1.076843123883008957e-02
1.082726567983627319e-02
1.091264002025127411e-02
1.089992932975292206e-02
1.078455708920955658e-02
1.074246596544981003e-02
1.073072571307420731e-02
1.073735021054744720e-02
1.073757559061050415e-02
1.069673430174589157e-02
1.083249878138303757e-02
1.086631789803504944e-02
1.067481841892004013e-02
1.064428500831127167e-02
1.066453196108341217e-02
1.057440415024757385e-02
1.079923845827579498e-02
1.067531853914260864e-02
1.071183942258358002e-02
1.072109956294298172e-02
1.069714780896902084e-02
1.053851749747991562e-02
1.061749830842018127e-02
1.056245900690555573e-02
1.063889171928167343e-02
1.071398332715034485e-02
1.059350837022066116e-02
1.060115452855825424e-02
1.055343262851238251e-02
1.043889764696359634e-02
1.062542106956243515e-02
1.053033955395221710e-02
1.049094740301370621e-02
1.059673540294170380e-02
1.056628581136465073e-02
1.036300789564847946e-02
1.060636248439550400e-02
1.041344739496707916e-02
1.040272600948810577e-02
1.050317846238613129e-02
1.042308472096920013e-02
1.045032683759927750e-02
1.043373439460992813e-02
1.050581969320774078e-02
1.046562660485506058e-02
1.043305266648530960e-02
1.040699426084756851e-02
1.041814405471086502e-02
1.039776299148797989e-02
1.039405632764101028e-02
1.034190692007541656e-02
1.025571580976247787e-02
1.032474171370267868e-02
1.050168927758932114e-02
1.035911217331886292e-02
1.041947212070226669e-02
1.024445705115795135e-02
1.026031281799077988e-02
1.027213502675294876e-02
1.023299805819988251e-02
1.024023909121751785e-02
1.024296227842569351e-02
1.024707220494747162e-02
1.026230491697788239e-02
1.015290431678295135e-02
1.013886649161577225e-02
1.029503811150789261e-02
1.037605665624141693e-02
1.029021386057138443e-02
1.026025600731372833e-02
1.020477339625358582e-02
1.020802464336156845e-02
1.021541561931371689e-02
1.003519725054502487e-02
1.032197661697864532e-02
1.020264346152544022e-02
1.027286425232887268e-02
1.021252851933240891e-02
1.020953711122274399e-02
9.980820119380950928e-03
1.025001797825098038e-02
1.008179131895303726e-02
1.010659709572792053e-02
1.015738490968942642e-02
1.002255268394947052e-02
1.015618909150362015e-02
1.004555448889732361e-02
1.000423822551965714e-02
1.019794680178165436e-02
1.011058408766984940e-02
1.002500951290130615e-02
1.000292692333459854e-02
1.003721915185451508e-02
9.951676242053508759e-03
9.985458105802536011e-03
9.973626583814620972e-03
1.011794991791248322e-02
1.003485079854726791e-02
9.981295093894004822e-03
9.951390326023101807e-03
1.004380825906991959e-02
9.913541376590728760e-03
1.003762800246477127e-02
9.911456145346164703e-03
9.973061271011829376e-03
9.994170628488063812e-03
1.003516092896461487e-02
9.874124079942703247e-03
9.925755672156810760e-03
9.815168567001819611e-03
9.944864548742771149e-03
9.933933615684509277e-03
9.878252632915973663e-03
9.860596619546413422e-03
9.887308813631534576e-03
9.917858988046646118e-03
9.878768585622310638e-03
1.000670902431011200e-02
9.833491407334804535e-03
1.001161150634288788e-02
9.852449409663677216e-03
9.853920899331569672e-03
9.805255569517612457e-03
9.883253835141658783e-03
9.751588106155395508e-03
9.840348735451698303e-03
9.784715250134468079e-03
9.881032630801200867e-03
9.880886413156986237e-03
9.821887128055095673e-03
9.743859991431236267e-03
9.786127135157585144e-03
9.749761782586574554e-03
9.844566695392131805e-03
9.774726815521717072e-03
9.804322384297847748e-03
9.924220852553844452e-03
9.854496456682682037e-03
9.833444841206073761e-03
9.728618897497653961e-03
9.736164472997188568e-03
9.770802222192287445e-03
9.718988090753555298e-03
9.613892063498497009e-03
9.705850854516029358e-03
9.690377861261367798e-03
9.692706167697906494e-03
9.816673584282398224e-03
9.681031107902526855e-03
9.732429869472980499e-03
9.623876772820949554e-03
9.644817560911178589e-03
9.687160141766071320e-03
9.723463095724582672e-03
9.535010904073715210e-03
9.663314558565616608e-03
9.640021249651908875e-03
9.745280258357524872e-03
9.606130421161651611e-03
9.652437642216682434e-03
9.612164460122585297e-03
9.600485675036907196e-03
9.624379687011241913e-03
9.693955071270465851e-03
9.454236365854740143e-03
9.683847427368164062e-03
9.554198943078517914e-03
9.492680430412292480e-03
9.648558683693408966e-03
9.625501930713653564e-03
9.636556729674339294e-03
9.535055607557296753e-03
9.564228355884552002e-03
9.480576962232589722e-03
9.573061950504779816e-03
9.516833350062370300e-03
9.562731720507144928e-03
9.444219991564750671e-03
9.490357711911201477e-03
9.591825306415557861e-03
9.604056365787982941e-03
9.493650868535041809e-03
9.571602568030357361e-03
9.500254876911640167e-03
9.440334513783454895e-03
9.443583898246288300e-03
9.392180480062961578e-03
9.390337392687797546e-03
9.479023516178131104e-03
9.532253257930278778e-03
9.525397792458534241e-03
9.323457255959510803e-03
9.505763649940490723e-03
9.419243782758712769e-03
9.358761832118034363e-03
9.310935623943805695e-03
9.607398882508277893e-03
9.482267312705516815e-03
9.372207336127758026e-03
9.518159553408622742e-03
9.332475252449512482e-03
9.430888108909130096e-03
9.398647584021091461e-03
9.457082487642765045e-03
9.368232451379299164e-03
9.362574666738510132e-03
9.364835917949676514e-03
9.336426854133605957e-03
9.252822957932949066e-03
9.312581270933151245e-03
9.262668900191783905e-03
9.381230920553207397e-03
9.235139936208724976e-03
9.325563907623291016e-03
9.254007600247859955e-03
9.370952844619750977e-03
9.441211819648742676e-03
9.167385287582874298e-03
9.344650432467460632e-03
9.248075075447559357e-03
9.297679178416728973e-03
9.289706125855445862e-03
9.326877072453498840e-03
9.243140928447246552e-03
9.262506850063800812e-03
9.361083619296550751e-03
9.261156432330608368e-03
9.126465767621994019e-03
9.272428229451179504e-03
9.189798496663570404e-03
9.133635088801383972e-03
9.152246639132499695e-03
9.221885353326797485e-03
9.287876076996326447e-03
9.177263826131820679e-03
9.273338131606578827e-03
9.304926730692386627e-03
9.248999878764152527e-03
9.188787080347537994e-03
9.132201783359050751e-03
9.095042943954467773e-03
9.161829948425292969e-03
9.190337732434272766e-03
9.181886911392211914e-03
9.055409580469131470e-03
9.213100187480449677e-03
9.181472472846508026e-03
9.218621999025344849e-03
9.114507585763931274e-03
9.087909944355487823e-03
9.155198931694030762e-03
9.095564484596252441e-03
9.107442572712898254e-03
9.184745140373706818e-03
9.057190269231796265e-03
9.176581166684627533e-03
9.178543463349342346e-03
9.075830690562725067e-03
9.068212471902370453e-03
9.034685790538787842e-03
8.969481103122234344e-03
9.197831153869628906e-03
9.080764837563037872e-03
9.137128479778766632e-03
9.167814627289772034e-03
9.029403328895568848e-03
9.075645357370376587e-03
9.072129614651203156e-03
9.004353545606136322e-03
8.986151777207851410e-03
9.292172268033027649e-03
9.040174074470996857e-03
9.068890474736690521e-03
8.922327309846878052e-03
9.072561748325824738e-03
9.055909700691699982e-03
9.109362028539180756e-03
8.991255424916744232e-03
9.054616093635559082e-03
9.042950347065925598e-03
8.913400582969188690e-03
8.988254703581333160e-03
8.984197862446308136e-03
8.951143361628055573e-03
8.947180584073066711e-03
8.975444361567497253e-03
9.133544750511646271e-03
8.968088775873184204e-03
8.999815210700035095e-03
8.907346986234188080e-03
8.836711756885051727e-03
8.991270326077938080e-03
8.885189890861511230e-03
9.062520228326320648e-03
8.981820195913314819e-03
8.892525918781757355e-03
8.963536471128463745e-03
8.966336958110332489e-03
8.857739157974720001e-03
8.890377357602119446e-03
8.911096490919589996e-03
9.015322662889957428e-03
8.826694451272487640e-03
8.833888918161392212e-03
9.007312357425689697e-03
8.869738318026065826e-03
8.932282216846942902e-03
8.815240114927291870e-03
8.795077912509441376e-03
8.877553045749664307e-03
8.838774636387825012e-03
8.763480931520462036e-03
8.733341470360755920e-03
8.917571976780891418e-03
8.844912983477115631e-03
8.848331868648529053e-03
8.928812108933925629e-03
8.894500322639942169e-03
8.664791472256183624e-03
8.755950257182121277e-03
8.868085220456123352e-03
8.905488066375255585e-03
8.812067098915576935e-03
8.802028372883796692e-03
8.843824267387390137e-03
8.748074062168598175e-03
8.728817105293273926e-03
8.913949131965637207e-03
8.651049807667732239e-03
8.817871101200580597e-03
8.893296122550964355e-03
8.778216317296028137e-03
8.737015537917613983e-03
8.753859438002109528e-03
8.804518729448318481e-03
8.760345168411731720e-03
8.814108557999134064e-03
8.860789239406585693e-03
8.667953312397003174e-03
8.787222206592559814e-03
8.792904205620288849e-03
8.647599257528781891e-03
8.721177466213703156e-03
8.750990964472293854e-03
8.670018054544925690e-03
8.712260052561759949e-03
8.713004179298877716e-03
8.776709437370300293e-03
8.596307598054409027e-03
8.671425282955169678e-03
8.744823746383190155e-03
8.869300596415996552e-03
8.819608017802238464e-03
8.671268820762634277e-03
8.626138791441917419e-03
8.605090901255607605e-03
8.640446700155735016e-03
8.625493384897708893e-03
8.676866069436073303e-03
8.684521540999412537e-03
8.724374696612358093e-03
8.660479448735713959e-03
8.742397651076316833e-03
8.686053566634654999e-03
8.685707114636898041e-03
8.810088969767093658e-03
8.670443668961524963e-03
8.624730631709098816e-03
8.590749464929103851e-03
8.716292679309844971e-03
8.570008911192417145e-03
8.664833381772041321e-03
8.715230971574783325e-03
8.566353470087051392e-03
8.679623715579509735e-03
8.625327609479427338e-03
8.583520539104938507e-03
8.662874810397624969e-03
8.714514784514904022e-03
8.696605451405048370e-03
8.539041504263877869e-03
8.492575958371162415e-03
8.585008792579174042e-03
8.605888113379478455e-03
8.649117313325405121e-03
8.576917462050914764e-03
8.570567704737186432e-03
8.704248815774917603e-03
8.566288277506828308e-03
8.591637946665287018e-03
8.461751043796539307e-03
8.508455008268356323e-03
8.466341532766819000e-03
8.623917587101459503e-03
8.563676849007606506e-03
8.582048118114471436e-03
8.540282957255840302e-03
8.480926975607872009e-03
8.543586358428001404e-03
8.474709466099739075e-03
8.495804853737354279e-03
8.481777273118495941e-03
8.489890955388545990e-03
8.462318219244480133e-03
8.370190858840942383e-03
8.642315864562988281e-03
8.463265374302864075e-03
8.438827469944953918e-03
8.321585133671760559e-03
8.522152900695800781e-03
8.605953305959701538e-03
8.497089147567749023e-03
8.461147546768188477e-03
8.470832370221614838e-03
8.407779037952423096e-03
8.412743918597698212e-03
8.518877439200878143e-03
8.436076343059539795e-03
8.474294096231460571e-03
8.500346913933753967e-03
8.513348177075386047e-03
8.493288420140743256e-03
8.401057682931423187e-03
8.384150452911853790e-03
8.457859978079795837e-03
8.460970595479011536e-03
8.375693112611770630e-03
8.560137823224067688e-03
8.403370156884193420e-03
8.422223851084709167e-03
8.381005376577377319e-03
8.369178511202335358e-03
8.517161011695861816e-03
8.320786990225315094e-03
8.359619416296482086e-03
8.398093283176422119e-03
8.300836198031902313e-03
8.351894095540046692e-03
8.472778834402561188e-03
8.453856222331523895e-03
8.350265212357044220e-03
8.376774378120899200e-03
8.473302237689495087e-03
8.401589468121528625e-03
8.354325778782367706e-03
8.365414105355739594e-03
8.374900557100772858e-03
8.213602006435394287e-03
8.334623649716377258e-03
8.387705311179161072e-03
8.306057192385196686e-03
8.355731144547462463e-03
8.488819934427738190e-03
8.314219303429126740e-03
8.351515047252178192e-03
8.270520716905593872e-03
8.375160396099090576e-03
8.342726156115531921e-03
8.394558914005756378e-03
8.371959440410137177e-03
8.283090777695178986e-03
8.349345065653324127e-03
8.292994461953639984e-03
8.322087116539478302e-03
8.400276303291320801e-03
8.246365003287792206e-03
8.265283890068531036e-03
8.354400284588336945e-03
8.246920071542263031e-03
8.296657353639602661e-03
8.274215273559093475e-03
8.304403163492679596e-03
8.248733356595039368e-03
8.350837044417858124e-03
8.269164711236953735e-03
8.284137584269046783e-03
8.286458440124988556e-03
8.241428993642330170e-03
8.313911035656929016e-03
8.196560665965080261e-03
8.248697966337203979e-03
8.248933590948581696e-03
8.284459821879863739e-03
8.362961933016777039e-03
8.242379873991012573e-03
8.176445960998535156e-03
8.232977241277694702e-03
8.348805829882621765e-03
8.312898688018321991e-03
8.273923769593238831e-03
8.233502507209777832e-03
8.262205868959426880e-03
8.247843012213706970e-03
8.255124092102050781e-03
8.113371208310127258e-03
8.100755512714385986e-03
8.208545856177806854e-03
8.143071085214614868e-03
8.284862153232097626e-03
8.202921599149703979e-03
8.118670433759689331e-03
8.159835822880268097e-03
8.194253779947757721e-03
8.201977238059043884e-03
8.141416124999523163e-03
8.203543722629547119e-03
8.244600147008895874e-03
8.168638683855533600e-03
8.150444366037845612e-03
8.200282230973243713e-03
8.086679503321647644e-03
8.257391862571239471e-03
8.149139583110809326e-03
8.125960826873779297e-03
8.247769437730312347e-03
8.047457784414291382e-03
8.118632249534130096e-03
8.101128041744232178e-03
8.112000301480293274e-03
8.196057751774787903e-03
8.214458823204040527e-03
8.053935132920742035e-03
8.091046474874019623e-03
8.114803582429885864e-03
8.082571439445018768e-03
8.179830387234687805e-03
8.100971579551696777e-03
8.079914376139640808e-03
8.042499423027038574e-03
8.141962811350822449e-03
8.041968569159507751e-03
8.134400472044944763e-03
8.138030767440795898e-03
8.132481016218662262e-03
8.090885356068611145e-03
8.201291784644126892e-03
8.110960945487022400e-03
8.017594926059246063e-03
8.213791064918041229e-03
8.093658834695816040e-03
8.053482510149478912e-03
8.022768422961235046e-03
8.112819865345954895e-03
8.001772686839103699e-03
8.186892606317996979e-03
8.042361587285995483e-03
8.138759993016719818e-03
8.112592622637748718e-03
8.055064827203750610e-03
8.138056844472885132e-03
8.089645765721797943e-03
7.971732877194881439e-03
8.047433570027351379e-03
8.122953586280345917e-03
8.049204945564270020e-03
8.103686384856700897e-03
8.005539886653423309e-03
8.059014566242694855e-03
8.162433281540870667e-03
7.986121810972690582e-03
8.014415390789508820e-03
8.085903711616992950e-03
8.034273982048034668e-03
8.034366182982921600e-03
8.030093275010585785e-03
8.075392805039882660e-03
7.991644553840160370e-03
8.181322365999221802e-03
8.003215305507183075e-03
8.029163815081119537e-03
7.981318980455398560e-03
8.081316947937011719e-03
7.944731973111629486e-03
7.927037775516510010e-03
8.030931465327739716e-03
7.994483225047588348e-03
8.093849755823612213e-03
8.017336949706077576e-03
7.939533330500125885e-03
7.979411631822586060e-03
7.924964651465415955e-03
8.105517365038394928e-03
8.095807395875453949e-03
7.961975410580635071e-03
8.024961687624454498e-03
8.022112771868705750e-03
8.097122423350811005e-03
7.949658669531345367e-03
8.037786930799484253e-03
8.024988695979118347e-03
7.932337000966072083e-03
7.981470786035060883e-03
8.074468001723289490e-03
7.900349795818328857e-03
7.909434847533702850e-03
7.994710467755794525e-03
7.893619127571582794e-03
7.935442961752414703e-03
7.888318039476871490e-03
7.828303612768650055e-03
8.063451386988162994e-03
7.969802245497703552e-03
7.973459549248218536e-03
7.930425927042961121e-03
7.939754053950309753e-03
7.933664135634899139e-03
7.894715294241905212e-03
7.967076264321804047e-03
7.940624840557575226e-03
7.954954169690608978e-03
7.877559401094913483e-03
7.918818853795528412e-03
7.909866049885749817e-03
7.859248667955398560e-03
7.923891767859458923e-03
7.904475554823875427e-03
7.835880853235721588e-03
7.877299562096595764e-03
7.902859710156917572e-03
7.902609184384346008e-03
7.960813120007514954e-03
7.793195080012083054e-03
7.863922975957393646e-03
7.833406329154968262e-03
7.826955989003181458e-03
7.945202291011810303e-03
7.978889159858226776e-03
7.895066402852535248e-03
7.835477590560913086e-03
7.838089019060134888e-03
7.868637330830097198e-03
7.989919744431972504e-03
7.886405102908611298e-03
7.942891679704189301e-03
7.825744338333606720e-03
7.858823984861373901e-03
7.982716895639896393e-03
7.809779606759548187e-03
7.808930706232786179e-03
7.876971736550331116e-03
7.891633547842502594e-03
7.823163643479347229e-03
8.004956878721714020e-03
7.757505867630243301e-03
7.949812337756156921e-03
7.925144396722316742e-03
7.897023111581802368e-03
7.748289965093135834e-03
7.823594845831394196e-03
7.742848247289657593e-03
7.852890528738498688e-03
7.796329446136951447e-03
7.809425238519906998e-03
7.826196961104869843e-03
7.814697921276092529e-03
7.839859463274478912e-03
7.800000719726085663e-03
7.958857342600822449e-03
7.799161132425069809e-03
7.766206283122301102e-03
7.835731841623783112e-03
7.891830056905746460e-03
7.807942107319831848e-03
7.821197621524333954e-03
7.781036198139190674e-03
7.728639058768749237e-03
7.745255250483751297e-03
7.788199000060558319e-03
7.758704945445060730e-03
7.842558436095714569e-03
7.824354805052280426e-03
7.761295884847640991e-03
7.813387550413608551e-03
7.837714627385139465e-03
7.701696828007698059e-03
7.832565344870090485e-03
7.795812562108039856e-03
7.804444525390863419e-03
7.681395392864942551e-03
7.805185858160257339e-03
7.728891912847757339e-03
7.870114408433437347e-03
7.726686540991067886e-03
7.759816013276576996e-03
7.777913473546504974e-03
7.759779691696166992e-03
7.838634774088859558e-03
7.814606651663780212e-03
7.856104522943496704e-03
7.748760748654603958e-03
7.781159132719039917e-03
7.773843128234148026e-03
7.682358380407094955e-03
7.721645291894674301e-03
7.768338546156883240e-03
7.743776775896549225e-03
7.786413189023733139e-03
7.700993679463863373e-03
7.786899339407682419e-03
7.672246079891920090e-03
7.747462484985589981e-03
7.632055785506963730e-03
7.748884148895740509e-03
7.793156430125236511e-03
7.841179147362709045e-03
7.668319158256053925e-03
7.705307099968194962e-03
7.680395152419805527e-03
7.736646570265293121e-03
7.713691797107458115e-03
7.738525979220867157e-03
7.769107352942228317e-03
7.709328550845384598e-03
7.728265598416328430e-03
7.760593201965093613e-03
7.700874935835599899e-03
7.759389467537403107e-03
7.730206009000539780e-03
7.666387595236301422e-03
7.758731953799724579e-03
7.890354841947555542e-03
7.672421634197235107e-03
7.601544260978698730e-03
7.581235375255346298e-03
7.729727309197187424e-03
7.592843845486640930e-03
7.644272409379482269e-03
7.692648563534021378e-03
7.688524201512336731e-03
7.814364507794380188e-03
7.748346775770187378e-03
7.638984825462102890e-03
7.675660308450460434e-03
7.607034873217344284e-03
7.739622611552476883e-03
7.730758748948574066e-03
7.715181447565555573e-03
7.641228847205638885e-03
7.704583462327718735e-03
7.599440403282642365e-03
7.635653950273990631e-03
7.603127043694257736e-03
7.609709631651639938e-03
7.731492165476083755e-03
7.717357017099857330e-03
7.647071033716201782e-03
7.604997139424085617e-03
7.550559472292661667e-03
7.600942626595497131e-03
7.614999543875455856e-03
7.687474600970745087e-03
7.646050304174423218e-03
7.558453362435102463e-03
7.589110173285007477e-03
7.692849263548851013e-03
7.721265777945518494e-03
7.669459562748670578e-03
7.594209164381027222e-03
7.587094791233539581e-03
7.554566022008657455e-03
7.658584043383598328e-03
7.727523799985647202e-03
7.564553525298833847e-03
7.536202669143676758e-03
7.662858814001083374e-03
7.574744522571563721e-03
7.627995684742927551e-03
7.565837819129228592e-03
7.556736469268798828e-03
7.599494419991970062e-03
7.527330890297889709e-03
7.600464392453432083e-03
7.514244876801967621e-03
7.662666961550712585e-03
7.683797739446163177e-03
7.590900640934705734e-03
7.554895244538784027e-03
7.524618878960609436e-03
7.551703602075576782e-03
7.647786289453506470e-03
7.580149918794631958e-03
7.507804781198501587e-03
7.663335651159286499e-03
7.533083669841289520e-03
7.561405654996633530e-03
7.655997760593891144e-03
7.544167339801788330e-03
7.607776671648025513e-03
7.583922240883111954e-03
7.663105614483356476e-03
7.687112316489219666e-03
7.631811778992414474e-03
7.531397510319948196e-03
7.508575450628995895e-03
7.525594905018806458e-03
7.650880143046379089e-03
7.663639727979898453e-03
7.589947897940874100e-03
7.546700071543455124e-03
7.493867073208093643e-03
7.505622226744890213e-03
7.620938122272491455e-03
7.404339499771595001e-03
7.544760592281818390e-03
7.521511055529117584e-03
7.497493643313646317e-03
7.550664246082305908e-03
7.548955269157886505e-03
7.520616520196199417e-03
7.458098232746124268e-03
7.551089394837617874e-03
7.526592817157506943e-03
7.560299709439277649e-03
7.707721088081598282e-03
7.541009690612554550e-03
7.458754815161228180e-03
7.502241060137748718e-03
7.459465879946947098e-03
7.648366969078779221e-03
7.472570519894361496e-03
7.551313377916812897e-03
7.584737148135900497e-03
7.568358909338712692e-03
7.508119568228721619e-03
7.630611304193735123e-03
7.555225864052772522e-03
7.522972766309976578e-03
7.596367970108985901e-03
7.522088941186666489e-03
7.594518829137086868e-03
7.585051935166120529e-03
7.497784215956926346e-03
7.407795637845993042e-03
7.435095496475696564e-03
7.503681816160678864e-03
7.505905814468860626e-03
7.358218543231487274e-03
7.534225005656480789e-03
7.475705351680517197e-03
7.503483444452285767e-03
7.557731121778488159e-03
7.484752219170331955e-03
7.439240347594022751e-03
7.371367886662483215e-03
7.508704438805580139e-03
7.422726135700941086e-03
7.447089999914169312e-03
7.590485736727714539e-03
7.308942265808582306e-03
7.503224071115255356e-03
7.419736124575138092e-03
7.636826019734144211e-03
7.384391035884618759e-03
7.452081888914108276e-03
7.512550801038742065e-03
7.427000906318426132e-03
7.340055424720048904e-03
7.369935512542724609e-03
7.555073592811822891e-03
7.445800118148326874e-03
7.518456317484378815e-03
7.465531118214130402e-03
7.539146579802036285e-03
7.487246301025152206e-03
7.415256462991237640e-03
7.371898740530014038e-03
7.478520274162292480e-03
7.654162123799324036e-03
7.455188315361738205e-03
7.405310403555631638e-03
7.477963808923959732e-03
7.575381081551313400e-03
7.486141752451658249e-03
7.382458541542291641e-03
7.387321908026933670e-03
7.330558728426694870e-03
7.399901282042264938e-03
7.452305406332015991e-03
7.375527173280715942e-03
7.354800123721361160e-03
7.451693993061780930e-03
7.502623833715915680e-03
7.455383893102407455e-03
7.356854621320962906e-03
7.345142774283885956e-03
7.443211041390895844e-03
7.354436907917261124e-03
7.470813114196062088e-03
7.425039075314998627e-03
7.412614766508340836e-03
7.359593175351619720e-03
7.334324065595865250e-03
7.372641470283269882e-03
7.428645621985197067e-03
7.403587456792593002e-03
7.293405011296272278e-03
7.347913924604654312e-03
7.436410058289766312e-03
7.512854877859354019e-03
7.358726579695940018e-03
7.420661859214305878e-03
7.327725645154714584e-03
7.364877033978700638e-03
7.357112132012844086e-03
7.396607194095849991e-03
7.256643846631050110e-03
7.274483330547809601e-03
7.326738443225622177e-03
7.422882132232189178e-03
7.398475427180528641e-03
7.385245524346828461e-03
7.623329758644104004e-03
7.270247209817171097e-03
7.392175029963254929e-03
7.256903219968080521e-03
7.311724126338958740e-03
7.335641421377658844e-03
7.500785868614912033e-03
7.308060303330421448e-03
7.329827640205621719e-03
7.305681239813566208e-03
7.369878701865673065e-03
7.377607282251119614e-03
7.496884558349847794e-03
7.274105213582515717e-03
7.329923566430807114e-03
7.312037050724029541e-03
7.278467062860727310e-03
7.449604105204343796e-03
7.276077754795551300e-03
7.251979783177375793e-03
7.237693760544061661e-03
7.314285729080438614e-03
7.409343030303716660e-03
7.409955374896526337e-03
7.343727163970470428e-03
7.271376904100179672e-03
7.470950018614530563e-03
7.379465736448764801e-03
7.292065303772687912e-03
7.345213089138269424e-03
7.231665309518575668e-03
7.245319895446300507e-03
7.271145004779100418e-03
7.360341493040323257e-03
7.290824782103300095e-03
7.389453705400228500e-03
7.275901269167661667e-03
7.261930033564567566e-03
7.223095744848251343e-03
7.422042079269886017e-03
7.299183402210474014e-03
7.368611637502908707e-03
7.243967615067958832e-03
7.264464162290096283e-03
7.302000652998685837e-03
7.212232798337936401e-03
7.305082399398088455e-03
7.149680051952600479e-03
7.323172409087419510e-03
7.307163905352354050e-03
7.236073724925518036e-03
7.322269491851329803e-03
7.199064362794160843e-03
7.322581484913825989e-03
7.258742582052946091e-03
7.324483245611190796e-03
7.238133810460567474e-03
7.399416062980890274e-03
7.297627627849578857e-03
7.324695121496915817e-03
7.190363015979528427e-03
7.356243208050727844e-03
7.187151815742254257e-03
7.324237376451492310e-03
7.417888846248388290e-03
7.298199925571680069e-03
7.177085150033235550e-03
7.260788697749376297e-03
7.213439326733350754e-03
7.344355341047048569e-03
7.373404223471879959e-03
7.320160046219825745e-03
7.192210294306278229e-03
7.219207938760519028e-03
7.207733113318681717e-03
7.258752826601266861e-03
7.179150823503732681e-03
7.275409530848264694e-03
7.314397022128105164e-03
7.296609226614236832e-03
7.309598848223686218e-03
7.241143379360437393e-03
7.212202064692974091e-03
7.244022563099861145e-03
7.251595612615346909e-03
7.230755407363176346e-03
7.247998379170894623e-03
7.199102547019720078e-03
7.189205847680568695e-03
7.215501274913549423e-03
7.210817188024520874e-03
7.267056964337825775e-03
7.185751106590032578e-03
7.268554531037807465e-03
7.252740673720836639e-03
7.230733986943960190e-03
7.193645462393760681e-03
7.155652157962322235e-03
7.229904644191265106e-03
7.243309635668992996e-03
7.412770763039588928e-03
7.150458171963691711e-03
7.304988335818052292e-03
7.253257092088460922e-03
7.084721233695745468e-03
7.254901807755231857e-03
7.165868300944566727e-03
7.090559694916009903e-03
7.244077045470476151e-03
7.260900922119617462e-03
7.283353246748447418e-03
7.248591165989637375e-03
7.083967328071594238e-03
7.113379891961812973e-03
7.258263882249593735e-03
7.178789936006069183e-03
7.274043280631303787e-03
7.211124990135431290e-03
7.177826017141342163e-03
7.149007171392440796e-03
7.305140607059001923e-03
7.272586692124605179e-03
7.228712551295757294e-03
7.208387833088636398e-03
7.228583563119173050e-03
7.185822352766990662e-03
7.177682127803564072e-03
7.174313999712467194e-03
7.024006452411413193e-03
7.037815637886524200e-03
7.182982750236988068e-03
7.219281513243913651e-03
7.100381888449192047e-03
7.218068931251764297e-03
7.159803528338670731e-03
7.151632104068994522e-03
7.192771881818771362e-03
7.134112529456615448e-03
7.151184137910604477e-03
7.082777563482522964e-03
7.107818499207496643e-03
7.113164756447076797e-03
7.133612874895334244e-03
7.225850597023963928e-03
7.300839759409427643e-03
7.096000481396913528e-03
7.140420377254486084e-03
7.087997626513242722e-03
7.143507711589336395e-03
7.150744087994098663e-03
7.277453318238258362e-03
7.243662606924772263e-03
7.125373929738998413e-03
7.124678697437047958e-03
7.152940612286329269e-03
7.106002885848283768e-03
7.108474150300025940e-03
7.155623752623796463e-03
7.088628597557544708e-03
7.350851781666278839e-03
7.168611977249383926e-03
7.098657079041004181e-03
7.182762026786804199e-03
7.161229383200407028e-03
7.087409496307373047e-03
7.156422361731529236e-03
7.092256098985671997e-03
7.116660010069608688e-03
7.246673572808504105e-03
7.129137869924306870e-03
7.213497068732976913e-03
7.200800348073244095e-03
7.200940046459436417e-03
7.033929228782653809e-03
7.042504847049713135e-03
7.085121702402830124e-03
7.160937413573265076e-03
7.024385035037994385e-03
7.077337242662906647e-03
7.089877501130104065e-03
7.189528085291385651e-03
7.212306838482618332e-03
7.232806645333766937e-03
7.118964567780494690e-03
7.178590167313814163e-03
7.025553379207849503e-03
7.121586706489324570e-03
7.219343911856412888e-03
7.157727610319852829e-03
7.206640671938657761e-03
7.133908104151487350e-03
7.143863476812839508e-03
7.044284604489803314e-03
7.051678374409675598e-03
7.030626293271780014e-03
7.169241085648536682e-03
7.036580238491296768e-03
7.104012649506330490e-03
7.072810083627700806e-03
7.253882009536027908e-03
7.086934987455606461e-03
7.061708252876996994e-03
7.176217623054981232e-03
7.185319904237985611e-03
7.092240732163190842e-03
7.150503341108560562e-03
7.053188513964414597e-03
7.103311363607645035e-03
7.139324676245450974e-03
7.101680617779493332e-03
7.088050711899995804e-03
7.009724155068397522e-03
7.055183872580528259e-03
6.986107677221298218e-03
7.075894158333539963e-03
7.242441177368164062e-03
7.010647561401128769e-03
7.041817996650934219e-03
7.081945426762104034e-03
7.104694843292236328e-03
7.048154715448617935e-03
6.955800577998161316e-03
7.116862107068300247e-03
7.071718107908964157e-03
6.984940264374017715e-03
7.086471654474735260e-03
7.057397626340389252e-03
7.013625930994749069e-03
6.946279667317867279e-03
7.131214253604412079e-03
7.137218024581670761e-03
7.053811568766832352e-03
6.982461083680391312e-03
7.052712608128786087e-03
6.950849667191505432e-03
7.126179989427328110e-03
7.071080617606639862e-03
7.075553294271230698e-03
7.065309677273035049e-03
7.050575222820043564e-03
6.996938027441501617e-03
7.087610661983489990e-03
7.026677019894123077e-03
6.991870235651731491e-03
7.096482440829277039e-03
7.083801086992025375e-03
7.066898513585329056e-03
7.128821685910224915e-03
6.935287266969680786e-03
7.052819710224866867e-03
6.994814146310091019e-03
7.017878349870443344e-03
6.962411105632781982e-03
7.095844484865665436e-03
7.008766289800405502e-03
6.920638959854841232e-03
7.008323445916175842e-03
7.038465701043605804e-03
7.000611629337072372e-03
7.065053097903728485e-03
7.082988042384386063e-03
6.981181446462869644e-03
6.977085024118423462e-03
6.976960692554712296e-03
7.106543984264135361e-03
6.929420400410890579e-03
7.033714093267917633e-03
7.246638648211956024e-03
7.039295043796300888e-03
6.990902591496706009e-03
7.019927259534597397e-03
6.963252555578947067e-03
7.019582204520702362e-03
7.072850596159696579e-03
6.983744446188211441e-03
7.032779511064291000e-03
6.909137126058340073e-03
6.952779833227396011e-03
6.983219645917415619e-03
7.071178406476974487e-03
7.051836233586072922e-03
6.841941736638545990e-03
7.035269401967525482e-03
7.077152840793132782e-03
6.952912081032991409e-03
7.061232812702655792e-03
7.093960884958505630e-03
6.958506070077419281e-03
7.007142994552850723e-03
6.897325627505779266e-03
7.002809550613164902e-03
6.918207742273807526e-03
6.992847658693790436e-03
6.878159940242767334e-03
6.981950253248214722e-03
7.014018483459949493e-03
6.944098044186830521e-03
6.926079280674457550e-03
6.973010487854480743e-03
6.856756750494241714e-03
7.023705169558525085e-03
6.903886329382658005e-03
7.082222495228052139e-03
7.069011218845844269e-03
6.959008518606424332e-03
6.978391669690608978e-03
6.917602382600307465e-03
6.990068592131137848e-03
6.976266391575336456e-03
6.865837145596742630e-03
6.945467088371515274e-03
6.962378975003957748e-03
6.957103498280048370e-03
7.007981184870004654e-03
6.934282835572957993e-03
7.141568697988986969e-03
6.979945581406354904e-03
6.957801058888435364e-03
7.011877838522195816e-03
6.979954894632101059e-03
6.987678352743387222e-03
6.943436805158853531e-03
6.956613622605800629e-03
6.952040363103151321e-03
6.936036981642246246e-03
7.034808397293090820e-03
6.900578271597623825e-03
6.907441653311252594e-03
6.919253151863813400e-03
6.988107226788997650e-03
6.953528616577386856e-03
6.917607039213180542e-03
6.983179133385419846e-03
7.067274302244186401e-03
6.977994926273822784e-03
7.002409547567367554e-03
6.872257217764854431e-03
6.927410140633583069e-03
6.954187527298927307e-03
7.025167346000671387e-03
6.960508879274129868e-03
6.933223921805620193e-03
6.877570878714323044e-03
6.936423480510711670e-03
6.879315711557865143e-03
6.899489089846611023e-03
6.868544965982437134e-03
6.903354544192552567e-03
6.951949559152126312e-03
6.825475022196769714e-03
6.932900287210941315e-03
6.939682178199291229e-03
6.898728199303150177e-03
6.864930503070354462e-03
6.885145325213670731e-03
6.949256174266338348e-03
6.943901069462299347e-03
6.931872572749853134e-03
6.888114381581544876e-03
6.999833974987268448e-03
6.986186373978853226e-03
6.935042794793844223e-03
7.117087487131357193e-03
6.890724413096904755e-03
6.868698634207248688e-03
6.873376667499542236e-03
6.886123213917016983e-03
6.904598325490951538e-03
6.991579663008451462e-03
7.013469468802213669e-03
6.956900935620069504e-03
6.860437802970409393e-03
6.911851465702056885e-03
6.831745617091655731e-03
6.818194873631000519e-03
6.889059208333492279e-03
6.921883672475814819e-03
6.906052120029926300e-03
6.938459817320108414e-03
6.932916585355997086e-03
7.011040579527616501e-03
6.847817916423082352e-03
6.905326154083013535e-03
6.822991184890270233e-03
6.837571971118450165e-03
6.872273981571197510e-03
7.003262639045715332e-03
6.904440000653266907e-03
7.012714166194200516e-03
6.919907871633768082e-03
6.894600577652454376e-03
6.799525115638971329e-03
6.861757952719926834e-03
6.767281331121921539e-03
6.901435088366270065e-03
6.927561946213245392e-03
6.935043260455131531e-03
6.846821401268243790e-03
6.881241686642169952e-03
6.935785524547100067e-03
6.814475171267986298e-03
6.865095812827348709e-03
6.901826243847608566e-03
6.911134812980890274e-03
6.854527629911899567e-03
6.927300710231065750e-03
6.834303960204124451e-03
6.816324312239885330e-03
6.993812974542379379e-03
6.869786418974399567e-03
6.927425973117351532e-03
6.812873296439647675e-03
6.917075254023075104e-03
6.950676441192626953e-03
6.954422686249017715e-03
6.846298929303884506e-03
6.803393829613924026e-03
6.963865831494331360e-03
6.842654664069414139e-03
6.804707925766706467e-03
6.872086785733699799e-03
6.911828182637691498e-03
6.852971855551004410e-03
6.822471041232347488e-03
6.876830477267503738e-03
6.937345024198293686e-03
6.782032549381256104e-03
6.964598316699266434e-03
6.911691743880510330e-03
6.755397189408540726e-03
6.803628057241439819e-03
6.797686219215393066e-03
6.937426980584859848e-03
6.857477594166994095e-03
6.938424427062273026e-03
6.893258541822433472e-03
6.877151317894458771e-03
6.827514618635177612e-03
6.781874224543571472e-03
6.775109097361564636e-03
6.852680351585149765e-03
7.016230374574661255e-03
6.802988238632678986e-03
6.756762973964214325e-03
6.837573833763599396e-03
6.912395358085632324e-03
6.823881994932889938e-03
6.889957468956708908e-03
6.838832981884479523e-03
6.856260355561971664e-03
6.873020902276039124e-03
6.747926585376262665e-03
6.870421580970287323e-03
6.882085930556058884e-03
6.819167640060186386e-03
6.875499151647090912e-03
6.794532295316457748e-03
6.823219824582338333e-03
6.940570659935474396e-03
6.740617565810680389e-03
6.865167059004306793e-03
6.843757815659046173e-03
6.833061110228300095e-03
6.857741624116897583e-03
6.798034533858299255e-03
6.755840964615345001e-03
6.735239177942276001e-03
6.807239726185798645e-03
6.776536349207162857e-03
6.997345015406608582e-03
6.760937161743640900e-03
6.768676917999982834e-03
6.756128277629613876e-03
6.819634698331356049e-03
6.748745683580636978e-03
6.716232281178236008e-03
6.813931278884410858e-03
6.834066472947597504e-03
6.737788673490285873e-03
6.778881885111331940e-03
6.886794231832027435e-03
6.780364550650119781e-03
6.823546253144741058e-03
6.698709446936845779e-03
6.876035593450069427e-03
6.862930953502655029e-03
6.900738459080457687e-03
6.803350988775491714e-03
6.833017338067293167e-03
6.795851979404687881e-03
6.762385834008455276e-03
6.664559710770845413e-03
6.822405382990837097e-03
6.712291855365037918e-03
6.802064366638660431e-03
6.806599441915750504e-03
6.760421209037303925e-03
6.903427653014659882e-03
6.820473354309797287e-03
6.760120391845703125e-03
6.744569633156061172e-03
6.795024964958429337e-03
6.767120212316513062e-03
6.842394359409809113e-03
6.818813737481832504e-03
6.929130759090185165e-03
6.788939703255891800e-03
6.774996407330036163e-03
6.757849827408790588e-03
6.775618065148591995e-03
6.679592188447713852e-03
6.712112575769424438e-03
6.866397801786661148e-03
6.770476233214139938e-03
6.777038797736167908e-03
6.740592885762453079e-03
6.754979025572538376e-03
6.807225756347179413e-03
6.741010583937168121e-03
6.847566459327936172e-03
6.753893103450536728e-03
6.773174274712800980e-03
6.826165597885847092e-03
6.718093063682317734e-03
6.731767673045396805e-03
6.704167462885379791e-03
6.840765476226806641e-03
6.827079225331544876e-03
6.748079322278499603e-03
6.895573809742927551e-03
6.598066538572311401e-03
6.689905188977718353e-03
6.672128569334745407e-03
6.793852429836988449e-03
6.723375525325536728e-03
6.707408465445041656e-03
6.821308284997940063e-03
6.738518364727497101e-03
6.788866128772497177e-03
6.720001809298992157e-03
7.006147876381874084e-03
6.776668131351470947e-03
6.761340890079736710e-03
6.629204843193292618e-03
6.742200348526239395e-03
6.856015417724847794e-03
6.722429301589727402e-03
6.825317163020372391e-03
6.683994084596633911e-03
6.704964209347963333e-03
6.688897963613271713e-03
6.703190039843320847e-03
6.706823129206895828e-03
6.728254258632659912e-03
6.743321195244789124e-03
6.650432012975215912e-03
6.667160894721746445e-03
6.728617474436759949e-03
6.616831291466951370e-03
6.751315202564001083e-03
6.789046805351972580e-03
6.699877325445413589e-03
6.669068709015846252e-03
6.789078470319509506e-03
6.752788554877042770e-03
6.744673475623130798e-03
6.772876251488924026e-03
6.665712222456932068e-03
6.704926025122404099e-03
6.751076318323612213e-03
6.717218551784753799e-03
6.735421717166900635e-03
6.666000466793775558e-03
6.585620809346437454e-03
6.717690732330083847e-03
6.771387532353401184e-03
6.777093745768070221e-03
6.660931278020143509e-03
6.757174152880907059e-03
6.841033231467008591e-03
6.841410417109727859e-03
6.685436237603425980e-03
6.676382850855588913e-03
6.822654046118259430e-03
6.672189570963382721e-03
6.696232594549655914e-03
6.684460211545228958e-03
6.692814640700817108e-03
6.662318017333745956e-03
