2.531685531139373779e-01
2.518108189105987549e-01
2.513760924339294434e-01
2.500751614570617676e-01
2.328349053859710693e-01
1.879533082246780396e-01
1.574706882238388062e-01
1.451114863157272339e-01
1.366756707429885864e-01
1.302549093961715698e-01
1.249721273779869080e-01
1.212805658578872681e-01
1.180053949356079102e-01
1.150477528572082520e-01
1.129405125975608826e-01
1.108412966132164001e-01
1.088631153106689453e-01
1.072179973125457764e-01
1.060120165348052979e-01
1.042951047420501709e-01
1.031398922204971313e-01
1.016902327537536621e-01
1.003092378377914429e-01
9.925383329391479492e-02
9.849113225936889648e-02
9.719610959291458130e-02
9.648282825946807861e-02
9.466098248958587646e-02
9.425240755081176758e-02
9.349396079778671265e-02
9.223993122577667236e-02
9.164003282785415649e-02
9.050865471363067627e-02
8.983771502971649170e-02
8.892819285392761230e-02
8.789904415607452393e-02
8.746961504220962524e-02
8.669491857290267944e-02
8.579853177070617676e-02
8.517310768365859985e-02
8.459325879812240601e-02
8.407296985387802124e-02
8.358374238014221191e-02
8.293381333351135254e-02
8.212158083915710449e-02
8.147250115871429443e-02
8.094004541635513306e-02
8.061789721250534058e-02
8.004163950681686401e-02
7.938311994075775146e-02
7.926651835441589355e-02
7.820387929677963257e-02
7.785095274448394775e-02
7.762275636196136475e-02
7.714384794235229492e-02
7.637074589729309082e-02
7.631587237119674683e-02
7.606407254934310913e-02
7.564426213502883911e-02
7.481606304645538330e-02
7.465650141239166260e-02
7.406820356845855713e-02
7.373511791229248047e-02
7.357858121395111084e-02
7.344006001949310303e-02
7.307050377130508423e-02
7.267663627862930298e-02
7.240512967109680176e-02
7.216572761535644531e-02
7.169861346483230591e-02
7.141641527414321899e-02
7.101252675056457520e-02
7.079486548900604248e-02
7.068473845720291138e-02
7.046569883823394775e-02
7.011695206165313721e-02
6.982401013374328613e-02
6.932526826858520508e-02
6.902049481868743896e-02
6.890790909528732300e-02
6.875842809677124023e-02
6.885824352502822876e-02
6.857704371213912964e-02
6.822088360786437988e-02
6.786654144525527954e-02
6.760019063949584961e-02
6.729432940483093262e-02
6.723152846097946167e-02
6.714987754821777344e-02
6.690457463264465332e-02
6.672298908233642578e-02
6.664501130580902100e-02
6.622220575809478760e-02
6.572363525629043579e-02
6.584484130144119263e-02
6.604935228824615479e-02
6.576168537139892578e-02
6.538901478052139282e-02
6.490586698055267334e-02
6.501036882400512695e-02
6.482041627168655396e-02
6.460990756750106812e-02
6.487151235342025757e-02
6.399365514516830444e-02
6.416721642017364502e-02
6.422449648380279541e-02
6.401468068361282349e-02
6.382462382316589355e-02
6.376765668392181396e-02
6.349213421344757080e-02
6.345482915639877319e-02
6.318896263837814331e-02
6.324278563261032104e-02
6.295593082904815674e-02
6.294691562652587891e-02
6.257399171590805054e-02
6.260347366333007812e-02
6.245331838726997375e-02
6.234684213995933533e-02
6.182420998811721802e-02
6.210914999246597290e-02
6.151394173502922058e-02
6.201456859707832336e-02
6.173207238316535950e-02
6.173780933022499084e-02
6.171929091215133667e-02
6.144272908568382263e-02
6.120541319251060486e-02
6.115177273750305176e-02
6.104871630668640137e-02
6.082876026630401611e-02
6.076850369572639465e-02
6.059690937399864197e-02
6.067089363932609558e-02
6.054387986660003662e-02
6.025711447000503540e-02
6.019598990678787231e-02
5.998972430825233459e-02
6.001220270991325378e-02
6.003045290708541870e-02
5.970384553074836731e-02
5.977610871195793152e-02
5.962652713060379028e-02
5.928185954689979553e-02
5.942591279745101929e-02
5.936059728264808655e-02
5.908747389912605286e-02
5.921603366732597351e-02
5.915837734937667847e-02
5.864812061190605164e-02
5.879807099699974060e-02
5.876535549759864807e-02
5.855793133378028870e-02
5.829438939690589905e-02
5.831669643521308899e-02
5.827172845602035522e-02
5.832299217581748962e-02
5.815412849187850952e-02
5.817425996065139771e-02
5.811228603124618530e-02
5.808224156498908997e-02
5.756825581192970276e-02
5.750774964690208435e-02
5.748354271054267883e-02
5.780027434229850769e-02
5.728916451334953308e-02
5.745215713977813721e-02
5.728744342923164368e-02
5.715392157435417175e-02
5.722816288471221924e-02
5.689767003059387207e-02
5.711033195257186890e-02
5.681603401899337769e-02
5.667977407574653625e-02
5.676938965916633606e-02
5.677485093474388123e-02
5.645522475242614746e-02
5.654398724436759949e-02
5.631443858146667480e-02
5.655843019485473633e-02
5.632429569959640503e-02
5.609358102083206177e-02
5.636782944202423096e-02
5.604737251996994019e-02
5.588901787996292114e-02
5.588136240839958191e-02
5.599964037537574768e-02
5.557633563876152039e-02
5.547371506690979004e-02
5.557114630937576294e-02
5.556615069508552551e-02
5.533326789736747742e-02
5.524196848273277283e-02
5.526774749159812927e-02
5.522594600915908813e-02
5.517103150486946106e-02
5.512974038720130920e-02
5.508925393223762512e-02
5.477672815322875977e-02
5.495479702949523926e-02
5.492294207215309143e-02
5.472415313124656677e-02
5.459213629364967346e-02
5.470506101846694946e-02
5.441501736640930176e-02
5.459747463464736938e-02
5.447292700409889221e-02
5.441229417920112610e-02
5.441552400588989258e-02
5.435894429683685303e-02
5.396715924143791199e-02
5.416771769523620605e-02
5.408627912402153015e-02
5.387823656201362610e-02
5.385059118270874023e-02
5.402517691254615784e-02
5.391209945082664490e-02
5.356027185916900635e-02
5.380082130432128906e-02
5.339701846241950989e-02
5.356391519308090210e-02
5.360892415046691895e-02
5.356788262724876404e-02
5.349288880825042725e-02
5.344467610120773315e-02
5.344655737280845642e-02
5.335346981883049011e-02
5.314383283257484436e-02
5.342620983719825745e-02
5.319381877779960632e-02
5.297798663377761841e-02
5.302359163761138916e-02
5.313589423894882202e-02
5.282900854945182800e-02
5.291825532913208008e-02
5.292088910937309265e-02
5.265533924102783203e-02
5.301470309495925903e-02
5.242471769452095032e-02
5.245383083820343018e-02
5.230746045708656311e-02
5.252477526664733887e-02
5.238704383373260498e-02
5.234216898679733276e-02
5.202038213610649109e-02
5.225168913602828979e-02
5.227252095937728882e-02
5.252417176961898804e-02
5.198005586862564087e-02
5.208354070782661438e-02
5.215284600853919983e-02
5.193375796079635620e-02
5.175424367189407349e-02
5.170221626758575439e-02
5.192670598626136780e-02
5.200433731079101562e-02
5.183150619268417358e-02
5.172592028975486755e-02
5.160239711403846741e-02
5.154252052307128906e-02
5.183268710970878601e-02
5.164038017392158508e-02
5.136642977595329285e-02
5.129349231719970703e-02
5.138698965311050415e-02
5.130415782332420349e-02
5.124448984861373901e-02
5.114815756678581238e-02
5.111114680767059326e-02
5.107197165489196777e-02
5.115461349487304688e-02
5.127866566181182861e-02
5.097117274999618530e-02
5.118305608630180359e-02
5.085853487253189087e-02
5.091335996985435486e-02
5.095800384879112244e-02
5.078742653131484985e-02
5.074278637766838074e-02
5.077230930328369141e-02
5.063999816775321960e-02
5.070814490318298340e-02
5.049188062548637390e-02
5.077758431434631348e-02
5.061297491192817688e-02
5.075755715370178223e-02
5.055014416575431824e-02
5.019467696547508240e-02
5.040714517235755920e-02
5.030014365911483765e-02
5.017039552330970764e-02
5.037266388535499573e-02
5.041761323809623718e-02
5.008709058165550232e-02
5.022945255041122437e-02
5.031068250536918640e-02
5.004447326064109802e-02
4.989252611994743347e-02
5.021799355745315552e-02
5.007692798972129822e-02
4.977599531412124634e-02
4.972945153713226318e-02
4.979625344276428223e-02
4.961528629064559937e-02
4.999604448676109314e-02
4.967054724693298340e-02
4.966031387448310852e-02
4.953574016690254211e-02
4.974933713674545288e-02
4.971536248922348022e-02
4.986398667097091675e-02
4.979246482253074646e-02
4.932229965925216675e-02
4.951273277401924133e-02
4.952089488506317139e-02
4.937729239463806152e-02
4.960180073976516724e-02
4.941231384873390198e-02
4.943810403347015381e-02
4.927590861916542053e-02
4.923187196254730225e-02
4.927632585167884827e-02
4.906253516674041748e-02
4.901336133480072021e-02
4.918147623538970947e-02
4.915177822113037109e-02
4.918530955910682678e-02
4.915688931941986084e-02
4.906087368726730347e-02
4.888097196817398071e-02
4.898922145366668701e-02
4.899139329791069031e-02
4.891288653016090393e-02
4.888690263032913208e-02
4.877365753054618835e-02
4.875532165169715881e-02
4.881463572382926941e-02
4.864212498068809509e-02
4.866182804107666016e-02
4.873196408152580261e-02
4.870969057083129883e-02
4.868808388710021973e-02
4.858155921101570129e-02
4.880310222506523132e-02
4.845076054334640503e-02
4.856145754456520081e-02
4.853786155581474304e-02
4.810930788516998291e-02
4.850864782929420471e-02
4.838430881500244141e-02
4.832753539085388184e-02
4.821061342954635620e-02
4.831201210618019104e-02
4.843204841017723083e-02
4.803762957453727722e-02
4.837220907211303711e-02
4.813608899712562561e-02
4.811897128820419312e-02
4.813265427947044373e-02
4.799028486013412476e-02
4.833612218499183655e-02
4.776662588119506836e-02
4.805126041173934937e-02
4.786612838506698608e-02
4.832617565989494324e-02
4.794086888432502747e-02
4.800690338015556335e-02
4.783652350306510925e-02
4.781176149845123291e-02
4.778292402625083923e-02
4.771675169467926025e-02
4.799792915582656860e-02
4.786270111799240112e-02
4.788067564368247986e-02
4.787217080593109131e-02
4.793793708086013794e-02
4.777403920888900757e-02
4.768159985542297363e-02
4.771814867854118347e-02
4.755924642086029053e-02
4.772449657320976257e-02
4.765094444155693054e-02
4.750283807516098022e-02
4.731500893831253052e-02
4.763606190681457520e-02
4.758637025952339172e-02
4.757720604538917542e-02
4.723748192191123962e-02
4.738512262701988220e-02
4.713318496942520142e-02
4.728252068161964417e-02
4.705357924103736877e-02
4.729229211807250977e-02
4.730132594704627991e-02
4.711664840579032898e-02
4.739268869161605835e-02
4.719947278499603271e-02
4.708229750394821167e-02
4.718814045190811157e-02
4.722088575363159180e-02
4.727800562977790833e-02
4.703551158308982849e-02
4.697046801447868347e-02
4.725527018308639526e-02
4.737804085016250610e-02
4.717385768890380859e-02
4.706550016999244690e-02
4.689221829175949097e-02
4.686932265758514404e-02
4.703760892152786255e-02
4.705338925123214722e-02
4.686293005943298340e-02
4.697754979133605957e-02
4.672192782163619995e-02
4.684118181467056274e-02
4.686922580003738403e-02
4.707220941781997681e-02
4.645945131778717041e-02
4.654898121953010559e-02
4.698625579476356506e-02
4.685874283313751221e-02
4.700589925050735474e-02
4.683987796306610107e-02
4.639458283782005310e-02
4.683948680758476257e-02
4.654095321893692017e-02
4.651223123073577881e-02
4.663147404789924622e-02
4.663138464093208313e-02
4.641559347510337830e-02
4.652796313166618347e-02
4.655238240957260132e-02
4.644197970628738403e-02
4.644585028290748596e-02
4.654927551746368408e-02
4.636020958423614502e-02
4.644282534718513489e-02
4.659563675522804260e-02
4.641353338956832886e-02
4.642464593052864075e-02
4.641947895288467407e-02
4.640436917543411255e-02
4.631248861551284790e-02
4.619169235229492188e-02
4.622147604823112488e-02
4.626296460628509521e-02
4.626725614070892334e-02
4.623051360249519348e-02
4.642270505428314209e-02
4.603763297200202942e-02
4.621091857552528381e-02
4.606113582849502563e-02
4.605145379900932312e-02
4.588638991117477417e-02
4.607618227601051331e-02
4.616733640432357788e-02
4.620089754462242126e-02
4.617666080594062805e-02
4.610451310873031616e-02
4.601449519395828247e-02
4.608925804495811462e-02
4.590324312448501587e-02
4.609409719705581665e-02
4.598334804177284241e-02
4.602254182100296021e-02
4.597159847617149353e-02
4.620323702692985535e-02
4.581013321876525879e-02
4.593036323785781860e-02
4.567338526248931885e-02
4.586691409349441528e-02
4.585753753781318665e-02
4.583010822534561157e-02
4.587457329034805298e-02
4.601524770259857178e-02
4.580474272370338440e-02
4.595862701535224915e-02
4.565787315368652344e-02
4.572112485766410828e-02
4.575235024094581604e-02
4.574527591466903687e-02
4.574061185121536255e-02
4.573625698685646057e-02
4.580919444561004639e-02
4.585202038288116455e-02
4.569854587316513062e-02
4.553813859820365906e-02
4.582795128226280212e-02
4.543673619627952576e-02
4.575669020414352417e-02
4.562507569789886475e-02
4.553384333848953247e-02
4.562255740165710449e-02
4.562323912978172302e-02
4.594364389777183533e-02
4.529192671179771423e-02
4.535474628210067749e-02
4.556912556290626526e-02
4.538900405168533325e-02
4.555124789476394653e-02
4.525762796401977539e-02
4.536100104451179504e-02
4.534456878900527954e-02
4.548924416303634644e-02
4.529039561748504639e-02
4.540369287133216858e-02
4.534057155251502991e-02
4.545333981513977051e-02
4.538824409246444702e-02
4.525373503565788269e-02
4.525845870375633240e-02
4.523332044482231140e-02
4.524853080511093140e-02
4.547495022416114807e-02
4.516926407814025879e-02
4.510019347071647644e-02
4.504624009132385254e-02
4.550350829958915710e-02
4.536696895956993103e-02
4.521173238754272461e-02
4.494225606322288513e-02
4.512062668800354004e-02
4.519089683890342712e-02
4.509463161230087280e-02
4.528072103857994080e-02
4.511140286922454834e-02
4.514281824231147766e-02
4.480175673961639404e-02
4.511317610740661621e-02
4.514658078551292419e-02
4.487802460789680481e-02
4.492685943841934204e-02
4.495293274521827698e-02
4.541838541626930237e-02
4.509721323847770691e-02
4.504525661468505859e-02
4.497864097356796265e-02
4.489098116755485535e-02
4.502999782562255859e-02
4.508384689688682556e-02
4.486097022891044617e-02
4.474918171763420105e-02
4.520920291543006897e-02
4.507755115628242493e-02
4.470587149262428284e-02
4.491657391190528870e-02
4.510020092129707336e-02
4.487236589193344116e-02
4.483694955706596375e-02
4.484475031495094299e-02
4.487604275345802307e-02
4.462941363453865051e-02
4.479057341814041138e-02
4.471635818481445312e-02
4.466675221920013428e-02
4.480853304266929626e-02
4.501382261514663696e-02
4.459406435489654541e-02
4.470293223857879639e-02
4.476511478424072266e-02
4.452957212924957275e-02
4.486059024930000305e-02
4.462657496333122253e-02
4.456108063459396362e-02
4.480188339948654175e-02
4.458545520901679993e-02
4.463911801576614380e-02
4.460149258375167847e-02
4.456484317779541016e-02
4.463324323296546936e-02
4.436883702874183655e-02
4.470077157020568848e-02
4.457740113139152527e-02
4.428131505846977234e-02
4.471071437001228333e-02
4.459908977150917053e-02
4.441739246249198914e-02
4.452094063162803650e-02
4.468041658401489258e-02
4.433223977684974670e-02
4.441744089126586914e-02
4.453944787383079529e-02
4.438829049468040466e-02
4.474940896034240723e-02
4.460099339485168457e-02
4.448271170258522034e-02
4.436650499701499939e-02
4.460397362709045410e-02
4.440145939588546753e-02
4.441726207733154297e-02
4.436522349715232849e-02
4.415985196828842163e-02
4.418907687067985535e-02
4.437607899308204651e-02
4.420897364616394043e-02
4.434286430478096008e-02
4.440718516707420349e-02
4.421953856945037842e-02
4.455057904124259949e-02
4.408949613571166992e-02
4.448403045535087585e-02
4.416348412632942200e-02
4.403860867023468018e-02
4.424435272812843323e-02
4.421205073595046997e-02
4.413635656237602234e-02
4.420184716582298279e-02
4.396420344710350037e-02
4.421125352382659912e-02
4.430969059467315674e-02
4.398662224411964417e-02
4.422436654567718506e-02
4.434289410710334778e-02
4.433718696236610413e-02
4.413479566574096680e-02
4.410022869706153870e-02
4.408849030733108521e-02
4.401354491710662842e-02
4.395139589905738831e-02
4.415974020957946777e-02
4.412962496280670166e-02
4.392626509070396423e-02
4.416785016655921936e-02
4.402820393443107605e-02
4.398487880825996399e-02
4.404681921005249023e-02
4.387878254055976868e-02
4.402465745806694031e-02
4.403362423181533813e-02
4.373535141348838806e-02
4.388526827096939087e-02
4.405539855360984802e-02
4.384041950106620789e-02
4.398033022880554199e-02
4.400919005274772644e-02
4.401385039091110229e-02
4.402567073702812195e-02
4.381000250577926636e-02
4.395401850342750549e-02
4.371262714266777039e-02
4.391193017363548279e-02
4.370443150401115417e-02
4.377032443881034851e-02
4.394545406103134155e-02
4.376770555973052979e-02
4.421805217862129211e-02
4.393197596073150635e-02
4.383903369307518005e-02
4.390383884310722351e-02
4.402108117938041687e-02
4.367055743932723999e-02
4.370459914207458496e-02
4.386378079652786255e-02
4.369993135333061218e-02
4.386267438530921936e-02
4.373702406883239746e-02
4.357857257127761841e-02
4.395342618227005005e-02
4.378033429384231567e-02
4.364608228206634521e-02
4.372307285666465759e-02
4.389141872525215149e-02
4.335632920265197754e-02
4.382243007421493530e-02
4.366330057382583618e-02
4.359728470444679260e-02
4.378246515989303589e-02
4.342010617256164551e-02
4.372845962643623352e-02
4.363647103309631348e-02
4.361382871866226196e-02
4.352987185120582581e-02
4.357645660638809204e-02
4.367507249116897583e-02
4.365944489836692810e-02
4.344530776143074036e-02
4.361241683363914490e-02
4.344945773482322693e-02
4.334038123488426208e-02
4.363159835338592529e-02
4.331029206514358521e-02
4.347043484449386597e-02
4.387166351079940796e-02
4.358709231019020081e-02
4.353257641196250916e-02
4.360624775290489197e-02
4.334949329495429993e-02
4.355677962303161621e-02
4.355752468109130859e-02
4.345441609621047974e-02
4.347465187311172485e-02
4.326148331165313721e-02
4.330416396260261536e-02
4.331407323479652405e-02
4.353150352835655212e-02
4.349415004253387451e-02
4.350098595023155212e-02
4.334930330514907837e-02
4.338829219341278076e-02
4.358836263418197632e-02
4.355100542306900024e-02
4.317712411284446716e-02
4.334555938839912415e-02
4.329067096114158630e-02
4.351986199617385864e-02
4.316189140081405640e-02
4.316769912838935852e-02
4.322951287031173706e-02
4.324406757950782776e-02
4.319672659039497375e-02
4.334272816777229309e-02
4.336886480450630188e-02
4.334343597292900085e-02
4.333654791116714478e-02
4.331761598587036133e-02
4.314810782670974731e-02
4.361448809504508972e-02
4.316025227308273315e-02
4.323256760835647583e-02
4.345456883311271667e-02
4.320215433835983276e-02
4.316515475511550903e-02
4.313960298895835876e-02
4.321258142590522766e-02
4.306012392044067383e-02
4.324039071798324585e-02
4.297855496406555176e-02
4.308149218559265137e-02
4.338309168815612793e-02
4.294995218515396118e-02
4.304745420813560486e-02
4.300912097096443176e-02
4.308971017599105835e-02
4.287614300847053528e-02
4.311238229274749756e-02
4.289999976754188538e-02
4.295432195067405701e-02
4.284774139523506165e-02
4.309241101145744324e-02
4.305440187454223633e-02
4.313449934124946594e-02
4.323449358344078064e-02
4.302533343434333801e-02
4.304408282041549683e-02
4.289841279387474060e-02
4.307969287037849426e-02
4.336652159690856934e-02
4.302409291267395020e-02
4.290203750133514404e-02
4.310977831482887268e-02
4.309332743287086487e-02
4.298575967550277710e-02
4.300662875175476074e-02
4.317098110914230347e-02
4.320938140153884888e-02
4.342366382479667664e-02
4.260293021798133850e-02
4.295978322625160217e-02
4.328128695487976074e-02
4.286887496709823608e-02
4.284109920263290405e-02
4.291523620486259460e-02
4.307590797543525696e-02
4.289508238434791565e-02
4.274161159992218018e-02
4.284518584609031677e-02
4.301061481237411499e-02
4.288910329341888428e-02
4.263870418071746826e-02
4.307838529348373413e-02
4.294865578413009644e-02
4.282355308532714844e-02
4.281268268823623657e-02
4.272244125604629517e-02
4.271153733134269714e-02
4.281980544328689575e-02
4.267618805170059204e-02
4.268385842442512512e-02
4.276200756430625916e-02
4.291681572794914246e-02
4.261703789234161377e-02
4.287145659327507019e-02
4.291640222072601318e-02
4.261147603392601013e-02
4.283439740538597107e-02
4.274598136544227600e-02
4.273700341582298279e-02
4.294254630804061890e-02
4.265899211168289185e-02
4.257970303297042847e-02
4.259574785828590393e-02
4.252395033836364746e-02
4.257503896951675415e-02
4.279063269495964050e-02
4.282047599554061890e-02
4.275337234139442444e-02
4.276795312762260437e-02
4.283189401030540466e-02
4.267239198088645935e-02
4.253029823303222656e-02
4.261967167258262634e-02
4.280947893857955933e-02
4.268675670027732849e-02
4.284109920263290405e-02
4.260560497641563416e-02
4.284071177244186401e-02
4.281343147158622742e-02
4.263748601078987122e-02
4.249978065490722656e-02
4.241759330034255981e-02
4.265349730849266052e-02
4.249891638755798340e-02
4.272600635886192322e-02
4.249554127454757690e-02
4.275349527597427368e-02
4.235774651169776917e-02
4.240928217768669128e-02
4.251965135335922241e-02
4.269147664308547974e-02
4.260221123695373535e-02
4.258546605706214905e-02
4.255519434809684753e-02
4.258693009614944458e-02
4.250992089509963989e-02
4.288421571254730225e-02
4.259251803159713745e-02
4.242173582315444946e-02
4.253520071506500244e-02
4.227980971336364746e-02
4.249275103211402893e-02
4.265361651778221130e-02
4.249871149659156799e-02
4.225875809788703918e-02
4.259517043828964233e-02
4.241014271974563599e-02
4.239458963274955750e-02
4.237851873040199280e-02
4.249748587608337402e-02
4.227902740240097046e-02
4.236108809709548950e-02
4.227157682180404663e-02
4.226770624518394470e-02
4.261867329478263855e-02
4.246081411838531494e-02
4.257816448807716370e-02
4.254902526736259460e-02
4.268069937825202942e-02
4.221741110086441040e-02
4.232868552207946777e-02
4.242305830121040344e-02
4.243949055671691895e-02
4.222448170185089111e-02
4.249715805053710938e-02
4.239248111844062805e-02
4.235925897955894470e-02
4.227938875555992126e-02
4.239611700177192688e-02
4.208299890160560608e-02
4.246538877487182617e-02
4.229646548628807068e-02
4.242152720689773560e-02
4.250631108880043030e-02
4.257878661155700684e-02
4.226070269942283630e-02
4.242049530148506165e-02
4.239851236343383789e-02
4.232061654329299927e-02
4.264080151915550232e-02
4.236260429024696350e-02
4.224575683474540710e-02
4.218690842390060425e-02
4.227461665868759155e-02
4.219460114836692810e-02
4.256064817309379578e-02
4.221132397651672363e-02
4.226691275835037231e-02
4.244135692715644836e-02
4.227902367711067200e-02
4.244847223162651062e-02
4.216007515788078308e-02
4.249371960759162903e-02
4.210878536105155945e-02
4.230821132659912109e-02
4.220155999064445496e-02
4.217072576284408569e-02
4.218433797359466553e-02
4.206805303692817688e-02
4.202090576291084290e-02
4.215040430426597595e-02
4.219670966267585754e-02
4.221054166555404663e-02
4.222239926457405090e-02
4.199694842100143433e-02
4.213758930563926697e-02
4.226931557059288025e-02
4.207493737339973450e-02
4.201917722821235657e-02
4.220660775899887085e-02
4.200307652354240417e-02
4.232064262032508850e-02
4.217398539185523987e-02
4.203125089406967163e-02
4.223420470952987671e-02
4.198078811168670654e-02
4.203554615378379822e-02
4.217718169093132019e-02
4.199792444705963135e-02
4.188470169901847839e-02
4.229607060551643372e-02
4.216974601149559021e-02
4.203415289521217346e-02
4.201782867312431335e-02
4.202996194362640381e-02
4.210650548338890076e-02
4.206126555800437927e-02
4.208673164248466492e-02
4.206098616123199463e-02
4.217779636383056641e-02
4.192267358303070068e-02
4.211033508181571960e-02
4.201300442218780518e-02
4.188512265682220459e-02
4.205330833792686462e-02
4.209391400218009949e-02
4.182584211230278015e-02
4.173327609896659851e-02
4.220627993345260620e-02
4.195528849959373474e-02
4.215068742632865906e-02
4.202232137322425842e-02
4.194578900933265686e-02
4.204373806715011597e-02
4.194428026676177979e-02
4.183978959918022156e-02
4.204269498586654663e-02
4.184077307581901550e-02
4.191239550709724426e-02
4.195732995867729187e-02
4.200955107808113098e-02
4.180664196610450745e-02
4.212911427021026611e-02
4.189109429717063904e-02
4.179870709776878357e-02
4.175774753093719482e-02
4.194825142621994019e-02
4.175780341029167175e-02
4.205539077520370483e-02
4.174185544252395630e-02
4.195788130164146423e-02
4.199387133121490479e-02
4.198879376053810120e-02
4.188196361064910889e-02
4.217763245105743408e-02
4.182056710124015808e-02
4.180546104907989502e-02
4.186921566724777222e-02
4.181649908423423767e-02
4.190504923462867737e-02
4.177397117018699646e-02
4.174621403217315674e-02
4.181915894150733948e-02
4.193663224577903748e-02
4.207107424736022949e-02
4.204525798559188843e-02
4.189733043313026428e-02
4.187360405921936035e-02
4.184809327125549316e-02
4.180432483553886414e-02
4.185123741626739502e-02
4.178957268595695496e-02
4.188928380608558655e-02
4.184006154537200928e-02
4.185910895466804504e-02
4.196466878056526184e-02
4.171805828809738159e-02
4.180304333567619324e-02
4.193330928683280945e-02
4.171809554100036621e-02
4.183683916926383972e-02
4.176956042647361755e-02
4.173734039068222046e-02
4.189104214310646057e-02
4.188122972846031189e-02
4.166224598884582520e-02
4.200848564505577087e-02
4.180438444018363953e-02
4.185866564512252808e-02
4.202700406312942505e-02
4.172557964920997620e-02
4.194008558988571167e-02
4.154956340789794922e-02
4.150860384106636047e-02
4.166921600699424744e-02
4.181341454386711121e-02
4.171767830848693848e-02
4.189835488796234131e-02
4.177625104784965515e-02
4.164459556341171265e-02
4.155467450618743896e-02
4.174643382430076599e-02
4.161496087908744812e-02
4.160092771053314209e-02
4.173032939434051514e-02
4.167941957712173462e-02
4.179460555315017700e-02
4.148261249065399170e-02
4.157575964927673340e-02
4.186275228857994080e-02
4.158415272831916809e-02
4.173630103468894958e-02
4.171030595898628235e-02
4.156023263931274414e-02
4.187835007905960083e-02
4.158869758248329163e-02
4.164015501737594604e-02
4.146556928753852844e-02
4.151899740099906921e-02
4.169401526451110840e-02
4.179396480321884155e-02
4.171807691454887390e-02
4.135718941688537598e-02
4.155788943171501160e-02
4.161935299634933472e-02
4.159019887447357178e-02
4.182016849517822266e-02
4.181166365742683411e-02
4.170719161629676819e-02
4.140448942780494690e-02
4.162620380520820618e-02
4.177441075444221497e-02
4.140262678265571594e-02
4.164618253707885742e-02
4.145601764321327209e-02
4.149672761559486389e-02
4.151277244091033936e-02
4.159211739897727966e-02
4.169923439621925354e-02
4.166150465607643127e-02
4.149375483393669128e-02
4.159564152359962463e-02
4.173036292195320129e-02
4.154165834188461304e-02
4.135036841034889221e-02
4.155787080526351929e-02
4.143486544489860535e-02
4.157143458724021912e-02
4.151124507188796997e-02
4.124365374445915222e-02
4.146385565400123596e-02
4.140396043658256531e-02
4.150450229644775391e-02
4.152109846472740173e-02
4.157412424683570862e-02
4.135488346219062805e-02
4.128359630703926086e-02
4.143301770091056824e-02
4.153964668512344360e-02
4.167005419731140137e-02
4.150133952498435974e-02
4.144493862986564636e-02
4.165893793106079102e-02
4.176332429051399231e-02
4.141237214207649231e-02
4.145625233650207520e-02
4.133291170001029968e-02
4.142309725284576416e-02
4.162550345063209534e-02
4.134195670485496521e-02
4.158509150147438049e-02
4.174328222870826721e-02
4.129612073302268982e-02
4.147886112332344055e-02
4.159116744995117188e-02
4.140103235840797424e-02
4.164022952318191528e-02
4.135189950466156006e-02
4.129656404256820679e-02
4.151658713817596436e-02
4.167553037405014038e-02
4.124975949525833130e-02
4.135882109403610229e-02
4.114835336804389954e-02
4.153177142143249512e-02
4.136156663298606873e-02
4.143960773944854736e-02
4.140366613864898682e-02
4.116373509168624878e-02
4.158191382884979248e-02
4.154343903064727783e-02
4.115789383649826050e-02
4.141204059123992920e-02
4.125403985381126404e-02
4.132460430264472961e-02
4.118995741009712219e-02
4.123673588037490845e-02
4.130303114652633667e-02
4.139464348554611206e-02
4.131799936294555664e-02
4.136627167463302612e-02
4.126795381307601929e-02
4.143615439534187317e-02
4.119216278195381165e-02
4.144641384482383728e-02
4.135527461767196655e-02
4.135764017701148987e-02
4.151483997702598572e-02
4.148760437965393066e-02
4.148588702082633972e-02
4.122355580329895020e-02
4.146499931812286377e-02
4.120231792330741882e-02
4.132709279656410217e-02
4.135559871792793274e-02
4.124227911233901978e-02
4.125862941145896912e-02
4.133022949099540710e-02
4.111985862255096436e-02
4.125320911407470703e-02
4.114370048046112061e-02
4.129577800631523132e-02
4.134132713079452515e-02
4.131167754530906677e-02
4.098471999168395996e-02
4.115993157029151917e-02
4.125171527266502380e-02
4.136399179697036743e-02
4.125082492828369141e-02
4.133253917098045349e-02
4.126018658280372620e-02
4.113292694091796875e-02
4.121266305446624756e-02
4.126939550042152405e-02
4.120781645178794861e-02
4.097001254558563232e-02
4.117180407047271729e-02
4.100060462951660156e-02
4.130003973841667175e-02
4.142982140183448792e-02
4.113442823290824890e-02
4.132239148020744324e-02
4.118680208921432495e-02
4.114272445440292358e-02
4.112417250871658325e-02
4.136430099606513977e-02
4.130674153566360474e-02
4.126756265759468079e-02
4.098231717944145203e-02
4.109951108694076538e-02
4.104580357670783997e-02
4.114436730742454529e-02
4.133986681699752808e-02
4.117807373404502869e-02
4.108112305402755737e-02
4.117380082607269287e-02
4.103252291679382324e-02
4.121089726686477661e-02
4.122250899672508240e-02
4.118109494447708130e-02
4.132812097668647766e-02
4.107506945729255676e-02
4.118330031633377075e-02
4.101571068167686462e-02
4.102680459618568420e-02
4.086741805076599121e-02
4.111316427588462830e-02
4.113376513123512268e-02
4.100609198212623596e-02
4.106104373931884766e-02
4.087977111339569092e-02
4.088810831308364868e-02
4.084541648626327515e-02
4.127281531691551208e-02
4.097182303667068481e-02
4.115661978721618652e-02
4.101498797535896301e-02
4.096863418817520142e-02
4.124114662408828735e-02
4.105250909924507141e-02
4.109435901045799255e-02
4.125027358531951904e-02
4.093968123197555542e-02
4.094808921217918396e-02
4.117855802178382874e-02
4.116685315966606140e-02
4.118554294109344482e-02
4.110061749815940857e-02
4.092794656753540039e-02
4.090893641114234924e-02
4.099334776401519775e-02
4.108782112598419189e-02
4.096462577581405640e-02
4.091224074363708496e-02
4.116747900843620300e-02
4.121884703636169434e-02
4.079968854784965515e-02
4.103600978851318359e-02
4.101828858256340027e-02
4.090033471584320068e-02
4.116298258304595947e-02
4.086599126458168030e-02
4.092754796147346497e-02
4.096084460616111755e-02
4.106472432613372803e-02
4.102970287203788757e-02
4.086368903517723083e-02
4.084683582186698914e-02
4.103731364011764526e-02
4.113000631332397461e-02
4.091653600335121155e-02
4.088778793811798096e-02
4.096959531307220459e-02
4.084979370236396790e-02
4.108605533838272095e-02
4.092593491077423096e-02
4.105071723461151123e-02
4.086077213287353516e-02
4.106656461954116821e-02
4.081542417407035828e-02
4.096776992082595825e-02
4.102809727191925049e-02
4.101730510592460632e-02
4.088766872882843018e-02
4.103735834360122681e-02
4.093928262591362000e-02
4.094008728861808777e-02
4.064397141337394714e-02
4.087092727422714233e-02
4.096790403127670288e-02
4.096785560250282288e-02
4.107988625764846802e-02
4.083327203989028931e-02
4.089773446321487427e-02
4.098983854055404663e-02
4.075740277767181396e-02
4.061123728752136230e-02
4.089339077472686768e-02
4.067696630954742432e-02
4.075574129819869995e-02
4.083022475242614746e-02
4.094092547893524170e-02
4.068603366613388062e-02
4.083758965134620667e-02
4.066760465502738953e-02
4.094491899013519287e-02
4.085079580545425415e-02
4.086076468229293823e-02
4.100259020924568176e-02
4.115355759859085083e-02
4.064334183931350708e-02
4.072092846035957336e-02
4.084791988134384155e-02
4.082426801323890686e-02
4.079661518335342407e-02
4.080018773674964905e-02
4.088958725333213806e-02
4.097401350736618042e-02
4.088429361581802368e-02
4.089433699846267700e-02
4.084993153810501099e-02
4.081038758158683777e-02
4.079480841755867004e-02
4.089937359094619751e-02
4.083455353975296021e-02
4.070159792900085449e-02
4.091912508010864258e-02
4.072188958525657654e-02
4.071683436632156372e-02
4.089261218905448914e-02
4.074345901608467102e-02
4.082916304469108582e-02
4.087831452488899231e-02
4.052459448575973511e-02
4.081737250089645386e-02
4.067144915461540222e-02
4.089425504207611084e-02
4.097378626465797424e-02
4.075164347887039185e-02
4.062161967158317566e-02
4.078225418925285339e-02
4.066625982522964478e-02
4.075641557574272156e-02
4.064784944057464600e-02
4.040866717696189880e-02
4.076328873634338379e-02
4.101034626364707947e-02
4.072218760848045349e-02
4.104688391089439392e-02
4.065585508942604065e-02
4.061542078852653503e-02
4.038993269205093384e-02
4.074214771389961243e-02
4.079379886388778687e-02
4.092062637209892273e-02
4.077342152595520020e-02
4.065884649753570557e-02
4.062963277101516724e-02
4.066353291273117065e-02
4.067386314272880554e-02
4.058327153325080872e-02
4.052521660923957825e-02
4.073888435959815979e-02
4.059084877371788025e-02
4.073536023497581482e-02
4.071960970759391785e-02
4.072811082005500793e-02
4.058176651597023010e-02
4.059560969471931458e-02
4.046446830034255981e-02
4.079631716012954712e-02
4.057285934686660767e-02
4.071221500635147095e-02
4.070788994431495667e-02
4.073752835392951965e-02
4.066409915685653687e-02
4.073011130094528198e-02
4.058661684393882751e-02
4.066754505038261414e-02
4.064063727855682373e-02
4.088565707206726074e-02
4.071298614144325256e-02
4.065850004553794861e-02
4.065801575779914856e-02
4.067245870828628540e-02
4.045952856540679932e-02
4.085249826312065125e-02
4.072698578238487244e-02
4.083522409200668335e-02
4.054554924368858337e-02
4.055402800440788269e-02
4.078835621476173401e-02
4.072141647338867188e-02
4.069114848971366882e-02
4.077227786183357239e-02
4.053300619125366211e-02
4.079087451100349426e-02
4.085782542824745178e-02
4.057575389742851257e-02
4.064756631851196289e-02
4.046882316470146179e-02
4.067406803369522095e-02
4.047239944338798523e-02
4.053817689418792725e-02
4.068294167518615723e-02
4.088102653622627258e-02
4.053759574890136719e-02
4.058703780174255371e-02
4.057239368557929993e-02
4.047606512904167175e-02
4.056889563798904419e-02
4.066184163093566895e-02
4.050700739026069641e-02
4.047332331538200378e-02
4.060840234160423279e-02
4.048226773738861084e-02
4.073748365044593811e-02
4.050831869244575500e-02
4.077056795358657837e-02
4.053541272878646851e-02
4.022498056292533875e-02
4.049576073884963989e-02
4.068510979413986206e-02
4.049644991755485535e-02
4.059940949082374573e-02
4.077176749706268311e-02
4.089483618736267090e-02
4.076605662703514099e-02
4.051015153527259827e-02
4.064491763710975647e-02
4.054875671863555908e-02
4.057224467396736145e-02
4.064527526497840881e-02
4.045916348695755005e-02
4.055327177047729492e-02
4.047751054167747498e-02
4.059544578194618225e-02
4.036868363618850708e-02
4.055256024003028870e-02
4.045958071947097778e-02
4.059003293514251709e-02
4.040270671248435974e-02
4.073631763458251953e-02
4.055095091462135315e-02
4.060440137982368469e-02
4.043803736567497253e-02
4.063945636153221130e-02
4.065212607383728027e-02
4.049130529165267944e-02
4.028965160250663757e-02
4.030287265777587891e-02
4.051915556192398071e-02
4.036685824394226074e-02
4.046506062150001526e-02
4.063649475574493408e-02
4.038361459970474243e-02
4.043812677264213562e-02
4.045708850026130676e-02
4.050845280289649963e-02
4.030496254563331604e-02
4.033190757036209106e-02
4.036344215273857117e-02
4.060848429799079895e-02
4.037835821509361267e-02
4.033232480287551880e-02
4.046262800693511963e-02
4.029068350791931152e-02
4.047892987728118896e-02
4.040053486824035645e-02
4.058703035116195679e-02
4.052056744694709778e-02
4.040664806962013245e-02
4.018348827958106995e-02
4.053593054413795471e-02
4.038944095373153687e-02
4.030857235193252563e-02
4.040660709142684937e-02
4.044540971517562866e-02
4.045264795422554016e-02
4.062294214963912964e-02
4.034176096320152283e-02
4.045035690069198608e-02
4.042985290288925171e-02
4.029050096869468689e-02
3.995932638645172119e-02
4.036397859454154968e-02
4.020378738641738892e-02
4.026194661855697632e-02
4.014885798096656799e-02
4.021096974611282349e-02
4.025967791676521301e-02
4.009408131241798401e-02
4.057999700307846069e-02
4.034714773297309875e-02
4.050339013338088989e-02
4.026808589696884155e-02
4.037111997604370117e-02
4.047144204378128052e-02
4.028123617172241211e-02
4.018920287489891052e-02
4.044815152883529663e-02
4.029690101742744446e-02
4.025088995695114136e-02
4.037604853510856628e-02
4.033768549561500549e-02
4.013102874159812927e-02
4.039868712425231934e-02
4.033501073718070984e-02
4.032261669635772705e-02
4.044926539063453674e-02
4.046089574694633484e-02
4.040368273854255676e-02
4.030258953571319580e-02
4.035484045743942261e-02
4.039367660880088806e-02
4.030884802341461182e-02
4.040281102061271667e-02
4.018712788820266724e-02
4.031284898519515991e-02
4.043724387884140015e-02
4.022512212395668030e-02
4.039224237203598022e-02
4.016741737723350525e-02
4.018186777830123901e-02
3.991879895329475403e-02
4.033800959587097168e-02
4.035978391766548157e-02
4.020446911454200745e-02
4.030013456940650940e-02
4.020112007856369019e-02
3.997881710529327393e-02
4.008227586746215820e-02
4.039477929472923279e-02
4.023907333612442017e-02
4.028569161891937256e-02
4.010897129774093628e-02
3.981423005461692810e-02
4.031131416559219360e-02
4.002670198678970337e-02
4.025658965110778809e-02
4.039623215794563293e-02
4.028341919183731079e-02
4.022729769349098206e-02
4.018779098987579346e-02
4.012900590896606445e-02
3.992854431271553040e-02
4.000855609774589539e-02
4.005223512649536133e-02
4.028711840510368347e-02
4.014421999454498291e-02
4.024878889322280884e-02
4.047181829810142517e-02
4.012504965066909790e-02
4.030435904860496521e-02
4.015104845166206360e-02
4.014778509736061096e-02
4.011558741331100464e-02
4.016906395554542542e-02
3.993808478116989136e-02
4.011492803692817688e-02
4.010913893580436707e-02
4.010010138154029846e-02
4.037993028759956360e-02
4.012930020689964294e-02
4.034796729683876038e-02
4.033435136079788208e-02
4.014040529727935791e-02
4.003670811653137207e-02
4.002506658434867859e-02
4.021149873733520508e-02
4.007325693964958191e-02
4.010369628667831421e-02
4.015109688043594360e-02
4.054329544305801392e-02
4.035487771034240723e-02
4.016223922371864319e-02
3.997318446636199951e-02
4.007525742053985596e-02
3.997671604156494141e-02
4.000848531723022461e-02
3.997873514890670776e-02
4.033823683857917786e-02
4.009494185447692871e-02
4.020970314741134644e-02
4.019747674465179443e-02
4.007116332650184631e-02
4.007457196712493896e-02
4.018715769052505493e-02
4.010051861405372620e-02
3.993625566363334656e-02
4.028773307800292969e-02
4.006297513842582703e-02
4.015924409031867981e-02
4.010182619094848633e-02
4.021992161870002747e-02
4.009274765849113464e-02
4.015602916479110718e-02
4.037135466933250427e-02
4.009331017732620239e-02
4.003306478261947632e-02
4.023049399256706238e-02
4.042800888419151306e-02
3.989461809396743774e-02
4.010338708758354187e-02
4.012002423405647278e-02
4.013178125023841858e-02
4.025788977742195129e-02
3.995263576507568359e-02
4.004572331905364990e-02
4.010209068655967712e-02
3.999641537666320801e-02
3.995111584663391113e-02
3.998883441090583801e-02
4.006892815232276917e-02
4.016922414302825928e-02
4.015027731657028198e-02
4.021240025758743286e-02
3.997374698519706726e-02
4.030008614063262939e-02
4.002495855093002319e-02
4.018971323966979980e-02
4.002406075596809387e-02
3.998984396457672119e-02
4.019199684262275696e-02
4.020312428474426270e-02
4.001809284090995789e-02
4.012348502874374390e-02
4.021190479397773743e-02
4.013115167617797852e-02
4.001956805586814880e-02
3.989050164818763733e-02
3.997030109167098999e-02
3.997175395488739014e-02
4.004090279340744019e-02
3.982883319258689880e-02
4.014592617750167847e-02
4.032514244318008423e-02
3.985618799924850464e-02
3.999028727412223816e-02
4.002859443426132202e-02
4.005683958530426025e-02
4.002909362316131592e-02
3.993842750787734985e-02
4.000649601221084595e-02
3.996668010950088501e-02
4.009728878736495972e-02
3.998226299881935120e-02
3.984389826655387878e-02
4.009151831269264221e-02
4.007816687226295471e-02
3.980608657002449036e-02
4.010210558772087097e-02
3.985112532973289490e-02
3.999370709061622620e-02
3.996241837739944458e-02
3.999822586774826050e-02
3.999923914670944214e-02
4.007691144943237305e-02
3.978001326322555542e-02
4.029752686619758606e-02
3.973813727498054504e-02
3.992593288421630859e-02
3.991426154971122742e-02
4.008729383349418640e-02
3.976583480834960938e-02
3.993146121501922607e-02
4.000752791762351990e-02
3.989898040890693665e-02
4.001304134726524353e-02
3.988910466432571411e-02
3.988441824913024902e-02
4.004886746406555176e-02
4.016612842679023743e-02
3.994050994515419006e-02
3.970601782202720642e-02
3.985901176929473877e-02
3.969190269708633423e-02
3.997235372662544250e-02
4.006524011492729187e-02
3.984760865569114685e-02
3.999915719032287598e-02
3.989905118942260742e-02
3.979167342185974121e-02
3.997809439897537231e-02
3.995766863226890564e-02
3.978277742862701416e-02
3.980215638875961304e-02
3.988985344767570496e-02
3.982601314783096313e-02
3.990802913904190063e-02
3.988790512084960938e-02
3.977235779166221619e-02
3.995089605450630188e-02
3.985987976193428040e-02
3.989668563008308411e-02
3.984057158231735229e-02
3.980818763375282288e-02
3.977628424763679504e-02
3.995744511485099792e-02
3.995938226580619812e-02
4.002213105559349060e-02
3.979098424315452576e-02
3.995367512106895447e-02
3.985466435551643372e-02
3.977321088314056396e-02
4.000654444098472595e-02
3.976897522807121277e-02
4.005917161703109741e-02
4.001342877745628357e-02
3.989181667566299438e-02
3.986980020999908447e-02
4.027683660387992859e-02
3.965878859162330627e-02
3.987556695938110352e-02
3.969576582312583923e-02
3.977558761835098267e-02
3.966708853840827942e-02
3.959400579333305359e-02
4.001152887940406799e-02
3.991973400115966797e-02
3.978757932782173157e-02
3.972613438963890076e-02
3.966594859957695007e-02
3.979073464870452881e-02
3.983597084879875183e-02
3.978005051612854004e-02
3.983295708894729614e-02
3.960566595196723938e-02
3.987229987978935242e-02
3.963816910982131958e-02
3.975207358598709106e-02
3.995306789875030518e-02
3.986154496669769287e-02
3.998448699712753296e-02
4.001484066247940063e-02
3.976351022720336914e-02
3.983110934495925903e-02
3.982082754373550415e-02
3.979954868555068970e-02
3.974457830190658569e-02
3.985500708222389221e-02
4.000342637300491333e-02
3.984232619404792786e-02
3.983297199010848999e-02
3.992966935038566589e-02
3.963704779744148254e-02
3.985245153307914734e-02
3.982051089406013489e-02
3.972985967993736267e-02
3.965792432427406311e-02
3.982439637184143066e-02
3.963162377476692200e-02
3.980327025055885315e-02
3.976657986640930176e-02
3.975856676697731018e-02
3.963384032249450684e-02
3.960958495736122131e-02
3.969311341643333435e-02
3.958467021584510803e-02
3.974081948399543762e-02
3.992223739624023438e-02
3.981326147913932800e-02
3.999778628349304199e-02
3.980673104524612427e-02
3.977550938725471497e-02
3.988501057028770447e-02
3.965732455253601074e-02
3.990042954683303833e-02
3.972808644175529480e-02
3.967142850160598755e-02
3.973352909088134766e-02
3.984104841947555542e-02
3.987171873450279236e-02
3.962885215878486633e-02
3.954580798745155334e-02
3.965488821268081665e-02
3.951935842633247375e-02
3.965443745255470276e-02
3.962242230772972107e-02
3.968812152743339539e-02
3.979656100273132324e-02
3.963814303278923035e-02
3.945335000753402710e-02
3.975389152765274048e-02
3.959209471940994263e-02
3.971188142895698547e-02
3.991246595978736877e-02
3.940199688076972961e-02
3.974100947380065918e-02
3.953188657760620117e-02
3.969116136431694031e-02
3.977471962571144104e-02
3.971181809902191162e-02
3.978463634848594666e-02
3.961668536067008972e-02
3.948925435543060303e-02
3.968221694231033325e-02
3.961465135216712952e-02
3.958581387996673584e-02
3.953796252608299255e-02
3.979688882827758789e-02
3.977370262145996094e-02
3.996156156063079834e-02
3.992311656475067139e-02
3.969404473900794983e-02
3.948670625686645508e-02
3.946024924516677856e-02
3.960872814059257507e-02
3.977108374238014221e-02
3.975233808159828186e-02
3.961052000522613525e-02
3.981628641486167908e-02
3.983520343899726868e-02
3.959339484572410583e-02
3.970370441675186157e-02
3.948367387056350708e-02
3.976392745971679688e-02
3.971829637885093689e-02
3.966093808412551880e-02
3.993490710854530334e-02
3.967240080237388611e-02
3.980604186654090881e-02
3.970346227288246155e-02
3.960886597633361816e-02
3.966486081480979919e-02
3.956721723079681396e-02
3.970660269260406494e-02
3.961443156003952026e-02
3.963742032647132874e-02
3.971472755074501038e-02
3.941694647073745728e-02
3.943982347846031189e-02
3.942018747329711914e-02
3.969248384237289429e-02
3.963410854339599609e-02
3.965164348483085632e-02
3.969006985425949097e-02
3.951045870780944824e-02
3.965196385979652405e-02
3.982195630669593811e-02
3.955926001071929932e-02
3.932685777544975281e-02
3.956827893853187561e-02
3.939955309033393860e-02
3.977936133742332458e-02
3.957097604870796204e-02
3.953274711966514587e-02
3.962612524628639221e-02
3.951506689190864563e-02
3.980716317892074585e-02
3.940376639366149902e-02
3.950641304254531860e-02
3.948510810732841492e-02
3.969682380557060242e-02
3.972243145108222961e-02
3.965783864259719849e-02
3.950177878141403198e-02
3.957409039139747620e-02
3.982404246926307678e-02
3.956194221973419189e-02
3.935855999588966370e-02
3.951822593808174133e-02
3.959986194968223572e-02
3.958519920706748962e-02
3.949484974145889282e-02
3.970450162887573242e-02
3.934729099273681641e-02
3.951896354556083679e-02
3.967109322547912598e-02
3.965533897280693054e-02
3.945833817124366760e-02
3.943995758891105652e-02
3.965151309967041016e-02
3.956339880824089050e-02
3.970704227685928345e-02
3.933097422122955322e-02
3.941233083605766296e-02
3.974282741546630859e-02
3.968457877635955811e-02
3.962807357311248779e-02
3.966201096773147583e-02
3.955128043889999390e-02
3.950516134500503540e-02
3.949233517050743103e-02
3.961024805903434753e-02
3.949333354830741882e-02
3.931981697678565979e-02
3.969093412160873413e-02
3.964685648679733276e-02
3.938311710953712463e-02
3.961967304348945618e-02
3.968517854809761047e-02
3.953250497579574585e-02
3.949743509292602539e-02
3.954850509762763977e-02
3.947918489575386047e-02
3.950771316885948181e-02
3.964842483401298523e-02
3.953386843204498291e-02
3.962004929780960083e-02
3.932949900627136230e-02
3.963583335280418396e-02
3.960171341896057129e-02
3.945812955498695374e-02
3.970832377672195435e-02
3.959611430764198303e-02
3.962596505880355835e-02
3.925524652004241943e-02
3.954740241169929504e-02
3.937939554452896118e-02
3.957437351346015930e-02
3.931992128491401672e-02
3.948008641600608826e-02
3.959422931075096130e-02
3.923196718096733093e-02
3.930732607841491699e-02
3.964224830269813538e-02
3.965600207448005676e-02
3.951271995902061462e-02
3.929205611348152161e-02
3.959356993436813354e-02
3.940033912658691406e-02
3.939348831772804260e-02
3.937228769063949585e-02
3.960434347391128540e-02
3.940040245652198792e-02
3.942210227251052856e-02
3.931118175387382507e-02
3.956758975982666016e-02
3.943629190325737000e-02
3.942342847585678101e-02
3.936224058270454407e-02
3.958086296916007996e-02
3.932717815041542053e-02
3.950415551662445068e-02
3.941571339964866638e-02
3.936819359660148621e-02
3.961180523037910461e-02
3.958468884229660034e-02
3.949533030390739441e-02
3.943577408790588379e-02
3.934794291853904724e-02
3.928849473595619202e-02
3.945866227149963379e-02
3.935990855097770691e-02
3.967509046196937561e-02
3.926571831107139587e-02
3.947447240352630615e-02
3.926738724112510681e-02
3.960758447647094727e-02
3.935670852661132812e-02
3.918445482850074768e-02
3.946308046579360962e-02
3.927550837397575378e-02
3.964965790510177612e-02
3.933918103575706482e-02
3.945213183760643005e-02
3.957889974117279053e-02
3.935560956597328186e-02
3.917883709073066711e-02
3.927995264530181885e-02
3.957388550043106079e-02
3.932768106460571289e-02
3.962433710694313049e-02
3.935488685965538025e-02
3.935241326689720154e-02
3.955942392349243164e-02
3.928623721003532410e-02
3.953384608030319214e-02
3.939579427242279053e-02
3.953357040882110596e-02
3.943713009357452393e-02
3.924162685871124268e-02
3.936893865466117859e-02
3.919053822755813599e-02
3.924198076128959656e-02
3.931824490427970886e-02
3.934507071971893311e-02
3.931879252195358276e-02
3.948773443698883057e-02
3.926784917712211609e-02
3.929660469293594360e-02
3.954410925507545471e-02
3.929125517606735229e-02
3.924581781029701233e-02
3.933959826827049255e-02
3.944156318902969360e-02
3.908575698733329773e-02
3.933877870440483093e-02
3.922140598297119141e-02
3.922703862190246582e-02
3.931247442960739136e-02
3.944993391633033752e-02
3.931869566440582275e-02
3.938790038228034973e-02
3.919059410691261292e-02
3.917961567640304565e-02
3.921594843268394470e-02
3.919846937060356140e-02
3.953110426664352417e-02
3.948394581675529480e-02
3.923444449901580811e-02
3.936138004064559937e-02
3.917207196354866028e-02
3.930061310529708862e-02
3.919267654418945312e-02
3.936745598912239075e-02
3.916996344923973083e-02
3.904508054256439209e-02
3.933684155344963074e-02
3.921747207641601562e-02
3.934794664382934570e-02
3.923766687512397766e-02
3.898166120052337646e-02
3.936472162604331970e-02
3.929046541452407837e-02
3.935677930712699890e-02
3.924047946929931641e-02
3.941203653812408447e-02
3.909751772880554199e-02
3.921665251255035400e-02
3.928994387388229370e-02
3.907041624188423157e-02
3.923588618636131287e-02
3.929922729730606079e-02
3.923057392239570618e-02
3.907922282814979553e-02
3.944244235754013062e-02
3.924639523029327393e-02
3.915889188647270203e-02
3.913548961281776428e-02
3.913920745253562927e-02
3.907975926995277405e-02
3.917576745152473450e-02
3.944204747676849365e-02
3.902911767363548279e-02
3.918436169624328613e-02
3.939044103026390076e-02
3.893885016441345215e-02
3.913689032196998596e-02
3.910173848271369934e-02
3.928744047880172729e-02
3.907451778650283813e-02
3.929049521684646606e-02
3.923654556274414062e-02
3.916069120168685913e-02
3.933941200375556946e-02
3.932985663414001465e-02
3.928381577134132385e-02
3.938240185379981995e-02
3.903385251760482788e-02
3.901421278715133667e-02
3.933916613459587097e-02
3.940240293741226196e-02
3.899278864264488220e-02
3.941677510738372803e-02
3.926120325922966003e-02
3.920318931341171265e-02
3.938528522849082947e-02
3.920396044850349426e-02
3.926365822553634644e-02
3.920054808259010315e-02
