7.123679667711257935e-02
2.319430559873580933e-02
1.712773367762565613e-02
1.481836289167404175e-02
1.310438569635152817e-02
1.198302209377288818e-02
1.076466869562864304e-02
9.970567189157009125e-03
9.092328138649463654e-03
8.449264802038669586e-03
7.877848111093044281e-03
7.427318487316370010e-03
6.877519190311431885e-03
6.797803565859794617e-03
6.170138716697692871e-03
5.965803749859333038e-03
5.646361038088798523e-03
5.533530842512845993e-03
5.337756592780351639e-03
4.972547758370637894e-03
4.848097451031208038e-03
4.624352790415287018e-03
4.597725812345743179e-03
4.421569872647523880e-03
4.172395449131727219e-03
4.193636123090982437e-03
4.053978715091943741e-03
3.916663583368062973e-03
3.845181316137313843e-03
3.786051180213689804e-03
3.678184933960437775e-03
3.701437730342149734e-03
3.432424971833825111e-03
3.543473547324538231e-03
3.318337257951498032e-03
3.363866358995437622e-03
3.270649816840887070e-03
3.219634294509887695e-03
3.160878084599971771e-03
3.185281297191977501e-03
2.987071871757507324e-03
3.027823287993669510e-03
2.988163614645600319e-03
3.017236944288015366e-03
2.781256334856152534e-03
2.859335625544190407e-03
2.825245261192321777e-03
2.838477492332458496e-03
2.690963214263319969e-03
2.709249733015894890e-03
2.621103776618838310e-03
2.717389957979321480e-03
2.565082395449280739e-03
2.730262000113725662e-03
2.631457522511482239e-03
2.533424645662307739e-03
2.521114423871040344e-03
2.452950226143002510e-03
2.513046143576502800e-03
2.510537859052419662e-03
2.471231156960129738e-03
2.326783491298556328e-03
2.372469753026962280e-03
2.274205675348639488e-03
2.441901946440339088e-03
2.354186726734042168e-03
2.283866517245769501e-03
2.390918554738163948e-03
2.118115546181797981e-03
2.300617750734090805e-03
2.206420991569757462e-03
2.134953159838914871e-03
2.203027252107858658e-03
2.108824672177433968e-03
2.096069976687431335e-03
2.186087658628821373e-03
2.158447867259383202e-03
1.950235338881611824e-03
2.067860215902328491e-03
2.176621928811073303e-03
2.021428430452942848e-03
1.959584653377532959e-03
2.058294136077165604e-03
1.942339935339987278e-03
2.078011399134993553e-03
1.958256587386131287e-03
2.057292032986879349e-03
1.911030150949954987e-03
1.870861859060823917e-03
2.079095924273133278e-03
1.880668685771524906e-03
1.863561104983091354e-03
1.957294763997197151e-03
1.772597082890570164e-03
1.985336886718869209e-03
1.755332574248313904e-03
1.779712503775954247e-03
1.828611362725496292e-03
1.917104586027562618e-03
1.743645640090107918e-03
1.757520483806729317e-03
1.739514758810400963e-03
1.900616800412535667e-03
1.734077115543186665e-03
1.763285836204886436e-03
1.701954868622124195e-03
1.752907526679337025e-03
1.598390401341021061e-03
1.687939860858023167e-03
1.658890163525938988e-03
1.593787339515984058e-03
1.790526439435780048e-03
1.777050783857703209e-03
1.578878611326217651e-03
1.710854703560471535e-03
1.615655724890530109e-03
1.706179580651223660e-03
1.641344861127436161e-03
1.603693817742168903e-03
1.573349232785403728e-03
1.582776312716305256e-03
1.650948310270905495e-03
1.621947041712701321e-03
1.514192088507115841e-03
1.662810682319104671e-03
1.569842570461332798e-03
1.609155791811645031e-03
1.612053136341273785e-03
1.481577171944081783e-03
1.633242820389568806e-03
1.554322545416653156e-03
1.565003185532987118e-03
1.537109143100678921e-03
1.581060583703219891e-03
1.614735811017453671e-03
1.452991040423512459e-03
1.638594432733952999e-03
1.485773944295942783e-03
1.525460393168032169e-03
1.405294751748442650e-03
1.432849909178912640e-03
1.509671332314610481e-03
1.489744405262172222e-03
1.393904909491539001e-03
1.426724949851632118e-03
1.544048544019460678e-03
1.393595128320157528e-03
1.430562697350978851e-03
1.434642821550369263e-03
1.422590925358235836e-03
1.377408858388662338e-03
1.414250931702554226e-03
1.289669889956712723e-03
1.534393406473100185e-03
1.411668839864432812e-03
1.308855251409113407e-03
1.444963505491614342e-03
1.314843655563890934e-03
1.409890246577560902e-03
1.293051871471107006e-03
1.378347398713231087e-03
1.348576392047107220e-03
1.416438375599682331e-03
1.214757794514298439e-03
1.366205746307969093e-03
1.217913930304348469e-03
1.446324633434414864e-03
1.371870981529355049e-03
1.311320811510086060e-03
1.267549232579767704e-03
1.403615693561732769e-03
1.274223672226071358e-03
1.257182913832366467e-03
1.185604953207075596e-03
1.371022081002593040e-03
1.214194577187299728e-03
1.375882769934833050e-03
1.189288683235645294e-03
1.323623233474791050e-03
1.249076682142913342e-03
1.241079415194690228e-03
1.225643558427691460e-03
1.225548214279115200e-03
1.231605769135057926e-03
1.251129317097365856e-03
1.207119668833911419e-03
1.219660392962396145e-03
1.183745334856212139e-03
1.207767287269234657e-03
1.238896860741078854e-03
1.156552229076623917e-03
1.221901271492242813e-03
1.222444465383887291e-03
1.154098077677190304e-03
1.286605023778975010e-03
1.261494238860905170e-03
1.097216969355940819e-03
1.239921897649765015e-03
1.134395366534590721e-03
1.250600325874984264e-03
1.122202840633690357e-03
1.182817155495285988e-03
1.151851611211895943e-03
1.133854966610670090e-03
1.153421122580766678e-03
1.134926453232765198e-03
1.119775581173598766e-03
1.181471510790288448e-03
1.100839814171195030e-03
1.208067755214869976e-03
1.187507528811693192e-03
1.043048338033258915e-03
1.122460816986858845e-03
1.205138629302382469e-03
1.041527139022946358e-03
1.162581495009362698e-03
1.060361624695360661e-03
1.211434137076139450e-03
1.123074092902243137e-03
1.008878229185938835e-03
1.236461685039103031e-03
1.069836085662245750e-03
1.117753679864108562e-03
1.125168288126587868e-03
1.026492100208997726e-03
1.127754221670329571e-03
1.111667486838996410e-03
1.036643399856984615e-03
1.063119503669440746e-03
1.115573104470968246e-03
1.128230243921279907e-03
1.051781466230750084e-03
1.061364775523543358e-03
1.069822348654270172e-03
1.105653936974704266e-03
9.798542596399784088e-04
1.132876728661358356e-03
1.058052177540957928e-03
1.003098441287875175e-03
1.022159238345921040e-03
1.050623133778572083e-03
1.114118727855384350e-03
1.043822150677442551e-03
1.015779329463839531e-03
1.091459649614989758e-03
1.019566552713513374e-03
1.105011440813541412e-03
1.067714183591306210e-03
1.115293591283261776e-03
9.757308289408683777e-04
1.056869747117161751e-03
9.577012970112264156e-04
1.042202347889542580e-03
1.122239162214100361e-03
9.631191496737301350e-04
1.011202693916857243e-03
1.021744916215538979e-03
9.997383458539843559e-04
9.762450936250388622e-04
1.063392846845090389e-03
9.387767058797180653e-04
1.001891912892460823e-03
9.581354097463190556e-04
9.791613556444644928e-04
9.788866154849529266e-04
1.074618427082896233e-03
9.863571031019091606e-04
9.506727219559252262e-04
1.099714543670415878e-03
9.291841415688395500e-04
9.377043461427092552e-04
1.003121025860309601e-03
9.185923845507204533e-04
9.101488394662737846e-04
9.387716418132185936e-04
9.935807902365922928e-04
9.483215399086475372e-04
1.011875225231051445e-03
1.030601444654166698e-03
9.239220526069402695e-04
9.883025195449590683e-04
9.704467956908047199e-04
8.928427705541253090e-04
9.326226427219808102e-04
9.059443254955112934e-04
9.434384410269558430e-04
9.393978980369865894e-04
9.366235462948679924e-04
8.981176652014255524e-04
1.015033922158181667e-03
8.494681096635758877e-04
9.575912263244390488e-04
9.680249495431780815e-04
8.784402743913233280e-04
9.802983840927481651e-04
8.988564368337392807e-04
9.989583631977438927e-04
8.223715703934431076e-04
9.160436457023024559e-04
8.835725020617246628e-04
9.416486718691885471e-04
9.719771333038806915e-04
8.112949435599148273e-04
9.777927771210670471e-04
9.407118777744472027e-04
8.811330772005021572e-04
9.219235507771372795e-04
9.259274229407310486e-04
9.340557153336703777e-04
8.975566597655415535e-04
9.098377195186913013e-04
8.706313092261552811e-04
9.138639434240758419e-04
9.187732939608395100e-04
9.995745494961738586e-04
8.020420209504663944e-04
8.919137762859463692e-04
9.190035634674131870e-04
9.306573192588984966e-04
8.410923765040934086e-04
9.074957924894988537e-04
8.582036243751645088e-04
9.298456134274601936e-04
8.647321956232190132e-04
8.795799221843481064e-04
8.953054202720522881e-04
8.743781363591551781e-04
9.324433049187064171e-04
8.930335170589387417e-04
8.515911176800727844e-04
8.805386605672538280e-04
8.570125792175531387e-04
9.060225565917789936e-04
8.344256202690303326e-04
8.575010579079389572e-04
9.123561903834342957e-04
8.473421912640333176e-04
8.923471323214471340e-04
8.434567716903984547e-04
8.713467395864427090e-04
7.699094712734222412e-04
7.843277417123317719e-04
8.746196981519460678e-04
8.981090504676103592e-04
9.599376935511827469e-04
8.048724848777055740e-04
8.553780498914420605e-04
9.070006199181079865e-04
8.346929680556058884e-04
8.649001829326152802e-04
7.801462779752910137e-04
8.408975554630160332e-04
8.863988914526998997e-04
8.782105287536978722e-04
8.850339218042790890e-04
7.574473856948316097e-04
7.835582946427166462e-04
8.131497306749224663e-04
7.883985526859760284e-04
8.292129496112465858e-04
7.678513065911829472e-04
8.307366515509784222e-04
8.386548142880201340e-04
8.364572422578930855e-04
7.735809776932001114e-04
8.657710277475416660e-04
8.828609716147184372e-04
8.524191798642277718e-04
7.345413905568420887e-04
7.974124746397137642e-04
8.532301872037351131e-04
7.483672234229743481e-04
7.859755423851311207e-04
8.440958918072283268e-04
7.622627890668809414e-04
8.200725424103438854e-04
8.264450007118284702e-04
7.819197489880025387e-04
8.356618927791714668e-04
7.830972899682819843e-04
8.125910535454750061e-04
7.984056719578802586e-04
7.245118613354861736e-04
7.494536112062633038e-04
7.919062045402824879e-04
8.240419556386768818e-04
7.552846800535917282e-04
8.517824462614953518e-04
8.246825891546905041e-04
7.754639955237507820e-04
8.025052957236766815e-04
7.480352651327848434e-04
8.807193953543901443e-04
7.448938558809459209e-04
7.504630484618246555e-04
7.891065906733274460e-04
7.368981605395674706e-04
8.153328089974820614e-04
7.396597065962851048e-04
8.003874681890010834e-04
7.403938798233866692e-04
7.915279129520058632e-04
7.499848725274205208e-04
8.152174996212124825e-04
7.293143426068127155e-04
7.837837911210954189e-04
7.434720173478126526e-04
8.090757182799279690e-04
7.482871296815574169e-04
7.950746803544461727e-04
7.197405793704092503e-04
7.125427946448326111e-04
7.522496744059026241e-04
8.203710312955081463e-04
7.478711777366697788e-04
7.278111879713833332e-04
7.967395358718931675e-04
6.886029732413589954e-04
8.768336265347898006e-04
7.538833888247609138e-04
7.101512164808809757e-04
7.766654016450047493e-04
7.030831766314804554e-04
7.004249491728842258e-04
7.615532376803457737e-04
7.674575899727642536e-04
8.179022115655243397e-04
7.248212350532412529e-04
7.158661028370261192e-04
7.326863706111907959e-04
8.034321945160627365e-04
7.752015953883528709e-04
7.871106499806046486e-04
7.309144712053239346e-04
6.546295480802655220e-04
7.129384321160614491e-04
7.597705116495490074e-04
8.098487742245197296e-04
7.462875801138579845e-04
7.766197086311876774e-04
7.389995153062045574e-04
8.220597519539296627e-04
6.999396136961877346e-04
7.056116592139005661e-04
7.329355576075613499e-04
6.761338445357978344e-04
7.020671619102358818e-04
7.353721885010600090e-04
6.979843601584434509e-04
8.139614365063607693e-04
7.154432241804897785e-04
6.447334308177232742e-04
7.626296137459576130e-04
6.647873669862747192e-04
7.060502539388835430e-04
8.088230970315635204e-04
6.686815759167075157e-04
7.110990700311958790e-04
6.694383337162435055e-04
7.241882267408072948e-04
7.361363386735320091e-04
6.438945420086383820e-04
7.468406111001968384e-04
6.603072397410869598e-04
7.166118593886494637e-04
6.753999041393399239e-04
7.376970606856048107e-04
6.782207055948674679e-04
6.643034867011010647e-04
6.709361332468688488e-04
7.618754170835018158e-04
7.308169151656329632e-04
6.250914302654564381e-04
7.385778590105473995e-04
6.767578888684511185e-04
6.647497648373246193e-04
6.845878087915480137e-04
7.404462085105478764e-04
6.500493036583065987e-04
7.229344919323921204e-04
6.560241454280912876e-04
7.053271983750164509e-04
6.262191454879939556e-04
7.304318714886903763e-04
6.751430337317287922e-04
7.075025932863354683e-04
7.045955280773341656e-04
6.605146336369216442e-04
6.758605013601481915e-04
6.505316705442965031e-04
6.765789003111422062e-04
7.076085312291979790e-04
7.178716477937996387e-04
6.644428358413279057e-04
7.285358733497560024e-04
6.494027911685407162e-04
6.861284491606056690e-04
7.454471779055893421e-04
7.169822929427027702e-04
6.488063372671604156e-04
6.359560647979378700e-04
6.573714199475944042e-04
6.298297666944563389e-04
6.356560625135898590e-04
6.885500042699277401e-04
6.872437079437077045e-04
5.907239392399787903e-04
6.554583669640123844e-04
6.941882893443107605e-04
6.125991931185126305e-04
6.805477314628660679e-04
6.472382228821516037e-04
6.595783052034676075e-04
6.668338901363313198e-04
6.518188747577369213e-04
7.028570398688316345e-04
5.946115707047283649e-04
6.973911076784133911e-04
6.328239687718451023e-04
6.991095724515616894e-04
5.746142123825848103e-04
6.687366403639316559e-04
6.998008466325700283e-04
7.251910865306854248e-04
6.471864180639386177e-04
6.562546477653086185e-04
5.940299597568809986e-04
6.591678247787058353e-04
6.239158683456480503e-04
6.338920793496072292e-04
5.930354818701744080e-04
7.208792958408594131e-04
5.937371752224862576e-04
6.185699021443724632e-04
6.494826520793139935e-04
6.691532325930893421e-04
6.220724317245185375e-04
5.982682923786342144e-04
6.458877469412982464e-04
7.072531152516603470e-04
6.032813107594847679e-04
6.204555975273251534e-04
6.131834234111011028e-04
6.883931346237659454e-04
6.512749823741614819e-04
6.323550478555262089e-04
6.748205632902681828e-04
5.748759722337126732e-04
6.614166195504367352e-04
6.921213353052735329e-04
6.036200211383402348e-04
6.822588620707392693e-04
6.311659817583858967e-04
6.075546843931078911e-04
6.701390957459807396e-04
6.109556416049599648e-04
6.260671070776879787e-04
5.790515569970011711e-04
6.206306279636919498e-04
6.558483000844717026e-04
6.444041500799357891e-04
6.796853267587721348e-04
5.720806075260043144e-04
6.102742627263069153e-04
5.943631404079496861e-04
6.711590685881674290e-04
5.984973977319896221e-04
5.924958968535065651e-04
6.735431961715221405e-04
6.582255591638386250e-04
6.037660641595721245e-04
8.194472175091505051e-04
5.524748703464865685e-04
5.800432409159839153e-04
6.555161671712994576e-04
6.114638526923954487e-04
6.407379987649619579e-04
6.139873876236379147e-04
6.364809232763946056e-04
6.067103822715580463e-04
5.877101211808621883e-04
6.225432152859866619e-04
6.163874641060829163e-04
5.976345273666083813e-04
5.967934266664087772e-04
6.683715619146823883e-04
6.101721082814037800e-04
6.473335670307278633e-04
5.725438822992146015e-04
6.142695201560854912e-04
6.222887896001338959e-04
6.280744564719498158e-04
6.323715206235647202e-04
6.929400842636823654e-04
5.693211569450795650e-04
6.051857490092515945e-04
5.830189911648631096e-04
6.504348129965364933e-04
5.835380288772284985e-04
6.564763025380671024e-04
5.451376782730221748e-04
5.957972607575356960e-04
6.783496355637907982e-04
5.858549848198890686e-04
5.433725309558212757e-04
5.879613454453647137e-04
5.278580938465893269e-04
6.567491218447685242e-04
5.483953864313662052e-04
6.632931181229650974e-04
5.933324573561549187e-04
5.620480515062808990e-04
5.870330496691167355e-04
6.083886255510151386e-04
5.984292365610599518e-04
5.765617243014276028e-04
6.736354553140699863e-04
5.291901179589331150e-04
5.951838684268295765e-04
5.855211056768894196e-04
6.183116347528994083e-04
6.179646588861942291e-04
5.903259734623134136e-04
5.771250580437481403e-04
5.940219270996749401e-04
5.735249724239110947e-04
5.868743173778057098e-04
5.297402967698872089e-04
5.999678978696465492e-04
5.374636384658515453e-04
6.036941194906830788e-04
5.506280576810240746e-04
5.639552837237715721e-04
5.283052450977265835e-04
6.127991364337503910e-04
6.584846414625644684e-04
5.123882438056170940e-04
5.390675505623221397e-04
5.438759108074009418e-04
6.602315697818994522e-04
5.763231310993432999e-04
5.302448989823460579e-04
5.611673113889992237e-04
5.827337736263871193e-04
5.559368873946368694e-04
5.823566461913287640e-04
5.790058057755231857e-04
5.252650007605552673e-04
6.236467161215841770e-04
5.990656791254878044e-04
5.731845158152282238e-04
6.358081591315567493e-04
4.944857791997492313e-04
5.721905035898089409e-04
5.737502360716462135e-04
5.357795162126421928e-04
6.061510648578405380e-04
6.073004915378987789e-04
5.515955272130668163e-04
6.056368583813309669e-04
6.194423767738044262e-04
6.028156494721770287e-04
5.551946815103292465e-04
6.122118211351335049e-04
5.239133024588227272e-04
5.856587667949497700e-04
5.733831203542649746e-04
5.612489767372608185e-04
5.627584760077297688e-04
5.573183298110961914e-04
5.783463711850345135e-04
6.181845092214643955e-04
5.884253187105059624e-04
5.476005608215928078e-04
5.830206209793686867e-04
5.614220863208174706e-04
5.545269232243299484e-04
5.290528642944991589e-04
5.912874476052820683e-04
5.586834158748388290e-04
5.907732993364334106e-04
5.549940979108214378e-04
6.044498295523226261e-04
5.253328126855194569e-04
5.511394119821488857e-04
5.615803529508411884e-04
5.344941164366900921e-04
5.413094768300652504e-04
5.716136656701564789e-04
4.978984361514449120e-04
5.493035423569381237e-04
6.082135951146483421e-04
5.713780992664396763e-04
5.459293606691062450e-04
5.672535626217722893e-04
5.416710628196597099e-04
5.390484584495425224e-04
5.660812021233141422e-04
5.486256559379398823e-04
5.466099246405065060e-04
5.364680546335875988e-04
5.081478739157319069e-04
6.128953536972403526e-04
5.455854698084294796e-04
5.892770132049918175e-04
5.709105753339827061e-04
5.425442941486835480e-04
6.001213332638144493e-04
4.853416467085480690e-04
5.706711090169847012e-04
5.439351079985499382e-04
5.521064740605652332e-04
6.202869117259979248e-04
5.137792904861271381e-04
6.065135239623486996e-04
5.100822309032082558e-04
6.023645401000976562e-04
5.590328946709632874e-04
5.582549492828547955e-04
4.943900858052074909e-04
5.544532323256134987e-04
5.412285681813955307e-04
5.274400464259088039e-04
5.677988519892096519e-04
4.665418236982077360e-04
5.551446811296045780e-04
5.708158132620155811e-04
5.039501702412962914e-04
5.657835281454026699e-04
5.342982476577162743e-04
5.086939781904220581e-04
4.899012856185436249e-04
5.853202310390770435e-04
5.303446087054908276e-04
5.767869297415018082e-04
4.956738557666540146e-04
5.629712832160294056e-04
5.539100966416299343e-04
5.628541694022715092e-04
5.343307275325059891e-04
4.930634750053286552e-04
6.400577258318662643e-04
4.977604257874190807e-04
5.080303526483476162e-04
5.583822494372725487e-04
5.385783733800053596e-04
5.754129961133003235e-04
5.325481761246919632e-04
5.213036783970892429e-04
5.302336649037897587e-04
4.972302704118192196e-04
5.257236771285533905e-04
5.592467496171593666e-04
5.637512076646089554e-04
4.779413284268230200e-04
5.925020668655633926e-04
5.214787670411169529e-04
4.974303301423788071e-04
5.243241903372108936e-04
5.623393226414918900e-04
4.914711462333798409e-04
5.271484260447323322e-04
5.463918205350637436e-04
5.278395256027579308e-04
5.177437560632824898e-04
5.356540204957127571e-04
4.687787441071122885e-04
5.246649379841983318e-04
5.573726957663893700e-04
4.955012118443846703e-04
5.496332305483520031e-04
4.870095290243625641e-04
5.380333168432116508e-04
4.758361319545656443e-04
5.377944326028227806e-04
4.760752781294286251e-04
5.181232700124382973e-04
4.762509779538959265e-04
5.858365329913794994e-04
4.628466558642685413e-04
5.395822809077799320e-04
5.054993089288473129e-04
4.945637774653732777e-04
5.051038460806012154e-04
5.071266205050051212e-04
5.312704597599804401e-04
4.848193784710019827e-04
5.099168047308921814e-04
4.724180325865745544e-04
5.168379866518080235e-04
5.367747507989406586e-04
5.499799735844135284e-04
5.134755629114806652e-04
5.339288036338984966e-04
4.486656107474118471e-04
5.654947599396109581e-04
4.702433070633560419e-04
4.937079502269625664e-04
5.185177433304488659e-04
4.903004737570881844e-04
4.681049904320389032e-04
5.094882799312472343e-04
5.437593208625912666e-04
4.771852109115570784e-04
5.428879521787166595e-04
4.803905612789094448e-04
5.054198554717004299e-04
5.643211188726127148e-04
4.813742707483470440e-04
5.228908266872167587e-04
5.536992102861404419e-04
6.144719081930816174e-04
5.225666100159287453e-04
4.827645316254347563e-04
5.240482860244810581e-04
5.206011119298636913e-04
5.251957336440682411e-04
5.533684161491692066e-04
5.159038701094686985e-04
4.588756419252604246e-04
5.003188853152096272e-04
5.071226041764020920e-04
4.724720492959022522e-04
5.071060732007026672e-04
5.600063013844192028e-04
4.827748343814164400e-04
5.098550464026629925e-04
4.528579302132129669e-04
5.364886019378900528e-04
4.918058402836322784e-04
5.372649757191538811e-04
5.422944668680429459e-04
4.650637565646320581e-04
5.028882296755909920e-04
4.664604784920811653e-04
5.187227507121860981e-04
4.909522249363362789e-04
4.763995530083775520e-04
5.568612832576036453e-04
4.576570936478674412e-04
5.101105780340731144e-04
4.744785255752503872e-04
5.967067554593086243e-04
4.387438821140676737e-04
4.841301997657865286e-04
4.701212747022509575e-04
4.569933516904711723e-04
5.719272885471582413e-04
4.674322262872010469e-04
5.147128831595182419e-04
5.072725471109151840e-04
5.209536757320165634e-04
4.706387990154325962e-04
5.502966232597827911e-04
4.950314760208129883e-04
4.737252602353692055e-04
4.872484132647514343e-04
5.189446965232491493e-04
4.500432114582508802e-04
5.069936159998178482e-04
4.885662347078323364e-04
5.351844592951238155e-04
4.564971895888447762e-04
4.628079768735915422e-04
4.712407535407692194e-04
5.418562213890254498e-04
5.397821660153567791e-04
4.713941598311066628e-04
4.925522371195256710e-04
4.750212538056075573e-04
5.388085846789181232e-04
4.755442205350846052e-04
4.965982516296207905e-04
4.768008366227149963e-04
4.392563714645802975e-04
5.247608642093837261e-04
5.181639571674168110e-04
4.453572619240731001e-04
4.264866001904010773e-04
5.413366598077118397e-04
4.929967690259218216e-04
4.767452774103730917e-04
4.873333382420241833e-04
5.250598769634962082e-04
4.729143111035227776e-04
4.723136080428957939e-04
5.029182648286223412e-04
4.798761801794171333e-04
4.853392601944506168e-04
5.135152023285627365e-04
5.126718315295875072e-04
4.376631695777177811e-04
5.107291508466005325e-04
4.776432178914546967e-04
4.651575582101941109e-04
4.838609311264008284e-04
5.153184756636619568e-04
5.305819795466959476e-04
4.956640768796205521e-04
4.711214569397270679e-04
4.847089876420795918e-04
4.886345705017447472e-04
5.103872972540557384e-04
4.287410702090710402e-04
4.781038151122629642e-04
5.208115908317267895e-04
4.996311035938560963e-04
5.194643163122236729e-04
4.902076907455921173e-04
5.278115859255194664e-04
4.659938276745378971e-04
5.194621626287698746e-04
4.408729437272995710e-04
4.703021550085395575e-04
5.080348346382379532e-04
4.924935055896639824e-04
4.197080561425536871e-04
4.528810968622565269e-04
4.416547890286892653e-04
4.744973266497254372e-04
4.409392713569104671e-04
4.645852604880928993e-04
4.772313695866614580e-04
5.235191201791167259e-04
4.524232354015111923e-04
4.342321772128343582e-04
4.402733757160604000e-04
4.611652402672916651e-04
5.332214641384780407e-04
4.263485898263752460e-04
4.461931239347904921e-04
5.058399401605129242e-04
5.198380677029490471e-04
4.634742799680680037e-04
5.005714483559131622e-04
4.355300334282219410e-04
4.779160954058170319e-04
4.298090352676808834e-04
5.258070304989814758e-04
4.186439909972250462e-04
5.597286508418619633e-04
4.231716739013791084e-04
5.229088710620999336e-04
4.722248995676636696e-04
4.305807524360716343e-04
4.869044350925832987e-04
4.781664465554058552e-04
4.427506355568766594e-04
4.475734604056924582e-04
4.206254088785499334e-04
4.518659552559256554e-04
4.761071177199482918e-04
5.324649391695857048e-04
4.731579683721065521e-04
4.323344328440725803e-04
5.242440383881330490e-04
4.686914326157420874e-04
4.721412551589310169e-04
5.293266731314361095e-04
4.084499960299581289e-04
4.657208046410232782e-04
4.735750553663820028e-04
4.788185178767889738e-04
4.887791001237928867e-04
4.461098287720233202e-04
5.581539589911699295e-04
4.728312487713992596e-04
4.286457551643252373e-04
4.939362988807260990e-04
4.683640436269342899e-04
4.998838994652032852e-04
4.290361830499023199e-04
4.603446868713945150e-04
4.459748743101954460e-04
4.985295236110687256e-04
4.375794378574937582e-04
4.787931102328002453e-04
4.586538416333496571e-04
4.506203113123774529e-04
4.836899170186370611e-04
4.928410635329782963e-04
4.521075752563774586e-04
4.725761828012764454e-04
4.336143902037292719e-04
4.561902605928480625e-04
4.754659603349864483e-04
4.553120234049856663e-04
4.513749154284596443e-04
4.433194699231535196e-04
4.830456164199858904e-04
5.172388628125190735e-04
4.781339084729552269e-04
4.747310595121234655e-04
4.591542819980531931e-04
4.585680435411632061e-04
4.558125510811805725e-04
4.418928583618253469e-04
5.036390502937138081e-04
4.820217145606875420e-04
4.434795409906655550e-04
