8.438210189342498779e-02
8.362650126218795776e-02
6.276501715183258057e-02
4.038386419415473938e-02
3.206202015280723572e-02
2.639399468898773193e-02
2.235540002584457397e-02
1.948020234704017639e-02
1.718192175030708313e-02
1.534815225750207901e-02
1.374514866620302200e-02
1.200053002685308456e-02
1.064348127692937851e-02
9.384062141180038452e-03
8.434404619038105011e-03
7.615033537149429321e-03
6.689683068543672562e-03
6.026109214872121811e-03
5.551994778215885162e-03
4.961698316037654877e-03
4.724163096398115158e-03
4.330331459641456604e-03
3.952465951442718506e-03
3.794540185481309891e-03
3.557336749508976936e-03
3.380089532583951950e-03
3.120510373264551163e-03
3.089307108893990517e-03
2.976018702611327171e-03
2.783391391858458519e-03
2.629023278132081032e-03
2.628146903589367867e-03
2.560866763815283775e-03
2.307870192453265190e-03
2.268447307869791985e-03
2.116738120093941689e-03
2.153910463675856590e-03
2.098496537655591965e-03
1.959566259756684303e-03
2.062407555058598518e-03
2.038048347458243370e-03
1.858411007560789585e-03
1.789103611372411251e-03
1.710931421257555485e-03
1.656240317970514297e-03
1.826937193982303143e-03
1.751719624735414982e-03
1.629298087209463120e-03
1.595889916643500328e-03
1.499662525020539761e-03
1.452945405617356300e-03
1.504877232946455479e-03
1.367625198327004910e-03
1.504727522842586040e-03
1.365217962302267551e-03
1.873283879831433296e-03
1.272342749871313572e-03
1.109141041524708271e-03
1.334961387328803539e-03
1.271304558031260967e-03
1.354320091195404530e-03
1.313720247708261013e-03
1.141273300163447857e-03
1.363724702969193459e-03
1.074290717951953411e-03
1.059912494383752346e-03
1.140582258813083172e-03
1.365844276733696461e-03
1.140315434895455837e-03
9.834014344960451126e-04
1.009511644951999187e-03
1.085229450836777687e-03
9.270279551856219769e-04
1.046433579176664352e-03
1.050119404681026936e-03
1.155210775323212147e-03
1.362805720418691635e-03
1.005696598440408707e-03
8.262572227977216244e-04
8.189245709218084812e-04
9.526993380859494209e-04
1.060960581526160240e-03
9.771934710443019867e-04
8.413330651819705963e-04
9.035484981723129749e-04
1.141009503044188023e-03
1.380753819830715656e-03
7.896334282122552395e-04
7.803690969012677670e-04
7.491675205528736115e-04
1.031273626722395420e-03
8.711242116987705231e-04
7.215125369839370251e-04
9.303378174081444740e-04
9.290093439631164074e-04
7.163566770032048225e-04
7.861226331442594528e-04
1.070710597559809685e-03
7.095377659425139427e-04
1.008011866360902786e-03
1.161815482191741467e-03
6.764950230717658997e-04
6.222688243724405766e-04
6.283176480792462826e-04
1.272693625651299953e-03
7.705335738137364388e-04
6.800901028327643871e-04
6.416491814889013767e-04
6.366212619468569756e-04
6.493501714430749416e-04
1.764855114743113518e-03
8.197285933420062065e-04
6.014120299369096756e-04
5.704660434275865555e-04
5.769851850345730782e-04
7.995092892087996006e-04
9.193420410156250000e-04
6.205608369782567024e-04
6.274762563407421112e-04
1.275657443329691887e-03
6.446003681048750877e-04
5.368537385948002338e-04
5.802208906970918179e-04
7.526397821493446827e-04
1.082334783859550953e-03
5.872705369256436825e-04
6.196541944518685341e-04
5.691189435310661793e-04
5.929758772253990173e-04
5.618375726044178009e-04
8.339920896105468273e-04
7.862393977120518684e-04
5.632511456497013569e-04
5.647885263897478580e-04
6.195905152708292007e-04
1.276804716326296329e-03
5.877366638742387295e-04
5.452801124192774296e-04
4.759141302201896906e-04
8.348861010745167732e-04
8.903989801183342934e-04
5.432650214061141014e-04
5.070536280982196331e-04
4.725649487227201462e-04
5.787531263194978237e-04
5.830379668623209000e-04
7.012606365606188774e-04
8.960632258094847202e-04
5.439607193693518639e-04
5.204956396482884884e-04
6.604603258892893791e-04
5.314708687365055084e-04
5.096698878332972527e-04
7.167810690589249134e-04
7.457446772605180740e-04
5.329469568096101284e-04
6.142291822470724583e-04
6.979122408665716648e-04
4.644322907552123070e-04
1.015989924781024456e-03
4.709628119599074125e-04
4.348822112660855055e-04
4.409033572301268578e-04
5.637402064166963100e-04
1.391308032907545567e-03
4.990145098417997360e-04
4.222609568387269974e-04
4.329871444497257471e-04
4.713951493613421917e-04
7.479048799723386765e-04
1.077067106962203979e-03
4.686340107582509518e-04
4.091564915142953396e-04
4.362821055110543966e-04
4.583281988743692636e-04
5.742913344874978065e-04
1.077431137673556805e-03
4.675445670727640390e-04
4.233563377056270838e-04
5.072549683973193169e-04
4.397084703668951988e-04
5.393697647377848625e-04
4.716520197689533234e-04
4.603617708198726177e-04
7.438705652020871639e-04
4.503465897869318724e-04
4.229483311064541340e-04
4.575073835439980030e-04
4.513263411354273558e-04
1.063496805727481842e-03
4.553978797048330307e-04
4.081389924976974726e-04
4.186308651696890593e-04
6.621246575377881527e-04
7.990273879840970039e-04
4.298436688259243965e-04
3.981334739364683628e-04
3.751234617084264755e-04
1.038054702803492546e-03
4.742504679597914219e-04
3.885034238919615746e-04
3.809730696957558393e-04
3.908829821739345789e-04
4.446555103641003370e-04
8.393959142267704010e-04
4.149388114456087351e-04
3.859234275296330452e-04
6.366003653965890408e-04
4.175794601906090975e-04
3.787055320572108030e-04
5.012683104723691940e-04
8.711029076948761940e-04
3.931444080080837011e-04
3.577014722395688295e-04
4.176543152425438166e-04
9.588268003426492214e-04
8.592646918259561062e-04
4.086973785888403654e-04
3.762934065889567137e-04
3.526626969687640667e-04
3.456966951489448547e-04
4.474210436455905437e-04
9.262560051865875721e-04
4.498986818362027407e-04
4.310593940317630768e-04
3.714488702826201916e-04
3.860589349642395973e-04
3.841536527033895254e-04
1.407561823725700378e-03
4.731283988803625107e-04
3.774260985665023327e-04
3.949258243665099144e-04
3.552183625288307667e-04
3.516420256346464157e-04
5.744541995227336884e-04
7.968342397361993790e-04
3.755541110876947641e-04
3.657649795059114695e-04
4.013944999314844608e-04
3.716613573487848043e-04
9.519828017801046371e-04
4.328341165091842413e-04
3.481781168375164270e-04
3.261576930526643991e-04
3.551714471541345119e-04
3.978364984504878521e-04
1.082476577721536160e-03
5.743654328398406506e-04
3.621631476562470198e-04
3.254433395341038704e-04
4.325431946199387312e-04
3.600021591410040855e-04
3.971281403210014105e-04
7.222216809168457985e-04
3.746336442418396473e-04
3.456147387623786926e-04
3.476845158729702234e-04
3.628345730248838663e-04
4.005726077593863010e-04
4.648428875952959061e-04
8.157946867868304253e-04
5.174503312446177006e-04
4.097055934835225344e-04
3.263323742430657148e-04
3.158618637826293707e-04
3.423058660700917244e-04
9.487046627327799797e-04
3.607996331993490458e-04
3.217445337213575840e-04
4.756979178637266159e-04
3.284237463958561420e-04
3.137826861348003149e-04
3.290610038675367832e-04
6.661468069069087505e-04
4.462564829736948013e-04
6.152188288979232311e-04
3.783138527069240808e-04
3.043728065676987171e-04
3.415114479139447212e-04
6.962255574762821198e-04
3.615052555687725544e-04
3.155380545649677515e-04
3.642046358436346054e-04
8.732695714570581913e-04
3.246665291953831911e-04
2.993038797285407782e-04
3.433596575632691383e-04
4.440620832610875368e-04
5.923939170315861702e-04
6.308549782261252403e-04
3.235755721107125282e-04
3.163412329740822315e-04
2.968705666717141867e-04
3.268523141741752625e-04
3.557912132237106562e-04
8.585727191530168056e-04
3.281731915194541216e-04
2.957799006253480911e-04
3.074767009820789099e-04
8.518467657268047333e-04
4.427513631526380777e-04
3.572959976736456156e-04
3.164034569635987282e-04
2.820137015078216791e-04
2.875336504075676203e-04
8.489373722113668919e-04
4.616755177266895771e-04
3.394842206034809351e-04
3.047857899218797684e-04
3.163811343256384134e-04
4.036046157125383615e-04
3.218769561499357224e-04
3.649050486274063587e-04
3.191056312061846256e-04
8.881175308488309383e-04
4.502829397097229958e-04
3.148959367536008358e-04
3.149060939904302359e-04
2.944910957012325525e-04
2.912596391979604959e-04
3.147118550259619951e-04
1.053277286700904369e-03
3.383200673852115870e-04
2.958851400762796402e-04
2.739093033596873283e-04
2.879629319068044424e-04
2.977280237246304750e-04
8.552657091058790684e-04
3.467451606411486864e-04
4.474955494515597820e-04
2.951386850327253342e-04
2.714543661568313837e-04
2.732847642619162798e-04
5.941994604654610157e-04
6.125450017862021923e-04
3.065127530135214329e-04
2.769841230474412441e-04
3.178880142513662577e-04
3.148276300635188818e-04
7.002949132584035397e-04
3.398810513317584991e-04
2.823182439897209406e-04
4.744544567074626684e-04
2.832718018908053637e-04
2.796142653096467257e-04
2.731277490966022015e-04
5.652805557474493980e-04
5.376258632168173790e-04
2.906276786234229803e-04
2.774281310848891735e-04
2.942477585747838020e-04
8.963105501607060432e-04
3.001823497470468283e-04
2.653101400937885046e-04
2.529236080590635538e-04
2.652898547239601612e-04
3.660444344859570265e-04
8.232522523030638695e-04
3.060433955397456884e-04
2.666702785063534975e-04
2.610715164337307215e-04
3.906026249751448631e-04
5.140451248735189438e-04
3.280452801845967770e-04
2.743181539699435234e-04
2.749664708971977234e-04
5.901615368202328682e-04
5.057390080764889717e-04
2.974341041408479214e-04
2.594122779555618763e-04
2.446623984724283218e-04
7.666532765142619610e-04
4.277841653674840927e-04
2.983820158988237381e-04
2.755094610620290041e-04
5.930399638600647449e-04
2.935359079856425524e-04
2.792348386719822884e-04
2.964348823297768831e-04
3.145082737319171429e-04
3.949700621888041496e-04
6.154183065518736839e-04
4.715929389931261539e-04
3.290709573775529861e-04
2.753065491560846567e-04
3.025868500117212534e-04
2.744588418863713741e-04
5.179563304409384727e-04
2.702440542634576559e-04
2.562179288361221552e-04
2.656446595210582018e-04
7.316549890674650669e-04
2.959551929961889982e-04
2.905538422055542469e-04
2.568661293480545282e-04
2.558284904807806015e-04
8.235074928961694241e-04
5.486948066391050816e-04
2.916257653851062059e-04
2.775756001938134432e-04
2.549233904574066401e-04
2.568403724581003189e-04
2.507107565179467201e-04
8.470163447782397270e-04
3.208811976946890354e-04
2.585881738923490047e-04
2.670151297934353352e-04
2.650462847668677568e-04
8.067810558713972569e-04
3.682206734083592892e-04
2.706222876440733671e-04
2.440617536194622517e-04
2.440805692458525300e-04
3.452150849625468254e-04
2.880260872188955545e-04
9.312988840974867344e-04
2.864983107428997755e-04
2.479035465512424707e-04
2.733135479502379894e-04
2.556182735133916140e-04
2.497901150491088629e-04
2.632216492202132940e-04
6.426526815630495548e-04
3.317774389870464802e-04
2.543211448937654495e-04
2.940997364930808544e-04
4.815974680241197348e-04
2.835833583958446980e-04
2.398524811724200845e-04
5.592196830548346043e-04
5.212507094256579876e-04
2.930585469584912062e-04
2.411598397884517908e-04
2.355987962801009417e-04
2.517386747058480978e-04
2.886864822357892990e-04
3.063503827434033155e-04
3.754190984182059765e-04
5.918389069847762585e-04
2.746290119830518961e-04
2.748410624917596579e-04
3.600754716899245977e-04
2.494163054507225752e-04
2.398004580754786730e-04
3.955966967623680830e-04
2.639243903104215860e-04
2.965661697089672089e-04
2.545107854530215263e-04
2.576684637460857630e-04
2.934047661256045103e-04
7.743886089883744717e-04
3.211436560377478600e-04
2.466199803166091442e-04
2.390635199844837189e-04
2.355079195694997907e-04
5.096510867588222027e-04
4.945712862536311150e-04
2.532957878429442644e-04
2.357894845772534609e-04
2.266254887217655778e-04
2.390616718912497163e-04
2.639234007801860571e-04
4.564834525808691978e-04
6.258569774217903614e-04
3.149123804178088903e-04
2.352253359276801348e-04
2.272315032314509153e-04
2.259704342577606440e-04
2.848374133463948965e-04
8.158555137924849987e-04
2.751938591245561838e-04
2.393383911112323403e-04
2.204480406362563372e-04
2.533286751713603735e-04
2.542439615353941917e-04
4.072749870829284191e-04
5.063512944616377354e-04
2.653701230883598328e-04
2.322853542864322662e-04
2.471411717124283314e-04
2.279662876389920712e-04
2.301445783814415336e-04
2.342928783036768436e-04
7.347144419327378273e-04
3.600316413212567568e-04
2.467758022248744965e-04
2.335938479518517852e-04
2.439409290673211217e-04
2.745564270298928022e-04
2.798780333250761032e-04
4.204673750791698694e-04
6.503275362774729729e-04
2.530385390855371952e-04
2.365516556892544031e-04
2.243820199510082603e-04
2.217733417637646198e-04
2.384570252615958452e-04
3.311076725367456675e-04
6.350810290314257145e-04
2.789470308925956488e-04
2.323856315342709422e-04
2.126875770045444369e-04
2.280966291436925530e-04
2.241558686364442110e-04
6.006247713230550289e-04
2.843324327841401100e-04
2.319459890713915229e-04
2.525766030885279179e-04
4.788294318132102489e-04
2.457463124301284552e-04
2.362240920774638653e-04
2.307270187884569168e-04
3.532554255798459053e-04
2.395627961959689856e-04
2.261712361359968781e-04
2.514781954232603312e-04
2.333585580345243216e-04
3.082255134359002113e-04
5.582848680205643177e-04
4.859429900534451008e-04
2.344427484786137938e-04
2.107931504724547267e-04
2.159096766263246536e-04
2.109363122144713998e-04
2.403134276391938329e-04
4.421543562784790993e-04
2.364054962527006865e-04
2.234510029666125774e-04
2.443800040055066347e-04
2.266598894493654370e-04
2.393682370893657207e-04
4.476911562960594893e-04
6.217748159542679787e-04
2.372554154135286808e-04
2.130479406332597136e-04
2.047749585472047329e-04
2.012292970903217793e-04
2.593460958451032639e-04
2.153161622118204832e-04
3.562507627066224813e-04
6.308757583610713482e-04
3.653020539786666632e-04
2.301491913385689259e-04
2.221473259851336479e-04
2.023962588282302022e-04
2.208751975558698177e-04
2.361203078180551529e-04
2.390954759903252125e-04
5.478978273458778858e-04
5.883987178094685078e-04
2.414707123534753919e-04
2.169164654333144426e-04
2.115113311447203159e-04
2.081998973153531551e-04
2.102619182551279664e-04
2.809980942402034998e-04
2.221552567789331079e-04
4.832792619708925486e-04
2.676826843526214361e-04
2.302368520759046078e-04
2.153079258278012276e-04
2.130061038769781590e-04
4.385618376545608044e-04
2.614548429846763611e-04
2.279872132930904627e-04
2.094528899760916829e-04
2.442733384668827057e-04
2.218829758930951357e-04
2.384920371696352959e-04
5.509556503966450691e-04
2.330523857381194830e-04
2.065113803837448359e-04
6.286608986556529999e-04
2.520055859349668026e-04
2.085169544443488121e-04
1.961993402801454067e-04
1.943867246154695749e-04
2.363438979955390096e-04
2.822267706505954266e-04
5.481523112393915653e-04
2.502352290321141481e-04
2.101995341945439577e-04
2.021718391915783286e-04
1.974385813809931278e-04
4.347573558334261179e-04
2.286688541062176228e-04
1.982532558031380177e-04
2.004887210205197334e-04
4.825514915864914656e-04
2.776012988761067390e-04
2.317661419510841370e-04
2.141679869964718819e-04
1.925958058563992381e-04
2.009634190471842885e-04
5.920658586546778679e-04
2.908405731432139874e-04
3.569887485355138779e-04
2.097867109114304185e-04
1.954056060640141368e-04
1.983471302082762122e-04
1.991823519347235560e-04
6.085868808440864086e-04
2.385461993981152773e-04
2.026336442213505507e-04
1.904663513414561749e-04
1.879860355984419584e-04
3.334230568725615740e-04
2.628162619657814503e-04
2.216064312960952520e-04
1.900307543110102415e-04
4.986281273886561394e-04
3.185805981047451496e-04
2.079498517559841275e-04
2.273456193506717682e-04
2.254558348795399070e-04
2.425440179649740458e-04
2.137126866728067398e-04
2.510960039217025042e-04
5.825593252666294575e-04
2.243878116132691503e-04
2.462852280586957932e-04
1.923551608342677355e-04
1.985721173696219921e-04
4.496823239605873823e-04
2.081675193039700389e-04
2.121511060977354646e-04
2.305524394614621997e-04
3.726631694007664919e-04
2.178466675104573369e-04
1.930318685481324792e-04
1.871717540780082345e-04
4.328841750975698233e-04
5.994921666570007801e-04
2.221799513790756464e-04
1.983330294024199247e-04
1.919163914863020182e-04
1.861188356997445226e-04
2.058399695670232177e-04
2.497099922038614750e-04
2.677976735867559910e-04
2.557731058914214373e-04
1.991031167563050985e-04
2.105318126268684864e-04
5.068731261417269707e-04
3.896002308465540409e-04
2.027422597166150808e-04
1.920929498737677932e-04
2.457298978697508574e-04
5.533345392905175686e-04
2.265827206429094076e-04
2.210452948929741979e-04
1.932127488544210792e-04
2.132822846760973334e-04
2.216920984210446477e-04
2.729486150201410055e-04
2.246506046503782272e-04
2.976669347845017910e-04
2.365589170949533582e-04
3.139058826491236687e-04
2.106780739268288016e-04
2.995844988618046045e-04
4.197179514449089766e-04
2.561851870268583298e-04
1.825934596126899123e-04
1.873007568065077066e-04
1.787560031516477466e-04
2.809902362059801817e-04
2.135737013304606080e-04
2.044165594270452857e-04
2.075018128380179405e-04
4.139832162763923407e-04
2.928109024651348591e-04
2.959756529890000820e-04
2.267152885906398296e-04
2.666629443410784006e-04
2.327872934984043241e-04
2.194630069425329566e-04
2.318597689736634493e-04
2.052702329820021987e-04
2.279959153383970261e-04
1.981851091841235757e-04
3.917622088920325041e-04
2.033079654211178422e-04
1.974703045561909676e-04
1.813514245441183448e-04
6.665306282229721546e-04
3.057908907067030668e-04
1.944850664585828781e-04
1.863701909314841032e-04
1.834671129472553730e-04
2.086192980641499162e-04
3.665135300252586603e-04
2.215368149336427450e-04
1.833024580264464021e-04
1.948470744537189603e-04
2.242108603240922093e-04
7.388078956864774227e-04
3.182053042110055685e-04
2.410728193353861570e-04
1.928468700498342514e-04
1.951306039700284600e-04
1.790319656720384955e-04
2.261551562696695328e-04
1.926187833305448294e-04
3.879051655530929565e-04
3.501507744658738375e-04
2.387371205259114504e-04
1.847329549491405487e-04
1.729954674374312162e-04
5.856835632584989071e-04
2.765390963759273291e-04
1.907164987642318010e-04
1.838450698414817452e-04
1.843815116444602609e-04
1.888881379272788763e-04
1.744067994877696037e-04
5.104948068037629128e-04
2.579916035756468773e-04
1.877379254437983036e-04
1.874033769126981497e-04
2.052385389106348157e-04
1.980953384190797806e-04
2.008827723329886794e-04
1.910296123242005706e-04
2.592512464616447687e-04
2.282872737850993872e-04
2.690895926207304001e-04
2.261977351736277342e-04
1.838798925746232271e-04
5.333513254299759865e-04
2.405673876637592912e-04
1.894425950013101101e-04
1.694307866273447871e-04
1.749590010149404407e-04
3.779770049732178450e-04
4.177361843176186085e-04
2.070783957606181502e-04
2.108629560098052025e-04
1.887632679427042603e-04
1.877031754702329636e-04
5.518905236385762691e-04
2.848990552593022585e-04
1.852688001235947013e-04
1.809716632124036551e-04
1.641584385652095079e-04
1.693332451395690441e-04
1.992215547943487763e-04
1.995120837818831205e-04
6.635836325585842133e-04
2.709060790948569775e-04
1.977398351300507784e-04
2.083509025396779180e-04
1.986795687116682529e-04
2.828874276019632816e-04
1.766822097124531865e-04
4.986409912817180157e-04
2.324592933291569352e-04
1.965120900422334671e-04
1.862052013166248798e-04
2.081783604808151722e-04
1.744850014802068472e-04
1.889093255158513784e-04
5.883555277250707150e-04
2.655724820215255022e-04
1.847718522185459733e-04
3.108413075096905231e-04
2.350769500480964780e-04
3.050745290238410234e-04
2.230635436717420816e-04
1.948846329469233751e-04
2.010228636208921671e-04
2.188129874411970377e-04
1.814303395804017782e-04
2.722681674640625715e-04
2.100341953337192535e-04
1.755495613906532526e-04
1.948455173987895250e-04
5.158550338819622993e-04
1.990720047615468502e-04
1.911123545141890645e-04
2.610454685054719448e-04
2.042072010226547718e-04
2.248487144242972136e-04
1.985032722586765885e-04
4.371371760498732328e-04
2.993631642311811447e-04
1.780942839104682207e-04
1.745530025800690055e-04
1.838526659412309527e-04
1.824008795665577054e-04
2.480574185028672218e-04
3.454760008025914431e-04
1.844921644078567624e-04
1.817966549424454570e-04
1.728039787849411368e-04
1.685364259174093604e-04
1.770395901985466480e-04
5.162827437743544579e-04
1.939803769346326590e-04
1.897040201583877206e-04
1.720986620057374239e-04
1.740345032885670662e-04
1.754425611579790711e-04
7.365918136201798916e-04
5.174253601580858231e-04
2.087523898808285594e-04
1.799242163542658091e-04
1.864746591309085488e-04
1.814649440348148346e-04
2.578653802629560232e-04
2.947834727820008993e-04
3.058674628846347332e-04
1.996279170271009207e-04
1.951636222656816244e-04
2.065878506982699037e-04
1.731902011670172215e-04
2.064844156848266721e-04
4.589694726746529341e-04
5.098485271446406841e-04
2.243335475213825703e-04
1.823015045374631882e-04
1.751327508827671409e-04
1.643035211600363255e-04
1.622477429918944836e-04
1.803514314815402031e-04
5.309039261192083359e-04
1.841030461946502328e-04
1.686443138169124722e-04
1.607152371434494853e-04
1.732374075800180435e-04
1.745386543916538358e-04
1.765745255397632718e-04
3.016703994944691658e-04
2.557862026151269674e-04
2.516300010029226542e-04
1.742432650644332170e-04
1.849242253229022026e-04
1.828222884796559811e-04
1.824552600737661123e-04
2.401808160357177258e-04
2.179392904508858919e-04
2.231200342066586018e-04
2.585734764579683542e-04
2.364057727390900254e-04
2.163772151106968522e-04
2.941291313618421555e-04
1.698933192528784275e-04
1.609604514669626951e-04
1.921132788993418217e-04
1.772740215528756380e-04
1.784457563189789653e-04
1.941628288477659225e-04
2.497287932783365250e-04
3.042774333152920008e-04
4.004925140179693699e-04
1.794932613847777247e-04
1.643338473513722420e-04
2.733842993620783091e-04
2.357616758672520518e-04
2.287341776536777616e-04
2.122554724337533116e-04
1.872399880085140467e-04
1.690296194283291698e-04
1.826739171519875526e-04
3.287339350208640099e-04
1.869903935585170984e-04
1.710198121145367622e-04
3.902430180460214615e-04
2.544121525716036558e-04
1.807312801247462630e-04
1.707343908492475748e-04
1.646509772399440408e-04
3.551923146005719900e-04
2.636427816469222307e-04
1.825428771553561091e-04
1.992450997931882739e-04
3.378502442501485348e-04
1.794882991816848516e-04
1.725206966511905193e-04
1.843388454290106893e-04
1.766330242389813066e-04
1.683516165940091014e-04
3.087657096330076456e-04
3.254723269492387772e-04
1.831433619372546673e-04
2.101686404785141349e-04
2.304086956428363919e-04
2.089461922878399491e-04
1.967906136997044086e-04
1.649997720960527658e-04
5.529171321541070938e-04
2.600001462269574404e-04
1.679016713751479983e-04
1.654414372751489282e-04
1.539435324957594275e-04
1.619556715013459325e-04
2.141506265616044402e-04
1.944462856044992805e-04
2.796996850520372391e-04
5.346419638954102993e-04
1.814937422750517726e-04
1.668563490966334939e-04
1.569057058077305555e-04
1.958681386895477772e-04
2.203598269261419773e-04
3.248731954954564571e-04
1.806658547138795257e-04
1.696699619060382247e-04
1.748118229443207383e-04
1.867437094915658236e-04
4.338295548222959042e-04
1.846695085987448692e-04
1.683124719420447946e-04
1.599972893018275499e-04
3.643793752416968346e-04
2.552723744884133339e-04
2.018745726672932506e-04
4.124608531128615141e-04
2.874352794606238604e-04
1.706686452962458134e-04
1.644152507651597261e-04
1.589725579833611846e-04
1.549558510305359960e-04
2.432950714137405157e-04
2.963079605251550674e-04
1.789702509995549917e-04
1.681046851444989443e-04
1.675677631283178926e-04
1.701854198472574353e-04
3.220630169380456209e-04
1.728531060507521033e-04
1.646432938287034631e-04
3.988060925621539354e-04
1.779360754881054163e-04
1.578929659444838762e-04
4.864195943810045719e-04
2.658779267221689224e-04
1.756606943672522902e-04
1.580275566084310412e-04
1.597267255419865251e-04
1.507494453107938170e-04
1.920093636726960540e-04
1.789012167137116194e-04
4.345162014942616224e-04
2.740702184382826090e-04
1.791277900338172913e-04
1.554358022985979915e-04
1.589885214343667030e-04
1.626780285732820630e-04
1.987632131204009056e-04
4.988969303667545319e-04
3.469680959824472666e-04
1.902108779177069664e-04
1.631854829611256719e-04
1.536326453788205981e-04
1.640463742660358548e-04
1.626070879865437746e-04
2.272962301503866911e-04
4.011480777990072966e-04
1.783753687050193548e-04
1.710429787635803223e-04
1.574809721205383539e-04
1.595363573869690299e-04
1.567629515193402767e-04
1.698144624242559075e-04
1.688966003712266684e-04
3.254344628658145666e-04
1.743175525916740298e-04
1.754041295498609543e-04
3.906834463123232126e-04
1.903318334370851517e-04
2.409637527307495475e-04
2.750438579823821783e-04
1.681816211203113198e-04
1.537429925519973040e-04
1.636879605939611793e-04
1.700858847470954061e-04
1.647080498514696956e-04
2.128453052137047052e-04
2.792972663883119822e-04
1.718546700431033969e-04
1.712969969958066940e-04
1.592769986018538475e-04
1.712014345685020089e-04
1.621410774532705545e-04
5.672334227710962296e-04
1.705251197563484311e-04
1.637937384657561779e-04
2.382145466981455684e-04
1.610103208804503083e-04
4.779496230185031891e-04
2.070978080155327916e-04
1.868787658168002963e-04
1.519759534858167171e-04
1.648503093747422099e-04
1.554064510855823755e-04
1.953284954652190208e-04
2.801414229907095432e-04
2.853189653251320124e-04
1.816278527257964015e-04
4.049111739732325077e-04
1.722574234008789062e-04
1.578642841195687652e-04
1.635695371078327298e-04
1.525272673461586237e-04
3.823196166194975376e-04
2.289775002282112837e-04
1.912375446408987045e-04
1.666671305429190397e-04
1.497301709605380893e-04
2.454800414852797985e-04
1.682150032138451934e-04
1.922537048812955618e-04
1.692378573352470994e-04
1.777459256118163466e-04
2.005612623179331422e-04
3.963390190619975328e-04
1.659062545513734221e-04
1.533095201011747122e-04
1.463309890823438764e-04
1.705926115391775966e-04
1.576560898683965206e-04
5.579051212407648563e-04
2.351039001950994134e-04
1.732547680148854852e-04
1.580054085934534669e-04
1.646481105126440525e-04
1.445169473299756646e-04
1.469867274863645434e-04
2.954846713691949844e-04
3.812894865404814482e-04
1.668967452133074403e-04
1.498134224675595760e-04
1.462507352698594332e-04
1.460087514715269208e-04
2.709233667701482773e-04
1.595591456862166524e-04
4.627874586731195450e-04
2.945170854218304157e-04
1.687450421741232276e-04
1.482231746194884181e-04
1.478404592489823699e-04
1.587476435815915465e-04
1.716170518193393946e-04
1.721485314192250371e-04
1.469254348194226623e-04
1.643273571971803904e-04
6.573249702341854572e-04
2.362529630772769451e-04
1.814677671063691378e-04
2.403600083198398352e-04
1.823400089051574469e-04
1.708839408820495009e-04
1.529127912363037467e-04
1.572219334775581956e-04
4.072347364854067564e-04
2.451284381095319986e-04
1.537829375592991710e-04
1.487672270741313696e-04
1.512896706117317080e-04
1.731348602334037423e-04
1.684979215497151017e-04
1.569876039866358042e-04
4.849529941566288471e-04
3.443642053753137589e-04
1.732802047627046704e-04
1.668641925789415836e-04
1.590463944012299180e-04
1.539632794447243214e-04
1.567425933899357915e-04
2.642784675117582083e-04
1.952073944266885519e-04
2.213735133409500122e-04
1.608456514077261090e-04
3.101574548054486513e-04
1.791885297279804945e-04
1.626328448764979839e-04
2.069819747703149915e-04
1.585123100085183978e-04
1.959099754458293319e-04
3.532036207616329193e-04
1.678168046055361629e-04
1.662976283114403486e-04
1.589844468981027603e-04
2.694727445486932993e-04
1.626097800908610225e-04
1.498278434155508876e-04
4.222255083732306957e-04
2.825088449753820896e-04
1.630238693905994296e-04
1.490597496740520000e-04
1.633715291973203421e-04
1.572097680764272809e-04
2.604195324238389730e-04
1.609568862477317452e-04
2.408054861007258296e-04
4.157592484261840582e-04
1.911771832965314388e-04
1.515092299086973071e-04
1.434030418749898672e-04
1.467712572775781155e-04
4.223749274387955666e-04
5.509416223503649235e-04
1.656210806686431170e-04
1.552302710479125381e-04
1.462207292206585407e-04
1.679250417510047555e-04
1.764264306984841824e-04
2.173240936826914549e-04
3.178126935381442308e-04
1.841307093854993582e-04
1.930706348503008485e-04
1.464662200305610895e-04
1.500364596722647548e-04
1.810432731872424483e-04
1.756740675773471594e-04
4.455800808500498533e-04
1.971014571608975530e-04
1.616741210455074906e-04
1.481773797422647476e-04
1.649933110456913710e-04
1.499676291132345796e-04
1.428075192961841822e-04
2.334914024686440825e-04
4.065741959493607283e-04
1.726810733089223504e-04
1.692297810222953558e-04
1.579373783897608519e-04
1.582440891070291400e-04
1.543498510727658868e-04
1.625534059712663293e-04
1.640631671762093902e-04
6.325508584268391132e-04
1.788636000128462911e-04
1.556974602863192558e-04
1.692974328761920333e-04
1.471423893235623837e-04
1.560115197207778692e-04
1.472470321459695697e-04
1.554902992211282253e-04
6.214712630026042461e-04
2.501471899449825287e-04
1.556211791466921568e-04
1.484371750848367810e-04
1.561249518999829888e-04
1.439223124179989100e-04
2.003722038352862000e-04
1.478227641200646758e-04
3.043023461941629648e-04
3.713809128385037184e-04
1.965870615094900131e-04
1.562343677505850792e-04
1.487454428570345044e-04
1.407868694514036179e-04
1.486722612753510475e-04
1.902993972180411220e-04
1.692258665570989251e-04
1.728249626467004418e-04
5.174823454581201077e-04
1.822459744289517403e-04
1.538098294986411929e-04
1.440938794985413551e-04
1.360462774755433202e-04
1.416754384990781546e-04
5.530833150260150433e-04
3.386044118087738752e-04
1.798143930500373244e-04
1.642888382775709033e-04
1.650962949497625232e-04
1.470340648666024208e-04
1.428986433893442154e-04
1.565138227306306362e-04
5.196633865125477314e-04
2.199468144681304693e-04
1.559926749905571342e-04
1.477191253798082471e-04
1.392590929754078388e-04
1.916753390105441213e-04
1.539239601697772741e-04
1.684971211943775415e-04
1.686025498202070594e-04
2.151945664081722498e-04
1.706135517451912165e-04
6.379508413374423981e-04
1.926457625813782215e-04
1.485562970628961921e-04
1.468354748794808984e-04
1.535495975986123085e-04
1.372773112962022424e-04
1.387397496728226542e-04
4.281819274183362722e-04
2.095753879984840751e-04
1.638290123082697392e-04
1.616850349819287658e-04
1.482898078393191099e-04
1.563361147418618202e-04
1.663872826611623168e-04
4.836988518945872784e-04
1.679939014138653874e-04
1.502982049714773893e-04
2.206794597441330552e-04
1.540542871225625277e-04
1.508118875790387392e-04
1.416734594386070967e-04
3.734229831025004387e-04
3.081577888224273920e-04
1.631548657314851880e-04
1.416504965163767338e-04
1.490321883466094732e-04
1.442748325644060969e-04
2.075454394798725843e-04
1.801957259885966778e-04
2.384760446147993207e-04
1.487627887399867177e-04
1.520773366792127490e-04
1.663051516516134143e-04
1.802273181965574622e-04
1.554854679852724075e-04
1.735481491778045893e-04
1.978314103325828910e-04
1.909045531647279859e-04
2.113847149303182960e-04
2.845187846105545759e-04
1.457401085644960403e-04
1.471971336286514997e-04
1.442412903998047113e-04
1.515979529358446598e-04
1.665727613726630807e-04
5.045869620516896248e-04
1.725277834339067340e-04
1.517744822194799781e-04
1.472972071496769786e-04
1.635401276871562004e-04
3.636208712123334408e-04
1.812840346246957779e-04
1.491730363341048360e-04
1.470783026888966560e-04
1.418624597135931253e-04
2.385834523010998964e-04
1.956601772690191865e-04
3.095751453656703234e-04
2.468198945280164480e-04
1.522496459074318409e-04
1.903672236949205399e-04
1.632630010135471821e-04
1.636429369682446122e-04
1.521339872851967812e-04
1.490081049269065261e-04
3.051695530302822590e-04
2.427381259622052312e-04
1.484960230300202966e-04
1.614527864148840308e-04
2.502969000488519669e-04
1.914822641992941499e-04
1.553769543534144759e-04
1.538986107334494591e-04
1.412498968420550227e-04
3.125053772237151861e-04
3.364771546330302954e-04
2.390242152614519000e-04
1.576683571329340339e-04
2.637294237501919270e-04
1.542261888971552253e-04
1.377980370307341218e-04
1.331029197899624705e-04
1.408081297995522618e-04
3.721354296430945396e-04
2.556628896854817867e-04
1.785896165529266000e-04
1.430482952855527401e-04
1.361719187116250396e-04
1.509479916421696544e-04
6.576546002179384232e-04
2.079257392324507236e-04
1.434909936506301165e-04
1.507654524175450206e-04
1.437411992810666561e-04
1.533373870188370347e-04
1.549221342429518700e-04
1.479036436649039388e-04
2.963114529848098755e-04
1.759996666805818677e-04
1.468223927076905966e-04
2.526910393498837948e-04
3.226810949854552746e-04
1.518367789685726166e-04
1.388536038575693965e-04
1.384680945193395019e-04
1.348579971818253398e-04
1.575699716340750456e-04
1.502444793004542589e-04
1.474805030738934875e-04
1.459872146369889379e-04
5.436548963189125061e-04
1.700219727354124188e-04
1.558307267259806395e-04
1.481006474932655692e-04
1.586364232935011387e-04
1.662074355408549309e-04
1.423475914634764194e-04
1.633473875699564815e-04
2.861750253941863775e-04
1.597799855517223477e-04
1.636562810745090246e-04
1.692734367679804564e-04
1.359489688184112310e-04
1.783965417416766286e-04
1.533292961539700627e-04
1.919961214298382401e-04
3.109232638962566853e-04
1.518551143817603588e-04
1.512078451924026012e-04
1.503511157352477312e-04
1.370904210489243269e-04
5.127215990796685219e-04
1.792015391401946545e-04
1.391867408528923988e-04
1.500049984315410256e-04
1.372891420032829046e-04
1.388149394188076258e-04
1.891067222459241748e-04
4.103977989871054888e-04
1.715880061965435743e-04
1.403783680871129036e-04
1.329068909399211407e-04
1.579869422130286694e-04
1.483012165408581495e-04
1.377706939820200205e-04
1.817201555240899324e-04
1.485914835939183831e-04
1.313388493144884706e-04
1.508535206085070968e-04
4.859874316025525331e-04
2.724214282352477312e-04
1.620819675736129284e-04
1.669718767516314983e-04
1.650626363698393106e-04
1.398797758156433702e-04
1.373783015878871083e-04
1.497300982009619474e-04
1.382844056934118271e-04
1.676338724792003632e-04
1.911377039505168796e-04
4.705015744548290968e-04
1.821636542445048690e-04
1.425707887392491102e-04
1.348147343378514051e-04
1.384756615152582526e-04
1.407806994393467903e-04
1.422653149347752333e-04
1.627485326025635004e-04
1.758950966177508235e-04
2.216112625319510698e-04
4.025530070066452026e-04
1.837427989812567830e-04
1.454195589758455753e-04
1.430561969755217433e-04
1.436638121958822012e-04
1.722944580251350999e-04
1.481080544181168079e-04
1.348083314951509237e-04
2.107537147821858525e-04
2.330236457055434585e-04
1.420864136889576912e-04
1.512678281869739294e-04
1.439670450054109097e-04
1.398473104927688837e-04
2.436259237583726645e-04
1.516175398137420416e-04
1.411345292581245303e-04
1.516823540441691875e-04
4.978594370186328888e-04
2.138362178811803460e-04
1.520832156529650092e-04
1.395385334035381675e-04
1.517255732323974371e-04
2.331624273210763931e-04
1.490250870119780302e-04
1.328667422058060765e-04
1.344745687674731016e-04
1.804094499675557017e-04
3.160371852573007345e-04
1.866916427388787270e-04
1.444402587367221713e-04
1.356952852802351117e-04
1.407033851137384772e-04
1.409454853273928165e-04
1.790921087376773357e-04
1.434039295418187976e-04
1.617127418285235763e-04
1.973369508050382137e-04
3.979049797635525465e-04
2.398868964519351721e-04
1.559059892315417528e-04
1.384686911478638649e-04
1.339974551228806376e-04
1.374118583044037223e-04
1.300123549299314618e-04
1.697989500826224685e-04
2.138641284545883536e-04
3.441368753556162119e-04
2.443802950438112020e-04
1.523462997283786535e-04
1.402445777785032988e-04
1.405491348123177886e-04
1.485632528783753514e-04
3.012945235241204500e-04
1.580493117216974497e-04
3.556608862709254026e-04
1.961794914677739143e-04
1.514391333330422640e-04
2.110215427819639444e-04
1.620715192984789610e-04
1.566011196700856090e-04
1.577532239025458694e-04
1.725309557514265180e-04
1.568561565363779664e-04
1.375219580950215459e-04
1.405739603796973825e-04
1.839023025240749121e-04
2.994265232700854540e-04
2.858960069715976715e-04
1.446725509595125914e-04
1.368777011521160603e-04
1.451635907869786024e-04
1.284980826312676072e-04
1.266445033252239227e-04
5.115194944664835930e-04
2.486643206793814898e-04
1.442675129510462284e-04
1.555654162075370550e-04
2.076437231153249741e-04
1.481205254094675183e-04
1.572820474393665791e-04
2.005644491873681545e-04
1.318042050115764141e-04
1.350513921352103353e-04
3.836073738057166338e-04
2.274181315442547202e-04
1.405000803060829639e-04
1.480213541071861982e-04
1.420267799403518438e-04
1.306084450334310532e-04
1.850539993029087782e-04
1.656958338571712375e-04
1.913554733619093895e-04
1.968618453247472644e-04
3.354529617354273796e-04
1.465643144911155105e-04
1.595163921592757106e-04
1.506280968897044659e-04
1.353957195533439517e-04
1.263623998966068029e-04
2.151431108359247446e-04
1.901029754662886262e-04
2.593539829831570387e-04
1.522548845969140530e-04
1.352708204649388790e-04
1.272281806450337172e-04
1.803887280402705073e-04
3.322674310766160488e-04
1.876117748906835914e-04
1.337853318545967340e-04
1.315350382355973125e-04
1.375059073325246572e-04
1.332991232629865408e-04
1.410429395036771894e-04
4.982440732419490814e-04
1.638793619349598885e-04
1.454209850635379553e-04
1.352341205347329378e-04
1.310059305978938937e-04
4.037431790493428707e-04
1.547411666251718998e-04
1.619046524865552783e-04
1.470242277719080448e-04
1.720992877380922437e-04
1.554581103846430779e-04
1.907794212456792593e-04
1.776135322870686650e-04
1.554660848341882229e-04
1.354673004243522882e-04
1.276611874345690012e-04
1.314273831667378545e-04
5.569141940213739872e-04
2.239709283458068967e-04
1.464535016566514969e-04
1.353124389424920082e-04
1.352567051071673632e-04
1.545331615488976240e-04
2.470553154125809669e-04
1.293452951358631253e-04
2.366158005315810442e-04
2.341630606679245830e-04
1.694653474260121584e-04
1.647713943384587765e-04
1.261769066331908107e-04
2.125078171957284212e-04
3.336601657792925835e-04
1.833527931012213230e-04
1.417945459252223372e-04
1.429239055141806602e-04
1.472593867219984531e-04
2.361410879530012608e-04
1.347754732705652714e-04
1.380488829454407096e-04
2.160928852390497923e-04
1.493160089012235403e-04
1.714745303615927696e-04
1.340326998615637422e-04
2.745953679550439119e-04
1.903984084492549300e-04
1.372047699987888336e-04
1.435336162103340030e-04
1.547099382150918245e-04
2.104463928844779730e-04
1.795524003682658076e-04
1.595251087564975023e-04
1.544167025713250041e-04
1.410000259056687355e-04
1.307624625042080879e-04
1.251815992873162031e-04
2.107098116539418697e-04
1.449836563551798463e-04
2.946452586911618710e-04
1.556276547489687800e-04
1.850400731200352311e-04
1.467237743781879544e-04
1.306693739024922252e-04
1.306029444094747305e-04
1.771891111275181174e-04
1.720645377645269036e-04
1.465933455619961023e-04
3.142686036881059408e-04
2.367825072724372149e-04
1.349616213701665401e-04
1.255195966223254800e-04
1.772299001459032297e-04
1.548180734971538186e-04
1.323479518759995699e-04
1.251766225323081017e-04
1.547145948279649019e-04
3.470052033662796021e-04
1.646037417231127620e-04
1.316361158387735486e-04
1.270377106266096234e-04
1.229588815476745367e-04
1.410913682775571942e-04
1.251917710760608315e-04
1.422110362909734249e-04
6.110954564064741135e-04
2.507935278117656708e-04
1.463728985982015729e-04
1.376655272906646132e-04
1.295383553951978683e-04
1.500028010923415422e-04
1.456946192774921656e-04
1.429776602890342474e-04
1.737268758006393909e-04
1.414539874531328678e-04
1.302668388234451413e-04
3.189247508998960257e-04
1.593932247487828135e-04
1.276204129680991173e-04
1.330893283011391759e-04
1.978275831788778305e-04
1.385870418744161725e-04
1.994766935240477324e-04
1.888970728032290936e-04
2.057030360447242856e-04
2.283164794789627194e-04
1.544746774015948176e-04
1.901667710626497865e-04
1.568578300066292286e-04
1.336475106654688716e-04
1.414297294104471803e-04
1.515308395028114319e-04
1.396614097757264972e-04
1.298472052440047264e-04
1.328962098341435194e-04
1.457177713746204972e-04
1.954390027094632387e-04
2.150452492060139775e-04
3.976002626586705446e-04
1.692498190095648170e-04
1.476409233873710036e-04
1.481241342844441533e-04
1.795480202417820692e-04
1.272199588129296899e-04
1.246278407052159309e-04
2.870358293876051903e-04
1.675456587690860033e-04
1.393336278852075338e-04
1.319826988037675619e-04
1.572493347339332104e-04
1.606052683200687170e-04
1.358238951070234179e-04
1.580207317601889372e-04
3.391205100342631340e-04
3.189746639691293240e-04
1.602857228135690093e-04
1.385133655276149511e-04
1.332136598648503423e-04
1.676556712482124567e-04
1.441107451682910323e-04
1.675346720730885863e-04
1.315464323852211237e-04
1.457945472793653607e-04
1.320582814514636993e-04
1.435668236808851361e-04
2.352493611397221684e-04
1.643759751459583640e-04
1.537794305477291346e-04
1.465489040128886700e-04
2.004482812481001019e-04
1.970276643987745047e-04
1.245317835127934813e-04
1.270923385163769126e-04
1.264854654436931014e-04
1.897362526506185532e-04
1.353055413346737623e-04
1.910112914629280567e-04
1.432412827853113413e-04
1.813117414712905884e-04
1.437524188077077270e-04
1.611458283150568604e-04
1.234850642504170537e-04
1.534219336463138461e-04
4.617210361175239086e-04
1.817433367250487208e-04
1.374978019157424569e-04
1.267425832338631153e-04
1.209359834319911897e-04
1.238666445715352893e-04
4.588876909110695124e-04
1.720744039630517364e-04
1.459043269278481603e-04
1.347548241028562188e-04
1.261900615645572543e-04
1.375520660076290369e-04
1.223406434291973710e-04
1.274676033062860370e-04
3.572838613763451576e-04
2.404934493824839592e-04
1.342281466349959373e-04
1.411024277331307530e-04
1.241050922544673085e-04
1.293352979701012373e-04
1.341652532573789358e-04
2.814773470163345337e-04
4.196530499029904604e-04
1.535995834274217486e-04
1.498405035817995667e-04
1.304287143284454942e-04
1.417735475115478039e-04
1.372976839775219560e-04
2.116411778843030334e-04
1.337051362497732043e-04
1.329434453509747982e-04
2.221189497504383326e-04
2.257508458569645882e-04
1.465421373723074794e-04
1.399271422997117043e-04
1.265161699848249555e-04
1.237340620718896389e-04
5.253575509414076805e-04
1.475206663599237800e-04
1.317049318458884954e-04
1.236801908817142248e-04
1.344668853562325239e-04
1.273619272978976369e-04
1.687607000349089503e-04
1.288913481403142214e-04
1.437301689293235540e-04
1.309797808062285185e-04
2.731496933847665787e-04
3.366483724676072598e-04
1.323472388321533799e-04
1.313737884629517794e-04
1.210472255479544401e-04
1.221265993081033230e-04
1.301714219152927399e-04
6.457128329202532768e-04
1.761940366122871637e-04
1.351252576569095254e-04
1.303748867940157652e-04
1.257396070286631584e-04
1.180284598376601934e-04
1.227773027494549751e-04
1.726616173982620239e-04
1.295475376537069678e-04
1.294335961574688554e-04
2.203457552241161466e-04
1.451697316952049732e-04
1.592434418853372335e-04
1.562810211908072233e-04
1.474059390602633357e-04
2.916197990998625755e-04
2.448845480103045702e-04
1.283515157410874963e-04
1.237046380992978811e-04
1.200061306008137763e-04
1.233624789165332913e-04
1.258726551895961165e-04
1.213301147799938917e-04
1.442589855287224054e-04
1.499383797636255622e-04
1.697863481240347028e-04
1.552549074403941631e-04
1.260526187252253294e-04
1.449015981052070856e-04
5.407317657954990864e-04
1.696306280791759491e-04
1.317582355113700032e-04
1.259200653294101357e-04
1.226294843945652246e-04
1.513054012320935726e-04
2.794963656924664974e-04
3.431312215980142355e-04
1.360287133138626814e-04
1.260756980627775192e-04
1.218633478856645525e-04
1.293368695769459009e-04
1.337023713858798146e-04
1.286151527892798185e-04
1.237411197507753968e-04
1.475243043387308717e-04
1.856250164564698935e-04
2.683468919713050127e-04
1.402340276399627328e-04
1.295989350182935596e-04
1.279853167943656445e-04
1.295320544159039855e-04
1.477514451835304499e-04
1.918622874654829502e-04
1.522922830190509558e-04
2.159392024623230100e-04
1.533877511974424124e-04
1.191607298096641898e-04
1.192669442389160395e-04
1.342577597824856639e-04
1.265787723241373897e-04
1.220159829244948924e-04
1.749350049067288637e-04
2.311839634785428643e-04
2.293826109962537885e-04
1.296599511988461018e-04
1.613731437828391790e-04
1.474715245421975851e-04
1.260159915545955300e-04
1.587312581250444055e-04
1.257349067600443959e-04
2.955671807285398245e-04
2.688461390789598227e-04
1.458851329516619444e-04
1.273049856536090374e-04
1.210209520650096238e-04
1.203428691951557994e-04
1.235598028870299459e-04
2.774531312752515078e-04
2.535339735914021730e-04
1.385684154229238629e-04
1.286886981688439846e-04
3.255408955737948418e-04
1.473531592637300491e-04
1.248773914994671941e-04
1.245856255991384387e-04
5.091897910460829735e-04
1.449870032956823707e-04
1.335644192295148969e-04
2.358665806241333485e-04
1.521462836535647511e-04
1.283108867937698960e-04
1.201359991682693362e-04
1.193527059513144195e-04
1.310018269577994943e-04
1.343517360510304570e-04
3.010253130923956633e-04
1.766004570527002215e-04
1.281022559851408005e-04
1.159028324764221907e-04
1.283209421671926975e-04
1.668913173489272594e-04
2.189700171584263444e-04
1.321846793871372938e-04
1.206847518915310502e-04
1.234096707776188850e-04
1.646160526433959603e-04
2.283323847223073244e-04
1.759734295774251223e-04
1.441037311451509595e-04
1.565662678331136703e-04
1.217339013237506151e-04
2.762585936579853296e-04
1.423704088665544987e-04
1.594566710991784930e-04
1.389195967931300402e-04
2.025286376010626554e-04
1.351256214547902346e-04
1.261758443433791399e-04
5.144226015545427799e-04
1.648672769078984857e-04
1.597792725078761578e-04
1.301043375860899687e-04
1.354432606603950262e-04
1.367455552099272609e-04
1.275274698855355382e-04
2.717651077546179295e-04
1.999710075324401259e-04
1.277209230465814471e-04
1.382930204272270203e-04
1.267798506887629628e-04
1.297883718507364392e-04
1.331754610873758793e-04
1.478330668760463595e-04
2.572988159954547882e-04
1.363931660307571292e-04
1.282460725633427501e-04
1.349767117062583566e-04
1.211295020766556263e-04
1.157229635282419622e-04
1.396601146552711725e-04
4.016973252873867750e-04
1.421925990143790841e-04
1.684736344031989574e-04
1.274072565138339996e-04
1.184660359285771847e-04
1.755527919158339500e-04
2.934870135504752398e-04
1.298384304391220212e-04
1.253791851922869682e-04
1.209563415613956749e-04
1.348084479104727507e-04
1.219754412886686623e-04
3.478125727269798517e-04
1.457530306652188301e-04
1.237313990714028478e-04
1.241731806658208370e-04
2.973994705826044083e-04
1.510790170868858695e-04
1.674713857937604189e-04
1.188379028462804854e-04
1.418256724718958139e-04
1.863830548245459795e-04
1.350717211607843637e-04
1.190768671222031116e-04
1.178003367385827005e-04
1.256148098036646843e-04
1.238344120793044567e-04
1.304934412473812699e-04
1.434122968930751085e-04
4.198146343696862459e-04
1.673108199611306190e-04
1.386386720696464181e-04
1.292887754971161485e-04
1.263872545678168535e-04
1.187118905363604426e-04
1.431767886970192194e-04
1.311477390117943287e-04
1.379456953145563602e-04
1.418019382981583476e-04
3.717287036124616861e-04
1.899886992760002613e-04
1.526302658021450043e-04
1.274377136724069715e-04
1.207129753311164677e-04
1.228342589456588030e-04
1.387209049426019192e-04
2.852693723980337381e-04
1.305169134866446257e-04
1.408191892551258206e-04
1.172821648651733994e-04
1.363041665172204375e-04
2.951035276055335999e-04
1.704058086033910513e-04
1.457713660784065723e-04
1.701680885162204504e-04
1.964655384654179215e-04
2.101177524309605360e-04
1.434618752682581544e-04
1.396864099660888314e-04
1.337378052994608879e-04
1.717147097224369645e-04
1.351828686892986298e-04
1.872831344371661544e-04
1.490848808316513896e-04
2.073057257803156972e-04
1.241825229953974485e-04
1.243247534148395061e-04
1.262401201529428363e-04
1.278048148378729820e-04
1.674199156695976853e-04
4.051900759804993868e-04
1.638830144656822085e-04
1.377116423100233078e-04
1.309991639573127031e-04
1.691404177108779550e-04
1.189174945466220379e-04
1.216780947288498282e-04
1.165971334557980299e-04
2.060365804936736822e-04
4.581601242534816265e-04
1.264796883333474398e-04
1.216931850649416447e-04
1.137016006396152079e-04
1.194546639453619719e-04
1.249841880053281784e-04
1.296813134104013443e-04
1.833677670219913125e-04
1.486714318161830306e-04
1.553311594761908054e-04
1.308772334596142173e-04
1.370808749925345182e-04
1.820179459173232317e-04
1.238705590367317200e-04
1.346737699350342155e-04
1.781857572495937347e-04
1.359531452180817723e-04
1.398881431668996811e-04
2.293935831403359771e-04
1.325487246504053473e-04
1.209199253935366869e-04
1.420370390405878425e-04
1.200791884912177920e-04
1.686453761067241430e-04
1.748960203258320689e-04
1.426213566446676850e-04
3.555353032425045967e-04
1.459810882806777954e-04
1.567153085488826036e-04
1.201230406877584755e-04
1.175607176264747977e-04
1.142660257755778730e-04
1.212665811181068420e-04
1.389948884025216103e-04
1.616995577933266759e-04
1.458730403101071715e-04
1.449480623705312610e-04
2.609176735859364271e-04
1.980853267014026642e-04
1.210087648360058665e-04
1.184560387628152966e-04
1.237095129908993840e-04
3.683117975015193224e-04
1.901268115034326911e-04
1.474362361477687955e-04
1.176501973532140255e-04
1.208308312925510108e-04
1.211484704981558025e-04
1.198226818814873695e-04
1.412225101375952363e-04
1.775101263774558902e-04
1.791885879356414080e-04
1.226697495440021157e-04
1.157664155471138656e-04
1.706315524643287063e-04
1.568134903209283948e-04
1.354448031634092331e-04
1.370951504213735461e-04
1.582522381795570254e-04
1.230176130775362253e-04
1.130950186052359641e-04
1.794452400645241141e-04
1.812035043258219957e-04
1.634661311982199550e-04
1.305044861510396004e-04
1.174575590994209051e-04
1.136738355853594840e-04
2.614426484797149897e-04
1.386647345498204231e-04
1.310276566073298454e-04
1.678361295489594340e-04
3.996785089839249849e-04
1.487789413658902049e-04
1.227015018230304122e-04
1.195691293105483055e-04
1.257195981452241540e-04
1.294647227041423321e-04
1.163582492154091597e-04
4.144343547523021698e-04
1.339954324066638947e-04
1.427141396561637521e-04
1.849787222454324365e-04
1.394027785863727331e-04
1.331454550381749868e-04
1.182052074000239372e-04
1.320404844591394067e-04
1.278332929359748960e-04
1.259319396922364831e-04
1.264834863832220435e-04
2.326012181583791971e-04
2.385548577876761556e-04
1.246854953933507204e-04
1.274976675631478429e-04
1.250654022442176938e-04
1.207363238791003823e-04
1.556765491841360927e-04
1.139101223088800907e-04
1.259897107956930995e-04
1.222134887939319015e-04
