2.499259263277053833e-01
1.710632741451263428e-01
1.140340864658355713e-01
9.549103677272796631e-02
8.326396346092224121e-02
7.422687858343124390e-02
6.763570755720138550e-02
6.215327605605125427e-02
5.746255069971084595e-02
5.316467210650444031e-02
4.937592521309852600e-02
4.664424061775207520e-02
4.354757815599441528e-02
4.129337891936302185e-02
3.885186836123466492e-02
3.691775351762771606e-02
3.517964854836463928e-02
3.339830413460731506e-02
3.251659870147705078e-02
3.086926229298114777e-02
2.943575754761695862e-02
2.846352942287921906e-02
2.729056030511856079e-02
2.652373723685741425e-02
2.547590620815753937e-02
2.481640316545963287e-02
2.425334602594375610e-02
2.339698560535907745e-02
2.292673476040363312e-02
2.212957479059696198e-02
2.184839174151420593e-02
2.112292498350143433e-02
2.041628211736679077e-02
2.023487165570259094e-02
1.969320140779018402e-02
1.942896470427513123e-02
1.907889358699321747e-02
1.879760064184665680e-02
1.818517223000526428e-02
1.791438460350036621e-02
1.756290718913078308e-02
1.710314303636550903e-02
1.690120249986648560e-02
1.667190343141555786e-02
1.629263907670974731e-02
1.600292511284351349e-02
1.578213647007942200e-02
1.552393380552530289e-02
1.551310718059539795e-02
1.544598303735256195e-02
1.483874768018722534e-02
1.501291058957576752e-02
1.460065692663192749e-02
1.427245605736970901e-02
1.423503365367650986e-02
1.406682562083005905e-02
1.399452425539493561e-02
1.391177251935005188e-02
1.378413476049900055e-02
1.356263831257820129e-02
1.345502492040395737e-02
1.282828673720359802e-02
1.315535325556993484e-02
1.310725882649421692e-02
1.268960721790790558e-02
1.305827219039201736e-02
1.240804512053728104e-02
1.237456779927015305e-02
1.236181892454624176e-02
1.204862073063850403e-02
1.200260967016220093e-02
1.192995347082614899e-02
1.172084454447031021e-02
1.190379355102777481e-02
1.197535078972578049e-02
1.156789530068635941e-02
1.126918755471706390e-02
1.119579933583736420e-02
1.148911565542221069e-02
1.125324144959449768e-02
1.127542369067668915e-02
1.105651073157787323e-02
1.091853063553571701e-02
1.093159243464469910e-02
1.105260848999023438e-02
1.058194693177938461e-02
1.099843624979257584e-02
1.065221615135669708e-02
1.093110814690589905e-02
1.054105442017316818e-02
9.997939690947532654e-03
1.024656370282173157e-02
1.032051444053649902e-02
1.022954843938350677e-02
1.009570434689521790e-02
9.915782138705253601e-03
1.017874199897050858e-02
9.726739488542079926e-03
9.789603762328624725e-03
1.047917734831571579e-02
9.515997953712940216e-03
9.683050215244293213e-03
9.426697157323360443e-03
9.467873722314834595e-03
9.867794811725616455e-03
9.652813896536827087e-03
9.476572275161743164e-03
9.345550090074539185e-03
9.433949366211891174e-03
9.264206513762474060e-03
9.039391763508319855e-03
9.187912568449974060e-03
9.396806359291076660e-03
9.308471344411373138e-03
9.051849134266376495e-03
8.972331881523132324e-03
8.606312796473503113e-03
8.893297053873538971e-03
9.218697436153888702e-03
9.023486636579036713e-03
8.584029041230678558e-03
8.588565513491630554e-03
8.695877157151699066e-03
8.823176845908164978e-03
8.898110128939151764e-03
8.393881842494010925e-03
8.420679718255996704e-03
8.474192582070827484e-03
8.525957353413105011e-03
8.611009456217288971e-03
8.510981686413288116e-03
8.364949375391006470e-03
8.293422870337963104e-03
8.473928086459636688e-03
8.149213157594203949e-03
8.187661878764629364e-03
8.038399741053581238e-03
8.308340795338153839e-03
7.958900183439254761e-03
8.059257641434669495e-03
8.029950782656669617e-03
8.123634383082389832e-03
7.871272973716259003e-03
7.952643558382987976e-03
7.918901741504669189e-03
8.033764548599720001e-03
8.321026340126991272e-03
7.942158728837966919e-03
7.674398832023143768e-03
7.684262003749608994e-03
7.707866840064525604e-03
7.685753051191568375e-03
7.846727035939693451e-03
7.798212580382823944e-03
7.484912406653165817e-03
7.532726973295211792e-03
7.755521219223737717e-03
7.798770908266305923e-03
7.542737293988466263e-03
7.593836635351181030e-03
7.627753075212240219e-03
7.872762158513069153e-03
7.374153938144445419e-03
7.486614864319562912e-03
7.423244416713714600e-03
7.513192947953939438e-03
7.172559853643178940e-03
7.266077212989330292e-03
7.247141096740961075e-03
7.553180214017629623e-03
7.338805589824914932e-03
7.471947465091943741e-03
7.162826601415872574e-03
7.224556058645248413e-03
7.086523808538913727e-03
7.195511367172002792e-03
7.096219807863235474e-03
7.296588737517595291e-03
7.239216007292270660e-03
7.017845287919044495e-03
7.182768080383539200e-03
6.762741599231958389e-03
7.000093348324298859e-03
7.162064313888549805e-03
7.115637883543968201e-03
6.993573624640703201e-03
7.128604222089052200e-03
6.731141824275255203e-03
6.777807138860225677e-03
6.774743553251028061e-03
6.740776821970939636e-03
6.881171371787786484e-03
6.986652966588735580e-03
6.862757261842489243e-03
6.855380255728960037e-03
6.662807893007993698e-03
6.978348828852176666e-03
6.714998278766870499e-03
6.917390041053295135e-03
6.792533677071332932e-03
6.395200267434120178e-03
6.724926643073558807e-03
7.183248642832040787e-03
6.760453339666128159e-03
6.684648338705301285e-03
6.545005366206169128e-03
6.693318486213684082e-03
6.628123577684164047e-03
6.428137887269258499e-03
6.636062636971473694e-03
6.655956152826547623e-03
6.366029847413301468e-03
6.563642527908086777e-03
6.617077626287937164e-03
6.722960155457258224e-03
6.444396451115608215e-03
6.487124599516391754e-03
6.219265516847372055e-03
6.655118428170681000e-03
6.352662574499845505e-03
6.363341584801673889e-03
6.591067183762788773e-03
6.233965978026390076e-03
6.217618938535451889e-03
6.400115322321653366e-03
6.556524895131587982e-03
6.504344288259744644e-03
6.237651221454143524e-03
6.247702986001968384e-03
6.247515324503183365e-03
6.504500284790992737e-03
6.274831015616655350e-03
6.247485987842082977e-03
6.392079871147871017e-03
6.235660519450902939e-03
6.054292898625135422e-03
6.298709195107221603e-03
6.222743541002273560e-03
6.118665914982557297e-03
6.115894764661788940e-03
6.212002597749233246e-03
5.989386700093746185e-03
6.021006498485803604e-03
6.382258608937263489e-03
6.201032549142837524e-03
6.195463705807924271e-03
6.080598104745149612e-03
5.964257754385471344e-03
6.185691338032484055e-03
5.993705242872238159e-03
6.056997925043106079e-03
5.953507963567972183e-03
6.054838187992572784e-03
6.023845635354518890e-03
6.009298376739025116e-03
6.134407594799995422e-03
6.015537772327661514e-03
6.037004292011260986e-03
5.900864955037832260e-03
5.993127357214689255e-03
6.020013242959976196e-03
5.861950572580099106e-03
5.805367138236761093e-03
5.789339542388916016e-03
6.383068859577178955e-03
5.851746071130037308e-03
5.725516472011804581e-03
5.769507493823766708e-03
5.674100946635007858e-03
5.649077240377664566e-03
6.110755261033773422e-03
5.799981299787759781e-03
5.681751761585474014e-03
5.811181850731372833e-03
5.714451894164085388e-03
5.765286274254322052e-03
6.042473018169403076e-03
5.696342326700687408e-03
5.566504783928394318e-03
5.782287102192640305e-03
5.893511231988668442e-03
5.660191178321838379e-03
5.743531510233879089e-03
5.793444812297821045e-03
5.826884415000677109e-03
5.806832108646631241e-03
5.644858814775943756e-03
5.698178429156541824e-03
5.855725612491369247e-03
5.572215188294649124e-03
5.571759771555662155e-03
5.597766954451799393e-03
5.851454567164182663e-03
5.575126502662897110e-03
5.530976690351963043e-03
5.622985307127237320e-03
5.667197983711957932e-03
5.619050934910774231e-03
5.309235770255327225e-03
5.732390563935041428e-03
5.635529756546020508e-03
5.760854575783014297e-03
5.610813852399587631e-03
5.533120594918727875e-03
5.471848882734775543e-03
5.776269361376762390e-03
5.691634956747293472e-03
5.360551178455352783e-03
5.510117858648300171e-03
5.799420643597841263e-03
5.677686538547277451e-03
5.486488807946443558e-03
5.306554026901721954e-03
5.341355688869953156e-03
5.660105496644973755e-03
5.415070336312055588e-03
5.419916007667779922e-03
5.312836728990077972e-03
5.488735157996416092e-03
5.502497777342796326e-03
5.465295165777206421e-03
5.264795850962400436e-03
5.370249506086111069e-03
5.448520649224519730e-03
5.394121166318655014e-03
5.410453304648399353e-03
5.250607151538133621e-03
5.401395726948976517e-03
5.406534764915704727e-03
5.507597699761390686e-03
5.409535020589828491e-03
5.294679198414087296e-03
5.305669270455837250e-03
5.392681807279586792e-03
5.479270126670598984e-03
5.230123642832040787e-03
5.300733726471662521e-03
5.178751423954963684e-03
5.318944808095693588e-03
5.281386431306600571e-03
5.128860473632812500e-03
5.360716022551059723e-03
5.368818063288927078e-03
5.275129806250333786e-03
5.409605801105499268e-03
5.143173504620790482e-03
5.203363019973039627e-03
5.129810422658920288e-03
5.432064179331064224e-03
5.323086399585008621e-03
5.124481860548257828e-03
5.483699031174182892e-03
5.217346362769603729e-03
5.108533427119255066e-03
5.173552315682172775e-03
5.199990700930356979e-03
5.040065385401248932e-03
5.201113875955343246e-03
5.447871051728725433e-03
5.130094476044178009e-03
5.114200059324502945e-03
5.164299625903367996e-03
5.101341754198074341e-03
5.364611744880676270e-03
5.106159020215272903e-03
5.073721054941415787e-03
5.043506622314453125e-03
5.193167831748723984e-03
5.097378976643085480e-03
5.074112210422754288e-03
5.310730542987585068e-03
5.104627460241317749e-03
5.017349030822515488e-03
5.082376766949892044e-03
4.977426491677761078e-03
5.264331586658954620e-03
4.921528976410627365e-03
5.136575549840927124e-03
5.304206162691116333e-03
5.057202186435461044e-03
5.132580175995826721e-03
5.045390687882900238e-03
4.955359734594821930e-03
4.895089659839868546e-03
4.970774520188570023e-03
4.900577943772077560e-03
5.053129047155380249e-03
5.035410169512033463e-03
5.202500149607658386e-03
5.097581073641777039e-03
4.926277790218591690e-03
4.934891127049922943e-03
4.966943059116601944e-03
4.969056230038404465e-03
4.850741475820541382e-03
4.998947028070688248e-03
5.028072744607925415e-03
4.920941777527332306e-03
4.930466879159212112e-03
4.770575091242790222e-03
5.478946492075920105e-03
4.903832916170358658e-03
4.828776698559522629e-03
4.700613208115100861e-03
4.896885715425014496e-03
4.864215385168790817e-03
5.039762705564498901e-03
4.869563039392232895e-03
4.934825468808412552e-03
4.796097520738840103e-03
5.039547570049762726e-03
4.818404559046030045e-03
4.933518357574939728e-03
4.896681290119886398e-03
4.871522542089223862e-03
4.691947251558303833e-03
4.954065196216106415e-03
4.889484960585832596e-03
4.911171738058328629e-03
4.767309874296188354e-03
4.821496084332466125e-03
4.752801731228828430e-03
4.876626189798116684e-03
4.816959612071514130e-03
4.999861586838960648e-03
4.692452028393745422e-03
4.828784614801406860e-03
4.723135847598314285e-03
4.937868099659681320e-03
4.805727396160364151e-03
4.733361769467592239e-03
4.763728007674217224e-03
4.773959051817655563e-03
4.655297845602035522e-03
4.934520926326513290e-03
4.665235057473182678e-03
4.652129951864480972e-03
4.752229433506727219e-03
4.713277332484722137e-03
4.830587189644575119e-03
4.718620795756578445e-03
4.782355856150388718e-03
4.662146791815757751e-03
4.660984501242637634e-03
4.661516286432743073e-03
4.681165795773267746e-03
4.874361213296651840e-03
4.796458873897790909e-03
4.538518842309713364e-03
4.685711115598678589e-03
4.722559824585914612e-03
4.750929307192564011e-03
4.658030811697244644e-03
4.662382416427135468e-03
4.477059002965688705e-03
4.675298463553190231e-03
4.736593924462795258e-03
4.499216098338365555e-03
4.426961764693260193e-03
4.777419846504926682e-03
4.791859537363052368e-03
4.838792607188224792e-03
4.742932040244340897e-03
4.655099008232355118e-03
4.598156083375215530e-03
4.594009835273027420e-03
4.564170725643634796e-03
4.742810036987066269e-03
4.936655517667531967e-03
4.797992762178182602e-03
4.523199517279863358e-03
4.493958316743373871e-03
4.537605214864015579e-03
4.649605136364698410e-03
4.677154589444398880e-03
4.715703427791595459e-03
4.593278747051954269e-03
4.582936409860849380e-03
4.566950257867574692e-03
4.657333251088857651e-03
4.653016570955514908e-03
4.576179664582014084e-03
4.865810275077819824e-03
4.561678040772676468e-03
4.538568668067455292e-03
4.458835814148187637e-03
4.592703655362129211e-03
4.511371720582246780e-03
4.562770947813987732e-03
4.719851538538932800e-03
4.647886380553245544e-03
4.612207878381013870e-03
4.499578382819890976e-03
4.397526383399963379e-03
4.537323489785194397e-03
4.463527817279100418e-03
4.428044892847537994e-03
4.536629188805818558e-03
4.461653530597686768e-03
4.699732642620801926e-03
