2.030136489868164062e+01
2.025298118591308594e+01
2.028053092956542969e+01
2.024999237060546875e+01
2.022834777832031250e+01
2.021998214721679688e+01
2.024900245666503906e+01
2.022124290466308594e+01
2.022834396362304688e+01
2.021912765502929688e+01
2.021749305725097656e+01
2.023809623718261719e+01
2.023184204101562500e+01
2.023482894897460938e+01
2.022745704650878906e+01
2.023040199279785156e+01
2.022922134399414062e+01
2.023541259765625000e+01
2.023626327514648438e+01
2.021715927124023438e+01
2.022228622436523438e+01
2.023558998107910156e+01
2.022119331359863281e+01
2.023301506042480469e+01
2.024137115478515625e+01
2.025122261047363281e+01
2.025615692138671875e+01
2.022991180419921875e+01
2.023222732543945312e+01
2.024934577941894531e+01
2.025070381164550781e+01
2.021694755554199219e+01
2.021806907653808594e+01
2.020517539978027344e+01
2.022538185119628906e+01
2.023573112487792969e+01
2.023299598693847656e+01
2.023219108581542969e+01
2.022263526916503906e+01
2.022331428527832031e+01
2.023004913330078125e+01
2.021580886840820312e+01
2.024836540222167969e+01
2.022645378112792969e+01
2.022532844543457031e+01
2.025193786621093750e+01
2.021544456481933594e+01
2.022801017761230469e+01
2.022354888916015625e+01
2.024604797363281250e+01
2.024464607238769531e+01
2.022656059265136719e+01
2.021818351745605469e+01
2.022295379638671875e+01
2.021634292602539062e+01
2.023805236816406250e+01
2.021034240722656250e+01
2.025454139709472656e+01
2.023759078979492188e+01
2.025605392456054688e+01
2.026647377014160156e+01
2.024470138549804688e+01
2.027392196655273438e+01
2.023673248291015625e+01
2.023257255554199219e+01
2.020503044128417969e+01
2.023245239257812500e+01
2.023057556152343750e+01
2.021910667419433594e+01
2.021811485290527344e+01
2.022109222412109375e+01
2.021376800537109375e+01
2.024443054199218750e+01
2.021702766418457031e+01
2.021221923828125000e+01
2.024638366699218750e+01
2.025338363647460938e+01
2.023604774475097656e+01
2.022829055786132812e+01
2.024839019775390625e+01
2.024547767639160156e+01
2.023935127258300781e+01
2.024154281616210938e+01
2.024259567260742188e+01
2.023329162597656250e+01
2.024319458007812500e+01
2.024557304382324219e+01
2.021065330505371094e+01
2.021773147583007812e+01
2.022567176818847656e+01
2.025508880615234375e+01
2.024336624145507812e+01
2.023652458190917969e+01
2.022654533386230469e+01
2.022377777099609375e+01
2.023799705505371094e+01
2.022418403625488281e+01
2.023450851440429688e+01
2.021165084838867188e+01
2.022021102905273438e+01
2.022367286682128906e+01
2.020946121215820312e+01
2.021985435485839844e+01
2.022188949584960938e+01
2.023460197448730469e+01
2.022444534301757812e+01
2.023176765441894531e+01
2.023281860351562500e+01
2.025726890563964844e+01
2.022548866271972656e+01
2.023408508300781250e+01
2.023463439941406250e+01
2.027923202514648438e+01
2.020820045471191406e+01
2.025530815124511719e+01
2.023148345947265625e+01
2.025899505615234375e+01
2.024828529357910156e+01
2.027962493896484375e+01
2.022847747802734375e+01
2.022195053100585938e+01
2.023433685302734375e+01
2.022512435913085938e+01
2.022715377807617188e+01
2.024656867980957031e+01
2.022952842712402344e+01
2.024637794494628906e+01
2.022915649414062500e+01
2.022184944152832031e+01
2.021558189392089844e+01
2.021345710754394531e+01
2.024570655822753906e+01
2.023442649841308594e+01
2.024544334411621094e+01
2.024416732788085938e+01
2.022876167297363281e+01
2.022603988647460938e+01
2.022642898559570312e+01
2.025366401672363281e+01
2.021978569030761719e+01
2.025214195251464844e+01
2.022832870483398438e+01
2.025358963012695312e+01
2.021604156494140625e+01
2.024642562866210938e+01
2.022592735290527344e+01
2.025643348693847656e+01
2.022839546203613281e+01
2.020816230773925781e+01
2.023017883300781250e+01
2.022815513610839844e+01
2.023993492126464844e+01
2.023937225341796875e+01
2.023364830017089844e+01
2.023539924621582031e+01
2.025625228881835938e+01
2.023226737976074219e+01
2.023621559143066406e+01
2.024643325805664062e+01
2.022678375244140625e+01
2.022227096557617188e+01
2.026194190979003906e+01
2.023426437377929688e+01
2.022563552856445312e+01
2.021526718139648438e+01
2.026804351806640625e+01
2.023932266235351562e+01
2.024748992919921875e+01
2.021965026855468750e+01
2.022516632080078125e+01
2.022855567932128906e+01
2.022681999206542969e+01
2.023111915588378906e+01
2.022925567626953125e+01
2.023053741455078125e+01
2.024499320983886719e+01
2.025256156921386719e+01
2.022164916992187500e+01
2.021286964416503906e+01
2.022543144226074219e+01
2.024347686767578125e+01
2.024179458618164062e+01
2.024662590026855469e+01
2.022316169738769531e+01
2.022215843200683594e+01
2.025125885009765625e+01
2.023022842407226562e+01
2.023093795776367188e+01
2.024627876281738281e+01
2.023447418212890625e+01
2.021338081359863281e+01
2.023890686035156250e+01
2.023968124389648438e+01
2.023774147033691406e+01
2.022786331176757812e+01
2.022289848327636719e+01
2.022219085693359375e+01
2.021141815185546875e+01
2.021809768676757812e+01
2.023282814025878906e+01
2.026282310485839844e+01
2.024422645568847656e+01
2.022922515869140625e+01
2.024622344970703125e+01
2.025196647644042969e+01
2.025486183166503906e+01
2.025508499145507812e+01
2.021854591369628906e+01
2.023704528808593750e+01
2.024685859680175781e+01
2.021701049804687500e+01
2.021725082397460938e+01
2.023903083801269531e+01
2.024100685119628906e+01
2.022352981567382812e+01
2.024172019958496094e+01
2.022620201110839844e+01
2.023863983154296875e+01
2.027276802062988281e+01
2.024730873107910156e+01
2.021848487854003906e+01
2.025354194641113281e+01
2.022273445129394531e+01
2.021954917907714844e+01
2.024455642700195312e+01
2.026584434509277344e+01
2.023263740539550781e+01
2.023512840270996094e+01
2.028357315063476562e+01
2.025679969787597656e+01
2.021360206604003906e+01
2.025417709350585938e+01
2.022867202758789062e+01
2.023790550231933594e+01
2.022230911254882812e+01
2.024255561828613281e+01
2.024762725830078125e+01
2.024674415588378906e+01
2.023769569396972656e+01
2.021757698059082031e+01
2.022414207458496094e+01
2.026420402526855469e+01
2.024106216430664062e+01
2.021478843688964844e+01
2.024144744873046875e+01
2.020754241943359375e+01
2.023973846435546875e+01
2.022300720214843750e+01
2.027179145812988281e+01
2.024385070800781250e+01
2.024818992614746094e+01
2.025054550170898438e+01
2.021653938293457031e+01
2.022506332397460938e+01
2.021230506896972656e+01
2.022159767150878906e+01
2.023039436340332031e+01
2.022491264343261719e+01
2.023238945007324219e+01
2.023374938964843750e+01
2.024334144592285156e+01
2.023365783691406250e+01
2.023087692260742188e+01
2.021461486816406250e+01
2.022856712341308594e+01
2.023217964172363281e+01
2.024714469909667969e+01
2.021769142150878906e+01
2.023414802551269531e+01
2.021484184265136719e+01
2.028046989440917969e+01
2.020369911193847656e+01
2.022566795349121094e+01
2.022536468505859375e+01
2.024049186706542969e+01
2.024818420410156250e+01
2.023539543151855469e+01
2.025490188598632812e+01
2.024201011657714844e+01
2.024577903747558594e+01
2.024220848083496094e+01
2.024045372009277344e+01
2.023176383972167969e+01
2.024838256835937500e+01
2.023850822448730469e+01
2.024256134033203125e+01
2.021496772766113281e+01
2.023239135742187500e+01
2.021973037719726562e+01
2.022373199462890625e+01
2.022767448425292969e+01
2.022972869873046875e+01
2.022568511962890625e+01
2.020729637145996094e+01
2.024481010437011719e+01
2.022102928161621094e+01
2.023919296264648438e+01
2.021889114379882812e+01
2.023619270324707031e+01
2.025640678405761719e+01
2.026428985595703125e+01
2.021860885620117188e+01
2.021511650085449219e+01
2.022961044311523438e+01
2.022310066223144531e+01
2.022656631469726562e+01
2.022235870361328125e+01
2.025527954101562500e+01
2.022869491577148438e+01
2.021688652038574219e+01
2.024007034301757812e+01
2.023744773864746094e+01
2.021914482116699219e+01
2.022490501403808594e+01
2.021322631835937500e+01
2.022103118896484375e+01
2.023065567016601562e+01
2.022980308532714844e+01
2.025281715393066406e+01
2.022004127502441406e+01
2.023988342285156250e+01
2.023124504089355469e+01
2.024726104736328125e+01
2.025220108032226562e+01
2.026590538024902344e+01
2.023725318908691406e+01
2.022112274169921875e+01
2.022134017944335938e+01
2.022876358032226562e+01
2.024590873718261719e+01
2.023936271667480469e+01
2.022018814086914062e+01
2.022724914550781250e+01
2.022912979125976562e+01
2.023839187622070312e+01
2.023946189880371094e+01
2.023729324340820312e+01
2.025287055969238281e+01
2.024141693115234375e+01
2.021740531921386719e+01
2.024266624450683594e+01
2.022867584228515625e+01
2.020704269409179688e+01
2.026021385192871094e+01
2.022870635986328125e+01
2.024293708801269531e+01
2.025943374633789062e+01
2.024141311645507812e+01
2.023074913024902344e+01
2.021474456787109375e+01
2.023257255554199219e+01
2.025401687622070312e+01
2.023480606079101562e+01
2.022016906738281250e+01
2.025321197509765625e+01
2.022768974304199219e+01
2.024458503723144531e+01
2.022245407104492188e+01
2.024282646179199219e+01
2.024529457092285156e+01
2.021440696716308594e+01
2.026323509216308594e+01
2.023992347717285156e+01
2.021599388122558594e+01
2.023438835144042969e+01
2.022077941894531250e+01
2.022553825378417969e+01
2.022616577148437500e+01
2.023011589050292969e+01
2.025108337402343750e+01
2.022215843200683594e+01
2.021999740600585938e+01
2.023198127746582031e+01
2.022769546508789062e+01
2.023712730407714844e+01
2.023949813842773438e+01
2.026749038696289062e+01
2.022373390197753906e+01
2.023724365234375000e+01
2.024288177490234375e+01
2.024314498901367188e+01
2.028329086303710938e+01
2.022226142883300781e+01
2.021773719787597656e+01
2.022727394104003906e+01
2.024302864074707031e+01
2.022088050842285156e+01
2.023678970336914062e+01
2.022138214111328125e+01
2.022379493713378906e+01
2.025542259216308594e+01
2.021951293945312500e+01
2.023789596557617188e+01
2.020194625854492188e+01
2.022725105285644531e+01
2.024539566040039062e+01
2.022393417358398438e+01
2.022993659973144531e+01
2.024054527282714844e+01
2.022190284729003906e+01
2.021440315246582031e+01
2.024669456481933594e+01
2.023172569274902344e+01
2.022167015075683594e+01
2.023279762268066406e+01
2.022394943237304688e+01
2.024120330810546875e+01
2.023045921325683594e+01
2.022494125366210938e+01
2.026102828979492188e+01
2.022317123413085938e+01
2.023019599914550781e+01
2.021656799316406250e+01
2.022454452514648438e+01
2.021691131591796875e+01
2.022687530517578125e+01
2.022890090942382812e+01
2.023763656616210938e+01
2.023301696777343750e+01
2.023757553100585938e+01
2.024520874023437500e+01
2.023036003112792969e+01
2.023161315917968750e+01
2.021076011657714844e+01
2.023994064331054688e+01
2.024484825134277344e+01
2.022706604003906250e+01
2.023270797729492188e+01
2.023768234252929688e+01
2.022819137573242188e+01
2.023371315002441406e+01
2.023668289184570312e+01
2.022753524780273438e+01
2.023302650451660156e+01
2.023232460021972656e+01
2.022322654724121094e+01
2.023275947570800781e+01
2.024291419982910156e+01
2.022747230529785156e+01
2.023940086364746094e+01
2.024321937561035156e+01
2.024358940124511719e+01
2.024354934692382812e+01
2.021190834045410156e+01
2.022917366027832031e+01
2.023420906066894531e+01
2.023214912414550781e+01
2.026683425903320312e+01
2.026441192626953125e+01
2.024987983703613281e+01
2.023178100585937500e+01
2.023065567016601562e+01
2.022498893737792969e+01
2.024430656433105469e+01
2.024010658264160156e+01
2.021214294433593750e+01
2.023343849182128906e+01
2.021879196166992188e+01
2.023265457153320312e+01
2.021810531616210938e+01
2.023971939086914062e+01
2.020446014404296875e+01
2.022053527832031250e+01
2.025426673889160156e+01
2.023825073242187500e+01
2.023444938659667969e+01
2.026134681701660156e+01
2.022462272644042969e+01
2.020743370056152344e+01
2.025018501281738281e+01
2.022891044616699219e+01
2.024817085266113281e+01
2.022793769836425781e+01
2.022704505920410156e+01
2.023690986633300781e+01
2.022266769409179688e+01
2.023075103759765625e+01
2.023580551147460938e+01
2.020623588562011719e+01
2.022620391845703125e+01
2.023491477966308594e+01
2.021276473999023438e+01
2.025346374511718750e+01
2.024313926696777344e+01
2.024490165710449219e+01
2.023922729492187500e+01
2.023337173461914062e+01
2.025353050231933594e+01
2.024107933044433594e+01
2.022058677673339844e+01
2.024425697326660156e+01
2.024554061889648438e+01
2.021173667907714844e+01
2.022705841064453125e+01
2.023161315917968750e+01
2.023999595642089844e+01
2.027701759338378906e+01
2.021742439270019531e+01
2.021957588195800781e+01
2.025952911376953125e+01
2.023012924194335938e+01
2.024788665771484375e+01
2.022424697875976562e+01
2.025850105285644531e+01
2.022238540649414062e+01
2.023479461669921875e+01
2.022261047363281250e+01
2.022451019287109375e+01
2.021341514587402344e+01
2.024288368225097656e+01
2.022132682800292969e+01
2.024647712707519531e+01
2.023111343383789062e+01
2.022062110900878906e+01
2.023316001892089844e+01
2.023782920837402344e+01
2.022556304931640625e+01
2.025433540344238281e+01
2.022924804687500000e+01
2.023452186584472656e+01
2.025165557861328125e+01
2.022345352172851562e+01
2.021944618225097656e+01
2.023099136352539062e+01
2.021894645690917969e+01
2.021714782714843750e+01
2.022482490539550781e+01
2.025550842285156250e+01
2.022842979431152344e+01
2.022725677490234375e+01
2.023361587524414062e+01
2.023544502258300781e+01
2.022858047485351562e+01
2.024436187744140625e+01
2.023574447631835938e+01
2.023836135864257812e+01
2.023412704467773438e+01
2.024217224121093750e+01
2.022426414489746094e+01
2.022947883605957031e+01
2.024544525146484375e+01
2.024021148681640625e+01
2.021211624145507812e+01
2.024977111816406250e+01
2.024021339416503906e+01
2.024461364746093750e+01
2.024405860900878906e+01
2.022983741760253906e+01
2.022446632385253906e+01
2.021102714538574219e+01
2.023814010620117188e+01
2.022029495239257812e+01
2.025265312194824219e+01
2.024040412902832031e+01
2.021928215026855469e+01
2.021569252014160156e+01
2.025236129760742188e+01
2.022336959838867188e+01
2.023635673522949219e+01
2.025735473632812500e+01
2.020587539672851562e+01
2.024837303161621094e+01
2.021021652221679688e+01
2.023978042602539062e+01
2.023138618469238281e+01
2.023588371276855469e+01
2.024116897583007812e+01
2.024505424499511719e+01
2.025553512573242188e+01
2.022645568847656250e+01
2.022806930541992188e+01
2.024025154113769531e+01
2.023153495788574219e+01
2.025747489929199219e+01
2.022935104370117188e+01
2.023796653747558594e+01
2.023567771911621094e+01
2.022243881225585938e+01
2.025017738342285156e+01
2.020942687988281250e+01
2.020593833923339844e+01
2.022801780700683594e+01
2.022258758544921875e+01
2.024680900573730469e+01
2.023037147521972656e+01
2.027222824096679688e+01
2.023475456237792969e+01
2.022994995117187500e+01
2.024820137023925781e+01
2.023167419433593750e+01
2.021497535705566406e+01
2.021310234069824219e+01
2.022419357299804688e+01
2.024759292602539062e+01
2.025243568420410156e+01
2.021370697021484375e+01
2.024515533447265625e+01
2.022552871704101562e+01
2.024519157409667969e+01
2.020952224731445312e+01
2.024293327331542969e+01
2.021887016296386719e+01
2.022024726867675781e+01
2.022718238830566406e+01
2.024148368835449219e+01
2.022990608215332031e+01
2.023743057250976562e+01
2.022994041442871094e+01
2.024092483520507812e+01
2.024243736267089844e+01
2.024219131469726562e+01
2.024152565002441406e+01
2.028717994689941406e+01
2.023059463500976562e+01
2.021891784667968750e+01
2.023521995544433594e+01
2.023378753662109375e+01
2.023355293273925781e+01
2.021549797058105469e+01
2.022087669372558594e+01
2.021349906921386719e+01
2.024435615539550781e+01
2.027593612670898438e+01
2.022124481201171875e+01
2.022660636901855469e+01
2.023758506774902344e+01
2.022383499145507812e+01
2.025171470642089844e+01
2.026350021362304688e+01
2.021706962585449219e+01
2.023243522644042969e+01
2.024604225158691406e+01
2.025001907348632812e+01
2.021752548217773438e+01
2.023009681701660156e+01
2.023053932189941406e+01
2.022504043579101562e+01
2.026176834106445312e+01
2.024227905273437500e+01
2.021854019165039062e+01
2.022914505004882812e+01
2.023538208007812500e+01
2.022254371643066406e+01
2.023249626159667969e+01
2.021310615539550781e+01
2.021640396118164062e+01
2.022265625000000000e+01
2.021659278869628906e+01
2.026321792602539062e+01
2.021984291076660156e+01
2.024446105957031250e+01
2.022542572021484375e+01
2.024646949768066406e+01
2.024555587768554688e+01
2.022609138488769531e+01
2.022403526306152344e+01
2.023909378051757812e+01
2.020970535278320312e+01
2.023047637939453125e+01
2.021132469177246094e+01
2.021946334838867188e+01
2.023243522644042969e+01
2.022831153869628906e+01
2.025078010559082031e+01
2.021157264709472656e+01
2.022582244873046875e+01
2.023694610595703125e+01
2.024660491943359375e+01
2.021855545043945312e+01
2.024969863891601562e+01
2.021902656555175781e+01
2.022601890563964844e+01
2.022498703002929688e+01
2.023590850830078125e+01
2.022984123229980469e+01
2.022925186157226562e+01
2.024814987182617188e+01
2.024291038513183594e+01
2.024242782592773438e+01
2.025987052917480469e+01
2.023582267761230469e+01
2.022046279907226562e+01
2.023699760437011719e+01
2.022875022888183594e+01
2.022929954528808594e+01
2.023177146911621094e+01
2.023437118530273438e+01
2.022717475891113281e+01
2.021882820129394531e+01
2.021975135803222656e+01
2.022877311706542969e+01
2.027165603637695312e+01
2.024259757995605469e+01
2.027804756164550781e+01
2.023668670654296875e+01
2.021444129943847656e+01
2.023733520507812500e+01
2.022819137573242188e+01
2.025804710388183594e+01
2.024347877502441406e+01
2.026728057861328125e+01
2.021607589721679688e+01
2.023619461059570312e+01
2.020928192138671875e+01
2.021719551086425781e+01
2.022884750366210938e+01
2.025870895385742188e+01
2.022668647766113281e+01
2.021221160888671875e+01
2.021270942687988281e+01
2.022938728332519531e+01
2.023435211181640625e+01
2.022432899475097656e+01
2.023655128479003906e+01
2.022688674926757812e+01
2.023226356506347656e+01
2.022131347656250000e+01
2.022545623779296875e+01
2.022268104553222656e+01
2.022490692138671875e+01
2.021853828430175781e+01
2.024841880798339844e+01
2.025512123107910156e+01
2.022182655334472656e+01
2.023551940917968750e+01
2.020464324951171875e+01
2.021955680847167969e+01
2.022628211975097656e+01
2.021151161193847656e+01
2.022311782836914062e+01
2.021932220458984375e+01
2.022917938232421875e+01
2.024027252197265625e+01
2.022899055480957031e+01
2.022230529785156250e+01
2.022528076171875000e+01
2.023955535888671875e+01
2.023151588439941406e+01
2.021430206298828125e+01
2.022133255004882812e+01
2.021968460083007812e+01
2.021428108215332031e+01
2.023806953430175781e+01
2.022319984436035156e+01
2.023751640319824219e+01
2.020360755920410156e+01
2.021516418457031250e+01
2.023589897155761719e+01
2.022914123535156250e+01
2.021432495117187500e+01
2.022840690612792969e+01
2.021849250793457031e+01
2.024377632141113281e+01
2.022788810729980469e+01
2.024201965332031250e+01
2.023850822448730469e+01
2.021937179565429688e+01
2.026196670532226562e+01
2.024189567565917969e+01
2.021241950988769531e+01
2.022387886047363281e+01
2.022649002075195312e+01
2.021920394897460938e+01
2.024371719360351562e+01
2.021892738342285156e+01
2.025999641418457031e+01
2.023102569580078125e+01
2.023637962341308594e+01
2.021144866943359375e+01
2.024949836730957031e+01
2.022031974792480469e+01
2.021572494506835938e+01
2.020829772949218750e+01
2.021870803833007812e+01
2.023702239990234375e+01
2.023326492309570312e+01
2.022398948669433594e+01
2.021363449096679688e+01
2.021375083923339844e+01
2.025119209289550781e+01
2.020216941833496094e+01
2.023069000244140625e+01
2.024791908264160156e+01
2.023105812072753906e+01
2.026055717468261719e+01
2.022681236267089844e+01
2.022932434082031250e+01
2.023415374755859375e+01
2.021631813049316406e+01
2.023324775695800781e+01
2.023631286621093750e+01
2.021721649169921875e+01
2.023338890075683594e+01
2.023166465759277344e+01
2.022541809082031250e+01
2.022606468200683594e+01
2.021157264709472656e+01
2.023910331726074219e+01
2.022409248352050781e+01
2.021848297119140625e+01
2.021887207031250000e+01
2.023202896118164062e+01
2.022813987731933594e+01
2.024457168579101562e+01
2.022038841247558594e+01
2.023316574096679688e+01
2.023883819580078125e+01
2.023092651367187500e+01
2.024133872985839844e+01
2.021868324279785156e+01
2.024292755126953125e+01
2.024750709533691406e+01
2.023793220520019531e+01
2.022351264953613281e+01
2.023459625244140625e+01
2.023667526245117188e+01
2.024635887145996094e+01
2.025509643554687500e+01
2.022787094116210938e+01
2.024000930786132812e+01
2.022704124450683594e+01
2.021171951293945312e+01
2.023463630676269531e+01
2.021495056152343750e+01
2.023934555053710938e+01
2.023256111145019531e+01
2.023263549804687500e+01
2.023355102539062500e+01
2.023377227783203125e+01
2.024981117248535156e+01
2.023358726501464844e+01
2.023308753967285156e+01
2.023097419738769531e+01
2.021059226989746094e+01
2.022953987121582031e+01
2.023540687561035156e+01
2.025654602050781250e+01
2.024864006042480469e+01
2.029956817626953125e+01
2.022010231018066406e+01
2.022839546203613281e+01
2.022273063659667969e+01
2.024055290222167969e+01
2.022371673583984375e+01
2.025358200073242188e+01
2.021654510498046875e+01
2.022991180419921875e+01
2.023221015930175781e+01
2.022657585144042969e+01
2.022102165222167969e+01
2.021580314636230469e+01
2.022978210449218750e+01
2.023437309265136719e+01
2.025576972961425781e+01
2.025533676147460938e+01
2.023749351501464844e+01
2.021212005615234375e+01
2.023703956604003906e+01
2.023360633850097656e+01
2.026400375366210938e+01
2.021954154968261719e+01
2.020984840393066406e+01
2.024431037902832031e+01
2.023074340820312500e+01
2.021936225891113281e+01
2.022323608398437500e+01
2.023031044006347656e+01
2.023777008056640625e+01
2.022631072998046875e+01
2.023365402221679688e+01
2.023129081726074219e+01
2.022131156921386719e+01
2.024549293518066406e+01
2.023246383666992188e+01
2.024202728271484375e+01
2.022129440307617188e+01
2.029185295104980469e+01
2.024179458618164062e+01
2.023271942138671875e+01
2.022502136230468750e+01
2.024692344665527344e+01
2.022537422180175781e+01
2.020994949340820312e+01
2.023101234436035156e+01
2.023933410644531250e+01
2.022800445556640625e+01
2.021623802185058594e+01
2.022146987915039062e+01
2.024558830261230469e+01
2.023704528808593750e+01
2.022500419616699219e+01
2.021006774902343750e+01
2.023712158203125000e+01
2.025082206726074219e+01
2.021547889709472656e+01
2.022280693054199219e+01
2.020640182495117188e+01
2.023227500915527344e+01
2.024632644653320312e+01
2.023560523986816406e+01
2.021314620971679688e+01
2.020996093750000000e+01
2.024218368530273438e+01
2.021393775939941406e+01
2.021323013305664062e+01
2.021598434448242188e+01
2.022561645507812500e+01
2.023507690429687500e+01
2.022909164428710938e+01
2.021099472045898438e+01
2.024216461181640625e+01
2.022016334533691406e+01
2.021944618225097656e+01
2.021803855895996094e+01
2.022133445739746094e+01
2.023291015625000000e+01
2.023971748352050781e+01
2.022097778320312500e+01
2.023199081420898438e+01
2.022996330261230469e+01
2.023040199279785156e+01
2.022854232788085938e+01
2.023637580871582031e+01
2.025419616699218750e+01
2.023561477661132812e+01
2.025028610229492188e+01
2.025340270996093750e+01
2.020971488952636719e+01
2.020728492736816406e+01
2.022616195678710938e+01
2.024601364135742188e+01
2.021197891235351562e+01
2.023372650146484375e+01
2.023563957214355469e+01
2.024872016906738281e+01
2.021519470214843750e+01
2.025306320190429688e+01
2.024108314514160156e+01
2.024142456054687500e+01
2.022474861145019531e+01
2.023064613342285156e+01
2.022238922119140625e+01
2.021575355529785156e+01
2.022866630554199219e+01
2.024034690856933594e+01
2.022244644165039062e+01
2.023434448242187500e+01
2.021862220764160156e+01
2.023069763183593750e+01
2.022731399536132812e+01
2.026287841796875000e+01
2.024382209777832031e+01
2.023816680908203125e+01
2.026611518859863281e+01
2.025233459472656250e+01
2.025906372070312500e+01
2.022334480285644531e+01
2.023485946655273438e+01
2.025239372253417969e+01
2.026350212097167969e+01
2.022734832763671875e+01
2.024395942687988281e+01
2.024192047119140625e+01
2.021928787231445312e+01
2.024112319946289062e+01
2.022793197631835938e+01
2.024385070800781250e+01
2.024137115478515625e+01
2.023976516723632812e+01
2.023547554016113281e+01
2.025439262390136719e+01
2.022242736816406250e+01
2.022662925720214844e+01
2.023921585083007812e+01
2.021876907348632812e+01
2.022517967224121094e+01
2.023018836975097656e+01
2.023069953918457031e+01
2.023442077636718750e+01
2.022089385986328125e+01
2.022199440002441406e+01
2.025233078002929688e+01
2.022778129577636719e+01
2.023887252807617188e+01
2.024700546264648438e+01
2.019649124145507812e+01
2.021472930908203125e+01
2.024057388305664062e+01
2.022746086120605469e+01
2.023290061950683594e+01
2.022189140319824219e+01
2.024089050292968750e+01
2.022566032409667969e+01
2.025388526916503906e+01
2.024311828613281250e+01
2.024011993408203125e+01
2.023220252990722656e+01
2.024181938171386719e+01
2.022718048095703125e+01
2.023053359985351562e+01
