2.051298469305038452e-01
1.273021250963211060e-01
1.039751991629600525e-01
9.320539236068725586e-02
8.661633729934692383e-02
8.242502808570861816e-02
7.863388210535049438e-02
7.717165350914001465e-02
7.285741716623306274e-02
7.299475371837615967e-02
6.957031786441802979e-02
6.722728163003921509e-02
6.572274118661880493e-02
6.391719728708267212e-02
6.343513727188110352e-02
6.307949870824813843e-02
6.031281128525733948e-02
5.840837210416793823e-02
5.941759794950485229e-02
6.110920757055282593e-02
5.808176472783088684e-02
5.715266987681388855e-02
5.862100794911384583e-02
5.740697681903839111e-02
5.508810654282569885e-02
5.481714010238647461e-02
5.415344238281250000e-02
5.447508767247200012e-02
5.820815637707710266e-02
5.573492497205734253e-02
5.474289506673812866e-02
5.454462394118309021e-02
5.266243964433670044e-02
5.285125598311424255e-02
5.430299416184425354e-02
5.205603688955307007e-02
5.114046856760978699e-02
5.147307738661766052e-02
5.026856809854507446e-02
4.899432137608528137e-02
5.252985283732414246e-02
4.953126981854438782e-02
5.426225438714027405e-02
5.396521463990211487e-02
5.051859095692634583e-02
5.150230228900909424e-02
5.299844220280647278e-02
4.908439517021179199e-02
4.601462557911872864e-02
5.298810824751853943e-02
4.916117712855339050e-02
4.676516354084014893e-02
4.757365211844444275e-02
4.745642468333244324e-02
4.802971705794334412e-02
4.772781208157539368e-02
4.449015483260154724e-02
4.841432720422744751e-02
5.045289918780326843e-02
4.685972630977630615e-02
4.713326692581176758e-02
4.643701389431953430e-02
4.460551962256431580e-02
4.624801501631736755e-02
4.886639490723609924e-02
4.896840825676918030e-02
4.506623744964599609e-02
4.711880162358283997e-02
4.785533249378204346e-02
5.179756134748458862e-02
4.341419413685798645e-02
4.545586928725242615e-02
4.798614606261253357e-02
4.531091451644897461e-02
4.517427086830139160e-02
4.864736646413803101e-02
4.383983463048934937e-02
4.778049513697624207e-02
4.479498416185379028e-02
4.305414482951164246e-02
4.454895853996276855e-02
4.722991585731506348e-02
4.835284873843193054e-02
4.578570649027824402e-02
4.532052576541900635e-02
4.873333871364593506e-02
4.706346988677978516e-02
4.931352660059928894e-02
4.594976827502250671e-02
4.751496762037277222e-02
4.826864600181579590e-02
5.043496936559677124e-02
4.936566948890686035e-02
4.890052601695060730e-02
4.770522937178611755e-02
4.474462941288948059e-02
4.628405719995498657e-02
4.458971321582794189e-02
4.588152468204498291e-02
4.638025909662246704e-02
4.727732017636299133e-02
4.634988307952880859e-02
4.751379787921905518e-02
4.894845187664031982e-02
4.382781684398651123e-02
4.271696880459785461e-02
4.438754543662071228e-02
4.596888273954391479e-02
4.420338943600654602e-02
4.701573401689529419e-02
4.306449741125106812e-02
4.669871553778648376e-02
4.497437179088592529e-02
4.462825506925582886e-02
4.330562427639961243e-02
4.461865499615669250e-02
4.708663746714591980e-02
4.527610540390014648e-02
4.674761742353439331e-02
4.353370890021324158e-02
4.571848735213279724e-02
4.034351930022239685e-02
4.540946334600448608e-02
4.267728701233863831e-02
4.359666258096694946e-02
4.248822852969169617e-02
4.391835629940032959e-02
4.595142230391502380e-02
4.256970807909965515e-02
4.467710480093955994e-02
4.194898530840873718e-02
4.274224489927291870e-02
4.280072823166847229e-02
4.595889896154403687e-02
4.516577720642089844e-02
4.193742945790290833e-02
4.237524792551994324e-02
4.449244961142539978e-02
4.380197823047637939e-02
4.181396961212158203e-02
4.075234383344650269e-02
4.324736073613166809e-02
4.604313522577285767e-02
4.142269119620323181e-02
4.246335104107856750e-02
4.068102315068244934e-02
4.141950607299804688e-02
4.264580458402633667e-02
4.062492400407791138e-02
4.308894649147987366e-02
3.885473683476448059e-02
3.952865675091743469e-02
4.186679422855377197e-02
4.215867817401885986e-02
3.933282196521759033e-02
4.083215445280075073e-02
4.242330789566040039e-02
4.416280239820480347e-02
3.779603540897369385e-02
3.978973254561424255e-02
4.157041758298873901e-02
4.454726353287696838e-02
4.292195662856101990e-02
4.015794768929481506e-02
4.104155302047729492e-02
4.307506605982780457e-02
4.245680570602416992e-02
4.204834997653961182e-02
4.036432504653930664e-02
4.026638343930244446e-02
4.078734293580055237e-02
4.084353521466255188e-02
4.258223995566368103e-02
4.524635896086692810e-02
4.889160394668579102e-02
4.808053374290466309e-02
4.609633609652519226e-02
5.270565301179885864e-02
4.701008275151252747e-02
4.895905777812004089e-02
5.227822437882423401e-02
4.830503836274147034e-02
4.780979827046394348e-02
5.438811704516410828e-02
6.093116104602813721e-02
5.186665058135986328e-02
7.007925957441329956e-02
6.670706719160079956e-02
6.096167862415313721e-02
5.805046483874320984e-02
5.472735315561294556e-02
5.686772242188453674e-02
5.482003465294837952e-02
5.165235325694084167e-02
5.081097409129142761e-02
5.153664574027061462e-02
4.876728355884552002e-02
4.972505941987037659e-02
4.944736510515213013e-02
5.087264627218246460e-02
5.243430286645889282e-02
5.057216063141822815e-02
4.957987368106842041e-02
5.092027038335800171e-02
5.035742744803428650e-02
5.000132322311401367e-02
4.837416484951972961e-02
4.783861711621284485e-02
4.812185093760490417e-02
4.740378260612487793e-02
5.226630717515945435e-02
5.541759356856346130e-02
5.008332058787345886e-02
4.926926642656326294e-02
5.104481428861618042e-02
5.232576280832290649e-02
5.055839568376541138e-02
4.906445369124412537e-02
4.990928992629051208e-02
5.097110196948051453e-02
5.090561136603355408e-02
4.900459200143814087e-02
4.835666343569755554e-02
5.000530555844306946e-02
6.013930588960647583e-02
4.973359405994415283e-02
4.977988451719284058e-02
4.942488670349121094e-02
5.301505699753761292e-02
4.819120094180107117e-02
4.746899753808975220e-02
4.601799324154853821e-02
4.724454507231712341e-02
5.032097920775413513e-02
4.885262250900268555e-02
4.662034660577774048e-02
4.858449846506118774e-02
4.970216006040573120e-02
4.811687394976615906e-02
4.489986971020698547e-02
4.687299951910972595e-02
4.865333065390586853e-02
4.504806175827980042e-02
4.780963435769081116e-02
4.624758660793304443e-02
4.632750898599624634e-02
4.478532075881958008e-02
4.542183876037597656e-02
4.624893888831138611e-02
4.499255120754241943e-02
5.517473444342613220e-02
5.086298659443855286e-02
4.875911399722099304e-02
4.980645328760147095e-02
4.906033352017402649e-02
4.614941403269767761e-02
5.026658996939659119e-02
4.732640087604522705e-02
4.913774132728576660e-02
4.483275488018989563e-02
4.793034493923187256e-02
4.967420175671577454e-02
4.518567025661468506e-02
4.794060811400413513e-02
4.449366033077239990e-02
4.467926546931266785e-02
4.951670765876770020e-02
4.757743701338768005e-02
4.492365941405296326e-02
4.563583806157112122e-02
4.467449337244033813e-02
4.871071502566337585e-02
5.118611082434654236e-02
4.632041230797767639e-02
4.464654624462127686e-02
4.647416248917579651e-02
4.558353871107101440e-02
4.480588436126708984e-02
4.747015982866287231e-02
4.387748613953590393e-02
4.406107962131500244e-02
4.351065307855606079e-02
4.239522293210029602e-02
4.552475363016128540e-02
4.447858780622482300e-02
4.719010740518569946e-02
4.721044003963470459e-02
4.769005998969078064e-02
4.374814406037330627e-02
4.498538374900817871e-02
4.931892454624176025e-02
4.442434757947921753e-02
4.790652915835380554e-02
4.545590654015541077e-02
4.788262024521827698e-02
4.505003988742828369e-02
5.744672194123268127e-02
4.821972921490669250e-02
4.522343724966049194e-02
4.609170556068420410e-02
4.307783767580986023e-02
4.352347925305366516e-02
4.651670530438423157e-02
4.332822561264038086e-02
4.519665613770484924e-02
4.742040485143661499e-02
4.609209671616554260e-02
4.770691692829132080e-02
4.534832760691642761e-02
4.407913610339164734e-02
4.597783088684082031e-02
4.319496452808380127e-02
4.281589016318321228e-02
4.628890752792358398e-02
4.067732021212577820e-02
4.622917249798774719e-02
4.312486201524734497e-02
4.411247000098228455e-02
4.366542398929595947e-02
4.650226607918739319e-02
4.365568980574607849e-02
4.302487149834632874e-02
4.328986257314682007e-02
3.929672017693519592e-02
4.264760017395019531e-02
4.286971688270568848e-02
4.401129856705665588e-02
4.939298331737518311e-02
4.170074313879013062e-02
4.438485950231552124e-02
4.719790816307067871e-02
4.517641291022300720e-02
4.128566384315490723e-02
4.415345564484596252e-02
4.562887176871299744e-02
4.124659672379493713e-02
4.253611713647842407e-02
4.247932508587837219e-02
4.309259355068206787e-02
4.054236412048339844e-02
4.389960691332817078e-02
4.053049534559249878e-02
4.004946351051330566e-02
4.460500925779342651e-02
4.230649024248123169e-02
4.344876110553741455e-02
3.998839110136032104e-02
4.172465950250625610e-02
3.995597735047340393e-02
4.165121167898178101e-02
4.528830200433731079e-02
4.616384580731391907e-02
4.129840061068534851e-02
4.040994867682456970e-02
4.327166453003883362e-02
4.502736032009124756e-02
4.646698012948036194e-02
4.828152805566787720e-02
4.566318914294242859e-02
4.356932267546653748e-02
3.956537693738937378e-02
3.994210436940193176e-02
4.538076370954513550e-02
4.240414127707481384e-02
4.321292787790298462e-02
4.259439557790756226e-02
4.026439040899276733e-02
4.290216788649559021e-02
4.801993817090988159e-02
4.179180786013603210e-02
4.272523522377014160e-02
4.202446714043617249e-02
4.173246398568153381e-02
4.901611059904098511e-02
4.274614900350570679e-02
4.430945590138435364e-02
3.935631737112998962e-02
4.299096390604972839e-02
4.008013010025024414e-02
4.026426002383232117e-02
3.994496166706085205e-02
4.483634606003761292e-02
3.867118433117866516e-02
3.996618464589118958e-02
4.146898910403251648e-02
4.187008365988731384e-02
4.040594771504402161e-02
4.174140468239784241e-02
4.078830406069755554e-02
4.210124164819717407e-02
4.009119421243667603e-02
4.174050316214561462e-02
3.942231461405754089e-02
3.906254470348358154e-02
4.050322249531745911e-02
4.438238963484764099e-02
3.805450350046157837e-02
4.056421667337417603e-02
3.700350224971771240e-02
4.094382002949714661e-02
4.430905729532241821e-02
3.832487389445304871e-02
4.174849018454551697e-02
3.879054263234138489e-02
4.543258622288703918e-02
3.864655271172523499e-02
3.944477811455726624e-02
4.256920143961906433e-02
3.961518406867980957e-02
3.763145580887794495e-02
4.457804560661315918e-02
3.784117102622985840e-02
3.783038258552551270e-02
4.014359414577484131e-02
4.062856361269950867e-02
4.075014963746070862e-02
3.825308755040168762e-02
3.740926831960678101e-02
4.405467584729194641e-02
5.011136457324028015e-02
4.645259305834770203e-02
4.383639246225357056e-02
4.491148889064788818e-02
3.972835838794708252e-02
4.727049916982650757e-02
4.326033964753150940e-02
4.737287387251853943e-02
4.314317554235458374e-02
4.572167992591857910e-02
4.180980101227760315e-02
4.244321212172508240e-02
4.073107987642288208e-02
4.506160691380500793e-02
4.350180551409721375e-02
4.122431948781013489e-02
4.285428673028945923e-02
4.281937703490257263e-02
4.163116961717605591e-02
4.288949817419052124e-02
4.372669383883476257e-02
4.422382265329360962e-02
4.066945239901542664e-02
4.235211759805679321e-02
4.075826704502105713e-02
4.325750470161437988e-02
4.377240687608718872e-02
4.467692226171493530e-02
3.975231945514678955e-02
4.007488489151000977e-02
4.508602619171142578e-02
4.213739931583404541e-02
4.165861010551452637e-02
4.360733926296234131e-02
4.463787749409675598e-02
4.048728197813034058e-02
4.084885120391845703e-02
4.760757088661193848e-02
4.192102700471878052e-02
4.203107953071594238e-02
4.107911884784698486e-02
4.400768503546714783e-02
4.086961224675178528e-02
4.261701926589012146e-02
4.373473301529884338e-02
4.469348117709159851e-02
4.522798210382461548e-02
4.003791883587837219e-02
4.202966392040252686e-02
3.889717906713485718e-02
4.028789326548576355e-02
4.023857787251472473e-02
4.328178986907005310e-02
3.792145848274230957e-02
4.348577931523323059e-02
5.410088971257209778e-02
4.030042141675949097e-02
4.067811742424964905e-02
4.205316677689552307e-02
4.097306355834007263e-02
4.394952580332756042e-02
4.160188138484954834e-02
4.048532620072364807e-02
3.858228027820587158e-02
4.972334951162338257e-02
4.048608988523483276e-02
4.279253259301185608e-02
4.143438488245010376e-02
4.289932176470756531e-02
3.947354108095169067e-02
4.112549498677253723e-02
4.441529139876365662e-02
4.550760611891746521e-02
4.051167145371437073e-02
4.116361588239669800e-02
4.417937248945236206e-02
4.001233354210853577e-02
3.989434242248535156e-02
4.029871895909309387e-02
5.052977427840232849e-02
5.866405367851257324e-02
4.727033153176307678e-02
4.123684018850326538e-02
4.190864041447639465e-02
4.148409888148307800e-02
4.597063735127449036e-02
3.862410411238670349e-02
4.374498501420021057e-02
3.888943791389465332e-02
3.968399390578269958e-02
4.096737131476402283e-02
4.132814332842826843e-02
4.349149018526077271e-02
4.130102321505546570e-02
3.895327076315879822e-02
4.191297292709350586e-02
4.068957641720771790e-02
4.070547223091125488e-02
3.842311725020408630e-02
4.348407685756683350e-02
4.454858228564262390e-02
4.144624620676040649e-02
3.979030996561050415e-02
4.106861725449562073e-02
3.830638527870178223e-02
4.103472083806991577e-02
3.922164067625999451e-02
4.052325338125228882e-02
4.198523983359336853e-02
4.449877515435218811e-02
7.768054306507110596e-02
6.499970704317092896e-02
5.712460353970527649e-02
5.432387441396713257e-02
5.021450296044349670e-02
5.097112432122230530e-02
4.672626033425331116e-02
4.718627035617828369e-02
4.548653960227966309e-02
4.754909127950668335e-02
4.696203768253326416e-02
4.524475336074829102e-02
4.476241767406463623e-02
5.043567717075347900e-02
4.374472796916961670e-02
4.231582209467887878e-02
4.187693446874618530e-02
4.411018639802932739e-02
4.358189180493354797e-02
4.441596567630767822e-02
4.863604903221130371e-02
4.293129965662956238e-02
4.031512886285781860e-02
4.654096439480781555e-02
4.811988770961761475e-02
3.878477960824966431e-02
3.967782482504844666e-02
4.332467541098594666e-02
4.741076752543449402e-02
4.072251915931701660e-02
4.175435379147529602e-02
4.147593677043914795e-02
4.201607406139373779e-02
4.005731642246246338e-02
5.694205686450004578e-02
4.095010831952095032e-02
4.570682346820831299e-02
4.344064369797706604e-02
5.835566669702529907e-02
6.259402632713317871e-02
5.941889062523841858e-02
5.453725904226303101e-02
5.257742106914520264e-02
5.224822461605072021e-02
5.165243893861770630e-02
5.639733374118804932e-02
4.794400185346603394e-02
4.937201738357543945e-02
4.896303638815879822e-02
5.064525082707405090e-02
5.717084184288978577e-02
5.486326292157173157e-02
5.039676278829574585e-02
5.039952322840690613e-02
5.074470490217208862e-02
4.679755121469497681e-02
4.784021526575088501e-02
4.498324170708656311e-02
4.630300402641296387e-02
4.481772705912590027e-02
5.150496587157249451e-02
4.864973202347755432e-02
4.880192875862121582e-02
4.727815464138984680e-02
4.415772855281829834e-02
4.850432649254798889e-02
4.821804165840148926e-02
4.823699221014976501e-02
4.462519288063049316e-02
4.376425966620445251e-02
4.626192525029182434e-02
4.641652852296829224e-02
4.420812427997589111e-02
4.205648601055145264e-02
4.839213192462921143e-02
4.371188953518867493e-02
5.409231781959533691e-02
4.388926923274993896e-02
4.590207338333129883e-02
4.528986290097236633e-02
4.458498582243919373e-02
5.558282136917114258e-02
4.558930918574333191e-02
4.436252638697624207e-02
4.703614115715026855e-02
4.547970741987228394e-02
4.534159600734710693e-02
4.628059640526771545e-02
4.662787914276123047e-02
5.063823983073234558e-02
4.351424798369407654e-02
4.484872147440910339e-02
4.380473494529724121e-02
4.679762944579124451e-02
4.401560127735137939e-02
4.839174449443817139e-02
5.091558024287223816e-02
4.348062723875045776e-02
4.351292550563812256e-02
4.504372552037239075e-02
4.733927920460700989e-02
4.576978832483291626e-02
4.325053468346595764e-02
4.398464038968086243e-02
4.975954070687294006e-02
4.470523074269294739e-02
3.873150423169136047e-02
4.713498428463935852e-02
4.230863973498344421e-02
4.756113141775131226e-02
4.316753149032592773e-02
4.238545894622802734e-02
4.265660047531127930e-02
4.043327271938323975e-02
4.298182576894760132e-02
4.409743100404739380e-02
4.876636713743209839e-02
4.445093497633934021e-02
4.414842650294303894e-02
4.422284662723541260e-02
4.832539334893226624e-02
4.400682076811790466e-02
4.180467873811721802e-02
4.626063257455825806e-02
4.657594114542007446e-02
4.531240090727806091e-02
4.006381705403327942e-02
4.968934506177902222e-02
4.496777057647705078e-02
4.476539790630340576e-02
5.292044579982757568e-02
4.608253762125968933e-02
4.315479844808578491e-02
4.689599573612213135e-02
4.431160911917686462e-02
4.350773617625236511e-02
4.535578191280364990e-02
4.264026880264282227e-02
4.436384513974189758e-02
4.276992753148078918e-02
4.770141467452049255e-02
4.226434975862503052e-02
4.069777950644493103e-02
4.296094924211502075e-02
4.575295373797416687e-02
4.555016010999679565e-02
4.223631322383880615e-02
4.480144381523132324e-02
5.104517564177513123e-02
4.888358712196350098e-02
4.037354141473770142e-02
4.331666603684425354e-02
4.212987050414085388e-02
5.565154924988746643e-02
4.693092405796051025e-02
4.236068949103355408e-02
5.077072605490684509e-02
4.755206778645515442e-02
4.127645120024681091e-02
4.530090466141700745e-02
4.111371561884880066e-02
4.496806487441062927e-02
4.400758445262908936e-02
4.346077144145965576e-02
4.132404923439025879e-02
4.506351053714752197e-02
4.362968727946281433e-02
4.431718215346336365e-02
4.796769842505455017e-02
4.759416356682777405e-02
4.715294390916824341e-02
4.843345656991004944e-02
4.384822025895118713e-02
4.619953036308288574e-02
3.923612087965011597e-02
4.495120421051979065e-02
4.263222962617874146e-02
4.011811316013336182e-02
4.095997661352157593e-02
4.264213517308235168e-02
3.961379453539848328e-02
4.559829458594322205e-02
4.562307149171829224e-02
4.073487594723701477e-02
3.899843618273735046e-02
4.070066288113594055e-02
4.050721228122711182e-02
4.644769057631492615e-02
4.730884358286857605e-02
4.047279432415962219e-02
4.506571590900421143e-02
4.398383200168609619e-02
4.532511159777641296e-02
4.761770740151405334e-02
4.260675236582756042e-02
4.255470633506774902e-02
4.226256534457206726e-02
3.943233191967010498e-02
4.588323459029197693e-02
4.142592474818229675e-02
3.830161690711975098e-02
4.161310195922851562e-02
4.127489030361175537e-02
3.719674050807952881e-02
4.579788073897361755e-02
4.640512168407440186e-02
4.389114677906036377e-02
4.653900116682052612e-02
4.767253622412681580e-02
5.174190923571586609e-02
4.396962001919746399e-02
4.436112940311431885e-02
4.676881805062294006e-02
4.613249748945236206e-02
4.580278694629669189e-02
5.067878961563110352e-02
4.373887181282043457e-02
5.036589875817298889e-02
4.995713755488395691e-02
4.141800105571746826e-02
4.369971156120300293e-02
4.414955899119377136e-02
3.930274024605751038e-02
4.186129197478294373e-02
4.629834741353988647e-02
4.288338497281074524e-02
4.412746429443359375e-02
4.315160587430000305e-02
4.468150809407234192e-02
4.083953797817230225e-02
4.265130683779716492e-02
3.976705670356750488e-02
4.370389133691787720e-02
4.121576249599456787e-02
4.576221853494644165e-02
5.603980273008346558e-02
4.483387246727943420e-02
4.498616233468055725e-02
4.152012243866920471e-02
4.240204393863677979e-02
3.971532359719276428e-02
3.964094817638397217e-02
4.537495225667953491e-02
4.355787858366966248e-02
4.212915152311325073e-02
4.202564433217048645e-02
3.987787663936614990e-02
5.314848572015762329e-02
4.358861222863197327e-02
4.420499876141548157e-02
4.571833834052085876e-02
4.276138916611671448e-02
4.672013595700263977e-02
4.315368086099624634e-02
4.100968688726425171e-02
4.191682115197181702e-02
5.217319726943969727e-02
4.253966733813285828e-02
4.259349405765533447e-02
4.241672158241271973e-02
4.635717347264289856e-02
4.126540571451187134e-02
4.362715408205986023e-02
4.856786504387855530e-02
4.070301353931427002e-02
3.963853791356086731e-02
4.180160164833068848e-02
4.345948249101638794e-02
4.446095973253250122e-02
3.968805819749832153e-02
4.499439150094985962e-02
3.977457061409950256e-02
4.316698014736175537e-02
4.245493933558464050e-02
4.511283710598945618e-02
4.509963840246200562e-02
4.335280135273933411e-02
4.427411034703254700e-02
3.932964056730270386e-02
4.372138902544975281e-02
4.383757337927818298e-02
4.365893080830574036e-02
4.167399555444717407e-02
3.926442191004753113e-02
4.470330476760864258e-02
4.338199272751808167e-02
4.161683842539787292e-02
4.977674782276153564e-02
4.588425159454345703e-02
4.192936420440673828e-02
4.346641525626182556e-02
3.965442627668380737e-02
4.209595173597335815e-02
4.048467427492141724e-02
3.938267379999160767e-02
4.557455331087112427e-02
4.042715206742286682e-02
4.041825607419013977e-02
4.409432783722877502e-02
4.680915176868438721e-02
5.663242936134338379e-02
5.767699703574180603e-02
4.407163336873054504e-02
4.095195978879928589e-02
4.284160211682319641e-02
4.316955804824829102e-02
3.803691267967224121e-02
5.529738590121269226e-02
4.485723748803138733e-02
4.456883668899536133e-02
4.517246410250663757e-02
4.304387047886848450e-02
4.328175634145736694e-02
4.397337511181831360e-02
4.270824790000915527e-02
3.917826712131500244e-02
4.330399259924888611e-02
4.360612854361534119e-02
3.879183530807495117e-02
4.014628380537033081e-02
5.039462074637413025e-02
4.339937120676040649e-02
4.293426498770713806e-02
4.579231888055801392e-02
4.893098026514053345e-02
4.040155932307243347e-02
4.144081100821495056e-02
3.889870643615722656e-02
4.650724679231643677e-02
4.460994899272918701e-02
4.803073406219482422e-02
4.785414040088653564e-02
4.201793298125267029e-02
3.859133273363113403e-02
4.309393092989921570e-02
4.159028083086013794e-02
5.730054527521133423e-02
5.718011409044265747e-02
5.667320266366004944e-02
5.017446726560592651e-02
4.685913026332855225e-02
4.467286169528961182e-02
4.071208834648132324e-02
4.335233941674232483e-02
4.526283591985702515e-02
4.884175211191177368e-02
4.882857948541641235e-02
5.375171452760696411e-02
5.352635681629180908e-02
5.464401096105575562e-02
4.846351966261863708e-02
4.652687907218933105e-02
4.877832531929016113e-02
4.807173460721969604e-02
4.894686117768287659e-02
4.045736044645309448e-02
4.166188463568687439e-02
4.717027768492698669e-02
4.333861172199249268e-02
4.182339832186698914e-02
4.460351541638374329e-02
4.691160097718238831e-02
4.553335905075073242e-02
4.388898611068725586e-02
4.116604849696159363e-02
4.039977863430976868e-02
4.314428195357322693e-02
4.301385581493377686e-02
4.573803395032882690e-02
4.272914305329322815e-02
4.208672791719436646e-02
4.205012694001197815e-02
4.390691220760345459e-02
4.059055447578430176e-02
4.298654198646545410e-02
4.147008806467056274e-02
4.163281247019767761e-02
4.191501066088676453e-02
4.274502769112586975e-02
4.000728949904441833e-02
3.961052745580673218e-02
4.818449541926383972e-02
4.551143944263458252e-02
4.468457400798797607e-02
4.435995966196060181e-02
3.965426981449127197e-02
4.414121434092521667e-02
4.024979099631309509e-02
4.143356531858444214e-02
4.067194461822509766e-02
4.054137319326400757e-02
4.501204937696456909e-02
4.161326959729194641e-02
4.235667735338211060e-02
4.047958925366401672e-02
3.727912902832031250e-02
4.137591272592544556e-02
5.024848878383636475e-02
4.484881088137626648e-02
4.321715980768203735e-02
4.347012937068939209e-02
4.519629478454589844e-02
4.405394196510314941e-02
4.454803839325904846e-02
3.722057491540908813e-02
4.293858259916305542e-02
4.211886972188949585e-02
4.193508252501487732e-02
3.840091452002525330e-02
4.544449597597122192e-02
5.376813188195228577e-02
3.954821452498435974e-02
3.692536428570747375e-02
3.909784555435180664e-02
3.871357068419456482e-02
4.271759465336799622e-02
3.880232572555541992e-02
3.692512214183807373e-02
4.512226209044456482e-02
4.192945361137390137e-02
3.800560906529426575e-02
4.065304249525070190e-02
4.067833721637725830e-02
4.258726537227630615e-02
4.070895165205001831e-02
4.554182291030883789e-02
3.928154706954956055e-02
4.546363279223442078e-02
4.271055012941360474e-02
4.359649494290351868e-02
3.924566879868507385e-02
4.134332761168479919e-02
4.087878763675689697e-02
4.572998359799385071e-02
3.660978004336357117e-02
3.702743351459503174e-02
3.949080407619476318e-02
4.172389581799507141e-02
4.055954515933990479e-02
4.448293149471282959e-02
4.337535053491592407e-02
3.799506649374961853e-02
3.829689323902130127e-02
4.177794978022575378e-02
3.874448314309120178e-02
3.931700810790061951e-02
3.663083538413047791e-02
4.231258854269981384e-02
4.037658497691154480e-02
4.404874518513679504e-02
4.475371539592742920e-02
4.103406146168708801e-02
4.128998517990112305e-02
4.679906740784645081e-02
4.014831781387329102e-02
3.832277283072471619e-02
4.426432400941848755e-02
3.939067572355270386e-02
4.859622567892074585e-02
4.211283475160598755e-02
4.109470546245574951e-02
4.126062616705894470e-02
4.068757593631744385e-02
4.311318695545196533e-02
3.823208436369895935e-02
3.791014477610588074e-02
3.748003393411636353e-02
4.008309170603752136e-02
3.912172466516494751e-02
4.469182714819908142e-02
4.365171864628791809e-02
3.942429646849632263e-02
3.727596625685691833e-02
3.913815319538116455e-02
4.609798640012741089e-02
3.838608786463737488e-02
3.878314420580863953e-02
4.184298589825630188e-02
4.003311321139335632e-02
4.059197753667831421e-02
3.912077099084854126e-02
4.057316854596138000e-02
3.833986818790435791e-02
4.332089424133300781e-02
4.449405521154403687e-02
3.897597640752792358e-02
3.756179288029670715e-02
4.845415055751800537e-02
4.349010437726974487e-02
3.654705733060836792e-02
3.989632427692413330e-02
4.409263283014297485e-02
3.691209107637405396e-02
3.884997218847274780e-02
4.254915937781333923e-02
4.317206889390945435e-02
3.932852670550346375e-02
3.382984176278114319e-02
3.535854071378707886e-02
4.125224798917770386e-02
3.821577504277229309e-02
4.138907045125961304e-02
4.512315616011619568e-02
4.245020449161529541e-02
4.102097451686859131e-02
3.555959835648536682e-02
4.854439571499824524e-02
3.645454719662666321e-02
5.437973514199256897e-02
4.671347886323928833e-02
4.388098046183586121e-02
4.474325105547904968e-02
4.032173007726669312e-02
3.994947299361228943e-02
4.691736400127410889e-02
4.290853813290596008e-02
4.368502274155616760e-02
3.937588259577751160e-02
4.145724698901176453e-02
3.632207214832305908e-02
4.229829460382461548e-02
3.852667659521102905e-02
4.396933689713478088e-02
4.043791443109512329e-02
4.261437430977821350e-02
3.863553702831268311e-02
3.666948899626731873e-02
4.065743088722229004e-02
4.027865454554557800e-02
6.232097372412681580e-02
5.733006075024604797e-02
4.550026729702949524e-02
4.477344453334808350e-02
4.371763765811920166e-02
4.090993106365203857e-02
4.532870277762413025e-02
4.651715233922004700e-02
4.475230723619461060e-02
4.168005660176277161e-02
4.294428601861000061e-02
4.537587985396385193e-02
3.974463045597076416e-02
3.858457878232002258e-02
4.061550647020339966e-02
4.268920421600341797e-02
4.366380348801612854e-02
4.090786725282669067e-02
4.128481447696685791e-02
4.102591052651405334e-02
4.316930100321769714e-02
4.129934310913085938e-02
4.309777170419692993e-02
3.858722373843193054e-02
3.888704255223274231e-02
4.282367601990699768e-02
4.559016972780227661e-02
4.994090646505355835e-02
4.614601284265518188e-02
4.298474639654159546e-02
4.546773433685302734e-02
4.280488938093185425e-02
4.243340343236923218e-02
3.811464458703994751e-02
3.944031521677970886e-02
3.851854428648948669e-02
4.472388327121734619e-02
4.321851208806037903e-02
4.048860445618629456e-02
4.850457236170768738e-02
3.930689394474029541e-02
4.255056008696556091e-02
4.235820099711418152e-02
4.352628812193870544e-02
4.131638258695602417e-02
4.246317595243453979e-02
4.491461813449859619e-02
4.159213602542877197e-02
4.234371706843376160e-02
4.040370881557464600e-02
3.872096538543701172e-02
3.947791457176208496e-02
4.190520942211151123e-02
4.599116370081901550e-02
4.016156867146492004e-02
4.403898492455482483e-02
4.389801621437072754e-02
4.267361387610435486e-02
4.335526749491691589e-02
4.298176243901252747e-02
4.486472904682159424e-02
3.996072709560394287e-02
4.088848456740379333e-02
4.100771993398666382e-02
4.366926476359367371e-02
4.276020824909210205e-02
4.627810791134834290e-02
4.031447321176528931e-02
4.375240579247474670e-02
4.250575229525566101e-02
4.413235932588577271e-02
4.113493114709854126e-02
4.251732304692268372e-02
3.919255360960960388e-02
4.488871619105339050e-02
4.354988411068916321e-02
3.969967365264892578e-02
4.620077461004257202e-02
4.288079589605331421e-02
3.994376957416534424e-02
3.932803869247436523e-02
4.522325843572616577e-02
4.034022986888885498e-02
4.113117232918739319e-02
3.884394466876983643e-02
4.711839184165000916e-02
4.312937706708908081e-02
3.930433094501495361e-02
4.151778668165206909e-02
3.588635101914405823e-02
4.081657901406288147e-02
4.161629080772399902e-02
4.260247945785522461e-02
3.821999207139015198e-02
3.728838264942169189e-02
3.748454898595809937e-02
4.384743049740791321e-02
3.576955199241638184e-02
4.412118718028068542e-02
4.139726981520652771e-02
4.904780909419059753e-02
4.116890206933021545e-02
3.857620060443878174e-02
3.930787742137908936e-02
4.372530058026313782e-02
3.977610170841217041e-02
4.142512753605842590e-02
4.202049970626831055e-02
4.213882610201835632e-02
5.173268541693687439e-02
3.984625265002250671e-02
4.001144319772720337e-02
4.222355410456657410e-02
3.915852680802345276e-02
3.973149135708808899e-02
4.159181565046310425e-02
4.070711880922317505e-02
4.660093784332275391e-02
4.220717772841453552e-02
3.918090462684631348e-02
4.786722362041473389e-02
3.834926709532737732e-02
3.814105689525604248e-02
4.214139282703399658e-02
3.902543708682060242e-02
3.899949416518211365e-02
3.703062608838081360e-02
3.994901850819587708e-02
4.513039067387580872e-02
4.044506698846817017e-02
4.657340049743652344e-02
4.505067318677902222e-02
4.204805940389633179e-02
4.553068801760673523e-02
4.655160009860992432e-02
4.497800394892692566e-02
4.312413930892944336e-02
4.925148561596870422e-02
4.015732184052467346e-02
4.192230477929115295e-02
4.158372431993484497e-02
4.110467806458473206e-02
4.638556391000747681e-02
4.065318033099174500e-02
4.005947709083557129e-02
4.331390559673309326e-02
5.289948359131813049e-02
3.893680125474929810e-02
4.368470609188079834e-02
4.490939900279045105e-02
4.162387549877166748e-02
4.196158424019813538e-02
4.231545701622962952e-02
4.063896834850311279e-02
4.183079302310943604e-02
4.004389047622680664e-02
4.962956532835960388e-02
5.019918084144592285e-02
4.561032354831695557e-02
4.250297695398330688e-02
4.926594346761703491e-02
3.920799493789672852e-02
4.387624934315681458e-02
4.527894780039787292e-02
4.106663540005683899e-02
4.278377816081047058e-02
4.014400392770767212e-02
4.463561251759529114e-02
4.342210665345191956e-02
4.400674998760223389e-02
4.021308198571205139e-02
4.034572094678878784e-02
4.463212564587593079e-02
4.597626999020576477e-02
4.693466797471046448e-02
4.232127964496612549e-02
4.055388644337654114e-02
4.206230491399765015e-02
4.150081798434257507e-02
4.057771340012550354e-02
4.412030428647994995e-02
4.159568250179290771e-02
4.134988784790039062e-02
4.229814931750297546e-02
4.547693580389022827e-02
4.034797847270965576e-02
3.946413099765777588e-02
3.879836946725845337e-02
4.311488568782806396e-02
4.255261272192001343e-02
3.944105654954910278e-02
3.838378936052322388e-02
3.802371025085449219e-02
3.762611374258995056e-02
4.295784980058670044e-02
4.006569087505340576e-02
4.294551163911819458e-02
4.321151226758956909e-02
4.091601446270942688e-02
3.939082846045494080e-02
4.157958552241325378e-02
4.292108491063117981e-02
3.983952850103378296e-02
3.976216167211532593e-02
4.374241828918457031e-02
4.404181241989135742e-02
4.193403199315071106e-02
4.483068734407424927e-02
4.242806136608123779e-02
4.298800602555274963e-02
4.302377253770828247e-02
4.264260083436965942e-02
4.083072766661643982e-02
3.977036103606224060e-02
4.455161839723587036e-02
4.294994473457336426e-02
3.921946883201599121e-02
3.883109986782073975e-02
3.938404470682144165e-02
4.044692963361740112e-02
5.048943310976028442e-02
3.794423118233680725e-02
4.731041193008422852e-02
4.179627448320388794e-02
4.069253802299499512e-02
4.328811168670654297e-02
3.738702088594436646e-02
3.967801481485366821e-02
4.663767665624618530e-02
4.431675001978874207e-02
4.430343210697174072e-02
5.953026935458183289e-02
4.303863272070884705e-02
3.976340964436531067e-02
4.228843003511428833e-02
4.103960841894149780e-02
3.865907341241836548e-02
3.866770863533020020e-02
3.936244547367095947e-02
4.183683916926383972e-02
4.116935655474662781e-02
3.827971220016479492e-02
4.214301705360412598e-02
4.051335528492927551e-02
3.833911567926406860e-02
4.101543501019477844e-02
3.843947872519493103e-02
3.888303041458129883e-02
4.375576972961425781e-02
3.970917314291000366e-02
4.312635585665702820e-02
3.990861773490905762e-02
3.889865428209304810e-02
4.316391795873641968e-02
5.536982789635658264e-02
4.699940606951713562e-02
3.927906975150108337e-02
4.243149608373641968e-02
5.310550704598426819e-02
4.549134895205497742e-02
4.247185587882995605e-02
4.220590740442276001e-02
3.853238746523857117e-02
4.160848632454872131e-02
3.833140805363655090e-02
3.983456641435623169e-02
4.134519770741462708e-02
3.944225236773490906e-02
4.234651103615760803e-02
4.084643349051475525e-02
3.865486755967140198e-02
5.198951810598373413e-02
5.231062322854995728e-02
4.801363125443458557e-02
4.884058237075805664e-02
5.097953230142593384e-02
5.221567302942276001e-02
4.930044338107109070e-02
4.550128802657127380e-02
4.110321775078773499e-02
4.497704654932022095e-02
4.815960675477981567e-02
4.420705139636993408e-02
4.833213612437248230e-02
4.653479903936386108e-02
4.685959219932556152e-02
4.361118376255035400e-02
4.399381950497627258e-02
4.501819983124732971e-02
4.811345413327217102e-02
4.219035431742668152e-02
4.391945526003837585e-02
3.936463966965675354e-02
4.521454498171806335e-02
4.351766034960746765e-02
4.590358585119247437e-02
4.262672364711761475e-02
4.193892702460289001e-02
4.240080714225769043e-02
4.097625240683555603e-02
4.658914729952812195e-02
4.573496058583259583e-02
4.899230226874351501e-02
4.358019307255744934e-02
4.182219505310058594e-02
4.207868501543998718e-02
4.221225529909133911e-02
4.256918653845787048e-02
4.210609942674636841e-02
4.130228608846664429e-02
4.419822245836257935e-02
4.132384061813354492e-02
4.181868582963943481e-02
3.951069340109825134e-02
4.075051844120025635e-02
4.464364424347877502e-02
4.036196693778038025e-02
3.843448311090469360e-02
4.142934828996658325e-02
4.521819576621055603e-02
4.155271872878074646e-02
4.025033861398696899e-02
4.641513526439666748e-02
3.901892155408859253e-02
3.936620429158210754e-02
4.207381978631019592e-02
4.031530767679214478e-02
4.343019425868988037e-02
4.276015982031822205e-02
4.340613633394241333e-02
4.623783007264137268e-02
4.768979176878929138e-02
4.555450379848480225e-02
4.201079159975051880e-02
4.181306064128875732e-02
4.600179195404052734e-02
4.650261625647544861e-02
4.545134678483009338e-02
4.732495918869972229e-02
4.141638427972793579e-02
3.835593163967132568e-02
4.594802483916282654e-02
4.179123416543006897e-02
4.367164894938468933e-02
4.369390383362770081e-02
3.876509517431259155e-02
4.183292761445045471e-02
4.494473710656166077e-02
4.133448749780654907e-02
4.578332602977752686e-02
3.893505409359931946e-02
4.211564734578132629e-02
3.879676759243011475e-02
3.998520225286483765e-02
4.069650545716285706e-02
4.358408227562904358e-02
4.038425907492637634e-02
4.437032341957092285e-02
4.054806753993034363e-02
3.927486389875411987e-02
4.261823743581771851e-02
4.796621575951576233e-02
4.777307063341140747e-02
4.469775408506393433e-02
3.919803723692893982e-02
4.170598834753036499e-02
4.663457721471786499e-02
4.355899617075920105e-02
3.800968080759048462e-02
4.059813171625137329e-02
4.077281057834625244e-02
3.841659054160118103e-02
4.594232141971588135e-02
4.202772304415702820e-02
4.049839079380035400e-02
4.102754592895507812e-02
4.159068316221237183e-02
4.312761873006820679e-02
4.140155017375946045e-02
4.142628982663154602e-02
3.814719989895820618e-02
3.725098073482513428e-02
4.619977250695228577e-02
4.237204417586326599e-02
4.967781901359558105e-02
4.296636953949928284e-02
4.438931122422218323e-02
4.581910371780395508e-02
4.527798667550086975e-02
3.823025524616241455e-02
4.119195044040679932e-02
4.078195616602897644e-02
4.718383774161338806e-02
4.262125492095947266e-02
4.175489023327827454e-02
3.987855091691017151e-02
4.019657149910926819e-02
4.233368486166000366e-02
4.080713912844657898e-02
3.760305419564247131e-02
3.713286295533180237e-02
3.815420344471931458e-02
3.977259621024131775e-02
4.540116712450981140e-02
4.505557939410209656e-02
4.454124718904495239e-02
4.069426283240318298e-02
4.559226706624031067e-02
4.206186905503273010e-02
4.330414533615112305e-02
4.029386490583419800e-02
3.796932473778724670e-02
4.148317873477935791e-02
3.547197207808494568e-02
4.488991573452949524e-02
5.266981199383735657e-02
4.451699554920196533e-02
4.057173803448677063e-02
3.868556022644042969e-02
3.940664976835250854e-02
3.867501765489578247e-02
4.240684956312179565e-02
4.405402392148971558e-02
4.307032376527786255e-02
4.438578709959983826e-02
4.764010757207870483e-02
4.239193722605705261e-02
4.022552818059921265e-02
3.910480439662933350e-02
4.074400663375854492e-02
3.968060389161109924e-02
4.106673970818519592e-02
4.009226337075233459e-02
3.638327121734619141e-02
4.036900401115417480e-02
4.534834995865821838e-02
3.656855598092079163e-02
3.781674429774284363e-02
3.813893347978591919e-02
3.587654232978820801e-02
4.442427679896354675e-02
4.396321997046470642e-02
4.040614143013954163e-02
4.966837167739868164e-02
3.739944845438003540e-02
3.958825394511222839e-02
3.565014898777008057e-02
4.193576797842979431e-02
3.711323067545890808e-02
3.947025164961814880e-02
4.065335169434547424e-02
3.873183950781822205e-02
3.870203346014022827e-02
3.812276199460029602e-02
4.054685682058334351e-02
5.647797882556915283e-02
4.032092541456222534e-02
3.810254111886024475e-02
4.383991286158561707e-02
4.301842302083969116e-02
3.900125622749328613e-02
3.688286244869232178e-02
4.330350458621978760e-02
3.839844092726707458e-02
4.176343604922294617e-02
4.117592424154281616e-02
3.858090192079544067e-02
3.885819017887115479e-02
3.711315244436264038e-02
3.982058167457580566e-02
3.818239644169807434e-02
5.465545132756233215e-02
4.642429202795028687e-02
3.964871540665626526e-02
3.963641822338104248e-02
3.802954405546188354e-02
3.938476368784904480e-02
3.484157100319862366e-02
4.270741716027259827e-02
3.770632296800613403e-02
4.058926925063133240e-02
4.286991059780120850e-02
4.343099892139434814e-02
4.157107323408126831e-02
4.113837331533432007e-02
3.919367119669914246e-02
3.797834739089012146e-02
3.943547978997230530e-02
4.416929557919502258e-02
3.974730893969535828e-02
4.214043915271759033e-02
4.682972654700279236e-02
3.511342033743858337e-02
4.098621755838394165e-02
4.034522920846939087e-02
3.951017186045646667e-02
3.872104734182357788e-02
4.168668389320373535e-02
4.224918782711029053e-02
3.973726928234100342e-02
3.795244172215461731e-02
3.898940980434417725e-02
3.761527687311172485e-02
3.732125833630561829e-02
3.575105220079421997e-02
3.944773972034454346e-02
4.092323035001754761e-02
3.839731588959693909e-02
4.075700789690017700e-02
3.524104878306388855e-02
3.816309943795204163e-02
4.751949384808540344e-02
3.841023892164230347e-02
3.768166527152061462e-02
3.758437931537628174e-02
4.033584147691726685e-02
4.042980819940567017e-02
3.927081823348999023e-02
4.016487300395965576e-02
3.798631951212882996e-02
3.984441235661506653e-02
3.935091942548751831e-02
3.796783462166786194e-02
3.803097829222679138e-02
4.114852845668792725e-02
3.886781260371208191e-02
4.214034602046012878e-02
3.989030793309211731e-02
4.114154726266860962e-02
4.380203410983085632e-02
4.109703749418258667e-02
3.714844956994056702e-02
3.641799837350845337e-02
3.906922787427902222e-02
3.756756708025932312e-02
3.661121055483818054e-02
3.988334164023399353e-02
4.050574824213981628e-02
3.587459772825241089e-02
3.651952743530273438e-02
3.699214011430740356e-02
3.820456936955451965e-02
3.779549151659011841e-02
4.578106850385665894e-02
3.963496908545494080e-02
3.756671398878097534e-02
3.620157390832901001e-02
3.983367606997489929e-02
4.277906939387321472e-02
3.670764341950416565e-02
3.583955764770507812e-02
3.407916426658630371e-02
3.466281294822692871e-02
4.017506539821624756e-02
3.681631386280059814e-02
3.860302641987800598e-02
3.590806201100349426e-02
3.513583168387413025e-02
3.944769501686096191e-02
4.220751300454139709e-02
3.478163853287696838e-02
3.687826916575431824e-02
3.762129694223403931e-02
3.834355622529983521e-02
4.132393375039100647e-02
3.881275653839111328e-02
3.810883313417434692e-02
4.291695728898048401e-02
4.120219126343727112e-02
3.962399065494537354e-02
4.308198764920234680e-02
3.768903762102127075e-02
3.624953329563140869e-02
3.965568915009498596e-02
3.917546570301055908e-02
3.963300213217735291e-02
3.773428499698638916e-02
3.767308592796325684e-02
3.629808500409126282e-02
3.618467226624488831e-02
4.139285162091255188e-02
3.607310727238655090e-02
3.785272687673568726e-02
3.527373075485229492e-02
3.895327076315879822e-02
4.148877039551734924e-02
3.675762191414833069e-02
3.924339264631271362e-02
3.612153977155685425e-02
3.805589675903320312e-02
4.323705658316612244e-02
3.929990530014038086e-02
3.584183752536773682e-02
3.421377390623092651e-02
3.883462771773338318e-02
3.779618442058563232e-02
3.795430809259414673e-02
4.071897268295288086e-02
3.649872541427612305e-02
3.851823136210441589e-02
3.727449476718902588e-02
3.838930279016494751e-02
3.604831919074058533e-02
3.765700757503509521e-02
4.181868582963943481e-02
4.515294358134269714e-02
3.874863311648368835e-02
3.729283809661865234e-02
3.665681183338165283e-02
3.984163329005241394e-02
4.254408553242683411e-02
4.063496738672256470e-02
3.995067253708839417e-02
3.597698733210563660e-02
3.947203978896141052e-02
3.760922327637672424e-02
3.988346830010414124e-02
3.867232799530029297e-02
3.647796809673309326e-02
3.812133520841598511e-02
3.887193277478218079e-02
3.727127611637115479e-02
3.633481264114379883e-02
4.268836230039596558e-02
3.685520589351654053e-02
3.475837782025337219e-02
3.981154784560203552e-02
3.957484662532806396e-02
4.231014475226402283e-02
4.014153406023979187e-02
3.754566609859466553e-02
3.894954174757003784e-02
3.765318915247917175e-02
3.519136831164360046e-02
3.618936613202095032e-02
3.532533720135688782e-02
3.980651125311851501e-02
3.944927453994750977e-02
3.663368150591850281e-02
3.540617600083351135e-02
3.648792579770088196e-02
3.806009516119956970e-02
3.750111907720565796e-02
3.674904257059097290e-02
3.587210550904273987e-02
3.658431023359298706e-02
4.190396517515182495e-02
3.741008415818214417e-02
4.510769620537757874e-02
3.865093737840652466e-02
3.555817157030105591e-02
3.866639733314514160e-02
3.814091533422470093e-02
3.730214014649391174e-02
4.008737206459045410e-02
4.105715826153755188e-02
3.945554792881011963e-02
3.906232863664627075e-02
3.554877638816833496e-02
3.788791969418525696e-02
3.946189209818840027e-02
3.899173438549041748e-02
4.025651887059211731e-02
3.750995919108390808e-02
3.283786401152610779e-02
3.704231604933738708e-02
3.817506507039070129e-02
3.889953345060348511e-02
3.507585823535919189e-02
3.674809262156486511e-02
4.088547080755233765e-02
3.566955775022506714e-02
3.489088267087936401e-02
3.906885161995887756e-02
4.761441051959991455e-02
3.685185313224792480e-02
3.667829185724258423e-02
3.863333910703659058e-02
3.485359996557235718e-02
3.566697612404823303e-02
3.767874091863632202e-02
3.831388428807258606e-02
3.805531561374664307e-02
4.104265943169593811e-02
4.511148855090141296e-02
3.808693587779998779e-02
3.587708622217178345e-02
3.591115772724151611e-02
3.761045262217521667e-02
4.172178357839584351e-02
4.111129418015480042e-02
3.805342689156532288e-02
3.776883706450462341e-02
3.592891991138458252e-02
3.606206923723220825e-02
3.520949184894561768e-02
3.743444383144378662e-02
3.958412632346153259e-02
3.950785845518112183e-02
3.509114310145378113e-02
3.432749584317207336e-02
3.477654606103897095e-02
4.322214424610137939e-02
4.018260911107063293e-02
3.443768993020057678e-02
3.758362680673599243e-02
4.003411158919334412e-02
3.553741052746772766e-02
3.744235634803771973e-02
3.708632290363311768e-02
3.784484788775444031e-02
3.679396584630012512e-02
3.571798279881477356e-02
3.949367627501487732e-02
3.564853593707084656e-02
3.507984429597854614e-02
3.719481080770492554e-02
3.328604996204376221e-02
4.005020111799240112e-02
3.533964231610298157e-02
3.642042726278305054e-02
3.775128722190856934e-02
3.402039036154747009e-02
3.329811617732048035e-02
3.424321860074996948e-02
3.995017707347869873e-02
3.845246881246566772e-02
3.690168261528015137e-02
3.538469225168228149e-02
3.727874159812927246e-02
3.834762424230575562e-02
3.527723252773284912e-02
4.035328328609466553e-02
4.060092940926551819e-02
4.077233374118804932e-02
4.394397884607315063e-02
3.969515115022659302e-02
3.603975102305412292e-02
3.396386280655860901e-02
3.505659103393554688e-02
3.406703099608421326e-02
3.344925120472908020e-02
3.500830382108688354e-02
3.771291673183441162e-02
3.806665167212486267e-02
3.396907076239585876e-02
3.747739642858505249e-02
3.915100917220115662e-02
3.617765381932258606e-02
4.107965528964996338e-02
3.637298569083213806e-02
3.971888497471809387e-02
3.445676341652870178e-02
4.066269472241401672e-02
3.806859627366065979e-02
3.965798392891883850e-02
3.457129374146461487e-02
3.425907343626022339e-02
3.699742630124092102e-02
3.870631754398345947e-02
3.593004494905471802e-02
3.680984303355216980e-02
3.447820618748664856e-02
3.720773383975028992e-02
3.650625795125961304e-02
3.428008407354354858e-02
5.185214430093765259e-02
4.285435378551483154e-02
3.895042091608047485e-02
3.590573742985725403e-02
3.606573492288589478e-02
3.593594208359718323e-02
3.762884065508842468e-02
3.540294244885444641e-02
3.578825294971466064e-02
3.594847396016120911e-02
3.601258248090744019e-02
4.019000753760337830e-02
3.574172779917716980e-02
3.698135912418365479e-02
3.932382911443710327e-02
3.378273919224739075e-02
3.492169827222824097e-02
3.591899201273918152e-02
3.460563346743583679e-02
3.955904766917228699e-02
3.429999947547912598e-02
3.548668324947357178e-02
3.782562166452407837e-02
4.079948365688323975e-02
3.569966554641723633e-02
3.387245163321495056e-02
3.281818702816963196e-02
3.779384121298789978e-02
3.932652994990348816e-02
3.883953392505645752e-02
3.330027312040328979e-02
3.566742315888404846e-02
3.581241518259048462e-02
3.597217798233032227e-02
3.664579987525939941e-02
3.270329162478446960e-02
3.502207994461059570e-02
3.908533230423927307e-02
3.906634449958801270e-02
3.654890879988670349e-02
3.437405452132225037e-02
4.005458950996398926e-02
3.576286882162094116e-02
3.620976582169532776e-02
3.575430437922477722e-02
3.706410154700279236e-02
3.839316591620445251e-02
3.262865543365478516e-02
3.217345476150512695e-02
3.445072472095489502e-02
3.397006168961524963e-02
3.470290452241897583e-02
3.484838455915451050e-02
3.843058645725250244e-02
3.700399771332740784e-02
3.289810195565223694e-02
3.421665728092193604e-02
3.733424097299575806e-02
3.808971494436264038e-02
3.227172419428825378e-02
3.347785398364067078e-02
3.900144621729850769e-02
3.226020932197570801e-02
3.362497687339782715e-02
4.024749621748924255e-02
4.130713641643524170e-02
4.004539176821708679e-02
3.774527087807655334e-02
3.949612751603126526e-02
4.843128472566604614e-02
4.598647356033325195e-02
3.819412738084793091e-02
3.699533268809318542e-02
3.634117543697357178e-02
3.691095113754272461e-02
3.646381571888923645e-02
3.684243559837341309e-02
4.104952141642570496e-02
3.985909745097160339e-02
3.749289736151695251e-02
3.623814135789871216e-02
3.523274511098861694e-02
3.941218927502632141e-02
3.604391589760780334e-02
3.513699024915695190e-02
3.472299501299858093e-02
3.727279230952262878e-02
3.697577863931655884e-02
3.544531017541885376e-02
3.342899307608604431e-02
3.176651149988174438e-02
3.857553005218505859e-02
4.110057279467582703e-02
3.589869290590286255e-02
3.746933117508888245e-02
3.572856262326240540e-02
4.190832749009132385e-02
3.433377295732498169e-02
3.680963069200515747e-02
3.419666364789009094e-02
3.260865062475204468e-02
3.326104953885078430e-02
3.494783490896224976e-02
4.173178970813751221e-02
3.359048068523406982e-02
3.350674733519554138e-02
3.601738065481185913e-02
3.479886800050735474e-02
3.338405862450599670e-02
3.940259665250778198e-02
3.410795331001281738e-02
3.992521017789840698e-02
3.570916876196861267e-02
3.418467566370964050e-02
3.952071815729141235e-02
3.753521665930747986e-02
3.710301592946052551e-02
3.973561897873878479e-02
4.028862342238426208e-02
3.506447747349739075e-02
3.883456811308860779e-02
3.637898340821266174e-02
3.621516749262809753e-02
3.647571802139282227e-02
3.835151717066764832e-02
3.412353992462158203e-02
3.510969877243041992e-02
4.192033410072326660e-02
3.773219883441925049e-02
3.460967168211936951e-02
3.677428513765335083e-02
3.533959761261940002e-02
3.600251674652099609e-02
4.035504907369613647e-02
3.273568302392959595e-02
3.676053509116172791e-02
3.380450233817100525e-02
3.362606093287467957e-02
3.498284891247749329e-02
3.485520184040069580e-02
3.613747656345367432e-02
3.649553656578063965e-02
3.517951816320419312e-02
3.496514633297920227e-02
3.544576838612556458e-02
3.266445174813270569e-02
4.013764485716819763e-02
3.164223954081535339e-02
3.309510648250579834e-02
3.636109083890914917e-02
3.460336849093437195e-02
3.110447712242603302e-02
3.457705304026603699e-02
5.076986178755760193e-02
5.247357115149497986e-02
3.497653082013130188e-02
3.603534027934074402e-02
3.565572574734687805e-02
3.933702781796455383e-02
3.765108808875083923e-02
3.449241444468498230e-02
3.348714113235473633e-02
3.338108956813812256e-02
3.743408247828483582e-02
3.256321325898170471e-02
3.499612957239151001e-02
3.619946911931037903e-02
3.725329414010047913e-02
3.397820517420768738e-02
3.687691688537597656e-02
3.618194535374641418e-02
3.975788131356239319e-02
4.649285972118377686e-02
4.521880671381950378e-02
4.558267444372177124e-02
4.147447645664215088e-02
3.591259941458702087e-02
3.721507638692855835e-02
3.728084266185760498e-02
3.352018818259239197e-02
3.729445859789848328e-02
3.568968921899795532e-02
3.709480166435241699e-02
3.564840182662010193e-02
3.610967099666595459e-02
3.521078452467918396e-02
3.475866094231605530e-02
3.527775779366493225e-02
3.598678112030029297e-02
3.503213822841644287e-02
3.571923449635505676e-02
3.738168627023696899e-02
4.277303814888000488e-02
3.141397610306739807e-02
3.768115863204002380e-02
3.745821863412857056e-02
3.660109639167785645e-02
3.062110953032970428e-02
3.157161548733711243e-02
3.326787427067756653e-02
3.915987163782119751e-02
3.374609351158142090e-02
3.474165871739387512e-02
4.386728629469871521e-02
3.463728353381156921e-02
3.300090879201889038e-02
3.340017795562744141e-02
3.227378800511360168e-02
3.317758440971374512e-02
3.757757693529129028e-02
3.717774525284767151e-02
3.174274787306785583e-02
4.025262966752052307e-02
3.317767381668090820e-02
3.406431153416633606e-02
3.250629827380180359e-02
3.338299319148063660e-02
3.362704440951347351e-02
3.578375279903411865e-02
3.298388421535491943e-02
3.295224532485008240e-02
3.894581273198127747e-02
3.370797634124755859e-02
3.305794298648834229e-02
3.441995009779930115e-02
3.608512878417968750e-02
3.515107184648513794e-02
3.453435376286506653e-02
3.504534810781478882e-02
4.326223954558372498e-02
4.041940346360206604e-02
3.810866177082061768e-02
3.715188056230545044e-02
3.525090962648391724e-02
3.520081564784049988e-02
3.328906744718551636e-02
3.386037424206733704e-02
3.348998352885246277e-02
3.087609633803367615e-02
4.331109672784805298e-02
3.818534314632415771e-02
3.190942853689193726e-02
3.403193503618240356e-02
3.902412950992584229e-02
3.289836645126342773e-02
4.122560471296310425e-02
4.256946593523025513e-02
3.392980620265007019e-02
3.392677009105682373e-02
3.542784601449966431e-02
3.281344845890998840e-02
3.953916206955909729e-02
3.600663691759109497e-02
3.448058664798736572e-02
3.782812133431434631e-02
3.449124097824096680e-02
3.325979411602020264e-02
3.477693721652030945e-02
3.635176643729209900e-02
3.645668923854827881e-02
3.778291866183280945e-02
3.761256113648414612e-02
3.398839011788368225e-02
3.420532122254371643e-02
3.160595893859863281e-02
3.448787331581115723e-02
4.229486733675003052e-02
3.330436721444129944e-02
3.687967360019683838e-02
3.837013244628906250e-02
3.595953062176704407e-02
3.752163425087928772e-02
3.192414715886116028e-02
3.821977600455284119e-02
3.449404239654541016e-02
3.437109664082527161e-02
3.827507793903350830e-02
4.230396822094917297e-02
4.070932790637016296e-02
3.769671171903610229e-02
3.717052936553955078e-02
3.446113318204879761e-02
4.376630112528800964e-02
5.338854342699050903e-02
3.491353243589401245e-02
3.473599627614021301e-02
3.591955453157424927e-02
3.094215504825115204e-02
3.668501973152160645e-02
3.214306756854057312e-02
3.483689948916435242e-02
3.799734264612197876e-02
3.442056849598884583e-02
3.879753872752189636e-02
3.550781309604644775e-02
3.289944306015968323e-02
3.324394673109054565e-02
3.241833299398422241e-02
3.983385115861892700e-02
3.726527094841003418e-02
3.326060250401496887e-02
3.390945494174957275e-02
3.024696372449398041e-02
3.465095907449722290e-02
3.373276814818382263e-02
3.674213960766792297e-02
3.491235151886940002e-02
3.442834690213203430e-02
3.633041679859161377e-02
3.592005372047424316e-02
3.286245837807655334e-02
3.264404833316802979e-02
3.914891928434371948e-02
3.397095948457717896e-02
3.871541842818260193e-02
3.307856246829032898e-02
3.484737128019332886e-02
3.613266348838806152e-02
3.345807269215583801e-02
3.060565888881683350e-02
3.205477446317672729e-02
3.215725719928741455e-02
3.609579056501388550e-02
3.266857191920280457e-02
4.252656176686286926e-02
3.494317457079887390e-02
3.508849442005157471e-02
3.652145341038703918e-02
3.078563697636127472e-02
3.341224789619445801e-02
3.818985447287559509e-02
3.314846754074096680e-02
3.542680293321609497e-02
3.557564318180084229e-02
3.509746491909027100e-02
3.311743587255477905e-02
3.296752274036407471e-02
3.017675131559371948e-02
3.580769523978233337e-02
3.059638850390911102e-02
3.603549674153327942e-02
3.237594291567802429e-02
3.219949454069137573e-02
3.363133221864700317e-02
3.581755235791206360e-02
3.512423485517501831e-02
3.944477811455726624e-02
3.170915693044662476e-02
3.053146973252296448e-02
3.099847398698329926e-02
3.145574033260345459e-02
3.454140573740005493e-02
3.267515078186988831e-02
3.490586951375007629e-02
3.538880497217178345e-02
3.261886909604072571e-02
3.648678213357925415e-02
4.099145159125328064e-02
4.715099558234214783e-02
4.100269079208374023e-02
3.774942457675933838e-02
3.535297885537147522e-02
3.712904825806617737e-02
3.545697033405303955e-02
3.737097233533859253e-02
3.729115054011344910e-02
3.530146926641464233e-02
3.901597484946250916e-02
3.876932710409164429e-02
3.703197836875915527e-02
3.423562273383140564e-02
3.366223722696304321e-02
3.945328667759895325e-02
3.551191836595535278e-02
4.539908468723297119e-02
4.196931049227714539e-02
4.242466017603874207e-02
3.486578911542892456e-02
3.318028524518013000e-02
3.597631677985191345e-02
3.338541835546493530e-02
3.502757102251052856e-02
3.544392064213752747e-02
3.661634027957916260e-02
3.713532909750938416e-02
3.602471202611923218e-02
3.764143958687782288e-02
3.615239635109901428e-02
4.533278569579124451e-02
4.116632044315338135e-02
4.065800830721855164e-02
3.577376157045364380e-02
3.883845731616020203e-02
4.251262173056602478e-02
4.073229804635047913e-02
4.036532342433929443e-02
3.377131745219230652e-02
3.660775348544120789e-02
3.889819607138633728e-02
3.675928339362144470e-02
3.322662040591239929e-02
3.932491689920425415e-02
3.677666932344436646e-02
4.053963348269462585e-02
3.588513657450675964e-02
3.335438668727874756e-02
3.441973403096199036e-02
3.681660816073417664e-02
3.999059274792671204e-02
3.310798853635787964e-02
3.248750045895576477e-02
3.721010312438011169e-02
3.237810730934143066e-02
3.687139973044395447e-02
4.024952277541160583e-02
3.882851451635360718e-02
3.758265078067779541e-02
3.210888803005218506e-02
2.979831770062446594e-02
3.136464580893516541e-02
3.616772592067718506e-02
3.485403209924697876e-02
3.201492503285408020e-02
3.342057019472122192e-02
3.399603441357612610e-02
3.477802872657775879e-02
3.161149471998214722e-02
3.199852630496025085e-02
3.609629347920417786e-02
3.548792004585266113e-02
3.269023820757865906e-02
3.362777456641197205e-02
3.410451486706733704e-02
3.473942726850509644e-02
2.929835021495819092e-02
3.403670340776443481e-02
3.514026477932929993e-02
3.184699639678001404e-02
3.530194982886314392e-02
3.275281935930252075e-02
3.669614717364311218e-02
3.332267329096794128e-02
3.405048325657844543e-02
3.739766404032707214e-02
3.601939231157302856e-02
3.663983568549156189e-02
3.608273714780807495e-02
3.604664281010627747e-02
4.088984429836273193e-02
3.625581413507461548e-02
3.215203434228897095e-02
3.490839898586273193e-02
3.456635400652885437e-02
3.250923007726669312e-02
3.776660189032554626e-02
3.464350476861000061e-02
3.333394229412078857e-02
3.230517357587814331e-02
3.442624583840370178e-02
3.683331981301307678e-02
3.517055884003639221e-02
3.969316557049751282e-02
4.121814295649528503e-02
3.616243973374366760e-02
3.751280158758163452e-02
3.555883467197418213e-02
3.965787962079048157e-02
3.573402017354965210e-02
3.512509167194366455e-02
3.145186603069305420e-02
3.577769175171852112e-02
3.756181523203849792e-02
4.024502635002136230e-02
3.685150295495986938e-02
3.441053628921508789e-02
3.547396883368492126e-02
3.399274498224258423e-02
3.301400691270828247e-02
3.601884096860885620e-02
3.566839173436164856e-02
3.831572830677032471e-02
3.338470682501792908e-02
3.368283435702323914e-02
3.547037392854690552e-02
3.682786598801612854e-02
3.669361770153045654e-02
3.542488813400268555e-02
4.345083981752395630e-02
3.363114967942237854e-02
3.346421569585800171e-02
3.515922650694847107e-02
3.169951587915420532e-02
2.988907508552074432e-02
3.499544411897659302e-02
3.178145736455917358e-02
3.772139549255371094e-02
3.495287895202636719e-02
3.394712135195732117e-02
3.459642454981803894e-02
3.102598525583744049e-02
3.761692717671394348e-02
3.537884354591369629e-02
3.243070468306541443e-02
3.173505887389183044e-02
3.870132565498352051e-02
3.654164075851440430e-02
3.589726611971855164e-02
3.554650023579597473e-02
3.739422559738159180e-02
3.770863264799118042e-02
3.842795267701148987e-02
3.388990089297294617e-02
3.436208888888359070e-02
3.738510236144065857e-02
3.652646020054817200e-02
3.392434120178222656e-02
3.578244149684906006e-02
3.669090196490287781e-02
3.208599239587783813e-02
3.201949968934059143e-02
3.097621537744998932e-02
2.984705939888954163e-02
3.396843746304512024e-02
3.618163242936134338e-02
3.425044566392898560e-02
3.498152643442153931e-02
3.411914035677909851e-02
3.246768936514854431e-02
3.248962014913558960e-02
3.112200088798999786e-02
4.019974917173385620e-02
3.657212108373641968e-02
3.349847346544265747e-02
3.621367737650871277e-02
3.212728351354598999e-02
3.267010301351547241e-02
3.396612033247947693e-02
3.277004882693290710e-02
3.774746134877204895e-02
3.638454154133796692e-02
3.339837118983268738e-02
3.898959234356880188e-02
3.787146136164665222e-02
3.274163976311683655e-02
3.435019776225090027e-02
3.371315449476242065e-02
3.309534862637519836e-02
3.165008500218391418e-02
3.253807872533798218e-02
3.316353633999824524e-02
3.234155848622322083e-02
3.322184458374977112e-02
3.123988769948482513e-02
3.636036813259124756e-02
3.486248850822448730e-02
3.043436259031295776e-02
2.993547916412353516e-02
3.602480515837669373e-02
3.192495554685592651e-02
3.449495136737823486e-02
3.340011090040206909e-02
3.270045295357704163e-02
3.528945147991180420e-02
4.035338759422302246e-02
4.266196861863136292e-02
3.533633798360824585e-02
3.253704681992530823e-02
3.089785575866699219e-02
3.088078834116458893e-02
3.405094891786575317e-02
4.051344096660614014e-02
3.253245353698730469e-02
2.938913740217685699e-02
3.306457772850990295e-02
3.228212520480155945e-02
3.068860433995723724e-02
3.433709964156150818e-02
3.540731593966484070e-02
3.245111182332038879e-02
2.902736142277717590e-02
3.288462385535240173e-02
3.526980802416801453e-02
3.229590132832527161e-02
3.231107816100120544e-02
3.327226266264915466e-02
3.856846690177917480e-02
3.658011183142662048e-02
3.303571790456771851e-02
3.798963874578475952e-02
3.281100094318389893e-02
3.092595189809799194e-02
3.081527352333068848e-02
3.672372549772262573e-02
3.769422695040702820e-02
3.740323334932327271e-02
3.369729220867156982e-02
3.178365901112556458e-02
3.352417424321174622e-02
3.174078464508056641e-02
3.737441077828407288e-02
3.351240605115890503e-02
3.248633071780204773e-02
3.579709678888320923e-02
3.195676580071449280e-02
3.504372015595436096e-02
3.338380903005599976e-02
3.783156722784042358e-02
2.899940870702266693e-02
2.966875769197940826e-02
3.948433697223663330e-02
3.590675815939903259e-02
3.806769102811813354e-02
4.434466734528541565e-02
4.403138905763626099e-02
6.826827675104141235e-02
6.516764312982559204e-02
5.623847618699073792e-02
5.639472976326942444e-02
5.302133411169052124e-02
4.938273876905441284e-02
4.951988160610198975e-02
5.217186361551284790e-02
5.074176564812660217e-02
4.809194430708885193e-02
5.143617093563079834e-02
5.029202625155448914e-02
4.488170892000198364e-02
4.301476106047630310e-02
4.271536692976951599e-02
4.860293492674827576e-02
4.762878641486167908e-02
4.634708166122436523e-02
4.515489563345909119e-02
4.985473304986953735e-02
4.679021984338760376e-02
4.883237555623054504e-02
3.978996723890304565e-02
3.887734934687614441e-02
4.216079413890838623e-02
5.318217724561691284e-02
4.954471439123153687e-02
5.535377189517021179e-02
4.344298318028450012e-02
4.461738839745521545e-02
4.238497838377952576e-02
4.172533750534057617e-02
4.265289008617401123e-02
4.555346071720123291e-02
4.896635189652442932e-02
4.026129469275474548e-02
3.934317454695701599e-02
4.173545911908149719e-02
4.546960070729255676e-02
4.433921724557876587e-02
9.036573022603988647e-02
6.111763790249824524e-02
4.384442046284675598e-02
4.322373121976852417e-02
4.244327172636985779e-02
4.174269735813140869e-02
4.473937675356864929e-02
4.272244870662689209e-02
4.308120533823966980e-02
4.016494005918502808e-02
4.150452092289924622e-02
4.310077801346778870e-02
3.974594920873641968e-02
4.107238352298736572e-02
3.866721689701080322e-02
3.701153770089149475e-02
4.045996814966201782e-02
4.033402353525161743e-02
3.771428391337394714e-02
4.393295198678970337e-02
4.291215911507606506e-02
3.900526836514472961e-02
3.806503117084503174e-02
4.779135435819625854e-02
4.216718301177024841e-02
4.037324711680412292e-02
3.693657740950584412e-02
3.989917412400245667e-02
3.703154996037483215e-02
3.759357333183288574e-02
3.978182375431060791e-02
3.832353278994560242e-02
3.993508219718933105e-02
3.659316897392272949e-02
3.575573116540908813e-02
3.716219961643218994e-02
4.089357331395149231e-02
4.288586601614952087e-02
3.633049130439758301e-02
4.235822334885597229e-02
4.206696897745132446e-02
4.672173783183097839e-02
4.443423077464103699e-02
4.217095673084259033e-02
3.592704981565475464e-02
3.553565591573715210e-02
3.760838508605957031e-02
4.011210426688194275e-02
4.107007011771202087e-02
3.953330591320991516e-02
4.560613259673118591e-02
3.789886832237243652e-02
4.027213901281356812e-02
4.053529724478721619e-02
4.233293980360031128e-02
3.886657208204269409e-02
3.873891383409500122e-02
4.077833518385887146e-02
3.835649788379669189e-02
3.600833564996719360e-02
3.886930271983146667e-02
3.927053138613700867e-02
3.548653423786163330e-02
3.744668886065483093e-02
4.217835888266563416e-02
4.353161156177520752e-02
3.475468978285789490e-02
3.625386953353881836e-02
3.432497754693031311e-02
3.532409667968750000e-02
4.137609153985977173e-02
5.200817435979843140e-02
3.719226643443107605e-02
3.621308505535125732e-02
3.568354621529579163e-02
4.248702526092529297e-02
4.271193593740463257e-02
3.905100002884864807e-02
3.585125133395195007e-02
3.875325247645378113e-02
3.764227032661437988e-02
3.593979403376579285e-02
4.200569540262222290e-02
4.525929316878318787e-02
3.453981131315231323e-02
3.572659194469451904e-02
4.361055791378021240e-02
3.607624769210815430e-02
4.882710427045822144e-02
3.838504850864410400e-02
3.558786585927009583e-02
3.809009492397308350e-02
3.554463386535644531e-02
4.045334458351135254e-02
4.065516591072082520e-02
3.947343677282333374e-02
3.595816344022750854e-02
3.746888041496276855e-02
3.561913222074508667e-02
3.614323958754539490e-02
6.098034977912902832e-02
6.010573357343673706e-02
4.894073680043220520e-02
4.721744358539581299e-02
4.508670791983604431e-02
4.247393086552619934e-02
4.530214145779609680e-02
4.241060093045234680e-02
4.059256985783576965e-02
3.910217806696891785e-02
4.404678940773010254e-02
4.388123378157615662e-02
3.579276427626609802e-02
3.891842439770698547e-02
3.717454150319099426e-02
3.604910150170326233e-02
3.488898649811744690e-02
4.384114220738410950e-02
4.555003717541694641e-02
4.261825233697891235e-02
3.942018747329711914e-02
4.117429256439208984e-02
3.845740482211112976e-02
4.266065731644630432e-02
4.609309136867523193e-02
3.801805526018142700e-02
3.778354078531265259e-02
3.532142564654350281e-02
3.489833325147628784e-02
3.573564812541007996e-02
3.680298477411270142e-02
3.397363424301147461e-02
3.889271989464759827e-02
3.940625861287117004e-02
3.862827643752098083e-02
3.541728854179382324e-02
3.497904539108276367e-02
3.743105381727218628e-02
3.294500336050987244e-02
3.711184114217758179e-02
4.351489990949630737e-02
4.386071115732192993e-02
4.371949285268783569e-02
3.671945631504058838e-02
3.376245498657226562e-02
3.982920199632644653e-02
4.507322981953620911e-02
4.116542637348175049e-02
3.831203654408454895e-02
3.721276298165321350e-02
3.539912030100822449e-02
3.682184591889381409e-02
3.825253248214721680e-02
3.792889416217803955e-02
3.890648484230041504e-02
3.976411744952201843e-02
3.748121485114097595e-02
3.395055606961250305e-02
3.564089536666870117e-02
3.549671173095703125e-02
3.936316817998886108e-02
3.569637984037399292e-02
3.568463027477264404e-02
4.333956167101860046e-02
4.880506172776222229e-02
4.857677221298217773e-02
4.097902774810791016e-02
4.230711236596107483e-02
4.429537057876586914e-02
3.973035141825675964e-02
3.714234009385108948e-02
3.527863696217536926e-02
3.491736948490142822e-02
3.479647263884544373e-02
3.324425220489501953e-02
3.601010143756866455e-02
3.332285955548286438e-02
3.765049204230308533e-02
3.737882897257804871e-02
3.728397563099861145e-02
3.647368401288986206e-02
3.715529665350914001e-02
3.537168353796005249e-02
3.381809592247009277e-02
4.552423954010009766e-02
4.197934269905090332e-02
6.673404574394226074e-02
4.844884946942329407e-02
4.031477123498916626e-02
3.366369754076004028e-02
3.501329943537712097e-02
3.478388488292694092e-02
3.726493567228317261e-02
4.039541259407997131e-02
3.696892410516738892e-02
3.896125406026840210e-02
3.208322823047637939e-02
3.550663217902183533e-02
4.063152521848678589e-02
3.365781158208847046e-02
3.657355532050132751e-02
3.249932825565338135e-02
3.599445149302482605e-02
3.504379838705062866e-02
3.754032403230667114e-02
3.691658750176429749e-02
3.245307505130767822e-02
3.324729204177856445e-02
3.875791281461715698e-02
3.484882414340972900e-02
3.336714953184127808e-02
3.655147925019264221e-02
3.570444509387016296e-02
3.189893066883087158e-02
3.920555487275123596e-02
3.843044862151145935e-02
3.375087678432464600e-02
3.325831890106201172e-02
3.114553540945053101e-02
3.526827320456504822e-02
3.277331590652465820e-02
3.338015079498291016e-02
3.753380104899406433e-02
3.960675001144409180e-02
4.170893877744674683e-02
3.859677910804748535e-02
4.256984964013099670e-02
3.477440029382705688e-02
3.566797077655792236e-02
3.814747929573059082e-02
3.879769518971443176e-02
3.232689201831817627e-02
3.815816715359687805e-02
3.489834815263748169e-02
3.486053645610809326e-02
3.486306220293045044e-02
3.397228568792343140e-02
3.477394580841064453e-02
3.520053625106811523e-02
3.465449810028076172e-02
3.253788873553276062e-02
4.168550670146942139e-02
4.080590233206748962e-02
3.782635182142257690e-02
3.671752288937568665e-02
3.856862708926200867e-02
3.398997336626052856e-02
3.607430309057235718e-02
3.503393754363059998e-02
3.506332635879516602e-02
3.378447145223617554e-02
3.500967845320701599e-02
4.150037467479705811e-02
3.860209509730339050e-02
3.412345424294471741e-02
3.569594025611877441e-02
3.450058028101921082e-02
3.948017954826354980e-02
3.722589835524559021e-02
4.086859151721000671e-02
3.568482771515846252e-02
3.539922460913658142e-02
3.327454626560211182e-02
3.720276057720184326e-02
4.005701467394828796e-02
5.355796962976455688e-02
5.178135260939598083e-02
4.384861513972282410e-02
3.925898298621177673e-02
3.965142369270324707e-02
4.166308045387268066e-02
4.260071739554405212e-02
4.468087852001190186e-02
3.988778963685035706e-02
3.547143563628196716e-02
3.403095528483390808e-02
3.694374859333038330e-02
3.522084280848503113e-02
3.147643059492111206e-02
3.655651584267616272e-02
3.810124099254608154e-02
3.503296896815299988e-02
3.543828800320625305e-02
3.422553837299346924e-02
3.496343642473220825e-02
3.582496941089630127e-02
3.569091483950614929e-02
3.369820863008499146e-02
3.497753664851188660e-02
4.021995887160301208e-02
3.876827284693717957e-02
4.314733669161796570e-02
4.169914871454238892e-02
3.920737281441688538e-02
3.522331267595291138e-02
3.584160655736923218e-02
3.424048423767089844e-02
3.333683684468269348e-02
3.590856492519378662e-02
3.632216900587081909e-02
4.304816946387290955e-02
4.109466448426246643e-02
3.960220143198966980e-02
3.717609867453575134e-02
3.913694992661476135e-02
3.750944137573242188e-02
3.823691606521606445e-02
3.229065984487533569e-02
3.961922973394393921e-02
3.337408602237701416e-02
3.384278714656829834e-02
3.472979739308357239e-02
3.369403630495071411e-02
3.479710966348648071e-02
3.818139433860778809e-02
3.639728203415870667e-02
3.843134269118309021e-02
3.670069947838783264e-02
3.628017380833625793e-02
3.303676098585128784e-02
3.449885547161102295e-02
3.840408846735954285e-02
4.064510762691497803e-02
3.968438506126403809e-02
3.761655464768409729e-02
3.500506654381752014e-02
3.466987982392311096e-02
3.508993238210678101e-02
3.726638481020927429e-02
3.513694927096366882e-02
4.283479601144790649e-02
3.972488641738891602e-02
4.127263650298118591e-02
3.798632696270942688e-02
4.373811557888984680e-02
3.602139279246330261e-02
3.418895229697227478e-02
3.538655117154121399e-02
4.430693760514259338e-02
3.972779959440231323e-02
3.719201683998107910e-02
3.609323129057884216e-02
3.808650374412536621e-02
3.724124282598495483e-02
3.680247440934181213e-02
3.662810847163200378e-02
3.734169155359268188e-02
3.796925023198127747e-02
3.935215622186660767e-02
3.838775679469108582e-02
3.723268210887908936e-02
3.815664723515510559e-02
3.447092697024345398e-02
3.613251075148582458e-02
3.988973796367645264e-02
3.956266120076179504e-02
3.992118686437606812e-02
3.520233184099197388e-02
3.617011755704879761e-02
3.477482125163078308e-02
3.488812595605850220e-02
3.343848511576652527e-02
3.376663476228713989e-02
3.776799514889717102e-02
4.198414459824562073e-02
3.475977107882499695e-02
3.579055517911911011e-02
3.612850978970527649e-02
3.636271134018898010e-02
3.510228917002677917e-02
3.824615478515625000e-02
3.628261387348175049e-02
3.539844229817390442e-02
3.536771982908248901e-02
3.554072231054306030e-02
3.662998974323272705e-02
3.624279424548149109e-02
3.814631700515747070e-02
3.586966916918754578e-02
3.831875324249267578e-02
3.512183204293251038e-02
3.547166660428047180e-02
4.124484583735466003e-02
3.732832148671150208e-02
3.643536940217018127e-02
3.389856219291687012e-02
3.663611784577369690e-02
4.460467770695686340e-02
3.667460009455680847e-02
3.834429010748863220e-02
4.080083966255187988e-02
3.635191544890403748e-02
3.828619047999382019e-02
3.562543913722038269e-02
3.417892009019851685e-02
4.051134735345840454e-02
3.611332550644874573e-02
3.658843785524368286e-02
3.768071904778480530e-02
3.724751994013786316e-02
4.238626733422279358e-02
4.259459301829338074e-02
3.453417867422103882e-02
4.037307947874069214e-02
3.661826997995376587e-02
4.309420660138130188e-02
3.685155883431434631e-02
3.246872127056121826e-02
3.699253872036933899e-02
3.724221885204315186e-02
3.493607416749000549e-02
3.931149467825889587e-02
3.511416912078857422e-02
3.273063153028488159e-02
3.338691219687461853e-02
3.536064922809600830e-02
3.599521890282630920e-02
4.116577282547950745e-02
3.552478179335594177e-02
3.412861377000808716e-02
3.131486475467681885e-02
3.460255265235900879e-02
3.431120514869689941e-02
3.255647793412208557e-02
3.390648588538169861e-02
3.850424662232398987e-02
3.792786598205566406e-02
3.910136595368385315e-02
3.479045256972312927e-02
3.660360723733901978e-02
3.519100323319435120e-02
3.210184350609779358e-02
3.306475281715393066e-02
4.239798709750175476e-02
4.358639940619468689e-02
3.543685749173164368e-02
3.420870751142501831e-02
3.701822087168693542e-02
3.380331397056579590e-02
3.242136165499687195e-02
3.708926960825920105e-02
3.341054916381835938e-02
3.439811244606971741e-02
3.659173101186752319e-02
3.805636242032051086e-02
3.697060048580169678e-02
3.989664465188980103e-02
4.284740611910820007e-02
3.924663364887237549e-02
3.413848951458930969e-02
3.365980088710784912e-02
3.996473550796508789e-02
4.271870478987693787e-02
3.296291455626487732e-02
3.755256533622741699e-02
3.820714354515075684e-02
3.804946690797805786e-02
3.802208974957466125e-02
4.252737388014793396e-02
3.548168018460273743e-02
3.765021264553070068e-02
3.438673913478851318e-02
3.341398015618324280e-02
3.329608589410781860e-02
3.737273067235946655e-02
3.343237563967704773e-02
3.787731006741523743e-02
3.654694557189941406e-02
3.722045198082923889e-02
3.624093532562255859e-02
4.319109022617340088e-02
4.419850558042526245e-02
3.854767978191375732e-02
3.595829010009765625e-02
3.415125980973243713e-02
3.789446130394935608e-02
3.640430420637130737e-02
3.677693754434585571e-02
4.017539322376251221e-02
3.594628348946571350e-02
4.082671180367469788e-02
3.978433087468147278e-02
3.488010168075561523e-02
3.317455574870109558e-02
3.113915584981441498e-02
3.399522230029106140e-02
3.328780457377433777e-02
3.418776392936706543e-02
3.686333820223808289e-02
3.663163632154464722e-02
3.860998526215553284e-02
3.709198534488677979e-02
4.026924818754196167e-02
3.259222581982612610e-02
3.478320688009262085e-02
3.340309485793113708e-02
3.425555303692817688e-02
3.463396802544593811e-02
3.497619926929473877e-02
3.386180475354194641e-02
3.323986008763313293e-02
3.606000170111656189e-02
3.879703208804130554e-02
3.565221279859542847e-02
3.448318690061569214e-02
3.765622898936271667e-02
4.018436372280120850e-02
3.571074455976486206e-02
3.539122641086578369e-02
3.476973250508308411e-02
4.218920692801475525e-02
4.287488013505935669e-02
3.629598394036293030e-02
3.518284857273101807e-02
4.136775434017181396e-02
3.770871460437774658e-02
3.639929369091987610e-02
3.617935255169868469e-02
3.707053884863853455e-02
3.756561502814292908e-02
3.868102654814720154e-02
3.413050621747970581e-02
