2.521928250789642334e-01
2.125207334756851196e-01
8.899531513452529907e-02
6.900911778211593628e-02
5.947735533118247986e-02
5.288413539528846741e-02
4.856122285127639771e-02
4.543745890259742737e-02
4.227466508746147156e-02
4.048598930239677429e-02
3.831150755286216736e-02
3.670725971460342407e-02
3.541944175958633423e-02
3.434349596500396729e-02
3.322954848408699036e-02
3.227286413311958313e-02
3.120666556060314178e-02
3.082880191504955292e-02
3.008796647191047668e-02
2.941098250448703766e-02
2.897824160754680634e-02
2.815040946006774902e-02
2.784507721662521362e-02
2.691233530640602112e-02
2.706362865865230560e-02
2.637480199337005615e-02
2.583170123398303986e-02
2.536398731172084808e-02
2.524437569081783295e-02
2.490950562059879303e-02
2.463793009519577026e-02
2.426000311970710754e-02
2.412658929824829102e-02
2.370293252170085907e-02
2.344275452196598053e-02
2.321895211935043335e-02
2.286640554666519165e-02
2.278976887464523315e-02
2.253966219723224640e-02
2.232638560235500336e-02
2.219066582620143890e-02
2.199156209826469421e-02
2.195489779114723206e-02
2.176157198846340179e-02
2.135743014514446259e-02
2.127011492848396301e-02
2.108448557555675507e-02
2.091789245605468750e-02
2.059176936745643616e-02
2.071275934576988220e-02
2.030761353671550751e-02
2.034655585885047913e-02
2.016061544418334961e-02
1.984774507582187653e-02
1.981282047927379608e-02
1.977288164198398590e-02
1.940561830997467041e-02
1.959485188126564026e-02
1.940279826521873474e-02
1.934247650206089020e-02
1.935594342648983002e-02
1.915783062577247620e-02
1.910343579947948456e-02
1.888070441782474518e-02
1.884662732481956482e-02
1.887008734047412872e-02
1.872660405933856964e-02
1.859778352081775665e-02
1.855666190385818481e-02
1.840172149240970612e-02
1.831499300897121429e-02
1.833640038967132568e-02
1.809664443135261536e-02
1.797815226018428802e-02
1.756939105689525604e-02
1.784258522093296051e-02
1.736810430884361267e-02
1.791677996516227722e-02
1.776554062962532043e-02
1.745126582682132721e-02
1.746722869575023651e-02
1.747990027070045471e-02
1.727347262203693390e-02
1.725024357438087463e-02
1.731318607926368713e-02
1.703884080052375793e-02
1.719040796160697937e-02
1.707990653812885284e-02
1.690961979329586029e-02
1.679907366633415222e-02
1.681383885443210602e-02
1.675256714224815369e-02
1.657360047101974487e-02
1.711642369627952576e-02
1.665171608328819275e-02
1.671610958874225616e-02
1.652401871979236603e-02
1.634053885936737061e-02
1.615811325609683990e-02
1.622470095753669739e-02
1.644202694296836853e-02
1.618630439043045044e-02
1.612862758338451385e-02
1.594582013785839081e-02
1.620711944997310638e-02
1.600822061300277710e-02
1.595851033926010132e-02
1.581745594739913940e-02
1.581819169223308563e-02
1.571524702012538910e-02
1.586411334574222565e-02
1.547103468328714371e-02
1.584681682288646698e-02
1.577647216618061066e-02
1.573221571743488312e-02
1.558325160294771194e-02
1.538918260484933853e-02
1.539876125752925873e-02
1.552889682352542877e-02
1.536278426647186279e-02
1.567671075463294983e-02
1.522810477763414383e-02
1.544952392578125000e-02
1.519043929874897003e-02
1.521631795912981033e-02
1.532241236418485641e-02
1.520769018679857254e-02
1.510581187903881073e-02
1.505777612328529358e-02
1.496766321361064911e-02
1.481667440384626389e-02
1.497890334576368332e-02
1.476740743964910507e-02
1.493263524025678635e-02
1.486484799534082413e-02
1.492736022919416428e-02
1.493881642818450928e-02
1.487132068723440170e-02
1.471894979476928711e-02
1.474224869161844254e-02
1.479629240930080414e-02
1.461105979979038239e-02
1.468051783740520477e-02
1.453474443405866623e-02
1.437455788254737854e-02
1.463451702147722244e-02
1.476607192307710648e-02
1.451942324638366699e-02
1.456568017601966858e-02
1.443502306938171387e-02
1.440101489424705505e-02
1.423665881156921387e-02
1.450878009200096130e-02
1.427149679511785507e-02
1.428313739597797394e-02
1.420960389077663422e-02
1.388794276863336563e-02
1.431133132427930832e-02
1.414843183010816574e-02
1.401169784367084503e-02
1.384542416781187057e-02
1.402364205569028854e-02
1.396804489195346832e-02
1.388205401599407196e-02
1.388027984648942947e-02
1.372921466827392578e-02
1.402311120182275772e-02
1.380147878080606461e-02
1.402619667351245880e-02
1.401064265519380569e-02
1.366127282381057739e-02
1.374098937958478928e-02
1.387380529195070267e-02
1.364663243293762207e-02
1.379624754190444946e-02
1.384719088673591614e-02
1.368386391550302505e-02
1.365615427494049072e-02
1.364698633551597595e-02
1.374493259936571121e-02
1.367430109530687332e-02
1.399979740381240845e-02
1.339767593890428543e-02
1.369540207087993622e-02
1.364757400006055832e-02
1.348880305886268616e-02
1.335471030324697495e-02
1.373103447258472443e-02
1.341845374554395676e-02
1.334119867533445358e-02
1.337309088557958603e-02
1.339526660740375519e-02
1.333232689648866653e-02
1.335013844072818756e-02
1.303142681717872620e-02
1.338981464505195618e-02
1.337016001343727112e-02
1.314361765980720520e-02
1.328502222895622253e-02
1.309181656688451767e-02
1.324357464909553528e-02
1.301962137222290039e-02
1.306140888482332230e-02
1.309106778353452682e-02
1.318874489516019821e-02
1.316966675221920013e-02
1.303900312632322311e-02
1.294999197125434875e-02
1.298666186630725861e-02
1.302877347916364670e-02
1.300577260553836823e-02
1.314349938184022903e-02
1.292236614972352982e-02
1.291135605424642563e-02
1.295300573110580444e-02
1.282856147736310959e-02
1.313029509037733078e-02
1.280408352613449097e-02
1.296422444283962250e-02
1.276070997118949890e-02
1.289607211947441101e-02
1.288202963769435883e-02
1.301065832376480103e-02
1.302483398467302322e-02
1.287181209772825241e-02
1.254501380026340485e-02
1.295883487910032272e-02
1.311898976564407349e-02
1.278685498982667923e-02
1.274416781961917877e-02
1.304420921951532364e-02
1.266209967434406281e-02
1.281575765460729599e-02
1.259522140026092529e-02
1.257261540740728378e-02
1.258402410894632339e-02
1.268489379435777664e-02
1.242389716207981110e-02
1.243711914867162704e-02
1.251952722668647766e-02
1.268077455461025238e-02
1.247770152986049652e-02
1.258208043873310089e-02
1.260021608322858810e-02
1.247007586061954498e-02
1.260721124708652496e-02
1.268362253904342651e-02
1.267253421247005463e-02
1.245875190943479538e-02
1.249875593930482864e-02
1.237374171614646912e-02
1.237474475055932999e-02
1.256721839308738708e-02
1.250843610614538193e-02
1.236608624458312988e-02
1.238436624407768250e-02
1.243162341415882111e-02
1.237348187714815140e-02
1.248233765363693237e-02
1.239611580967903137e-02
1.237712893635034561e-02
1.225980836898088455e-02
1.281816884875297546e-02
1.223221328109502792e-02
1.241632644087076187e-02
1.218788325786590576e-02
1.238862704485654831e-02
1.225502416491508484e-02
1.209587510675191879e-02
1.243501994758844376e-02
1.202223356813192368e-02
1.220648456364870071e-02
1.198976114392280579e-02
1.210441347211599350e-02
1.214709971100091934e-02
1.206837035715579987e-02
1.204452011734247208e-02
1.204613130539655685e-02
1.234884560108184814e-02
1.206704974174499512e-02
1.233901176601648331e-02
1.234814897179603577e-02
1.211595535278320312e-02
1.217719074338674545e-02
1.192228682339191437e-02
1.223832741379737854e-02
1.202149316668510437e-02
1.199387479573488235e-02
1.192504819482564926e-02
1.184590533375740051e-02
1.203960273414850235e-02
1.202562265098094940e-02
1.201793830841779709e-02
1.195775158703327179e-02
1.208090968430042267e-02
1.197080593556165695e-02
1.199183054268360138e-02
1.185109559446573257e-02
1.214437652379274368e-02
1.199247967451810837e-02
1.204676460474729538e-02
1.189507637172937393e-02
1.176954526454210281e-02
1.178949885070323944e-02
1.197848562151193619e-02
1.176727656275033951e-02
1.179581508040428162e-02
1.184344943612813950e-02
1.183540374040603638e-02
1.183441095054149628e-02
1.167246047407388687e-02
1.184714492410421371e-02
1.170441415160894394e-02
1.175487972795963287e-02
1.197255682200193405e-02
1.185215543955564499e-02
1.171921193599700928e-02
1.149995159357786179e-02
1.196236629039049149e-02
1.169181987643241882e-02
1.138606108725070953e-02
1.180980261415243149e-02
1.157206762582063675e-02
1.173050049692392349e-02
1.150004565715789795e-02
1.168224588036537170e-02
1.178203616291284561e-02
1.175720524042844772e-02
1.160884369164705276e-02
1.157004386186599731e-02
1.180729176849126816e-02
1.149844285100698471e-02
1.159946341067552567e-02
1.159775443375110626e-02
1.157671120017766953e-02
1.159521285444498062e-02
1.157665066421031952e-02
1.170783955603837967e-02
1.150973699986934662e-02
1.177685894072055817e-02
1.137759536504745483e-02
1.149650756269693375e-02
1.141769438982009888e-02
1.156781613826751709e-02
1.139243505895137787e-02
1.148364320397377014e-02
1.146054547280073166e-02
1.135240495204925537e-02
1.141627784818410873e-02
1.137643866240978241e-02
1.132240053266286850e-02
1.146949827671051025e-02
1.151753310114145279e-02
1.132385805249214172e-02
1.130624953657388687e-02
1.128224562853574753e-02
1.148491911590099335e-02
1.141545455902814865e-02
1.129138097167015076e-02
1.160439010709524155e-02
1.128403283655643463e-02
1.135309506207704544e-02
1.118082646280527115e-02
1.150285452604293823e-02
1.132952608168125153e-02
1.126091182231903076e-02
1.130601298063993454e-02
1.124457363039255142e-02
1.119984872639179230e-02
1.096075214445590973e-02
1.121604256331920624e-02
1.122670248150825500e-02
1.138147525489330292e-02
1.130597107112407684e-02
1.120421476662158966e-02
1.111547742038965225e-02
1.114288624376058578e-02
1.110653113573789597e-02
1.098277885466814041e-02
1.115245930850505829e-02
1.110703218728303909e-02
1.126784365624189377e-02
1.108170859515666962e-02
1.107114367187023163e-02
1.097382418811321259e-02
1.127768494188785553e-02
1.131141092628240585e-02
1.113589666783809662e-02
1.097161043435335159e-02
1.100464444607496262e-02
1.093506347388029099e-02
1.096526812762022018e-02
1.114515587687492371e-02
1.091579161584377289e-02
1.113810949027538300e-02
1.111051626503467560e-02
1.118398737162351608e-02
1.091204769909381866e-02
1.110136881470680237e-02
1.101485081017017365e-02
1.096275821328163147e-02
1.089866552501916885e-02
1.114607136696577072e-02
1.116490364074707031e-02
1.098242122679948807e-02
1.113286521285772324e-02
1.098104659467935562e-02
1.114868745207786560e-02
1.090951450169086456e-02
1.080356258898973465e-02
1.090976968407630920e-02
1.087322738021612167e-02
1.092916075140237808e-02
1.093028020113706589e-02
1.073422376066446304e-02
1.094942353665828705e-02
1.099101547151803970e-02
1.069425698369741440e-02
1.098242402076721191e-02
1.103677786886692047e-02
1.072480808943510056e-02
1.084151212126016617e-02
1.082899514585733414e-02
1.095933653414249420e-02
1.088381558656692505e-02
1.100585609674453735e-02
1.076296903192996979e-02
1.085914112627506256e-02
1.078828703612089157e-02
1.073555275797843933e-02
1.080669369548559189e-02
1.085519697517156601e-02
1.060859300196170807e-02
1.091454643756151199e-02
1.082661096006631851e-02
1.085526216775178909e-02
1.086371764540672302e-02
1.108616590499877930e-02
1.080549880862236023e-02
1.061682496219873428e-02
1.092239469289779663e-02
1.059374865144491196e-02
1.064316462725400925e-02
1.094135269522666931e-02
1.083547621965408325e-02
1.097514294087886810e-02
1.076182443648576736e-02
1.068247109651565552e-02
1.080581918358802795e-02
1.059982832521200180e-02
1.088349148631095886e-02
1.084867771714925766e-02
1.057012006640434265e-02
1.072539575397968292e-02
1.064549759030342102e-02
1.073784846812486649e-02
1.053217798471450806e-02
1.057187002152204514e-02
1.065840106457471848e-02
1.053373143076896667e-02
1.059832330793142319e-02
1.072779577225446701e-02
1.053454820066690445e-02
1.053937617689371109e-02
1.054674107581377029e-02
1.062235794961452484e-02
1.073407661169767380e-02
1.062452048063278198e-02
1.081663649529218674e-02
1.060443650931119919e-02
1.067908108234405518e-02
1.075138058513402939e-02
1.051465235650539398e-02
1.050824392586946487e-02
1.074485108256340027e-02
1.084259059280157089e-02
1.052144821733236313e-02
1.061760727316141129e-02
1.053107064217329025e-02
1.068941783159971237e-02
1.043888740241527557e-02
1.061758957803249359e-02
1.075751613825559616e-02
1.043267734348773956e-02
1.067794673144817352e-02
1.067363191395998001e-02
1.064809132367372513e-02
1.041122619062662125e-02
1.068088226020336151e-02
1.061753928661346436e-02
1.049901917576789856e-02
1.052933372557163239e-02
1.041719783097505569e-02
1.064105145633220673e-02
1.065433584153652191e-02
1.056323107331991196e-02
1.054138597100973129e-02
1.063147652894258499e-02
1.053855102509260178e-02
1.050447393208742142e-02
1.041117962449789047e-02
1.038324367254972458e-02
1.050716452300548553e-02
1.065126992762088776e-02
1.037168689072132111e-02
1.045447494834661484e-02
1.042255945503711700e-02
1.037090923637151718e-02
1.027404982596635818e-02
1.044751144945621490e-02
1.022566203027963638e-02
1.055286824703216553e-02
1.045101601630449295e-02
1.029009744524955750e-02
1.047413144260644913e-02
1.061580888926982880e-02
1.038596685975790024e-02
1.029757410287857056e-02
1.029768493026494980e-02
1.032361853867769241e-02
1.039163023233413696e-02
1.015130989253520966e-02
1.029351633042097092e-02
1.042501442134380341e-02
1.031118631362915039e-02
1.032746955752372742e-02
1.044350024312734604e-02
1.078858226537704468e-02
1.025459822267293930e-02
1.051666121929883957e-02
1.056041941046714783e-02
1.050027646124362946e-02
1.025709230452775955e-02
1.066657435148954391e-02
1.018619351089000702e-02
1.028526946902275085e-02
1.034828182309865952e-02
1.038588676601648331e-02
1.041361503303050995e-02
1.028873305767774582e-02
1.025306805968284607e-02
1.046765688806772232e-02
1.045598741620779037e-02
1.026012469083070755e-02
1.046245079487562180e-02
1.009008195251226425e-02
1.016510836780071259e-02
1.037252414971590042e-02
1.024708524346351624e-02
1.025835983455181122e-02
1.024269312620162964e-02
1.014251168817281723e-02
1.026176474988460541e-02
1.030110102146863937e-02
1.034269016236066818e-02
9.929380379617214203e-03
1.022357679903507233e-02
1.018559187650680542e-02
1.023763138800859451e-02
1.002822071313858032e-02
1.023772172629833221e-02
1.030299719423055649e-02
1.018173992633819580e-02
1.033177226781845093e-02
1.003767363727092743e-02
1.016231067478656769e-02
1.014322414994239807e-02
1.035471912473440170e-02
1.001941785216331482e-02
1.001754496246576309e-02
1.026258710771799088e-02
9.966803714632987976e-03
9.927623905241489410e-03
1.019739825278520584e-02
1.011233311146497726e-02
1.018072571605443954e-02
1.016689185053110123e-02
9.993731044232845306e-03
9.879213757812976837e-03
1.017058454453945160e-02
9.850770235061645508e-03
1.016176119446754456e-02
1.008695736527442932e-02
9.909736923873424530e-03
1.003484521061182022e-02
1.007760688662528992e-02
1.002622582018375397e-02
1.015163678675889969e-02
1.022923924028873444e-02
1.009404566138982773e-02
1.020984072238206863e-02
1.001662947237491608e-02
1.005442254245281219e-02
1.005256362259387970e-02
1.021688710898160934e-02
9.956771507859230042e-03
1.008598320186138153e-02
9.938946925103664398e-03
1.006846968084573746e-02
9.705955162644386292e-03
9.923772886395454407e-03
1.008324604481458664e-02
1.005235780030488968e-02
9.993703104555606842e-03
1.008155103772878647e-02
9.929784573614597321e-03
1.014106813818216324e-02
9.928033687174320221e-03
1.020224671810865402e-02
1.013396680355072021e-02
9.993429295718669891e-03
1.001783367246389389e-02
9.938511997461318970e-03
9.977760724723339081e-03
1.011806447058916092e-02
1.004522573202848434e-02
1.006753090769052505e-02
9.937163442373275757e-03
1.013240590691566467e-02
9.934813715517520905e-03
9.925203397870063782e-03
1.014379132539033890e-02
1.003121398389339447e-02
1.010579802095890045e-02
9.906797669827938080e-03
9.904141537845134735e-03
9.898655116558074951e-03
9.813774377107620239e-03
1.005741022527217865e-02
9.899492375552654266e-03
9.916597045958042145e-03
1.003309339284896851e-02
1.000770460814237595e-02
9.968285448849201202e-03
1.021025516092777252e-02
1.004657242447137833e-02
1.007965859025716782e-02
9.915682487189769745e-03
9.909655898809432983e-03
1.005795504897832870e-02
9.984056465327739716e-03
9.987617842853069305e-03
9.819393977522850037e-03
9.850868023931980133e-03
9.967526420950889587e-03
9.808122180402278900e-03
9.952190332114696503e-03
9.870668873190879822e-03
9.754946455359458923e-03
9.894628077745437622e-03
9.964139200747013092e-03
9.948661550879478455e-03
9.869922883808612823e-03
9.622268378734588623e-03
9.887140244245529175e-03
9.918923489749431610e-03
9.831628762185573578e-03
9.942078962922096252e-03
9.808192960917949677e-03
9.886858984827995300e-03
1.014834921807050705e-02
1.002472359687089920e-02
9.799578227102756500e-03
9.906990453600883484e-03
9.733697399497032166e-03
1.005823537707328796e-02
9.825877845287322998e-03
9.726447984576225281e-03
9.624483063817024231e-03
9.812169708311557770e-03
9.894763119518756866e-03
9.704364463686943054e-03
9.895910508930683136e-03
9.878879413008689880e-03
1.003362238407135010e-02
9.876816533505916595e-03
9.612813591957092285e-03
9.764839895069599152e-03
9.955896995961666107e-03
9.896263480186462402e-03
9.676402434706687927e-03
9.961313568055629730e-03
9.732633829116821289e-03
9.924384765326976776e-03
9.836286306381225586e-03
9.852891787886619568e-03
9.649591520428657532e-03
9.926173835992813110e-03
9.797652252018451691e-03
9.636160917580127716e-03
9.827577508985996246e-03
9.902749210596084595e-03
9.995648637413978577e-03
9.769996628165245056e-03
9.857092052698135376e-03
9.893661364912986755e-03
9.778444655239582062e-03
9.822146967053413391e-03
9.678202681243419647e-03
9.910732507705688477e-03
9.826254099607467651e-03
9.695393033325672150e-03
9.784132242202758789e-03
9.730083867907524109e-03
9.607594460248947144e-03
9.466848336160182953e-03
9.611034765839576721e-03
9.718259796500205994e-03
9.608493186533451080e-03
9.763012640178203583e-03
9.908969514071941376e-03
9.469694457948207855e-03
9.663389995694160461e-03
9.745243936777114868e-03
9.579920209944248199e-03
9.744795970618724823e-03
9.784093126654624939e-03
9.571035392582416534e-03
9.640948846936225891e-03
9.974385611712932587e-03
9.682222269475460052e-03
9.724856354296207428e-03
9.971272200345993042e-03
9.651888161897659302e-03
9.830278344452381134e-03
9.647578932344913483e-03
9.676951915025711060e-03
9.729136712849140167e-03
9.696840308606624603e-03
9.815631434321403503e-03
9.655691683292388916e-03
9.809353388845920563e-03
9.492998011410236359e-03
9.898686781525611877e-03
9.683601558208465576e-03
9.681099094450473785e-03
9.569486603140830994e-03
9.762618690729141235e-03
9.704905562102794647e-03
9.646623395383358002e-03
9.927950799465179443e-03
9.602724574506282806e-03
9.908438660204410553e-03
9.604068472981452942e-03
9.634239599108695984e-03
9.568644687533378601e-03
9.747793897986412048e-03
9.490198455750942230e-03
9.652979671955108643e-03
9.645503945648670197e-03
9.635312482714653015e-03
9.876277297735214233e-03
9.712007828056812286e-03
9.489312767982482910e-03
9.490869008004665375e-03
9.582445025444030762e-03
9.691875427961349487e-03
9.643441997468471527e-03
9.574727155268192291e-03
9.872149676084518433e-03
9.433685801923274994e-03
9.869406931102275848e-03
9.716110303997993469e-03
9.577652439475059509e-03
9.695304557681083679e-03
9.542033076286315918e-03
9.587905369699001312e-03
9.571280330419540405e-03
9.573062881827354431e-03
9.544577449560165405e-03
9.531227871775627136e-03
9.666229598224163055e-03
9.698696434497833252e-03
9.611573070287704468e-03
9.491572156548500061e-03
9.682885371148586273e-03
9.588293731212615967e-03
9.504049085080623627e-03
9.503759443759918213e-03
9.456925094127655029e-03
9.629874490201473236e-03
9.444442577660083771e-03
9.565196931362152100e-03
9.472904726862907410e-03
9.367723017930984497e-03
9.534822776913642883e-03
9.458697400987148285e-03
9.391989558935165405e-03
9.443099610507488251e-03
9.437940083444118500e-03
9.484207257628440857e-03
9.661905467510223389e-03
9.440251626074314117e-03
9.711660444736480713e-03
9.610662236809730530e-03
9.529491886496543884e-03
9.561228565871715546e-03
9.469116106629371643e-03
9.676879271864891052e-03
9.506303817033767700e-03
9.556796401739120483e-03
9.467979893088340759e-03
9.443951770663261414e-03
9.499839507043361664e-03
9.562140330672264099e-03
9.626960381865501404e-03
9.349484927952289581e-03
9.315235540270805359e-03
9.240367449820041656e-03
9.574553929269313812e-03
9.566828608512878418e-03
9.412574581801891327e-03
9.418432600796222687e-03
9.517569094896316528e-03
9.368922561407089233e-03
9.530873969197273254e-03
9.455222636461257935e-03
9.570542722940444946e-03
9.282315149903297424e-03
9.452949278056621552e-03
9.370904415845870972e-03
9.343921206891536713e-03
9.389488957822322845e-03
9.391245432198047638e-03
9.283894672989845276e-03
9.422397240996360779e-03
9.318340569734573364e-03
9.248203597962856293e-03
9.550076909363269806e-03
9.481703862547874451e-03
9.297280572354793549e-03
9.421980939805507660e-03
9.391076862812042236e-03
9.523481130599975586e-03
9.200218133628368378e-03
9.478678926825523376e-03
9.275071322917938232e-03
9.453673847019672394e-03
9.288205765187740326e-03
9.289708919823169708e-03
9.299373254179954529e-03
9.384412318468093872e-03
9.255103766918182373e-03
9.293428622186183929e-03
9.375138208270072937e-03
9.232434444129467010e-03
9.546805173158645630e-03
9.479013271629810333e-03
9.379026480019092560e-03
9.433343075215816498e-03
9.168542921543121338e-03
9.263847023248672485e-03
9.265696629881858826e-03
9.284165687859058380e-03
9.237000718712806702e-03
9.432293474674224854e-03
9.310928173363208771e-03
9.411617182195186615e-03
9.344469755887985229e-03
9.156875312328338623e-03
9.465983137488365173e-03
9.328992106020450592e-03
9.361220523715019226e-03
9.277073666453361511e-03
9.338527917861938477e-03
9.263738058507442474e-03
9.612681344151496887e-03
9.275930933654308319e-03
9.520838968455791473e-03
9.264499880373477936e-03
9.303297847509384155e-03
9.240490384399890900e-03
9.321205317974090576e-03
9.518838487565517426e-03
9.352918714284896851e-03
9.321466088294982910e-03
9.393059648573398590e-03
9.307282045483589172e-03
9.186214767396450043e-03
9.390149265527725220e-03
9.293995797634124756e-03
9.171162731945514679e-03
9.631183929741382599e-03
8.944020606577396393e-03
9.299713186919689178e-03
9.357828646898269653e-03
9.173045866191387177e-03
9.106167592108249664e-03
9.111083112657070160e-03
9.147536940872669220e-03
9.212685748934745789e-03
9.104439057409763336e-03
9.277447126805782318e-03
9.176446124911308289e-03
9.386958554387092590e-03
9.322876110672950745e-03
9.251174516975879669e-03
9.463289752602577209e-03
9.242322295904159546e-03
9.231770411133766174e-03
9.321891702711582184e-03
9.203634224832057953e-03
9.174174629151821136e-03
9.432680904865264893e-03
9.191962890326976776e-03
9.159001521766185760e-03
9.009861387312412262e-03
9.218093007802963257e-03
8.979322388768196106e-03
9.053599089384078979e-03
9.179542772471904755e-03
9.213214740157127380e-03
9.356871247291564941e-03
8.983230218291282654e-03
9.295756928622722626e-03
9.153313003480434418e-03
9.063534438610076904e-03
9.160173125565052032e-03
9.051305241882801056e-03
9.289035573601722717e-03
9.232277981936931610e-03
9.333954192698001862e-03
9.414742700755596161e-03
9.076710790395736694e-03
9.390242397785186768e-03
9.229984134435653687e-03
9.348052553832530975e-03
9.259047918021678925e-03
9.232757613062858582e-03
9.055500850081443787e-03
9.161539375782012939e-03
9.298747405409812927e-03
8.881221525371074677e-03
9.221568703651428223e-03
9.132936596870422363e-03
9.032182395458221436e-03
9.152832441031932831e-03
9.062387049198150635e-03
9.152767248451709747e-03
9.193167090415954590e-03
9.093756787478923798e-03
9.186726063489913940e-03
9.019036777317523956e-03
9.274381212890148163e-03
9.191304445266723633e-03
9.003553539514541626e-03
9.311179630458354950e-03
9.305532090365886688e-03
9.144059382379055023e-03
9.157192893326282501e-03
9.283352643251419067e-03
9.066427126526832581e-03
9.303156286478042603e-03
9.020083583891391754e-03
9.205114096403121948e-03
9.255203418433666229e-03
8.956350386142730713e-03
9.288433939218521118e-03
9.052593261003494263e-03
9.192863479256629944e-03
8.931252174079418182e-03
8.998582139611244202e-03
9.336902759969234467e-03
9.113134816288948059e-03
9.066859260201454163e-03
9.061595425009727478e-03
9.088325314223766327e-03
8.969093672931194305e-03
9.101097472012042999e-03
9.061223827302455902e-03
9.053117595613002777e-03
9.052477777004241943e-03
9.317753836512565613e-03
8.925989270210266113e-03
8.897054940462112427e-03
8.995302952826023102e-03
8.983531966805458069e-03
8.900120854377746582e-03
9.180982597172260284e-03
8.922944776713848114e-03
8.988678455352783203e-03
8.975211530923843384e-03
9.330347180366516113e-03
9.168531745672225952e-03
9.009127505123615265e-03
9.074935689568519592e-03
9.236952289938926697e-03
9.293208830058574677e-03
9.153623133897781372e-03
9.017701260745525360e-03
8.967660367488861084e-03
9.158931672573089600e-03
9.003540500998497009e-03
8.928232826292514801e-03
8.954821154475212097e-03
8.897418156266212463e-03
9.271151386201381683e-03
8.940759114921092987e-03
8.971008472144603729e-03
9.079794399440288544e-03
