1.528836041688919067e-01
8.166291564702987671e-02
7.185861468315124512e-02
6.676748394966125488e-02
6.356770545244216919e-02
6.130290031433105469e-02
5.910202115774154663e-02
5.775126442313194275e-02
5.705261230468750000e-02
5.584471300244331360e-02
5.522077158093452454e-02
5.437550693750381470e-02
5.373428389430046082e-02
5.303734168410301208e-02
5.253380909562110901e-02
5.207025632262229919e-02
5.112555623054504395e-02
5.112141370773315430e-02
5.068412795662879944e-02
5.018542334437370300e-02
4.986094683408737183e-02
4.951048642396926880e-02
4.956794530153274536e-02
4.899134486913681030e-02
4.937594756484031677e-02
4.870304092764854431e-02
4.859207570552825928e-02
4.797245562076568604e-02
4.788779467344284058e-02
4.781680554151535034e-02
4.770437255501747131e-02
4.748371616005897522e-02
4.701947420835494995e-02
4.694461822509765625e-02
4.644076898694038391e-02
4.639897122979164124e-02
4.615256190299987793e-02
4.577346891164779663e-02
4.560251906514167786e-02
4.563045129179954529e-02
4.555763304233551025e-02
4.556054249405860901e-02
4.561772570013999939e-02
4.554770141839981079e-02
4.487220942974090576e-02
4.493559524416923523e-02
4.490811750292778015e-02
4.423655942082405090e-02
4.430570453405380249e-02
4.441402107477188110e-02
4.427878558635711670e-02
4.416319727897644043e-02
4.382463172078132629e-02
4.366807267069816589e-02
4.383133351802825928e-02
4.359402507543563843e-02
4.336852580308914185e-02
4.331762716174125671e-02
4.362266138195991516e-02
4.390819743275642395e-02
4.292362183332443237e-02
4.276029393076896667e-02
4.304689913988113403e-02
4.267191141843795776e-02
4.275352507829666138e-02
4.269528761506080627e-02
4.231153801083564758e-02
4.213180392980575562e-02
4.173495620489120483e-02
4.191009700298309326e-02
4.198559746146202087e-02
4.220065474510192871e-02
4.181345552206039429e-02
4.159681871533393860e-02
4.175778478384017944e-02
4.170650616288185120e-02
4.177071526646614075e-02
4.197674244642257690e-02
4.155223816633224487e-02
4.148419946432113647e-02
4.115456715226173401e-02
4.126208275556564331e-02
4.116430878639221191e-02
4.154700785875320435e-02
4.092225059866905212e-02
4.081083834171295166e-02
4.102139547467231750e-02
3.996362537145614624e-02
4.079720005393028259e-02
4.041694104671478271e-02
4.074091091752052307e-02
4.041657596826553345e-02
4.005202651023864746e-02
4.049946740269660950e-02
3.960531204938888550e-02
4.009540006518363953e-02
4.027764126658439636e-02
4.007166624069213867e-02
4.018737003207206726e-02
3.984216228127479553e-02
3.976293280720710754e-02
3.964862599968910217e-02
3.999356552958488464e-02
3.949350118637084961e-02
3.959335759282112122e-02
3.965337574481964111e-02
3.934947028756141663e-02
3.940468281507492065e-02
3.933385014533996582e-02
3.918710350990295410e-02
3.923654928803443909e-02
3.950437530875205994e-02
3.921078518033027649e-02
3.874453902244567871e-02
3.953395038843154907e-02
3.931193426251411438e-02
3.908936679363250732e-02
3.905150666832923889e-02
3.926100209355354309e-02
3.906114026904106140e-02
3.863126039505004883e-02
3.901172429323196411e-02
3.884158283472061157e-02
3.929590433835983276e-02
3.861602023243904114e-02
3.854674845933914185e-02
3.875480964779853821e-02
3.880156576633453369e-02
3.917073085904121399e-02
3.809371218085289001e-02
3.861603513360023499e-02
3.822926804423332214e-02
3.828540816903114319e-02
3.819002583622932434e-02
3.838440403342247009e-02
3.843736276030540466e-02
3.845309093594551086e-02
3.849764168262481689e-02
3.846045583486557007e-02
3.846282139420509338e-02
3.828641772270202637e-02
3.822438791394233704e-02
3.761962428689002991e-02
3.818118572235107422e-02
3.766861930489540100e-02
3.771691769361495972e-02
3.764385357499122620e-02
3.826217353343963623e-02
3.764331713318824768e-02
3.799538314342498779e-02
3.742943704128265381e-02
3.757739439606666565e-02
3.803775086998939514e-02
3.772338107228279114e-02
3.748628869652748108e-02
3.724997863173484802e-02
3.745510429143905640e-02
3.743845224380493164e-02
3.765849024057388306e-02
3.728028386831283569e-02
3.719325736165046692e-02
3.755063191056251526e-02
3.748470917344093323e-02
3.730716183781623840e-02
3.745344281196594238e-02
3.686007857322692871e-02
3.707425296306610107e-02
3.712642937898635864e-02
3.666316717863082886e-02
3.734294697642326355e-02
3.756962716579437256e-02
3.691456466913223267e-02
3.660891950130462646e-02
3.727723658084869385e-02
3.675953671336174011e-02
3.631177544593811035e-02
3.645935654640197754e-02
3.759877011179924011e-02
3.658054023981094360e-02
3.677357360720634460e-02
3.683935105800628662e-02
3.660095483064651489e-02
3.686855733394622803e-02
3.638438880443572998e-02
3.680060803890228271e-02
3.662932664155960083e-02
3.661190345883369446e-02
3.617627918720245361e-02
3.652153164148330688e-02
3.684822842478752136e-02
3.644982725381851196e-02
3.632124885916709900e-02
3.635890036821365356e-02
3.644073009490966797e-02
3.603953123092651367e-02
3.672813624143600464e-02
3.638258576393127441e-02
3.650690987706184387e-02
3.621302172541618347e-02
3.631238266825675964e-02
3.614329919219017029e-02
3.614895790815353394e-02
3.610464185476303101e-02
3.589697554707527161e-02
3.632465749979019165e-02
3.640707954764366150e-02
3.639026358723640442e-02
3.678476437926292419e-02
3.625359386205673218e-02
3.637684509158134460e-02
3.630286455154418945e-02
3.647001832723617554e-02
3.641517832875251770e-02
3.560379520058631897e-02
3.663705661892890930e-02
3.594120964407920837e-02
3.579562902450561523e-02
3.577925264835357666e-02
3.626795113086700439e-02
3.600059077143669128e-02
3.593062236905097961e-02
3.569691628217697144e-02
3.674884885549545288e-02
3.575943037867546082e-02
3.593038767576217651e-02
3.574953228235244751e-02
3.625349700450897217e-02
3.595719859004020691e-02
3.528300300240516663e-02
3.579798713326454163e-02
3.552731871604919434e-02
3.590335324406623840e-02
3.625683486461639404e-02
3.558045625686645508e-02
3.529547527432441711e-02
3.568861261010169983e-02
3.511485829949378967e-02
3.566336259245872498e-02
3.515981882810592651e-02
3.541658818721771240e-02
3.554918989539146423e-02
3.560877218842506409e-02
3.555327653884887695e-02
3.584681078791618347e-02
3.574313223361968994e-02
3.599093481898307800e-02
3.553177416324615479e-02
3.553108498454093933e-02
3.558022528886795044e-02
3.541700541973114014e-02
3.528580069541931152e-02
3.487937152385711670e-02
3.531767427921295166e-02
3.555993363261222839e-02
3.560795634984970093e-02
3.529037907719612122e-02
3.584133461117744446e-02
3.534658998250961304e-02
3.494157642126083374e-02
3.522353991866111755e-02
3.522110730409622192e-02
3.564143553376197815e-02
3.567120805382728577e-02
3.538011014461517334e-02
3.525402396917343140e-02
3.504413738846778870e-02
3.505886718630790710e-02
3.525108471512794495e-02
3.574962168931961060e-02
3.502839058637619019e-02
3.492898866534233093e-02
3.476648032665252686e-02
3.450723737478256226e-02
3.543679788708686829e-02
3.495091199874877930e-02
3.514987975358963013e-02
3.464021161198616028e-02
3.496281057596206665e-02
3.468107059597969055e-02
3.510609641671180725e-02
3.494223952293395996e-02
3.527642041444778442e-02
3.496529161930084229e-02
3.508875891566276550e-02
3.472099080681800842e-02
3.499722853302955627e-02
3.512947261333465576e-02
3.438929095864295959e-02
3.480021283030509949e-02
3.420095890760421753e-02
3.501409664750099182e-02
3.456504270434379578e-02
3.425496816635131836e-02
3.454637527465820312e-02
3.429536148905754089e-02
3.451896831393241882e-02
3.419972211122512817e-02
3.431901708245277405e-02
3.460976481437683105e-02
3.453589975833892822e-02
3.433026000857353210e-02
3.417563810944557190e-02
3.463383018970489502e-02
3.427774459123611450e-02
3.452267125248908997e-02
3.447301685810089111e-02
3.454314172267913818e-02
3.447662293910980225e-02
3.444511070847511292e-02
3.415223211050033569e-02
3.522418811917304993e-02
3.413923829793930054e-02
3.451290726661682129e-02
3.451118618249893188e-02
3.460884094238281250e-02
3.388841450214385986e-02
3.441426530480384827e-02
3.438417240977287292e-02
3.422250598669052124e-02
3.419397771358489990e-02
3.444653376936912537e-02
3.446359559893608093e-02
3.471068665385246277e-02
3.447027131915092468e-02
3.436675295233726501e-02
3.421049937605857849e-02
3.449674695730209351e-02
3.438692167401313782e-02
3.387534618377685547e-02
3.454711288213729858e-02
3.415755182504653931e-02
3.450489044189453125e-02
3.397407382726669312e-02
3.431551158428192139e-02
3.409564495086669922e-02
3.406118601560592651e-02
3.460355848073959351e-02
3.483680263161659241e-02
3.503550589084625244e-02
3.449004516005516052e-02
3.426796942949295044e-02
3.444510325789451599e-02
3.417849913239479065e-02
3.410258889198303223e-02
3.387761116027832031e-02
3.401655703783035278e-02
3.423430770635604858e-02
3.423089161515235901e-02
3.392049670219421387e-02
3.487432375550270081e-02
3.432888537645339966e-02
3.386945277452468872e-02
3.470771759748458862e-02
3.442458808422088623e-02
3.384467214345932007e-02
3.402289748191833496e-02
3.444729372859001160e-02
3.421961888670921326e-02
3.345029801130294800e-02
3.367150202393531799e-02
3.399142250418663025e-02
3.407702222466468811e-02
3.407103940844535828e-02
3.442350029945373535e-02
3.364515677094459534e-02
3.380485996603965759e-02
3.461250290274620056e-02
3.434706851840019226e-02
3.390996530652046204e-02
3.433501347899436951e-02
3.349736705422401428e-02
3.391773998737335205e-02
3.370936214923858643e-02
3.352324664592742920e-02
3.403465449810028076e-02
3.350294008851051331e-02
3.386372700333595276e-02
3.450927510857582092e-02
3.391266241669654846e-02
3.346091508865356445e-02
3.369712084531784058e-02
3.363592177629470825e-02
3.333041071891784668e-02
3.368221223354339600e-02
3.400277718901634216e-02
3.353479877114295959e-02
3.387209773063659668e-02
3.367586433887481689e-02
3.338650614023208618e-02
3.390307351946830750e-02
3.383753076195716858e-02
3.350326418876647949e-02
3.369769454002380371e-02
3.361510485410690308e-02
3.379297256469726562e-02
3.390708193182945251e-02
3.370302915573120117e-02
3.386596217751502991e-02
3.326522186398506165e-02
3.382157161831855774e-02
3.386478126049041748e-02
3.397791087627410889e-02
3.373849019408226013e-02
3.333562612533569336e-02
3.369704261422157288e-02
3.380290791392326355e-02
3.351163491606712341e-02
3.360538557171821594e-02
3.331039100885391235e-02
3.404230624437332153e-02
3.346972540020942688e-02
3.313013911247253418e-02
3.392699733376502991e-02
3.364884480834007263e-02
3.324812278151512146e-02
3.356315195560455322e-02
3.322389721870422363e-02
3.336676210165023804e-02
3.374372795224189758e-02
3.347846493124961853e-02
3.381861001253128052e-02
3.360192105174064636e-02
3.358900919556617737e-02
3.358060494065284729e-02
3.393224254250526428e-02
3.327919170260429382e-02
3.327789530158042908e-02
3.314985707402229309e-02
3.348124399781227112e-02
3.354149684309959412e-02
3.364198654890060425e-02
3.349472582340240479e-02
3.306393325328826904e-02
3.400850668549537659e-02
3.300755470991134644e-02
3.303668648004531860e-02
3.320441395044326782e-02
3.338244184851646423e-02
3.314398601651191711e-02
3.318149223923683167e-02
3.289414197206497192e-02
3.370137885212898254e-02
3.307793289422988892e-02
3.349304944276809692e-02
3.281915187835693359e-02
3.361325338482856750e-02
3.304514288902282715e-02
3.349872305989265442e-02
3.303552418947219849e-02
3.285519406199455261e-02
3.304829075932502747e-02
3.302865475416183472e-02
3.323463723063468933e-02
3.320718929171562195e-02
3.319023922085762024e-02
3.323019668459892273e-02
3.316137567162513733e-02
3.397389128804206848e-02
3.358739987015724182e-02
3.297784551978111267e-02
3.377287089824676514e-02
3.264057636260986328e-02
3.370591253042221069e-02
3.316389024257659912e-02
3.297149017453193665e-02
3.341551125049591064e-02
3.293471038341522217e-02
3.296904265880584717e-02
3.318381309509277344e-02
3.338941931724548340e-02
3.244215250015258789e-02
3.373427689075469971e-02
3.319469466805458069e-02
3.282348811626434326e-02
3.348511084914207458e-02
3.281537443399429321e-02
3.331274539232254028e-02
3.272281214594841003e-02
3.244602680206298828e-02
3.343733772635459900e-02
3.266831114888191223e-02
3.244570270180702209e-02
3.338460624217987061e-02
3.341429308056831360e-02
3.218949958682060242e-02
3.295645490288734436e-02
3.297276422381401062e-02
3.239546716213226318e-02
3.228862583637237549e-02
3.254671022295951843e-02
3.359377756714820862e-02
3.334508836269378662e-02
3.283112868666648865e-02
3.249644115567207336e-02
3.251940757036209106e-02
3.288870677351951599e-02
3.279342502355575562e-02
3.249000757932662964e-02
3.320476412773132324e-02
3.279244527220726013e-02
3.248521313071250916e-02
3.294888883829116821e-02
3.326048329472541809e-02
3.236351162195205688e-02
3.269804641604423523e-02
3.268712013959884644e-02
3.253134340047836304e-02
3.259132429957389832e-02
3.274974226951599121e-02
3.251930698752403259e-02
3.279523923993110657e-02
3.251422569155693054e-02
3.295060247182846069e-02
3.281759470701217651e-02
3.282038867473602295e-02
3.268907591700553894e-02
3.291786089539527893e-02
3.314802423119544983e-02
3.248855844140052795e-02
3.311609476804733276e-02
3.278677538037300110e-02
3.292259201407432556e-02
3.325039148330688477e-02
3.316228091716766357e-02
3.281222656369209290e-02
3.266056999564170837e-02
3.299293667078018188e-02
3.257166221737861633e-02
3.284389898180961609e-02
3.242558240890502930e-02
3.324623033404350281e-02
3.285054862499237061e-02
3.310442343354225159e-02
3.245011344552040100e-02
3.246293589472770691e-02
3.294017910957336426e-02
3.272604942321777344e-02
3.256905078887939453e-02
3.254131600260734558e-02
3.283274918794631958e-02
3.282738849520683289e-02
3.272726014256477356e-02
3.287794813513755798e-02
3.268325701355934143e-02
3.232323750853538513e-02
3.244652226567268372e-02
3.209436684846878052e-02
3.270773962140083313e-02
3.212415799498558044e-02
3.247327357530593872e-02
3.249645233154296875e-02
3.253687545657157898e-02
3.271336853504180908e-02
3.237470984458923340e-02
3.272975608706474304e-02
3.256860747933387756e-02
3.230552002787590027e-02
3.240488469600677490e-02
3.259470686316490173e-02
3.286905586719512939e-02
3.258636221289634705e-02
3.246861696243286133e-02
3.261587768793106079e-02
3.182852640748023987e-02
3.238152340054512024e-02
3.253228589892387390e-02
3.225500881671905518e-02
3.270331397652626038e-02
3.250913694500923157e-02
3.190959617495536804e-02
3.215252235531806946e-02
3.186982870101928711e-02
3.183602169156074524e-02
3.240763396024703979e-02
3.229233250021934509e-02
3.231866285204887390e-02
3.218336030840873718e-02
3.212177380919456482e-02
3.283812478184700012e-02
3.238983824849128723e-02
3.229685872793197632e-02
3.280864655971527100e-02
3.226818144321441650e-02
3.235137090086936951e-02
3.316271305084228516e-02
3.194102272391319275e-02
3.171275183558464050e-02
3.262156993150711060e-02
3.191571682691574097e-02
3.180427849292755127e-02
3.180716559290885925e-02
3.266618773341178894e-02
3.182681277394294739e-02
3.193001821637153625e-02
3.220032900571823120e-02
3.195958584547042847e-02
3.182294219732284546e-02
3.195883333683013916e-02
3.212575614452362061e-02
3.231867402791976929e-02
3.152979165315628052e-02
3.218153491616249084e-02
3.204297274351119995e-02
3.233329951763153076e-02
3.189259022474288940e-02
3.164051845669746399e-02
3.190013766288757324e-02
3.230090066790580750e-02
3.190388903021812439e-02
3.272914886474609375e-02
3.208499029278755188e-02
3.272037580609321594e-02
3.213048726320266724e-02
3.248178586363792419e-02
3.233328834176063538e-02
3.186863660812377930e-02
3.177070617675781250e-02
3.259836882352828979e-02
3.207175061106681824e-02
3.214771673083305359e-02
3.185415267944335938e-02
3.203934431076049805e-02
3.158459439873695374e-02
3.326111286878585815e-02
3.229547664523124695e-02
3.202556446194648743e-02
3.245865553617477417e-02
3.202056884765625000e-02
3.237494081258773804e-02
3.207698464393615723e-02
3.246866166591644287e-02
3.191482648253440857e-02
3.205987066030502319e-02
3.212828189134597778e-02
3.235721215605735779e-02
3.181400150060653687e-02
3.191533684730529785e-02
3.237944096326828003e-02
3.223241865634918213e-02
3.172326833009719849e-02
3.210919722914695740e-02
3.166444227099418640e-02
3.175920248031616211e-02
3.249473124742507935e-02
3.161251172423362732e-02
3.254134207963943481e-02
3.220782801508903503e-02
3.212572261691093445e-02
3.170225396752357483e-02
3.155245259404182434e-02
3.156290575861930847e-02
3.216192498803138733e-02
3.146256878972053528e-02
3.231858089566230774e-02
3.179578483104705811e-02
3.206265717744827271e-02
3.143072873353958130e-02
3.194272145628929138e-02
3.274913504719734192e-02
3.207146748900413513e-02
3.213287517428398132e-02
3.198922798037528992e-02
3.235829994082450867e-02
3.221601247787475586e-02
3.222274035215377808e-02
3.183944523334503174e-02
3.196724131703376770e-02
3.279949724674224854e-02
3.151970356702804565e-02
3.150973096489906311e-02
3.183834627270698547e-02
3.176900371909141541e-02
3.143477067351341248e-02
3.224872052669525146e-02
3.194885328412055969e-02
3.170760720968246460e-02
3.239699453115463257e-02
3.151375800371170044e-02
3.183220699429512024e-02
3.207845985889434814e-02
3.243295103311538696e-02
3.214471042156219482e-02
3.193809837102890015e-02
3.222569450736045837e-02
3.202617168426513672e-02
3.210561349987983704e-02
3.185980394482612610e-02
3.215635195374488831e-02
3.158040717244148254e-02
3.197090327739715576e-02
3.238157555460929871e-02
3.168414160609245300e-02
3.174342215061187744e-02
3.116422146558761597e-02
3.165044635534286499e-02
3.183067962527275085e-02
3.186023607850074768e-02
3.156422078609466553e-02
3.198146820068359375e-02
3.153138607740402222e-02
3.229920193552970886e-02
3.197620064020156860e-02
3.160389512777328491e-02
3.175986185669898987e-02
3.145792707800865173e-02
3.175201267004013062e-02
3.154062107205390930e-02
3.180363774299621582e-02
3.139409422874450684e-02
3.156796470284461975e-02
3.145311027765274048e-02
3.159036859869956970e-02
3.152061998844146729e-02
3.134413063526153564e-02
3.165779262781143188e-02
3.153141587972640991e-02
3.148064017295837402e-02
3.127167001366615295e-02
3.171992674469947815e-02
3.178210929036140442e-02
3.089699707925319672e-02
3.106168843805789948e-02
3.128599375486373901e-02
3.143036738038063049e-02
3.182170912623405457e-02
3.118507005274295807e-02
3.190569207072257996e-02
3.166113048791885376e-02
3.177570924162864685e-02
3.207445517182350159e-02
3.166314214468002319e-02
3.123993612825870514e-02
3.123559616506099701e-02
3.165071085095405579e-02
3.138938918709754944e-02
3.138287737965583801e-02
3.232651576399803162e-02
3.162322938442230225e-02
3.233617171645164490e-02
3.203472867608070374e-02
3.215822950005531311e-02
3.141195699572563171e-02
3.192104026675224304e-02
3.173229470849037170e-02
3.188000619411468506e-02
3.142224624752998352e-02
3.254580870270729065e-02
3.143595904111862183e-02
3.144566342234611511e-02
3.175973892211914062e-02
3.148192167282104492e-02
3.113024868071079254e-02
3.169496729969978333e-02
3.143680095672607422e-02
3.141618147492408752e-02
3.139002248644828796e-02
3.141413629055023193e-02
3.202551975846290588e-02
3.166807070374488831e-02
3.164257854223251343e-02
3.154621273279190063e-02
3.210438415408134460e-02
3.130626678466796875e-02
3.149428963661193848e-02
3.162620961666107178e-02
3.139097988605499268e-02
3.145296499133110046e-02
3.140760958194732666e-02
3.205471113324165344e-02
3.175364434719085693e-02
3.121457807719707489e-02
3.170480206608772278e-02
3.107291832566261292e-02
3.136455267667770386e-02
3.093069419264793396e-02
3.077618032693862915e-02
3.106448426842689514e-02
3.152459859848022461e-02
3.091004118323326111e-02
3.144911304116249084e-02
3.139245510101318359e-02
3.205508738756179810e-02
3.103494271636009216e-02
3.119567781686782837e-02
3.097422793507575989e-02
3.154164552688598633e-02
3.185801208019256592e-02
3.157735243439674377e-02
3.152076900005340576e-02
3.093870170414447784e-02
3.159813210368156433e-02
3.187311068177223206e-02
3.155305609107017517e-02
3.089966438710689545e-02
3.152503818273544312e-02
3.112475015223026276e-02
3.139553964138031006e-02
3.103722259402275085e-02
3.138444572687149048e-02
3.145714104175567627e-02
3.126916289329528809e-02
3.157957643270492554e-02
3.137530386447906494e-02
3.129544854164123535e-02
3.140736743807792664e-02
3.136625513434410095e-02
3.139935061335563660e-02
3.228503093123435974e-02
3.130330517888069153e-02
3.175867348909378052e-02
3.218010440468788147e-02
3.115542978048324585e-02
3.137624636292457581e-02
3.160579875111579895e-02
3.130758926272392273e-02
3.164484724402427673e-02
3.201419115066528320e-02
3.147348016500473022e-02
3.146418929100036621e-02
3.154109045863151550e-02
3.120035678148269653e-02
3.134639933705329895e-02
3.169412910938262939e-02
3.242044523358345032e-02
3.241493552923202515e-02
3.198514133691787720e-02
3.109647892415523529e-02
3.205722942948341370e-02
3.112361766397953033e-02
3.137489408254623413e-02
3.195027634501457214e-02
3.148233890533447266e-02
3.114647790789604187e-02
3.107719123363494873e-02
3.194504603743553162e-02
3.157281503081321716e-02
3.186896815896034241e-02
3.149006143212318420e-02
3.112704120576381683e-02
3.132019564509391785e-02
3.083991631865501404e-02
3.069798275828361511e-02
3.055056743323802948e-02
3.096202015876770020e-02
3.102045319974422455e-02
3.185704723000526428e-02
3.090611845254898071e-02
3.080253303050994873e-02
3.099945746362209320e-02
3.129095211625099182e-02
3.112793341279029846e-02
3.149372711777687073e-02
3.212539851665496826e-02
3.058520145714282990e-02
3.098095022141933441e-02
3.156738728284835815e-02
3.188328817486763000e-02
3.134478628635406494e-02
3.108051419258117676e-02
3.102902881801128387e-02
3.111031465232372284e-02
3.074540384113788605e-02
3.064435347914695740e-02
3.086242452263832092e-02
3.055854514241218567e-02
3.144548460841178894e-02
3.081174567341804504e-02
3.088029101490974426e-02
3.129984438419342041e-02
3.047159686684608459e-02
3.156197443604469299e-02
3.176930919289588928e-02
3.087437525391578674e-02
3.122321143746376038e-02
3.139409795403480530e-02
3.134720027446746826e-02
3.140416741371154785e-02
3.118976391851902008e-02
3.162103146314620972e-02
3.198846429586410522e-02
3.107936680316925049e-02
3.102077543735504150e-02
3.037587366998195648e-02
3.127146512269973755e-02
3.111852705478668213e-02
3.075849264860153198e-02
3.124841675162315369e-02
3.166054561734199524e-02
3.074537403881549835e-02
3.179376944899559021e-02
3.100583516061306000e-02
3.189120069146156311e-02
3.087926656007766724e-02
3.167517483234405518e-02
3.168257325887680054e-02
3.104186058044433594e-02
3.148071095347404480e-02
3.152676671743392944e-02
3.059288673102855682e-02
3.153837099671363831e-02
3.098763711750507355e-02
3.115283884108066559e-02
3.148984163999557495e-02
3.124641068279743195e-02
3.078545443713665009e-02
3.063329495489597321e-02
3.047163411974906921e-02
3.090663999319076538e-02
3.161428123712539673e-02
3.083434700965881348e-02
3.080249018967151642e-02
3.098150901496410370e-02
3.057564422488212585e-02
3.093536384403705597e-02
3.110671043395996094e-02
3.102189302444458008e-02
3.120000287890434265e-02
3.124583698809146881e-02
3.126741200685501099e-02
3.077499382197856903e-02
3.066740743815898895e-02
3.162501379847526550e-02
3.124834597110748291e-02
3.200695291161537170e-02
3.104273602366447449e-02
3.094967268407344818e-02
3.087044321000576019e-02
3.135182335972785950e-02
3.047195076942443848e-02
3.106443397700786591e-02
3.055803291499614716e-02
3.124252334237098694e-02
3.064823336899280548e-02
3.078410401940345764e-02
3.072178363800048828e-02
3.081858530640602112e-02
3.057286702096462250e-02
3.133451566100120544e-02
3.090934455394744873e-02
3.104908205568790436e-02
3.101789020001888275e-02
3.065538965165615082e-02
3.089550137519836426e-02
3.092521429061889648e-02
3.083110600709915161e-02
3.120230138301849365e-02
3.162745386362075806e-02
3.099215030670166016e-02
3.079242631793022156e-02
3.085580468177795410e-02
3.179888427257537842e-02
3.061190806329250336e-02
3.071753494441509247e-02
3.109245374798774719e-02
3.078521788120269775e-02
3.030232898890972137e-02
3.114551305770874023e-02
3.188044950366020203e-02
3.114259056746959686e-02
3.133779764175415039e-02
3.069426305592060089e-02
3.057343512773513794e-02
3.089153766632080078e-02
3.065641224384307861e-02
3.079144842922687531e-02
3.144134953618049622e-02
3.069664910435676575e-02
3.082281164824962616e-02
3.069544397294521332e-02
3.073754534125328064e-02
3.086033090949058533e-02
3.091189265251159668e-02
3.125476837158203125e-02
3.089346364140510559e-02
3.074845671653747559e-02
3.058948740363121033e-02
3.112303093075752258e-02
3.151887282729148865e-02
3.123206831514835358e-02
3.064132295548915863e-02
3.095987252891063690e-02
3.029748238623142242e-02
3.028542548418045044e-02
3.075930103659629822e-02
3.100413456559181213e-02
3.066975623369216919e-02
3.027508594095706940e-02
3.082834184169769287e-02
3.183407336473464966e-02
3.029149398207664490e-02
3.069850988686084747e-02
3.076984547078609467e-02
3.051062300801277161e-02
3.078181855380535126e-02
3.082659654319286346e-02
3.050033189356327057e-02
3.075109608471393585e-02
3.069584630429744720e-02
3.086905740201473236e-02
3.103019669651985168e-02
