2.519878447055816650e-01
2.510921955108642578e-01
1.999184936285018921e-01
8.709584921598434448e-02
6.831224262714385986e-02
5.968979001045227051e-02
5.378570035099983215e-02
4.953531920909881592e-02
4.617343097925186157e-02
4.340109974145889282e-02
4.124135896563529968e-02
3.943958505988121033e-02
3.764103725552558899e-02
3.624857589602470398e-02
3.508255258202552795e-02
3.385116904973983765e-02
3.282650187611579895e-02
3.211405500769615173e-02
3.125932440161705017e-02
3.037373349070549011e-02
2.991059236228466034e-02
2.938626147806644440e-02
2.873818017542362213e-02
2.844187058508396149e-02
2.753940783441066742e-02
2.756665647029876709e-02
2.661226131021976471e-02
2.615100704133510590e-02
2.599735371768474579e-02
2.554814890027046204e-02
2.503868192434310913e-02
2.481258288025856018e-02
2.433655224740505219e-02
2.441811747848987579e-02
2.420886047184467316e-02
2.372609637677669525e-02
2.337627485394477844e-02
2.327117882668972015e-02
2.322155795991420746e-02
2.275647595524787903e-02
2.245387434959411621e-02
2.220190502703189850e-02
2.233143337070941925e-02
2.197584323585033417e-02
2.181021682918071747e-02
2.158914506435394287e-02
2.147554233670234680e-02
2.129442058503627777e-02
2.105333469808101654e-02
2.112113870680332184e-02
2.091048099100589752e-02
2.075121551752090454e-02
2.058465033769607544e-02
2.045738138258457184e-02
2.065533585846424103e-02
2.018784731626510620e-02
2.009657211601734161e-02
2.007374539971351624e-02
1.980761438608169556e-02
1.959554851055145264e-02
1.966544240713119507e-02
1.930546946823596954e-02
1.966039836406707764e-02
1.919033937156200409e-02
1.913616247475147247e-02
1.899186521768569946e-02
1.912287622690200806e-02
1.891031675040721893e-02
1.908998936414718628e-02
1.880362443625926971e-02
1.882847025990486145e-02
1.843830943107604980e-02
1.822948828339576721e-02
1.848226599395275116e-02
1.831033453345298767e-02
1.836754754185676575e-02
1.804187148809432983e-02
1.797762140631675720e-02
1.792473532259464264e-02
1.804827712476253510e-02
1.811948046088218689e-02
1.786282472312450409e-02
1.772348955273628235e-02
1.766020804643630981e-02
1.754308864474296570e-02
1.760923676192760468e-02
1.752778328955173492e-02
1.733485981822013855e-02
1.732079870998859406e-02
1.716256141662597656e-02
1.716299168765544891e-02
1.735755242407321930e-02
1.703808270394802094e-02
1.718926616013050079e-02
1.697566360235214233e-02
1.701240614056587219e-02
1.683566346764564514e-02
1.671715453267097473e-02
1.681979000568389893e-02
1.669970713555812836e-02
1.675342768430709839e-02
1.662648096680641174e-02
1.643774658441543579e-02
1.650003902614116669e-02
1.642694696784019470e-02
1.631135679781436920e-02
1.646967232227325439e-02
1.631911098957061768e-02
1.627715677022933960e-02
1.623769290745258331e-02
1.595621742308139801e-02
1.604870334267616272e-02
1.616866700351238251e-02
1.627296581864356995e-02
1.606871001422405243e-02
1.588612608611583710e-02
1.609839871525764465e-02
1.590975001454353333e-02
1.598593033850193024e-02
1.616068556904792786e-02
1.586282253265380859e-02
1.557223312556743622e-02
1.555616874247789383e-02
1.581952720880508423e-02
1.548363361507654190e-02
1.554490812122821808e-02
1.557504292577505112e-02
1.553308218717575073e-02
1.564560458064079285e-02
1.551524177193641663e-02
1.547736860811710358e-02
1.534089073538780212e-02
1.542615797370672226e-02
1.531980466097593307e-02
1.532201562076807022e-02
1.520568970590829849e-02
1.536404713988304138e-02
1.540473010390996933e-02
1.505629438906908035e-02
1.513475365936756134e-02
1.509126089513301849e-02
1.498836092650890350e-02
1.497129071503877640e-02
1.509794313460588455e-02
1.490141637623310089e-02
1.491835433989763260e-02
1.498178858309984207e-02
1.500828284770250320e-02
1.471282541751861572e-02
1.496858801692724228e-02
1.463226508349180222e-02
1.493419986218214035e-02
1.467529032379388809e-02
1.463251933455467224e-02
1.455846522003412247e-02
1.457368023693561554e-02
1.481190044432878494e-02
1.456710044294595718e-02
1.448933687061071396e-02
1.479349937289953232e-02
1.447938196361064911e-02
1.436542812734842300e-02
1.456208992749452591e-02
1.446395274251699448e-02
1.437171641737222672e-02
1.450838800519704819e-02
1.459059491753578186e-02
1.448412146419286728e-02
1.447434071451425552e-02
1.422406733036041260e-02
1.423480268567800522e-02
1.445845048874616623e-02
1.433345489203929901e-02
1.438901945948600769e-02
1.434770319610834122e-02
1.399372704327106476e-02
1.431492902338504791e-02
1.408889424055814743e-02
1.417705696076154709e-02
1.414294447749853134e-02
1.401685178279876709e-02
1.411149464547634125e-02
1.409434992820024490e-02
1.392231881618499756e-02
1.412230357527732849e-02
1.421886030584573746e-02
1.402638107538223267e-02
1.410050038248300552e-02
1.400350779294967651e-02
1.405471935868263245e-02
1.374242082238197327e-02
1.386496424674987793e-02
1.380212698131799698e-02
1.384603604674339294e-02
1.403421908617019653e-02
1.374317612498998642e-02
1.367186009883880615e-02
1.376585196703672409e-02
1.369843725115060806e-02
1.368200965225696564e-02
1.377763040363788605e-02
1.381517946720123291e-02
1.366204209625720978e-02
1.379218138754367828e-02
1.351945661008358002e-02
1.365688815712928772e-02
1.362319476902484894e-02
1.376648992300033569e-02
1.367216370999813080e-02
1.351238973438739777e-02
1.370661053806543350e-02
1.342882961034774780e-02
1.347168255597352982e-02
1.340544316917657852e-02
1.360609289258718491e-02
1.346862036734819412e-02
1.346428692340850830e-02
1.355661172419786453e-02
1.367474626749753952e-02
1.328056491911411285e-02
1.334094721823930740e-02
1.359490212053060532e-02
1.331141218543052673e-02
1.337585598230361938e-02
1.337811164557933807e-02
1.346843596547842026e-02
1.321717724204063416e-02
1.339761074632406235e-02
1.333097647875547409e-02
1.329311821609735489e-02
1.303037069737911224e-02
1.323374919593334198e-02
1.329155080020427704e-02
1.322588790208101273e-02
1.316452957689762115e-02
1.309330482035875320e-02
1.346503011882305145e-02
1.316910702735185623e-02
1.306885574012994766e-02
1.303747389465570450e-02
1.303956564515829086e-02
1.317858137190341949e-02
1.321137417107820511e-02
1.301386300474405289e-02
1.295208279043436050e-02
1.311285700649023056e-02
1.302644237875938416e-02
1.293507963418960571e-02
1.290360279381275177e-02
1.287739258259534836e-02
1.285186037421226501e-02
1.282151974737644196e-02
1.279419753700494766e-02
1.305683888494968414e-02
1.270866300910711288e-02
1.303812861442565918e-02
1.279039680957794189e-02
1.290137507021427155e-02
1.279113721102476120e-02
1.277837064117193222e-02
1.263792999088764191e-02
1.265403628349304199e-02
1.268697250634431839e-02
1.285610161721706390e-02
1.264958921819925308e-02
1.261596754193305969e-02
1.264824066311120987e-02
1.271719019860029221e-02
1.237378269433975220e-02
1.293225865811109543e-02
1.258942112326622009e-02
1.247398927807807922e-02
1.270045898854732513e-02
1.285390183329582214e-02
1.260196976363658905e-02
1.256718393415212631e-02
1.268298272043466568e-02
1.249810308218002319e-02
1.235136110335588455e-02
1.254597213119268417e-02
1.265684235841035843e-02
1.242703478783369064e-02
1.246485952287912369e-02
1.260298956185579300e-02
1.244140882045030594e-02
1.247813738882541656e-02
1.263262424618005753e-02
1.248116698116064072e-02
1.249605044722557068e-02
1.267159916460514069e-02
1.246711052954196930e-02
1.241519767791032791e-02
1.251623779535293579e-02
1.256317459046840668e-02
1.247635018080472946e-02
1.236305013298988342e-02
1.244356483221054077e-02
1.228009350597858429e-02
1.247796136885881424e-02
1.212372072041034698e-02
1.233702059835195541e-02
1.252015866339206696e-02
1.221926603466272354e-02
1.249032188206911087e-02
1.244127191603183746e-02
1.195955090224742889e-02
1.227116212248802185e-02
1.225178223103284836e-02
1.201553735882043839e-02
1.225150562822818756e-02
1.215713564306497574e-02
1.230149529874324799e-02
1.234024390578269958e-02
1.208552438765764236e-02
1.232513692229986191e-02
1.214388292282819748e-02
1.218686997890472412e-02
1.212844531983137131e-02
1.205829251557588577e-02
1.215040404349565506e-02
1.204881165176630020e-02
1.202794257551431656e-02
1.212219055742025375e-02
1.195105537772178650e-02
1.228809822350740433e-02
1.205127406865358353e-02
1.209785789251327515e-02
1.213453058153390884e-02
1.208613067865371704e-02
1.220511086285114288e-02
1.194109208881855011e-02
1.232694275677204132e-02
1.179391983896493912e-02
1.205661520361900330e-02
1.201738510280847549e-02
1.205190271139144897e-02
1.188987959176301956e-02
1.197404135018587112e-02
1.184802688658237457e-02
1.191416662186384201e-02
1.190703921020030975e-02
1.198197901248931885e-02
1.205515488982200623e-02
1.191777177155017853e-02
1.180826313793659210e-02
1.198316458612680435e-02
1.198894530534744263e-02
1.167436596006155014e-02
1.207300461828708649e-02
1.187127269804477692e-02
1.163801271468400955e-02
1.186032034456729889e-02
1.183105353266000748e-02
1.177359092980623245e-02
1.173285674303770065e-02
1.186109893023967743e-02
1.187510043382644653e-02
1.172322593629360199e-02
1.188726071268320084e-02
1.152321696281433105e-02
1.186162512749433517e-02
1.184247061610221863e-02
1.176388096064329147e-02
1.175471767783164978e-02
1.170528400689363480e-02
1.198544539511203766e-02
1.145775616168975830e-02
1.169566996395587921e-02
1.170502975583076477e-02
1.170514244586229324e-02
1.170766912400722504e-02
1.158479321748018265e-02
1.157045364379882812e-02
1.179094426333904266e-02
1.186221092939376831e-02
1.141992956399917603e-02
1.157389301806688309e-02
1.148937921971082687e-02
1.161654014140367508e-02
1.171721145510673523e-02
1.159314531832933426e-02
1.143938768655061722e-02
1.183652598410844803e-02
1.167537644505500793e-02
1.162802334874868393e-02
1.175091136246919632e-02
1.141555234789848328e-02
1.147303823381662369e-02
1.171184144914150238e-02
1.172812562435865402e-02
1.166986860334873199e-02
1.161099132150411606e-02
1.135433558374643326e-02
1.133370399475097656e-02
1.138479914516210556e-02
1.138319261372089386e-02
1.148279663175344467e-02
1.162218675017356873e-02
1.154562644660472870e-02
1.150841079652309418e-02
1.132228225469589233e-02
1.145929470658302307e-02
1.142008602619171143e-02
1.120004057884216309e-02
1.138162612915039062e-02
1.150007825344800949e-02
1.140212081372737885e-02
1.142988167703151703e-02
1.140406168997287750e-02
1.133516151458024979e-02
1.135839149355888367e-02
1.140125934034585953e-02
1.120178867131471634e-02
1.145792379975318909e-02
1.113077253103256226e-02
1.130224019289016724e-02
1.136063877493143082e-02
1.134879700839519501e-02
1.118438132107257843e-02
1.155806239694356918e-02
1.151410676538944244e-02
1.142096612602472305e-02
1.134745590388774872e-02
1.159151922911405563e-02
1.158556155860424042e-02
1.134386844933032990e-02
1.112984586507081985e-02
1.151586044579744339e-02
1.138194743543863297e-02
1.134057529270648956e-02
1.126673165708780289e-02
1.128467638045549393e-02
1.126576773822307587e-02
1.120250020176172256e-02
1.122455671429634094e-02
1.126826275140047073e-02
1.133387628942728043e-02
1.113231852650642395e-02
1.108672376722097397e-02
1.117348857223987579e-02
1.114543713629245758e-02
1.135563757270574570e-02
1.101414579898118973e-02
1.136991940438747406e-02
1.142638828605413437e-02
1.119176391512155533e-02
1.136640738695859909e-02
1.120534073561429977e-02
1.087376568466424942e-02
1.118657644838094711e-02
1.144666876643896103e-02
1.109306514263153076e-02
1.130181271582841873e-02
1.125782076269388199e-02
1.109836436808109283e-02
1.111585367470979691e-02
1.112874504178762436e-02
1.123158540576696396e-02
1.119339093565940857e-02
1.095413696020841599e-02
1.102479826658964157e-02
1.127835176885128021e-02
1.105585973709821701e-02
1.108337193727493286e-02
1.108338218182325363e-02
1.104814931750297546e-02
1.121579576283693314e-02
1.100406888872385025e-02
1.127047277987003326e-02
1.102185249328613281e-02
1.122360490262508392e-02
1.117042358964681625e-02
1.102841924875974655e-02
1.119651831686496735e-02
1.099905744194984436e-02
1.097425166517496109e-02
1.095169596374034882e-02
1.082368660718202591e-02
1.092927064746618271e-02
1.094495411962270737e-02
1.101342961192131042e-02
1.103343535214662552e-02
1.106890104711055756e-02
1.096589956432580948e-02
1.106872968375682831e-02
1.107270084321498871e-02
1.105487253516912460e-02
1.095512509346008301e-02
1.082654297351837158e-02
1.095747947692871094e-02
1.085200905799865723e-02
1.086041610687971115e-02
1.075867190957069397e-02
1.097517460584640503e-02
1.082264445722103119e-02
1.113846618682146072e-02
1.087857410311698914e-02
1.097500324249267578e-02
1.095977704972028732e-02
1.080090925097465515e-02
1.086456142365932465e-02
1.099021267145872116e-02
1.066073309630155563e-02
1.110055577009916306e-02
1.097825169563293457e-02
1.090899575501680374e-02
1.098098512738943100e-02
1.077371183782815933e-02
1.081818994134664536e-02
1.095620729029178619e-02
1.081314124166965485e-02
1.077698450535535812e-02
1.100660581141710281e-02
1.070870738476514816e-02
1.071282941848039627e-02
1.087951846420764923e-02
1.075415499508380890e-02
1.087286323308944702e-02
1.065863668918609619e-02
1.093757897615432739e-02
1.089863292872905731e-02
1.093875896185636520e-02
1.079824659973382950e-02
1.071095839142799377e-02
1.089218258857727051e-02
1.081552449613809586e-02
1.099830307066440582e-02
1.077253837138414383e-02
1.091451011598110199e-02
1.077102217823266983e-02
1.075622439384460449e-02
1.083402987569570541e-02
1.092341169714927673e-02
1.067752391099929810e-02
1.088330987840890884e-02
1.085999328643083572e-02
1.071333047002553940e-02
1.071551814675331116e-02
1.082766987383365631e-02
1.069666445255279541e-02
1.070231292396783829e-02
1.075567025691270828e-02
1.072986051440238953e-02
1.063961908221244812e-02
1.062231604009866714e-02
1.056375261396169662e-02
1.077906973659992218e-02
1.074973400682210922e-02
1.073079183697700500e-02
1.083460357040166855e-02
1.096620596945285797e-02
1.067558396607637405e-02
1.069986633956432343e-02
1.087788119912147522e-02
1.094127167016267776e-02
1.065617427229881287e-02
1.075200457125902176e-02
1.073082070797681808e-02
1.099165715277194977e-02
1.085485797375440598e-02
1.078564301133155823e-02
1.054829452186822891e-02
1.073409523814916611e-02
1.047638896852731705e-02
1.053950563073158264e-02
1.073793042451143265e-02
1.066531334072351456e-02
1.047872751951217651e-02
1.047911867499351501e-02
1.051852852106094360e-02
1.050432212650775909e-02
1.060512755066156387e-02
1.060324627906084061e-02
1.060372497886419296e-02
1.054714620113372803e-02
1.065105292946100235e-02
1.044121198356151581e-02
1.068523991852998734e-02
1.052678283303976059e-02
1.084762904793024063e-02
1.075929403305053711e-02
1.066451147198677063e-02
1.033514179289340973e-02
1.074292790144681931e-02
1.042287331074476242e-02
1.039449498057365417e-02
1.032933406531810760e-02
1.040856540203094482e-02
1.060730777680873871e-02
1.041749864816665649e-02
1.036800816655158997e-02
1.055913511663675308e-02
1.028647925704717636e-02
1.040608994662761688e-02
1.043801382184028625e-02
1.048357132822275162e-02
1.052065938711166382e-02
1.052777003496885300e-02
1.045976672321557999e-02
1.063636597245931625e-02
1.033492386341094971e-02
1.033756975084543228e-02
1.071627438068389893e-02
1.050005760043859482e-02
1.042121089994907379e-02
1.017626374959945679e-02
1.042326819151639938e-02
1.039604097604751587e-02
1.041272841393947601e-02
1.038866583257913589e-02
1.026725769042968750e-02
1.035481598228216171e-02
1.032979041337966919e-02
1.048971060663461685e-02
1.042567938566207886e-02
1.049435697495937347e-02
1.046530436724424362e-02
1.037882547825574875e-02
1.033934578299522400e-02
1.032758690416812897e-02
1.047885697335004807e-02
1.047955825924873352e-02
1.027382630854845047e-02
1.043986063450574875e-02
1.050340570509433746e-02
1.018933951854705811e-02
1.055443845689296722e-02
1.049762498587369919e-02
1.032717991620302200e-02
1.026893500238656998e-02
1.022001449018716812e-02
1.029917970299720764e-02
1.029795035719871521e-02
1.041735988110303879e-02
1.037531346082687378e-02
1.042057294398546219e-02
1.048972178250551224e-02
1.053216122090816498e-02
1.024890691041946411e-02
1.061879657208919525e-02
1.037343963980674744e-02
1.044216286391019821e-02
1.037499401718378067e-02
1.007050182670354843e-02
1.046461984515190125e-02
1.018795929849147797e-02
1.023851707577705383e-02
1.021842006593942642e-02
1.018435880541801453e-02
1.027744542807340622e-02
1.017330028116703033e-02
1.016844063997268677e-02
1.050646975636482239e-02
1.030976604670286179e-02
1.034062542021274567e-02
1.024067122489213943e-02
1.009202189743518829e-02
1.046617701649665833e-02
1.025912910699844360e-02
1.053601130843162537e-02
1.025601662695407867e-02
1.027369778603315353e-02
1.008802838623523712e-02
1.036512106657028198e-02
1.058065798133611679e-02
1.028019748628139496e-02
1.021861005574464798e-02
1.032026857137680054e-02
1.030350476503372192e-02
1.020522881299257278e-02
1.018486358225345612e-02
1.034462451934814453e-02
1.017265953123569489e-02
1.027280837297439575e-02
1.023796573281288147e-02
1.029450260102748871e-02
1.017580181360244751e-02
1.006308384239673615e-02
1.031496375799179077e-02
1.022199075669050217e-02
1.003154180943965912e-02
1.002898253500461578e-02
1.028771325945854187e-02
1.034770254045724869e-02
1.045779790729284286e-02
1.007603574544191360e-02
1.032228209078311920e-02
1.026132330298423767e-02
1.012200582772493362e-02
1.034629531204700470e-02
1.007513608783483505e-02
1.020810753107070923e-02
1.018673740327358246e-02
1.022942084819078445e-02
1.040821801871061325e-02
9.979487396776676178e-03
1.046193204820156097e-02
1.019775960594415665e-02
1.027424726635217667e-02
9.958759881556034088e-03
1.028709486126899719e-02
1.030953694134950638e-02
9.951172396540641785e-03
1.030225772410631180e-02
1.014340855181217194e-02
1.011326070874929428e-02
1.005114056169986725e-02
1.008921861648559570e-02
9.953988716006278992e-03
9.888503700494766235e-03
1.002977602183818817e-02
1.002635993063449860e-02
1.003025658428668976e-02
1.011565048247575760e-02
1.003568433225154877e-02
9.995066560804843903e-03
1.012592203915119171e-02
1.007465086877346039e-02
9.964265860617160797e-03
9.782807901501655579e-03
1.013370975852012634e-02
9.990394115447998047e-03
9.956643916666507721e-03
1.008689962327480316e-02
1.014489680528640747e-02
1.019899640232324600e-02
1.005439832806587219e-02
1.010263245552778244e-02
9.822607971727848053e-03
1.033163443207740784e-02
9.975327178835868835e-03
1.018350105732679367e-02
9.798643179237842560e-03
9.936575777828693390e-03
9.833869524300098419e-03
1.019034348428249359e-02
1.027393992990255356e-02
9.991622529923915863e-03
9.919430129230022430e-03
9.864054620265960693e-03
1.023718342185020447e-02
1.012733578681945801e-02
1.015697699040174484e-02
1.010121218860149384e-02
1.009090617299079895e-02
9.884341619908809662e-03
1.008373498916625977e-02
9.919945150613784790e-03
9.876223281025886536e-03
1.013851817697286606e-02
9.953682310879230499e-03
1.018788758665323257e-02
1.002126466482877731e-02
9.892656467854976654e-03
9.877101518213748932e-03
1.009696070104837418e-02
9.883153252303600311e-03
1.012155879288911819e-02
1.000072900205850601e-02
9.861952625215053558e-03
1.015435159206390381e-02
9.877508506178855896e-03
9.963797405362129211e-03
1.007628906518220901e-02
9.868120774626731873e-03
1.001292932778596878e-02
9.889831766486167908e-03
1.008963864296674728e-02
9.988593868911266327e-03
9.869042783975601196e-03
1.004472188651561737e-02
1.002364046871662140e-02
1.010682154446840286e-02
9.950445964932441711e-03
1.005390938371419907e-02
1.015127450227737427e-02
9.769712574779987335e-03
9.987762197852134705e-03
9.962435811758041382e-03
9.811000898480415344e-03
9.950864128768444061e-03
9.982501156628131866e-03
9.945631027221679688e-03
9.834348224103450775e-03
9.684986434876918793e-03
9.992424398660659790e-03
1.004227716475725174e-02
1.011461112648248672e-02
9.848668240010738373e-03
9.818178601562976837e-03
9.915645234286785126e-03
9.843446314334869385e-03
9.978207759559154510e-03
1.012334413826465607e-02
9.887078776955604553e-03
9.924272075295448303e-03
9.959726594388484955e-03
9.827282279729843140e-03
9.937749244272708893e-03
9.576719254255294800e-03
9.865893051028251648e-03
9.773205034434795380e-03
9.889964945614337921e-03
9.971634484827518463e-03
9.988356381654739380e-03
9.709945879876613617e-03
9.852475486695766449e-03
9.841659106314182281e-03
9.781812317669391632e-03
9.896902367472648621e-03
9.713931940495967865e-03
9.794908575713634491e-03
9.754394181072711945e-03
9.713427163660526276e-03
9.979976341128349304e-03
9.808640927076339722e-03
9.668787010014057159e-03
9.766284376382827759e-03
9.805039502680301666e-03
9.721082635223865509e-03
9.909918531775474548e-03
9.629399515688419342e-03
9.818784892559051514e-03
9.951136074960231781e-03
9.542861022055149078e-03
9.820047765970230103e-03
9.669252671301364899e-03
9.828109294176101685e-03
9.724031202495098114e-03
9.711427614092826843e-03
9.861682541668415070e-03
9.613645263016223907e-03
9.633818641304969788e-03
9.906068444252014160e-03
9.918911382555961609e-03
9.776497259736061096e-03
9.663229808211326599e-03
9.955959394574165344e-03
9.706516750156879425e-03
9.723545983433723450e-03
9.625413455069065094e-03
9.890887886285781860e-03
9.896920062601566315e-03
1.000890042632818222e-02
9.739369153976440430e-03
9.711394086480140686e-03
9.907319210469722748e-03
9.694614447653293610e-03
9.693975560367107391e-03
9.705171920359134674e-03
9.790832176804542542e-03
1.008555945008993149e-02
9.699680842459201813e-03
9.786238893866539001e-03
9.688710793852806091e-03
9.722989052534103394e-03
9.710787795484066010e-03
9.638142772018909454e-03
9.820151142776012421e-03
9.929345920681953430e-03
9.813512675464153290e-03
9.733716025948524475e-03
9.802294895052909851e-03
9.764598682522773743e-03
9.965599514544010162e-03
9.733982384204864502e-03
9.764918126165866852e-03
9.754466824233531952e-03
9.731451049447059631e-03
9.626377373933792114e-03
9.901167824864387512e-03
9.527790360152721405e-03
9.686952456831932068e-03
9.586436673998832703e-03
9.638341143727302551e-03
9.598087519407272339e-03
9.871035814285278320e-03
9.860618971288204193e-03
9.581685066223144531e-03
9.694241918623447418e-03
9.532405994832515717e-03
9.749677963554859161e-03
9.490568190813064575e-03
9.885392151772975922e-03
9.662699885666370392e-03
9.651375934481620789e-03
9.579985402524471283e-03
9.752022102475166321e-03
9.694557636976242065e-03
9.611490182578563690e-03
9.757161140441894531e-03
9.703675284981727600e-03
9.759108535945415497e-03
9.391656145453453064e-03
9.866454638540744781e-03
9.621018543839454651e-03
9.891774505376815796e-03
9.618566371500492096e-03
9.653297252953052521e-03
9.779784828424453735e-03
9.802797809243202209e-03
9.555582888424396515e-03
9.749263525009155273e-03
9.750233031809329987e-03
9.609829634428024292e-03
9.703607298433780670e-03
9.499839507043361664e-03
9.631320834159851074e-03
9.603970684111118317e-03
9.764366783201694489e-03
9.459759108722209930e-03
9.571854956448078156e-03
9.652298875153064728e-03
9.708423167467117310e-03
9.612282738089561462e-03
9.729822166264057159e-03
9.595144540071487427e-03
9.684202261269092560e-03
9.549730457365512848e-03
9.968618862330913544e-03
9.692705236375331879e-03
9.702536277472972870e-03
9.599739685654640198e-03
9.604464285075664520e-03
9.544310159981250763e-03
9.655635803937911987e-03
9.388908743858337402e-03
9.362609125673770905e-03
9.680991061031818390e-03
9.490849450230598450e-03
9.700957685708999634e-03
9.499414823949337006e-03
9.375793859362602234e-03
9.481279179453849792e-03
9.570816531777381897e-03
9.551559574902057648e-03
9.514200501143932343e-03
9.397420100867748260e-03
9.815952740609645844e-03
9.602721780538558960e-03
9.684302844107151031e-03
9.841454215347766876e-03
9.720887057483196259e-03
9.607407264411449432e-03
9.616195224225521088e-03
9.734911844134330750e-03
9.304352104663848877e-03
9.775342419743537903e-03
9.463666006922721863e-03
9.726826101541519165e-03
9.586059488356113434e-03
9.676700457930564880e-03
9.614929556846618652e-03
9.400242939591407776e-03
9.616406634449958801e-03
9.670315310359001160e-03
9.642115794122219086e-03
9.489676915109157562e-03
9.741878136992454529e-03
9.671686217188835144e-03
9.498338215053081512e-03
9.630711749196052551e-03
9.519151411950588226e-03
9.510847739875316620e-03
9.406411089003086090e-03
9.517481550574302673e-03
9.528203867375850677e-03
9.588357061147689819e-03
9.338757954537868500e-03
9.469253942370414734e-03
9.530249051749706268e-03
9.319263510406017303e-03
9.641244076192378998e-03
9.485444054007530212e-03
9.610138833522796631e-03
9.625863283872604370e-03
9.499071165919303894e-03
9.429708123207092285e-03
9.561198763549327850e-03
9.462176822125911713e-03
9.855256415903568268e-03
9.621546603739261627e-03
9.603170678019523621e-03
9.506501257419586182e-03
9.630120359361171722e-03
9.222408756613731384e-03
9.453072212636470795e-03
9.527263231575489044e-03
9.761691093444824219e-03
9.400967508554458618e-03
9.496545419096946716e-03
9.400538168847560883e-03
9.372689761221408844e-03
9.519897401332855225e-03
9.507793001830577850e-03
9.331071749329566956e-03
9.371777065098285675e-03
9.473511949181556702e-03
9.564013220369815826e-03
9.708810597658157349e-03
9.312818758189678192e-03
9.604848921298980713e-03
9.173251688480377197e-03
9.448531083762645721e-03
9.498073719441890717e-03
9.762668982148170471e-03
9.290016256272792816e-03
9.719400666654109955e-03
9.513966739177703857e-03
9.553610347211360931e-03
9.303549304604530334e-03
9.667748585343360901e-03
9.457524865865707397e-03
9.340605698525905609e-03
9.541457518935203552e-03
9.412879124283790588e-03
9.319982491433620453e-03
9.314534254372119904e-03
9.373707696795463562e-03
9.390232153236865997e-03
9.137915447354316711e-03
9.636653587222099304e-03
9.376350790262222290e-03
9.525300934910774231e-03
9.652333334088325500e-03
9.325207211077213287e-03
9.354463778436183929e-03
9.356132708489894867e-03
9.344878606498241425e-03
9.288157336413860321e-03
9.645626880228519440e-03
9.405141696333885193e-03
9.604563936591148376e-03
9.674804285168647766e-03
9.511993266642093658e-03
9.458345361053943634e-03
9.362737648189067841e-03
9.492570534348487854e-03
9.405450895428657532e-03
9.231925942003726959e-03
9.328641928732395172e-03
9.249692782759666443e-03
9.447486139833927155e-03
9.616018272936344147e-03
9.447820484638214111e-03
9.349212981760501862e-03
9.247677400708198547e-03
9.608003310859203339e-03
9.176302701234817505e-03
9.609553031623363495e-03
9.249193593859672546e-03
9.462444111704826355e-03
9.252343326807022095e-03
9.264806285500526428e-03
9.465226903557777405e-03
9.220529347658157349e-03
9.307512082159519196e-03
9.630659595131874084e-03
9.747992269694805145e-03
9.423765353858470917e-03
9.332899935543537140e-03
9.371590800583362579e-03
9.476583451032638550e-03
9.554560296237468719e-03
9.234196506440639496e-03
9.439904242753982544e-03
9.373928420245647430e-03
9.452697820961475372e-03
9.441219270229339600e-03
9.343141689896583557e-03
9.588571265339851379e-03
9.523632936179637909e-03
9.318794123828411102e-03
9.423771873116493225e-03
9.135804139077663422e-03
9.442049078643321991e-03
9.390976279973983765e-03
9.316522628068923950e-03
9.345154277980327606e-03
9.337130002677440643e-03
9.300508536398410797e-03
9.407586418092250824e-03
9.397311136126518250e-03
9.836319833993911743e-03
9.394216351211071014e-03
9.307931177318096161e-03
9.494471363723278046e-03
9.519637562334537506e-03
9.206560440361499786e-03
8.994287811219692230e-03
9.137501940131187439e-03
9.170470759272575378e-03
9.376537986099720001e-03
9.294531308114528656e-03
9.334579110145568848e-03
9.191247634589672089e-03
9.204358793795108795e-03
9.195796214044094086e-03
9.428714402019977570e-03
9.270700626075267792e-03
9.193287231028079987e-03
9.336938150227069855e-03
9.373512119054794312e-03
9.146285243332386017e-03
9.180752560496330261e-03
9.334807284176349640e-03
9.193420410156250000e-03
9.307480417191982269e-03
9.525937959551811218e-03
9.356260299682617188e-03
9.517503902316093445e-03
9.097714908421039581e-03
9.228223003447055817e-03
9.135925211012363434e-03
9.284888394176959991e-03
9.269942529499530792e-03
9.320596233010292053e-03
9.145827032625675201e-03
9.163107722997665405e-03
9.478056803345680237e-03
9.131005965173244476e-03
9.092246182262897491e-03
9.456859901547431946e-03
9.113391861319541931e-03
9.483430534601211548e-03
9.284679777920246124e-03
9.327240288257598877e-03
9.400466457009315491e-03
9.487913921475410461e-03
9.137518703937530518e-03
9.323772042989730835e-03
9.178147651255130768e-03
9.183126501739025116e-03
9.204970672726631165e-03
9.303082711994647980e-03
9.223321452736854553e-03
9.120269678533077240e-03
9.341537952423095703e-03
9.337857365608215332e-03
9.171233512461185455e-03
9.451658464968204498e-03
8.964547887444496155e-03
9.174206294119358063e-03
9.360681287944316864e-03
9.230822324752807617e-03
9.221382439136505127e-03
9.409142658114433289e-03
8.977451361715793610e-03
9.129853919148445129e-03
9.366386570036411285e-03
9.191603399813175201e-03
9.178165346384048462e-03
9.166025556623935699e-03
9.306279942393302917e-03
9.335629642009735107e-03
9.204344823956489563e-03
9.171348996460437775e-03
9.209327399730682373e-03
9.143210016191005707e-03
9.316738694906234741e-03
9.035011753439903259e-03
9.100350551307201385e-03
9.307060390710830688e-03
9.059550240635871887e-03
9.163398295640945435e-03
9.511092677712440491e-03
9.208352304995059967e-03
9.112748317420482635e-03
9.352644905447959900e-03
9.522704407572746277e-03
9.011274203658103943e-03
9.149963036179542542e-03
9.307713247835636139e-03
9.155279025435447693e-03
9.207677096128463745e-03
9.163375943899154663e-03
9.178264997899532318e-03
9.567068889737129211e-03
9.022379294037818909e-03
9.154607541859149933e-03
9.080525487661361694e-03
9.331258013844490051e-03
9.431914426386356354e-03
9.229569695889949799e-03
9.037137031555175781e-03
9.073206223547458649e-03
9.102142415940761566e-03
9.232916869223117828e-03
9.176139719784259796e-03
9.241437539458274841e-03
8.964204229414463043e-03
9.071745909750461578e-03
9.147977456450462341e-03
9.280766360461711884e-03
9.169716387987136841e-03
9.141409769654273987e-03
9.189879521727561951e-03
9.337456896901130676e-03
9.011778049170970917e-03
9.082616306841373444e-03
9.172781370580196381e-03
9.146042168140411377e-03
9.307166561484336853e-03
9.316589683294296265e-03
9.050233289599418640e-03
9.223341010510921478e-03
9.213422425091266632e-03
9.303268045186996460e-03
9.154389612376689911e-03
9.184667840600013733e-03
9.280680678784847260e-03
9.155016392469406128e-03
9.118957445025444031e-03
8.995715528726577759e-03
9.331194683909416199e-03
9.151035919785499573e-03
9.274739772081375122e-03
9.006037376821041107e-03
9.365753270685672760e-03
9.199373424053192139e-03
9.254854172468185425e-03
9.225598536431789398e-03
9.132756851613521576e-03
9.317184798419475555e-03
9.408222511410713196e-03
9.132817387580871582e-03
9.134282357990741730e-03
9.102528914809226990e-03
9.369992651045322418e-03
9.139468893408775330e-03
9.382971562445163727e-03
9.258818812668323517e-03
9.224194101989269257e-03
9.170550853013992310e-03
9.087363258004188538e-03
9.213775396347045898e-03
9.174045175313949585e-03
9.176885709166526794e-03
9.073086082935333252e-03
9.075331501662731171e-03
9.159849025309085846e-03
9.016007184982299805e-03
9.257326833903789520e-03
9.209444746375083923e-03
9.077703580260276794e-03
9.282181970775127411e-03
9.250114671885967255e-03
9.269258938729763031e-03
9.303282015025615692e-03
9.274221956729888916e-03
9.153826162219047546e-03
9.153921157121658325e-03
9.216455742716789246e-03
8.960150182247161865e-03
9.195439517498016357e-03
9.038975462317466736e-03
9.082965552806854248e-03
9.175708517432212830e-03
9.092288091778755188e-03
9.153887629508972168e-03
9.011106565594673157e-03
9.037445299327373505e-03
9.068335406482219696e-03
9.069825522601604462e-03
9.080365300178527832e-03
9.248219430446624756e-03
8.993519470095634460e-03
9.119559079408645630e-03
9.123130701482295990e-03
9.188801050186157227e-03
9.060712531208992004e-03
9.151038713753223419e-03
9.088299237191677094e-03
9.153257124125957489e-03
9.012865833938121796e-03
9.140929207205772400e-03
9.001439437270164490e-03
9.090538136661052704e-03
9.034212678670883179e-03
8.975907228887081146e-03
9.161476977169513702e-03
9.256792254745960236e-03
9.059431962668895721e-03
9.682921692728996277e-03
9.003465995192527771e-03
9.050979278981685638e-03
9.371006861329078674e-03
8.956554345786571503e-03
9.110258892178535461e-03
9.089780971407890320e-03
9.252950549125671387e-03
9.018611162900924683e-03
8.967605419456958771e-03
8.844548836350440979e-03
9.161171503365039825e-03
9.064713492989540100e-03
9.047559462487697601e-03
9.098094888031482697e-03
8.844753727316856384e-03
9.064235724508762360e-03
8.897978812456130981e-03
8.938200771808624268e-03
9.107889607548713684e-03
9.111731313169002533e-03
9.023728780448436737e-03
9.031628258526325226e-03
9.094353765249252319e-03
8.984913118183612823e-03
8.998243138194084167e-03
8.967638947069644928e-03
9.088621474802494049e-03
8.948446251451969147e-03
9.085592813789844513e-03
9.145628660917282104e-03
8.942962624132633209e-03
8.891628123819828033e-03
9.374036453664302826e-03
8.936691097915172577e-03
9.021515958011150360e-03
8.941518142819404602e-03
9.152363054454326630e-03
9.051290340721607208e-03
9.014895185828208923e-03
9.110224433243274689e-03
9.136241860687732697e-03
9.074444882571697235e-03
9.065018966794013977e-03
9.225387126207351685e-03
8.796138688921928406e-03
9.073045104742050171e-03
9.033539332449436188e-03
9.166777133941650391e-03
9.132796898484230042e-03
9.018752723932266235e-03
9.194009006023406982e-03
9.202130138874053955e-03
9.292583912611007690e-03
9.101163595914840698e-03
9.457534179091453552e-03
8.888474665582180023e-03
9.027402848005294800e-03
8.941759355366230011e-03
8.876699954271316528e-03
8.904034271836280823e-03
8.941672742366790771e-03
8.972574956715106964e-03
9.148592129349708557e-03
9.075851179659366608e-03
8.769728243350982666e-03
8.750823326408863068e-03
9.017273783683776855e-03
9.053913876414299011e-03
8.886244148015975952e-03
9.059428237378597260e-03
8.980749174952507019e-03
9.100458584725856781e-03
8.936095051467418671e-03
8.987012319266796112e-03
8.879341185092926025e-03
8.898697793483734131e-03
8.940075524151325226e-03
9.160252287983894348e-03
8.919159881770610809e-03
8.999319747090339661e-03
9.292164817452430725e-03
8.963263593614101410e-03
9.062827564775943756e-03
9.000393562018871307e-03
8.835001848638057709e-03
9.172334335744380951e-03
8.770684711635112762e-03
8.838593959808349609e-03
9.104626253247261047e-03
8.851541206240653992e-03
8.879550732672214508e-03
9.073445573449134827e-03
9.165753610432147980e-03
8.835479617118835449e-03
8.981683291494846344e-03
8.936215192079544067e-03
9.231739677488803864e-03
8.940648287534713745e-03
9.034155867993831635e-03
9.132515639066696167e-03
9.254761971533298492e-03
9.187001734972000122e-03
8.951728232204914093e-03
8.971763774752616882e-03
9.077327325940132141e-03
9.219769388437271118e-03
8.918512612581253052e-03
8.905995637178421021e-03
9.105226956307888031e-03
9.170212782919406891e-03
8.887165226042270660e-03
8.989530615508556366e-03
9.029593318700790405e-03
8.959778584539890289e-03
9.032157249748706818e-03
8.976296521723270416e-03
9.043204598128795624e-03
8.875973522663116455e-03
9.004672989249229431e-03
9.136493317782878876e-03
8.954109624028205872e-03
8.956721052527427673e-03
9.142590686678886414e-03
9.013944305479526520e-03
8.948354981839656830e-03
8.867718279361724854e-03
8.960080333054065704e-03
8.930049836635589600e-03
9.053338319063186646e-03
9.070184081792831421e-03
8.807327598333358765e-03
9.015580639243125916e-03
9.200414642691612244e-03
9.185560978949069977e-03
9.079609997570514679e-03
8.842385374009609222e-03
8.869845420122146606e-03
8.875106461346149445e-03
9.130620397627353668e-03
8.765087462961673737e-03
8.764739148318767548e-03
9.197049774229526520e-03
8.789737708866596222e-03
9.031086228787899017e-03
9.015729650855064392e-03
8.849989622831344604e-03
8.832692168653011322e-03
8.848458528518676758e-03
9.069036692380905151e-03
8.807159960269927979e-03
8.869132958352565765e-03
9.060304611921310425e-03
8.725045248866081238e-03
9.131830185651779175e-03
8.823640644550323486e-03
8.940706960856914520e-03
9.043364785611629486e-03
8.932788856327533722e-03
9.200777858495712280e-03
9.020618163049221039e-03
8.747925981879234314e-03
8.745848201215267181e-03
8.991952985525131226e-03
8.958144113421440125e-03
9.009954519569873810e-03
9.251828305423259735e-03
8.825682103633880615e-03
8.980706334114074707e-03
9.004391729831695557e-03
8.899262174963951111e-03
9.070297703146934509e-03
9.021702222526073456e-03
8.986501954495906830e-03
8.845705538988113403e-03
8.902686648070812225e-03
8.696811273694038391e-03
9.075611829757690430e-03
8.998063392937183380e-03
8.963108062744140625e-03
8.934658952057361603e-03
8.899580687284469604e-03
8.943484164774417877e-03
8.981116116046905518e-03
8.912087418138980865e-03
9.040608070790767670e-03
8.858168497681617737e-03
8.814130909740924835e-03
8.804355747997760773e-03
8.956236764788627625e-03
8.894387632608413696e-03
8.991734124720096588e-03
8.827321231365203857e-03
9.094474837183952332e-03
8.974379859864711761e-03
8.771117776632308960e-03
8.849357254803180695e-03
9.048175066709518433e-03
8.987671695649623871e-03
9.017688222229480743e-03
8.922055363655090332e-03
9.156647138297557831e-03
8.790379390120506287e-03
8.674246259033679962e-03
8.863050490617752075e-03
8.877693675458431244e-03
9.092712774872779846e-03
9.079867042601108551e-03
8.753048256039619446e-03
8.800033479928970337e-03
9.080218151211738586e-03
8.958723396062850952e-03
8.712340146303176880e-03
8.760299533605575562e-03
8.975077420473098755e-03
8.692529983818531036e-03
8.933342061936855316e-03
8.854744955897331238e-03
8.800440467894077301e-03
8.940427564084529877e-03
8.906497620046138763e-03
8.783525787293910980e-03
8.733847178518772125e-03
8.999384939670562744e-03
8.990686386823654175e-03
8.582867681980133057e-03
8.923140354454517365e-03
8.799931034445762634e-03
8.930462412536144257e-03
8.936223573982715607e-03
8.772050030529499054e-03
8.816020563244819641e-03
8.831267245113849640e-03
8.813134394586086273e-03
9.047256782650947571e-03
9.023756720125675201e-03
8.934463374316692352e-03
8.983487263321876526e-03
8.923587389290332794e-03
8.975931443274021149e-03
8.830286562442779541e-03
8.816553279757499695e-03
8.792421780526638031e-03
8.914921432733535767e-03
8.697167038917541504e-03
8.888187818229198456e-03
8.864839561283588409e-03
8.912785910069942474e-03
8.752759546041488647e-03
8.829122409224510193e-03
8.803403936326503754e-03
8.787718601524829865e-03
9.195366874337196350e-03
8.837474510073661804e-03
8.783411234617233276e-03
9.004839695990085602e-03
9.069349616765975952e-03
8.975161239504814148e-03
8.727096952497959137e-03
8.770617656409740448e-03
8.766134269535541534e-03
8.848316967487335205e-03
8.711921051144599915e-03
8.890960365533828735e-03
8.974323049187660217e-03
8.768995292484760284e-03
8.751896210014820099e-03
8.835427463054656982e-03
8.836611174046993256e-03
8.763550780713558197e-03
8.777790702879428864e-03
8.620090782642364502e-03
8.937685750424861908e-03
8.828666992485523224e-03
8.790628984570503235e-03
8.816016837954521179e-03
8.855591528117656708e-03
8.812657557427883148e-03
8.957318961620330811e-03
8.857763372361660004e-03
8.821698836982250214e-03
8.774640969932079315e-03
8.838890120387077332e-03
8.693203330039978027e-03
8.969064801931381226e-03
8.899285458028316498e-03
8.905204944312572479e-03
8.908795192837715149e-03
8.763166144490242004e-03
8.992651477456092834e-03
8.960098959505558014e-03
8.839621208608150482e-03
8.787585422396659851e-03
9.029199369251728058e-03
8.739039301872253418e-03
8.594155311584472656e-03
8.856630884110927582e-03
8.655575104057788849e-03
8.789679966866970062e-03
8.703106082975864410e-03
8.907661773264408112e-03
8.943296968936920166e-03
8.844398893415927887e-03
8.783945813775062561e-03
8.853375911712646484e-03
8.749300613999366760e-03
8.858582004904747009e-03
8.740680292248725891e-03
8.604562841355800629e-03
9.130795486271381378e-03
8.842797949910163879e-03
8.869134820997714996e-03
8.608743548393249512e-03
8.906492032110691071e-03
8.752151392400264740e-03
8.782317861914634705e-03
8.690068498253822327e-03
8.702113293111324310e-03
8.891575038433074951e-03
8.813088759779930115e-03
8.704622276127338409e-03
8.684976026415824890e-03
8.650365285575389862e-03
8.673179894685745239e-03
8.881872519850730896e-03
8.627181872725486755e-03
9.046821855008602142e-03
8.630727417767047882e-03
8.673092350363731384e-03
8.643110282719135284e-03
8.772729896008968353e-03
8.775033988058567047e-03
8.779704570770263672e-03
8.685671724379062653e-03
8.636331185698509216e-03
8.679307997226715088e-03
8.779317140579223633e-03
8.721760474145412445e-03
8.806827478110790253e-03
8.609753102064132690e-03
8.955299854278564453e-03
8.678339421749114990e-03
8.821162395179271698e-03
8.932974189519882202e-03
8.800695650279521942e-03
8.793242275714874268e-03
8.763644844293594360e-03
8.876695297658443451e-03
8.681994862854480743e-03
8.772935718297958374e-03
8.573705330491065979e-03
8.776496164500713348e-03
8.886213414371013641e-03
8.461912162601947784e-03
8.773232810199260712e-03
8.889352902770042419e-03
8.735394105315208435e-03
8.732655085623264313e-03
8.869941346347332001e-03
8.639181964099407196e-03
8.511414751410484314e-03
8.692315779626369476e-03
8.680944330990314484e-03
8.851696737110614777e-03
8.724361658096313477e-03
8.683785796165466309e-03
8.709516376256942749e-03
8.835828863084316254e-03
8.728636428713798523e-03
8.597317151725292206e-03
8.635211735963821411e-03
8.846325799822807312e-03
8.622976951301097870e-03
8.622265420854091644e-03
8.770798332989215851e-03
8.722547441720962524e-03
8.877763524651527405e-03
8.682902902364730835e-03
8.938168175518512726e-03
8.666735142469406128e-03
8.477042429149150848e-03
8.849402889609336853e-03
8.658466860651969910e-03
9.109023027122020721e-03
8.499756455421447754e-03
8.824250660836696625e-03
8.598023094236850739e-03
8.831615559756755829e-03
8.889124728739261627e-03
8.889056742191314697e-03
8.617717772722244263e-03
8.777218870818614960e-03
8.621880784630775452e-03
8.763366378843784332e-03
8.730411529541015625e-03
8.738962002098560333e-03
8.760562166571617126e-03
8.890553377568721771e-03
8.985261432826519012e-03
8.735997602343559265e-03
8.910597302019596100e-03
8.741198107600212097e-03
8.784449659287929535e-03
8.637605234980583191e-03
8.930791169404983521e-03
8.679978549480438232e-03
8.728114888072013855e-03
8.692516945302486420e-03
8.827458135783672333e-03
8.624338544905185699e-03
8.855523541569709778e-03
8.789656683802604675e-03
8.511058986186981201e-03
8.811305277049541473e-03
8.771799504756927490e-03
8.528901264071464539e-03
8.864582516252994537e-03
8.740707300603389740e-03
8.941415697336196899e-03
8.729029446840286255e-03
8.603475987911224365e-03
8.615816943347454071e-03
8.952968753874301910e-03
8.866692893207073212e-03
8.568448945879936218e-03
8.842268027365207672e-03
8.757107891142368317e-03
8.608550764620304108e-03
8.770073764026165009e-03
8.927142247557640076e-03
8.772796019911766052e-03
8.641755208373069763e-03
8.559398353099822998e-03
8.840832859277725220e-03
8.674800395965576172e-03
8.662872016429901123e-03
8.581281639635562897e-03
8.779351599514484406e-03
8.847378194332122803e-03
8.595879189670085907e-03
8.773070760071277618e-03
8.846732787787914276e-03
8.693690411746501923e-03
8.977081626653671265e-03
8.895987644791603088e-03
8.840939030051231384e-03
8.496831171214580536e-03
8.607750758528709412e-03
8.685135282576084137e-03
8.855091407895088196e-03
8.519639261066913605e-03
8.871040306985378265e-03
8.749652653932571411e-03
8.613473735749721527e-03
8.629603311419487000e-03
8.634814061224460602e-03
8.691008202731609344e-03
8.792052976787090302e-03
8.709485642611980438e-03
8.784689009189605713e-03
8.656360208988189697e-03
8.717164397239685059e-03
8.816168643534183502e-03
8.668699301779270172e-03
8.932274766266345978e-03
8.701198734343051910e-03
8.611259981989860535e-03
9.047301486134529114e-03
8.577105589210987091e-03
8.464908227324485779e-03
8.555102162063121796e-03
8.362147957086563110e-03
8.801103569567203522e-03
8.634696714580059052e-03
8.554326370358467102e-03
8.639966137707233429e-03
8.905970491468906403e-03
8.648195303976535797e-03
8.713025599718093872e-03
8.566681295633316040e-03
8.529035374522209167e-03
8.863578550517559052e-03
8.777489885687828064e-03
8.745913393795490265e-03
8.808839134871959686e-03
8.642403408885002136e-03
8.833630010485649109e-03
8.641109801828861237e-03
8.617918938398361206e-03
8.858415298163890839e-03
8.714062161743640900e-03
8.573505096137523651e-03
8.634969592094421387e-03
8.727861568331718445e-03
8.654104545712471008e-03
8.933002129197120667e-03
8.740276098251342773e-03
8.816545829176902771e-03
8.661666885018348694e-03
8.461338467895984650e-03
8.630502969026565552e-03
8.478594012558460236e-03
8.708690293133258820e-03
8.619793690741062164e-03
8.763801306486129761e-03
8.327356539666652679e-03
8.695864118635654449e-03
8.588258177042007446e-03
8.748478256165981293e-03
8.430555462837219238e-03
8.663993328809738159e-03
8.707276545464992523e-03
8.400074206292629242e-03
8.617542684078216553e-03
8.431758731603622437e-03
8.743052370846271515e-03
8.563683368265628815e-03
8.575042709708213806e-03
8.600429631769657135e-03
8.683912456035614014e-03
8.561453782021999359e-03
8.662199601531028748e-03
8.664824999868869781e-03
8.515921421349048615e-03
8.787699975073337555e-03
8.787614293396472931e-03
8.705889806151390076e-03
8.725567720830440521e-03
8.802873082458972931e-03
8.595244958996772766e-03
8.747082203626632690e-03
8.791237138211727142e-03
8.515001274645328522e-03
8.659144863486289978e-03
8.768364787101745605e-03
8.811449632048606873e-03
8.721619844436645508e-03
8.646965026855468750e-03
8.575541898608207703e-03
8.640480227768421173e-03
8.445390500128269196e-03
8.782288059592247009e-03
8.787198923528194427e-03
8.845222182571887970e-03
8.666725829243659973e-03
8.668254129588603973e-03
8.583726361393928528e-03
8.898789063096046448e-03
8.577517233788967133e-03
8.565195836126804352e-03
8.374094963073730469e-03
8.665061555802822113e-03
8.719000034034252167e-03
8.898545056581497192e-03
8.706978522241115570e-03
8.623513393104076385e-03
8.713733404874801636e-03
8.821033872663974762e-03
8.698293939232826233e-03
8.649309165775775909e-03
8.729261346161365509e-03
8.345455862581729889e-03
8.696159347891807556e-03
8.702259510755538940e-03
8.521189913153648376e-03
8.521494455635547638e-03
8.379586040973663330e-03
8.706301450729370117e-03
8.651687763631343842e-03
8.782409131526947021e-03
8.640620857477188110e-03
8.625855669379234314e-03
8.604378439486026764e-03
8.475227281451225281e-03
8.597393520176410675e-03
8.798677474260330200e-03
8.584814146161079407e-03
8.704456500709056854e-03
8.615409024059772491e-03
8.712379261851310730e-03
8.673369884490966797e-03
8.625833317637443542e-03
8.849455043673515320e-03
8.530846796929836273e-03
8.712999522686004639e-03
8.632145822048187256e-03
8.595074526965618134e-03
8.587270043790340424e-03
8.633704856038093567e-03
8.619348518550395966e-03
8.802137337625026703e-03
9.025976993143558502e-03
8.449594490230083466e-03
8.540780283510684967e-03
8.857645094394683838e-03
8.591456338763237000e-03
8.487704209983348846e-03
8.502042852342128754e-03
8.819155395030975342e-03
8.590202778577804565e-03
8.720274083316326141e-03
8.488339371979236603e-03
8.637219667434692383e-03
8.617077954113483429e-03
8.528070524334907532e-03
8.558643981814384460e-03
8.451758883893489838e-03
8.626253344118595123e-03
8.596400730311870575e-03
8.632649667561054230e-03
8.573648519814014435e-03
8.524524979293346405e-03
8.437287062406539917e-03
8.843568153679370880e-03
8.693170733749866486e-03
8.685281500220298767e-03
8.534736931324005127e-03
8.545557036995887756e-03
8.757704868912696838e-03
8.819202892482280731e-03
8.598936721682548523e-03
8.932497352361679077e-03
8.422889746725559235e-03
8.552546612918376923e-03
8.530428633093833923e-03
8.547709323465824127e-03
8.616666309535503387e-03
8.585017174482345581e-03
8.784982375800609589e-03
8.741153404116630554e-03
8.558158762753009796e-03
8.528856560587882996e-03
8.635185658931732178e-03
8.685505017638206482e-03
8.850036188960075378e-03
8.507393300533294678e-03
8.707650005817413330e-03
8.388419635593891144e-03
8.716124109923839569e-03
8.658287115395069122e-03
8.736250922083854675e-03
8.525556884706020355e-03
8.703333325684070587e-03
8.537878282368183136e-03
8.700857870280742645e-03
8.325473405420780182e-03
8.627066388726234436e-03
8.586548268795013428e-03
8.510672487318515778e-03
8.735548704862594604e-03
8.503827266395092010e-03
8.615481667220592499e-03
8.749685250222682953e-03
8.593009784817695618e-03
8.767209947109222412e-03
8.592057041823863983e-03
8.676518686115741730e-03
8.657515980303287506e-03
8.601507171988487244e-03
8.397628553211688995e-03
8.516794070601463318e-03
8.567012846469879150e-03
8.623034693300724030e-03
8.423830382525920868e-03
8.610079996287822723e-03
8.472951129078865051e-03
8.660965599119663239e-03
8.623410016298294067e-03
8.517302572727203369e-03
8.566204458475112915e-03
8.492738008499145508e-03
8.738251402974128723e-03
8.690487593412399292e-03
8.650429546833038330e-03
8.738501928746700287e-03
8.601641282439231873e-03
8.487585932016372681e-03
8.713244460523128510e-03
8.783636614680290222e-03
8.433728478848934174e-03
8.420531637966632843e-03
8.761451579630374908e-03
8.564326912164688110e-03
8.586778305470943451e-03
8.518026210367679596e-03
8.670131675899028778e-03
8.590127341449260712e-03
8.680584840476512909e-03
8.531471714377403259e-03
8.778488263487815857e-03
8.740579709410667419e-03
8.679278194904327393e-03
8.741410449147224426e-03
8.607573807239532471e-03
8.655561134219169617e-03
8.797254413366317749e-03
8.524923585355281830e-03
8.771317079663276672e-03
8.859517052769660950e-03
8.544689044356346130e-03
8.690626360476016998e-03
8.709637448191642761e-03
8.612147532403469086e-03
8.685988374054431915e-03
8.693713694810867310e-03
8.339930325746536255e-03
9.001648984849452972e-03
8.436734788119792938e-03
8.594552986323833466e-03
8.548238314688205719e-03
8.710159920156002045e-03
8.573898114264011383e-03
8.603882044553756714e-03
8.444302715361118317e-03
8.720750920474529266e-03
8.452700451016426086e-03
8.684395812451839447e-03
