2.515936493873596191e-01
2.512022256851196289e-01
2.464776635169982910e-01
2.198048532009124756e-01
2.028912305831909180e-01
1.963992118835449219e-01
1.913113743066787720e-01
1.863972395658493042e-01
1.794892549514770508e-01
1.735253036022186279e-01
1.670953333377838135e-01
1.585999727249145508e-01
1.479263901710510254e-01
1.387591212987899780e-01
1.311677694320678711e-01
1.243115216493606567e-01
1.192166954278945923e-01
1.150519177317619324e-01
1.116818115115165710e-01
1.088631376624107361e-01
1.063713058829307556e-01
1.040804833173751831e-01
1.024934202432632446e-01
1.002337932586669922e-01
9.876348823308944702e-02
9.726860374212265015e-02
9.613725543022155762e-02
9.483195096254348755e-02
9.363067895174026489e-02
9.229204058647155762e-02
9.112871438264846802e-02
9.028384089469909668e-02
8.915097266435623169e-02
8.843152970075607300e-02
8.750640600919723511e-02
8.687683194875717163e-02
8.586805313825607300e-02
8.524712920188903809e-02
8.451164513826370239e-02
8.377618342638015747e-02
8.328682929277420044e-02
8.235687017440795898e-02
8.164384216070175171e-02
8.152557164430618286e-02
8.036527782678604126e-02
8.006035536527633667e-02
7.968492060899734497e-02
7.933621853590011597e-02
7.893475145101547241e-02
7.808306068181991577e-02
7.745919376611709595e-02
7.680790871381759644e-02
7.643562555313110352e-02
7.612868398427963257e-02
7.583668828010559082e-02
7.534123957157135010e-02
7.489656656980514526e-02
7.450383156538009644e-02
7.416335493326187134e-02
7.385833561420440674e-02
7.354177534580230713e-02
7.335889339447021484e-02
7.287383079528808594e-02
7.271785289049148560e-02
7.265397161245346069e-02
7.181074470281600952e-02
7.161502540111541748e-02
7.121094316244125366e-02
7.102245092391967773e-02
7.060347497463226318e-02
7.050237804651260376e-02
7.012813538312911987e-02
7.019878178834915161e-02
6.963606178760528564e-02
6.934142112731933594e-02
6.897985190153121948e-02
6.888842582702636719e-02
6.882259994745254517e-02
6.855171918869018555e-02
6.825111806392669678e-02
6.827759742736816406e-02
6.784316897392272949e-02
6.758698821067810059e-02
6.706728041172027588e-02
6.728591769933700562e-02
6.694491207599639893e-02
6.690186262130737305e-02
6.645814329385757446e-02
6.643874943256378174e-02
6.651254743337631226e-02
6.641227006912231445e-02
6.581175327301025391e-02
6.556264311075210571e-02
6.577982008457183838e-02
6.536307930946350098e-02
6.490575522184371948e-02
6.492407619953155518e-02
6.491440534591674805e-02
6.480827182531356812e-02
6.444281339645385742e-02
6.428047269582748413e-02
6.416244804859161377e-02
6.382407248020172119e-02
6.408042460680007935e-02
6.368052959442138672e-02
6.348937749862670898e-02
6.338146328926086426e-02
6.312675029039382935e-02
6.307711452245712280e-02
6.281343847513198853e-02
6.291308999061584473e-02
6.316332519054412842e-02
6.255805492401123047e-02
6.237713992595672607e-02
6.244175881147384644e-02
6.219447776675224304e-02
6.213176995515823364e-02
6.217229366302490234e-02
6.168838962912559509e-02
6.169988587498664856e-02
6.128000840544700623e-02
6.160233542323112488e-02
6.133991107344627380e-02
6.103871017694473267e-02
6.103565543889999390e-02
6.089149042963981628e-02
6.096095219254493713e-02
6.065800413489341736e-02
6.057633087038993835e-02
6.050635129213333130e-02
6.029415875673294067e-02
6.049209088087081909e-02
6.003403663635253906e-02
6.009757891297340393e-02
5.986239761114120483e-02
5.991553142666816711e-02
5.976122990250587463e-02
5.950228497385978699e-02
5.959493666887283325e-02
5.932313948869705200e-02
5.948004499077796936e-02
5.933501198887825012e-02
5.934668332338333130e-02
5.927513539791107178e-02
5.894790589809417725e-02
5.871640145778656006e-02
5.876171216368675232e-02
5.855065584182739258e-02
5.859160795807838440e-02
5.852108821272850037e-02
5.838826671242713928e-02
5.823422223329544067e-02
5.808279290795326233e-02
5.846063047647476196e-02
5.788115411996841431e-02
5.779942870140075684e-02
5.787406861782073975e-02
5.802173539996147156e-02
5.777787789702415466e-02
5.757843703031539917e-02
5.775989219546318054e-02
5.760424956679344177e-02
5.763383582234382629e-02
5.748334899544715881e-02
5.751519650220870972e-02
5.708833411335945129e-02
5.691638588905334473e-02
5.703176930546760559e-02
5.699568241834640503e-02
5.672892183065414429e-02
5.665725097060203552e-02
5.655689910054206848e-02
5.660009384155273438e-02
5.641697719693183899e-02
5.638856440782546997e-02
5.629095062613487244e-02
5.623788386583328247e-02
5.628077685832977295e-02
5.620087310671806335e-02
5.602715909481048584e-02
5.604829266667366028e-02
5.599601194262504578e-02
5.592324957251548767e-02
5.568660050630569458e-02
5.546320229768753052e-02
5.554228648543357849e-02
5.579727515578269958e-02
5.557417124509811401e-02
5.555755272507667542e-02
5.519506707787513733e-02
5.530667677521705627e-02
5.550536140799522400e-02
5.518263205885887146e-02
5.508010461926460266e-02
5.507610738277435303e-02
5.497970059514045715e-02
5.525904893875122070e-02
5.480443686246871948e-02
5.476999282836914062e-02
5.460981279611587524e-02
5.495903640985488892e-02
5.458424985408782959e-02
5.470155924558639526e-02
5.473228543996810913e-02
5.444321036338806152e-02
5.433365330100059509e-02
5.435758084058761597e-02
5.422285944223403931e-02
5.428034439682960510e-02
5.429163575172424316e-02
5.390407890081405640e-02
5.439407750964164734e-02
5.398961901664733887e-02
5.403918027877807617e-02
5.371558293700218201e-02
5.391016975045204163e-02
5.378485098481178284e-02
5.379378795623779297e-02
5.353049188852310181e-02
5.360468477010726929e-02
5.343297496438026428e-02
5.360927432775497437e-02
5.324569344520568848e-02
5.339106172323226929e-02
5.349695309996604919e-02
5.312258005142211914e-02
5.339812114834785461e-02
5.304979905486106873e-02
5.304455384612083435e-02
5.311249196529388428e-02
5.314112454652786255e-02
5.307726934552192688e-02
5.300982296466827393e-02
5.262330546975135803e-02
5.269174277782440186e-02
5.274141579866409302e-02
5.308109149336814880e-02
5.244486033916473389e-02
5.275478586554527283e-02
5.277480557560920715e-02
5.249925330281257629e-02
5.248917266726493835e-02
5.248937010765075684e-02
5.233987793326377869e-02
5.225234851241111755e-02
5.252781137824058533e-02
5.223516374826431274e-02
5.218365043401718140e-02
5.213155597448348999e-02
5.207192525267601013e-02
5.192952603101730347e-02
5.176318436861038208e-02
5.204448476433753967e-02
5.177459120750427246e-02
5.175653472542762756e-02
5.189557000994682312e-02
5.176704749464988708e-02
5.164370685815811157e-02
5.176078155636787415e-02
5.161422118544578552e-02
5.150449275970458984e-02
5.152348801493644714e-02
5.145167559385299683e-02
5.147765204310417175e-02
5.128395184874534607e-02
5.114316940307617188e-02
5.137691646814346313e-02
5.115678906440734863e-02
5.103781074285507202e-02
5.121544003486633301e-02
5.104957520961761475e-02
5.095380172133445740e-02
5.095263570547103882e-02
5.087729543447494507e-02
5.107359215617179871e-02
5.097768083214759827e-02
5.056202039122581482e-02
5.089820921421051025e-02
5.074099823832511902e-02
5.044730007648468018e-02
5.057717859745025635e-02
5.060238763689994812e-02
5.036862567067146301e-02
5.054917559027671814e-02
5.066300556063652039e-02
5.043138563632965088e-02
5.021000653505325317e-02
5.071325600147247314e-02
5.023574829101562500e-02
5.029929429292678833e-02
5.016403272747993469e-02
5.014446377754211426e-02
5.000216141343116760e-02
5.032291263341903687e-02
4.994595795869827271e-02
4.994725063443183899e-02
5.000438913702964783e-02
4.988590627908706665e-02
4.985859617590904236e-02
4.968870058655738831e-02
5.000036954879760742e-02
4.986268281936645508e-02
4.979090020060539246e-02
4.974593594670295715e-02
4.973567649722099304e-02
4.954787716269493103e-02
4.969033971428871155e-02
4.985543340444564819e-02
4.953072965145111084e-02
4.942648485302925110e-02
4.940947517752647400e-02
4.946880415081977844e-02
4.954069480299949646e-02
4.912758246064186096e-02
4.908685386180877686e-02
4.915725812315940857e-02
4.944077134132385254e-02
4.924225807189941406e-02
4.893251508474349976e-02
4.916710779070854187e-02
4.890507459640502930e-02
4.890497401356697083e-02
4.908464103937149048e-02
4.882947355508804321e-02
4.887929186224937439e-02
4.904999956488609314e-02
4.869178682565689087e-02
4.885427281260490417e-02
4.867635667324066162e-02
4.874995350837707520e-02
4.870552942156791687e-02
4.864818230271339417e-02
4.871812462806701660e-02
4.864867776632308960e-02
4.865752160549163818e-02
4.839161038398742676e-02
4.861338809132575989e-02
4.880064725875854492e-02
4.842745140194892883e-02
4.830349236726760864e-02
4.831402748823165894e-02
4.814333096146583557e-02
4.836416244506835938e-02
4.806762561202049255e-02
4.835494980216026306e-02
4.823403060436248779e-02
4.806234687566757202e-02
4.801170527935028076e-02
4.810157790780067444e-02
4.810281470417976379e-02
4.790197312831878662e-02
4.812877997756004333e-02
4.803905263543128967e-02
4.787786304950714111e-02
4.809120297431945801e-02
4.759121313691139221e-02
4.787746816873550415e-02
4.777701199054718018e-02
4.770787060260772705e-02
4.774816334247589111e-02
4.778618738055229187e-02
4.763840883970260620e-02
4.760070145130157471e-02
4.778665676712989807e-02
4.757282137870788574e-02
4.751123115420341492e-02
4.745203629136085510e-02
4.740554839372634888e-02
4.739873856306076050e-02
4.746757447719573975e-02
4.726553335785865784e-02
4.759504273533821106e-02
4.751872643828392029e-02
4.725009575486183167e-02
4.730777069926261902e-02
4.724922776222229004e-02
4.716124385595321655e-02
4.736669361591339111e-02
4.731448739767074585e-02
4.714694619178771973e-02
4.706130549311637878e-02
4.699854552745819092e-02
4.705335572361946106e-02
4.706644639372825623e-02
4.692530259490013123e-02
4.702883586287498474e-02
4.674526304006576538e-02
4.689884930849075317e-02
4.691998660564422607e-02
4.706494137644767761e-02
4.690147936344146729e-02
4.672813788056373596e-02
4.679593443870544434e-02
4.706295952200889587e-02
4.665685072541236877e-02
4.653082787990570068e-02
4.671004414558410645e-02
4.690571501851081848e-02
4.676905274391174316e-02
4.647847637534141541e-02
4.665296897292137146e-02
4.654063284397125244e-02
4.657037928700447083e-02
4.636415466666221619e-02
4.659708216786384583e-02
4.642575606703758240e-02
4.625286906957626343e-02
4.665729403495788574e-02
4.679919406771659851e-02
4.627064988017082214e-02
4.640356823801994324e-02
4.619831219315528870e-02
4.628561064600944519e-02
4.614256322383880615e-02
4.643173888325691223e-02
4.607829451560974121e-02
4.629316553473472595e-02
4.627726599574089050e-02
4.614193737506866455e-02
4.611820355057716370e-02
4.602526873350143433e-02
4.620276018977165222e-02
4.607015103101730347e-02
4.608003795146942139e-02
4.600360989570617676e-02
4.599646478891372681e-02
4.600516706705093384e-02
4.599234461784362793e-02
4.580000415444374084e-02
4.587294906377792358e-02
4.566035792231559753e-02
4.594277590513229370e-02
4.592914506793022156e-02
4.578141123056411743e-02
4.573579505085945129e-02
4.599992185831069946e-02
4.579848051071166992e-02
4.562254250049591064e-02
4.606176912784576416e-02
4.556991904973983765e-02
4.577990621328353882e-02
4.582739621400833130e-02
4.549359157681465149e-02
4.546523466706275940e-02
4.543113708496093750e-02
4.569905251264572144e-02
4.564698413014411926e-02
4.555378854274749756e-02
4.564200714230537415e-02
4.540009051561355591e-02
4.542783275246620178e-02
4.544677212834358215e-02
4.521527141332626343e-02
4.533058032393455505e-02
4.538569599390029907e-02
4.558288678526878357e-02
4.538775607943534851e-02
4.531967639923095703e-02
4.533518105745315552e-02
4.542443901300430298e-02
4.540967196226119995e-02
4.515147954225540161e-02
4.508515447378158569e-02
4.525947570800781250e-02
4.536403343081474304e-02
4.524293169379234314e-02
4.498015716671943665e-02
4.502267017960548401e-02
4.528723284602165222e-02
4.503769427537918091e-02
4.510284960269927979e-02
4.500802233815193176e-02
4.512866586446762085e-02
4.502839222550392151e-02
4.519098997116088867e-02
4.496062546968460083e-02
4.498162493109703064e-02
4.483075439929962158e-02
4.476946964859962463e-02
4.496235027909278870e-02
4.484603926539421082e-02
4.488252103328704834e-02
4.480692371726036072e-02
4.494724422693252563e-02
4.488229751586914062e-02
4.481891915202140808e-02
4.487643763422966003e-02
4.468743875622749329e-02
4.478933289647102356e-02
4.493340104818344116e-02
4.497470706701278687e-02
4.456363245844841003e-02
4.475359246134757996e-02
4.474139958620071411e-02
4.472268000245094299e-02
4.454823210835456848e-02
4.465936124324798584e-02
4.463980719447135925e-02
4.457029700279235840e-02
4.459185898303985596e-02
