2.228943258523941040e-01
1.568963378667831421e-01
1.261036247014999390e-01
1.112668141722679138e-01
1.024123951792716980e-01
9.585253149271011353e-02
9.076468646526336670e-02
8.639372885227203369e-02
8.159328997135162354e-02
7.748320698738098145e-02
7.620070874691009521e-02
7.166464626789093018e-02
6.906939297914505005e-02
6.685885787010192871e-02
6.475087255239486694e-02
6.276437640190124512e-02
6.027689948678016663e-02
5.899740383028984070e-02
5.670275539159774780e-02
5.528436973690986633e-02
5.435340851545333862e-02
5.356466770172119141e-02
5.193749442696571350e-02
5.095838382840156555e-02
5.046000331640243530e-02
4.923648759722709656e-02
4.821192100644111633e-02
4.916141927242279053e-02
4.748513177037239075e-02
4.698208346962928772e-02
4.603306204080581665e-02
4.520405828952789307e-02
4.467595368623733521e-02
4.483418539166450500e-02
4.346276447176933289e-02
4.433189705014228821e-02
4.322228580713272095e-02
4.247310385107994080e-02
4.179476946592330933e-02
4.195789620280265808e-02
4.143645241856575012e-02
4.089301452040672302e-02
4.070590808987617493e-02
3.935346007347106934e-02
3.977746143937110901e-02
3.922520950436592102e-02
3.882206603884696960e-02
3.854126110672950745e-02
3.878438845276832581e-02
3.848724067211151123e-02
3.794835135340690613e-02
3.675149381160736084e-02
3.751572594046592712e-02
3.760109841823577881e-02
3.667109459638595581e-02
3.628375753760337830e-02
3.587731346487998962e-02
3.572203591465950012e-02
3.593389317393302917e-02
3.588733449578285217e-02
3.556861355900764465e-02
3.508970886468887329e-02
3.418707475066184998e-02
3.481457009911537170e-02
3.422196954488754272e-02
3.359320014715194702e-02
3.446599468588829041e-02
3.346030041575431824e-02
3.379494696855545044e-02
3.318216279149055481e-02
3.297007828950881958e-02
3.300552815198898315e-02
3.208098933100700378e-02
3.186063095927238464e-02
3.297917172312736511e-02
3.168893232941627502e-02
3.141382336616516113e-02
3.158611059188842773e-02
3.172529861330986023e-02
3.129292279481887817e-02
3.154379129409790039e-02
3.112810291349887848e-02
3.109508380293846130e-02
3.066521324217319489e-02
3.102378547191619873e-02
3.032148629426956177e-02
3.094791248440742493e-02
3.008151799440383911e-02
2.963152527809143066e-02
2.938081696629524231e-02
3.025026433169841766e-02
2.974173426628112793e-02
2.980434708297252655e-02
3.002227097749710083e-02
2.901490032672882080e-02
2.942903153598308563e-02
2.876157313585281372e-02
2.954687736928462982e-02
2.940638735890388489e-02
2.924638241529464722e-02
2.806860767304897308e-02
2.832305058836936951e-02
2.906307019293308258e-02
2.862141095101833344e-02
2.854587323963642120e-02
2.814880572259426117e-02
2.838141843676567078e-02
2.802684716880321503e-02
2.830753289163112640e-02
2.728480845689773560e-02
2.829487808048725128e-02
2.780958265066146851e-02
2.818183042109012604e-02
2.833180502057075500e-02
2.701431140303611755e-02
2.658544853329658508e-02
2.734556049108505249e-02
2.725858055055141449e-02
2.685826830565929413e-02
2.733221650123596191e-02
2.681550569832324982e-02
2.728534303605556488e-02
2.653953991830348969e-02
2.596702985465526581e-02
2.648224681615829468e-02
2.613927237689495087e-02
2.707569673657417297e-02
2.535203285515308380e-02
2.643111534416675568e-02
2.611359953880310059e-02
2.597551420331001282e-02
2.644965052604675293e-02
2.548472583293914795e-02
2.582202479243278503e-02
2.629173547029495239e-02
2.549910545349121094e-02
2.586689218878746033e-02
2.590388804674148560e-02
2.582180127501487732e-02
2.579337358474731445e-02
2.540476247668266296e-02
2.536378614604473114e-02
2.601365745067596436e-02
2.554198540747165680e-02
2.507648803293704987e-02
2.521697059273719788e-02
2.475847303867340088e-02
2.499069087207317352e-02
2.485913969576358795e-02
2.526124566793441772e-02
2.449400164186954498e-02
2.475824207067489624e-02
2.428803779184818268e-02
2.525225095450878143e-02
2.485346794128417969e-02
2.433846145868301392e-02
2.437233924865722656e-02
2.417008206248283386e-02
2.437969110906124115e-02
2.372482419013977051e-02
2.405541948974132538e-02
2.398915216326713562e-02
2.441415749490261078e-02
2.383553981781005859e-02
2.354636602103710175e-02
2.330766245722770691e-02
2.357801608741283417e-02
2.394852787256240845e-02
2.296106703579425812e-02
2.339923568069934845e-02
2.333176694810390472e-02
2.345955371856689453e-02
2.340798079967498779e-02
2.324975654482841492e-02
2.307637780904769897e-02
2.320392057299613953e-02
2.392832748591899872e-02
2.337087877094745636e-02
2.384104765951633453e-02
2.288006618618965149e-02
2.334725856781005859e-02
2.257741987705230713e-02
2.276438847184181213e-02
2.286508679389953613e-02
2.293459884822368622e-02
2.224394120275974274e-02
2.311401627957820892e-02
2.299803309142589569e-02
2.312089689075946808e-02
2.271335385739803314e-02
2.227223291993141174e-02
2.290497720241546631e-02
2.239416353404521942e-02
2.208987250924110413e-02
2.266150154173374176e-02
2.227905951440334320e-02
2.301230467855930328e-02
2.261898666620254517e-02
2.238510549068450928e-02
2.205975539982318878e-02
2.241417020559310913e-02
2.208192460238933563e-02
2.218284085392951965e-02
2.205326966941356659e-02
2.275964990258216858e-02
2.244693785905838013e-02
2.183974161744117737e-02
2.175588533282279968e-02
2.218147926032543182e-02
2.220364660024642944e-02
2.193962037563323975e-02
2.219411171972751617e-02
2.139371633529663086e-02
2.132122218608856201e-02
2.154501900076866150e-02
2.238585799932479858e-02
2.134397253394126892e-02
2.216714806854724884e-02
2.152753062546253204e-02
2.145107649266719818e-02
2.120027877390384674e-02
2.133074961602687836e-02
2.156624011695384979e-02
2.123618498444557190e-02
2.127593755722045898e-02
2.082700654864311218e-02
2.152900584042072296e-02
2.110506594181060791e-02
2.120396681129932404e-02
2.128165960311889648e-02
2.069235779345035553e-02
2.033428847789764404e-02
2.130574360489845276e-02
2.142418734729290009e-02
2.107263542711734772e-02
2.100353874266147614e-02
2.023726142942905426e-02
2.093923836946487427e-02
2.071158401668071747e-02
2.096678689122200012e-02
2.110464125871658325e-02
2.059380337595939636e-02
2.071576379239559174e-02
2.051100134849548340e-02
2.079067192971706390e-02
2.040038630366325378e-02
2.052565291523933411e-02
2.043557167053222656e-02
2.081180363893508911e-02
2.062340453267097473e-02
2.015104144811630249e-02
2.065029926598072052e-02
2.007704786956310272e-02
2.033019810914993286e-02
2.043810300529003143e-02
2.105739898979663849e-02
2.030076459050178528e-02
2.022060006856918335e-02
2.025551907718181610e-02
2.003513835370540619e-02
2.031743153929710388e-02
2.037226408720016479e-02
2.022518031299114227e-02
2.066911011934280396e-02
1.987878791987895966e-02
2.017650380730628967e-02
2.069805562496185303e-02
2.001456171274185181e-02
1.988455280661582947e-02
2.012751996517181396e-02
1.981551013886928558e-02
2.016875334084033966e-02
2.033818699419498444e-02
1.946544088423252106e-02
1.956779509782791138e-02
2.001897059381008148e-02
2.046526782214641571e-02
1.959219761192798615e-02
1.958671584725379944e-02
1.940960995852947235e-02
1.938328146934509277e-02
1.976959221065044403e-02
1.929386705160140991e-02
1.908986642956733704e-02
1.943093165755271912e-02
1.967367902398109436e-02
1.926341839134693146e-02
2.006243914365768433e-02
2.006591670215129852e-02
1.946476846933364868e-02
1.953601464629173279e-02
1.916418783366680145e-02
1.898083835840225220e-02
1.934820227324962616e-02
1.936005614697933197e-02
1.993103511631488800e-02
1.887699216604232788e-02
1.892387866973876953e-02
1.872844249010086060e-02
1.953399926424026489e-02
1.939673908054828644e-02
1.941378228366374969e-02
1.886097155511379242e-02
1.880913972854614258e-02
1.914802938699722290e-02
1.943173073232173920e-02
1.902837306261062622e-02
1.916737668216228485e-02
1.888797990977764130e-02
1.885227113962173462e-02
1.910305209457874298e-02
1.909804716706275940e-02
1.866099797189235687e-02
1.922549493610858917e-02
1.876978017389774323e-02
1.874657534062862396e-02
1.820266060531139374e-02
1.866931095719337463e-02
1.899235881865024567e-02
1.852955482900142670e-02
1.840950548648834229e-02
1.928176544606685638e-02
1.834777183830738068e-02
1.844440773129463196e-02
1.886067539453506470e-02
1.832920685410499573e-02
1.816888339817523956e-02
1.874987035989761353e-02
1.898770965635776520e-02
1.792613044381141663e-02
1.884946227073669434e-02
1.850069314241409302e-02
1.880588755011558533e-02
1.837097294628620148e-02
1.814199425280094147e-02
1.875966601073741913e-02
1.911501586437225342e-02
1.855460926890373230e-02
1.820419169962406158e-02
1.862413622438907623e-02
1.895756833255290985e-02
1.783634535968303680e-02
1.862624660134315491e-02
1.792114414274692535e-02
1.814904063940048218e-02
1.795833930373191833e-02
1.815050281584262848e-02
1.784645952284336090e-02
1.770706102252006531e-02
1.854715682566165924e-02
1.868151873350143433e-02
1.800738461315631866e-02
1.852139644324779510e-02
1.824639178812503815e-02
1.752361655235290527e-02
1.798424869775772095e-02
1.833144202828407288e-02
1.780472882091999054e-02
1.761482469737529755e-02
1.817728206515312195e-02
1.768070645630359650e-02
1.805238984525203705e-02
1.816974952816963196e-02
1.832449249923229218e-02
1.738618686795234680e-02
1.879416778683662415e-02
1.816767267882823944e-02
1.788785308599472046e-02
1.783750765025615692e-02
1.820093393325805664e-02
1.800022833049297333e-02
1.820508949458599091e-02
1.774441264569759369e-02
1.752989180386066437e-02
1.774436607956886292e-02
1.753225550055503845e-02
1.782449148595333099e-02
1.763165183365345001e-02
1.781458035111427307e-02
1.806448772549629211e-02
1.733654364943504333e-02
1.786160841584205627e-02
1.758659072220325470e-02
1.829331368207931519e-02
1.805710047483444214e-02
1.708227954804897308e-02
1.749074459075927734e-02
1.785811595618724823e-02
1.755760610103607178e-02
1.742952503263950348e-02
1.738936826586723328e-02
1.751928776502609253e-02
1.767145842313766479e-02
1.801501028239727020e-02
1.705172471702098846e-02
1.737143099308013916e-02
1.711606793105602264e-02
1.707304641604423523e-02
1.788949780166149139e-02
1.724537461996078491e-02
1.787471212446689606e-02
1.729900576174259186e-02
1.710790768265724182e-02
1.793534122407436371e-02
1.693470403552055359e-02
1.693858578801155090e-02
1.720842532813549042e-02
1.711357757449150085e-02
1.734856702387332916e-02
1.801497489213943481e-02
1.691918633878231049e-02
1.694126613438129425e-02
1.755601540207862854e-02
1.677793264389038086e-02
1.699938438832759857e-02
1.687966659665107727e-02
1.704581826925277710e-02
1.770969852805137634e-02
1.716278679668903351e-02
1.662780158221721649e-02
1.748469099402427673e-02
1.776090823113918304e-02
1.674928143620491028e-02
1.678457669913768768e-02
1.665729098021984100e-02
1.696723513305187225e-02
1.679425872862339020e-02
1.761139370501041412e-02
1.686559431254863739e-02
1.707746647298336029e-02
1.686992682516574860e-02
1.693776994943618774e-02
1.659039966762065887e-02
1.742254011332988739e-02
1.710638031363487244e-02
1.711918972432613373e-02
1.681799441576004028e-02
1.718808524310588837e-02
1.734976656734943390e-02
1.660864800214767456e-02
1.688656024634838104e-02
1.730246469378471375e-02
1.702586561441421509e-02
1.682300120592117310e-02
1.659100875258445740e-02
1.667252182960510254e-02
1.661693677306175232e-02
1.705480925738811493e-02
1.700579747557640076e-02
1.643305271863937378e-02
1.674825139343738556e-02
1.640485785901546478e-02
1.695269532501697540e-02
1.695397496223449707e-02
1.709602400660514832e-02
1.661701127886772156e-02
1.657546870410442352e-02
1.640556380152702332e-02
1.701879687607288361e-02
1.652895845472812653e-02
1.670929044485092163e-02
1.688004843890666962e-02
1.670458726584911346e-02
1.720100827515125275e-02
1.671561598777770996e-02
1.629394479095935822e-02
1.664188131690025330e-02
1.703399978578090668e-02
1.631965488195419312e-02
1.642948202788829803e-02
1.681156642735004425e-02
1.625324226915836334e-02
1.672810688614845276e-02
1.704782806336879730e-02
1.581888459622859955e-02
1.637382060289382935e-02
1.608338579535484314e-02
1.682060398161411285e-02
1.654386334121227264e-02
1.656632870435714722e-02
1.606097444891929626e-02
1.640155538916587830e-02
1.657458767294883728e-02
1.656607352197170258e-02
1.622778363525867462e-02
1.581772789359092712e-02
1.651115901768207550e-02
1.668471284210681915e-02
1.613648980855941772e-02
1.599997840821743011e-02
1.611489802598953247e-02
1.639391481876373291e-02
1.665925793349742889e-02
1.635610684752464294e-02
1.602390408515930176e-02
1.701575517654418945e-02
1.610804907977581024e-02
1.575661078095436096e-02
1.678641699254512787e-02
1.615413278341293335e-02
1.614420302212238312e-02
1.583368703722953796e-02
1.602962613105773926e-02
1.617409661412239075e-02
1.641445793211460114e-02
1.637468673288822174e-02
1.597831025719642639e-02
1.593890972435474396e-02
1.626142300665378571e-02
1.616736315190792084e-02
1.602307148277759552e-02
1.627561263740062714e-02
1.613873615860939026e-02
1.592813804745674133e-02
1.635782793164253235e-02
1.598060876131057739e-02
1.612550206482410431e-02
1.585760340094566345e-02
1.586125977337360382e-02
1.616412773728370667e-02
1.625437289476394653e-02
1.621576212346553802e-02
1.608229428529739380e-02
1.660726778209209442e-02
1.625004410743713379e-02
1.613757200539112091e-02
1.588847488164901733e-02
1.578704081475734711e-02
1.586420089006423950e-02
1.577254012227058411e-02
1.616267301142215729e-02
1.603436283767223358e-02
1.675654202699661255e-02
1.584457606077194214e-02
1.567736640572547913e-02
1.585575938224792480e-02
1.644226722419261932e-02
1.566854119300842285e-02
1.594708673655986786e-02
1.616837643086910248e-02
1.552301179617643356e-02
1.546873524785041809e-02
1.630232669413089752e-02
1.543967984616756439e-02
1.533807441592216492e-02
1.601180434226989746e-02
1.573321968317031860e-02
1.593094691634178162e-02
1.576364040374755859e-02
1.593665592372417450e-02
1.530381571501493454e-02
1.725992374122142792e-02
1.562254410237073898e-02
1.560582779347896576e-02
1.564525999128818512e-02
1.588524505496025085e-02
1.591530628502368927e-02
1.640252396464347839e-02
1.580427028238773346e-02
1.599361747503280640e-02
1.533754356205463409e-02
1.531344372779130936e-02
1.539540477097034454e-02
1.618872210383415222e-02
1.584438607096672058e-02
1.539012789726257324e-02
1.588981784880161285e-02
1.572065614163875580e-02
1.539083383977413177e-02
1.608425378799438477e-02
1.528185326606035233e-02
1.574807427823543549e-02
1.585556939244270325e-02
1.574068702757358551e-02
1.563634350895881653e-02
1.529374998062849045e-02
1.569858752191066742e-02
1.524771749973297119e-02
1.529474463313817978e-02
1.553476043045520782e-02
1.531937997788190842e-02
1.571752130985260010e-02
1.592192240059375763e-02
1.548125036060810089e-02
1.527203246951103210e-02
1.534378621727228165e-02
1.530421059578657150e-02
1.548787485808134079e-02
1.579039171338081360e-02
1.564332842826843262e-02
1.557175628840923309e-02
1.528409030288457870e-02
1.525934506207704544e-02
1.563619077205657959e-02
1.561514288187026978e-02
1.564561575651168823e-02
1.587896049022674561e-02
1.476815156638622284e-02
1.558135636150836945e-02
1.489312574267387390e-02
1.553494483232498169e-02
1.604157686233520508e-02
1.533425692468881607e-02
1.520829182118177414e-02
1.563183777034282684e-02
1.521199848502874374e-02
1.552890427410602570e-02
1.543250400573015213e-02
1.522348355501890182e-02
1.533449627459049225e-02
1.509778015315532684e-02
1.534959301352500916e-02
1.543888356536626816e-02
1.547854300588369370e-02
1.539917662739753723e-02
1.520671602338552475e-02
1.540442835539579391e-02
1.520124729722738266e-02
1.524114981293678284e-02
1.637300476431846619e-02
1.503449119627475739e-02
1.599063165485858917e-02
1.599894650280475616e-02
1.538518443703651428e-02
1.501590199768543243e-02
1.532209292054176331e-02
1.494791172444820404e-02
1.511551905423402786e-02
1.541263237595558167e-02
1.514859404414892197e-02
1.549393218010663986e-02
1.603449322283267975e-02
1.558846049010753632e-02
1.501632295548915863e-02
1.496286690235137939e-02
1.526308432221412659e-02
1.545893773436546326e-02
1.594983786344528198e-02
1.499998569488525391e-02
1.528971549123525620e-02
1.551456470042467117e-02
1.509890519082546234e-02
1.553542912006378174e-02
1.525710336863994598e-02
1.507249195128679276e-02
1.482250913977622986e-02
1.492946967482566833e-02
1.529045589268207550e-02
1.564154401421546936e-02
1.510378066450357437e-02
1.468468457460403442e-02
1.528237201273441315e-02
1.584151200950145721e-02
1.498932577669620514e-02
1.481080800294876099e-02
1.476221065968275070e-02
1.504833530634641647e-02
1.547714415937662125e-02
1.508682873100042343e-02
1.500592380762100220e-02
1.501140557229518890e-02
1.500397082418203354e-02
1.490234676748514175e-02
1.511677913367748260e-02
1.510151382535696030e-02
1.518160849809646606e-02
1.513697300106287003e-02
1.484487298876047134e-02
1.490083616226911545e-02
1.514174044132232666e-02
1.530025154352188110e-02
1.489379536360502243e-02
1.544468663632869720e-02
1.519397739320993423e-02
1.483695395290851593e-02
1.547597441822290421e-02
1.495536696165800095e-02
1.500776875764131546e-02
1.482895947992801666e-02
1.512000989168882370e-02
1.487869117408990860e-02
1.484278682619333267e-02
1.495816092938184738e-02
1.565802656114101410e-02
1.489072013646364212e-02
1.481374539434909821e-02
1.479100063443183899e-02
1.521622855216264725e-02
1.506300084292888641e-02
1.472802273929119110e-02
1.502653863281011581e-02
1.496793609112501144e-02
1.475157868117094040e-02
1.488193776458501816e-02
1.496425177901983261e-02
1.532083004713058472e-02
1.545835006982088089e-02
1.456638891249895096e-02
1.437264960259199142e-02
1.525150891393423080e-02
1.510149799287319183e-02
1.496821362525224686e-02
1.480525638908147812e-02
1.498489920049905777e-02
1.491534058004617691e-02
1.506621297448873520e-02
1.533928979188203812e-02
1.455067377537488937e-02
1.456845831125974655e-02
1.494783814996480942e-02
1.456759124994277954e-02
1.484333071857690811e-02
1.514438539743423462e-02
1.503382530063390732e-02
1.489010080695152283e-02
1.477296743541955948e-02
1.554979290813207626e-02
1.473019924014806747e-02
1.448357664048671722e-02
1.495549175888299942e-02
1.523534767329692841e-02
1.503660343587398529e-02
1.438529696315526962e-02
1.474073063582181931e-02
1.502141356468200684e-02
1.442249678075313568e-02
1.459132041782140732e-02
1.463749818503856659e-02
1.496923249214887619e-02
1.458693668246269226e-02
1.450888626277446747e-02
1.523174345493316650e-02
1.478170417249202728e-02
1.458601001650094986e-02
1.456813886761665344e-02
1.471868809312582016e-02
1.533260382711887360e-02
1.503957714885473251e-02
1.460890099406242371e-02
1.538615301251411438e-02
1.470585074275732040e-02
1.464277878403663635e-02
1.481722015887498856e-02
1.476549636572599411e-02
1.485502906143665314e-02
1.472680177539587021e-02
1.528328377753496170e-02
1.466951519250869751e-02
1.449721958488225937e-02
1.492002513259649277e-02
1.488995831459760666e-02
1.501960121095180511e-02
1.517592743039131165e-02
1.424311753362417221e-02
1.457190513610839844e-02
1.442666258662939072e-02
1.491394173353910446e-02
1.517949812114238739e-02
1.490163430571556091e-02
1.459265407174825668e-02
1.477504242211580276e-02
1.460326556116342545e-02
1.428766362369060516e-02
1.490100286900997162e-02
1.490819547325372696e-02
1.488990243524312973e-02
1.475474145263433456e-02
1.438325177878141403e-02
1.453551929444074631e-02
1.497538574039936066e-02
1.470434386283159256e-02
1.446007750928401947e-02
1.504101324826478958e-02
1.508072670549154282e-02
1.456552557647228241e-02
1.440898515284061432e-02
1.455871947109699249e-02
1.448260433971881866e-02
1.456828694790601730e-02
1.467408519238233566e-02
1.468742545694112778e-02
1.421733852475881577e-02
1.518804114311933517e-02
1.413034461438655853e-02
1.522254012525081635e-02
1.498779840767383575e-02
1.415049843490123749e-02
1.435302756726741791e-02
1.454918459057807922e-02
1.491082925349473953e-02
1.418949291110038757e-02
1.428660191595554352e-02
1.485085859894752502e-02
1.425150968134403229e-02
1.430121809244155884e-02
1.449086703360080719e-02
1.478155329823493958e-02
1.484017167240381241e-02
1.399077754467725754e-02
1.470976602286100388e-02
1.420377939939498901e-02
1.503839157521724701e-02
1.417355239391326904e-02
1.437169965356588364e-02
1.442881021648645401e-02
1.460038032382726669e-02
1.452105958014726639e-02
1.481465343385934830e-02
1.424600183963775635e-02
1.468896307051181793e-02
1.419040467590093613e-02
1.483975257724523544e-02
1.422414649277925491e-02
1.448558550328016281e-02
1.486308127641677856e-02
1.411785930395126343e-02
1.434558723121881485e-02
1.416638027876615524e-02
1.462284009903669357e-02
1.441498845815658569e-02
1.396855525672435760e-02
1.477870438247919083e-02
1.421032659709453583e-02
1.448401063680648804e-02
1.503238081932067871e-02
1.425783336162567139e-02
1.414802484214305878e-02
1.412189751863479614e-02
1.445755362510681152e-02
1.469886116683483124e-02
1.420108601450920105e-02
1.469430141150951385e-02
1.448768004775047302e-02
1.478598918765783310e-02
1.406209636479616165e-02
1.409417670220136642e-02
1.497526187449693680e-02
1.399155799299478531e-02
1.473649125546216965e-02
1.391020976006984711e-02
1.482199691236019135e-02
1.466126926243305206e-02
1.441261544823646545e-02
1.438761502504348755e-02
1.370976585894823074e-02
1.461111661046743393e-02
1.435013208538293839e-02
1.447063870728015900e-02
1.438947394490242004e-02
1.440368406474590302e-02
1.445045042783021927e-02
1.403207145631313324e-02
1.427267678081989288e-02
1.397081371396780014e-02
1.449395716190338135e-02
1.444891281425952911e-02
1.437816862016916275e-02
1.451448537409305573e-02
1.447170879691839218e-02
1.415154989808797836e-02
1.403183210641145706e-02
1.442828588187694550e-02
1.456321403384208679e-02
1.493058446794748306e-02
1.437357999384403229e-02
1.405068393796682358e-02
1.436785329133272171e-02
1.420728676021099091e-02
1.397067215293645859e-02
1.418394222855567932e-02
1.473732292652130127e-02
1.398507319390773773e-02
1.437625568360090256e-02
1.383415982127189636e-02
1.438853517174720764e-02
1.431480702012777328e-02
1.382721867412328720e-02
1.449453551322221756e-02
1.417489908635616302e-02
1.391035318374633789e-02
1.428612694144248962e-02
1.457172259688377380e-02
1.507606916129589081e-02
1.402986422181129456e-02
1.404959522187709808e-02
1.444647833704948425e-02
1.445151027292013168e-02
1.410632766783237457e-02
1.391562540084123611e-02
1.429141499102115631e-02
1.422361843287944794e-02
1.395486015826463699e-02
1.387293171137571335e-02
1.488752756267786026e-02
1.398656982928514481e-02
1.428743917495012283e-02
1.409769989550113678e-02
1.416240073740482330e-02
1.392406318336725235e-02
1.504968944936990738e-02
1.406800653785467148e-02
1.430268026888370514e-02
1.449977420270442963e-02
1.401869952678680420e-02
1.403656601905822754e-02
1.393575593829154968e-02
1.419348549097776413e-02
1.411948539316654205e-02
1.432294026017189026e-02
1.425152551382780075e-02
1.396134309470653534e-02
1.460043899714946747e-02
1.410558819770812988e-02
1.424879301339387894e-02
1.382480654865503311e-02
1.393739599734544754e-02
1.420685462653636932e-02
1.434629410505294800e-02
1.404564268887042999e-02
1.413618959486484528e-02
1.387273147702217102e-02
1.391681935638189316e-02
1.400710362941026688e-02
1.476259622722864151e-02
1.369202230125665665e-02
1.390512846410274506e-02
1.405547000467777252e-02
1.404168177396059036e-02
1.439328119158744812e-02
1.429851725697517395e-02
1.394478417932987213e-02
1.402838248759508133e-02
1.418165117502212524e-02
1.395220216363668442e-02
1.423690747469663620e-02
1.461851969361305237e-02
1.414220687001943588e-02
1.441683899611234665e-02
1.407183893024921417e-02
1.376102399080991745e-02
1.425205077975988388e-02
1.386332698166370392e-02
1.449705567210912704e-02
1.458942797034978867e-02
1.423482690006494522e-02
1.407583802938461304e-02
1.397065073251724243e-02
1.379807759076356888e-02
1.370659191161394119e-02
1.427348144352436066e-02
1.408640854060649872e-02
1.372541952878236771e-02
1.423331629484891891e-02
1.402513869106769562e-02
1.419130992144346237e-02
1.382519677281379700e-02
1.409498322755098343e-02
1.411768980324268341e-02
1.389770582318305969e-02
1.393255684524774551e-02
1.395780872553586960e-02
1.407175604254007339e-02
1.390090491622686386e-02
1.396054401993751526e-02
1.402263063937425613e-02
1.395163591951131821e-02
1.381566561758518219e-02
1.361589785665273666e-02
1.423400640487670898e-02
1.438560429960489273e-02
1.454215683043003082e-02
1.401004474610090256e-02
1.381286140531301498e-02
1.389538496732711792e-02
1.401297189295291901e-02
1.385393552482128143e-02
1.345671247690916061e-02
1.389872469007968903e-02
1.431243494153022766e-02
1.392879802733659744e-02
1.405837945640087128e-02
1.375998463481664658e-02
1.399736944586038589e-02
1.369189471006393433e-02
1.426082197576761246e-02
1.386582478880882263e-02
1.397087331861257553e-02
1.331657823175191879e-02
1.389041170477867126e-02
1.398830208927392960e-02
1.392053440213203430e-02
1.412499696016311646e-02
1.403357554227113724e-02
1.355933770537376404e-02
1.368963625282049179e-02
1.405713520944118500e-02
1.401493698358535767e-02
1.383795775473117828e-02
1.348220836371183395e-02
1.381706167012453079e-02
1.415386330336332321e-02
1.420415565371513367e-02
1.356168556958436966e-02
1.450385339558124542e-02
1.379427500069141388e-02
1.372154057025909424e-02
1.438887976109981537e-02
1.416669972240924835e-02
1.367638912051916122e-02
1.403046865016222000e-02
1.359254308044910431e-02
1.380022335797548294e-02
1.355513278394937515e-02
1.389809511601924896e-02
1.375762093812227249e-02
1.365309208631515503e-02
1.379379164427518845e-02
1.368361525237560272e-02
1.367071364074945450e-02
1.422278489917516708e-02
1.363621931523084641e-02
1.414264924824237823e-02
1.424753107130527496e-02
1.371674705296754837e-02
1.350316312164068222e-02
1.420867908746004105e-02
1.388667337596416473e-02
1.385067589581012726e-02
1.419380027800798416e-02
1.387900300323963165e-02
1.391921006143093109e-02
1.372197549790143967e-02
1.366642769426107407e-02
1.414825394749641418e-02
1.406306214630603790e-02
1.374107971787452698e-02
1.368937082588672638e-02
1.395392324775457382e-02
1.407895609736442566e-02
1.343617029488086700e-02
1.358434651046991348e-02
1.413547340780496597e-02
1.404565200209617615e-02
1.363744959235191345e-02
1.353420130908489227e-02
1.396772637963294983e-02
1.388460211455821991e-02
1.414723321795463562e-02
1.353938784450292587e-02
1.400747243314981461e-02
1.383028365671634674e-02
1.412193942815065384e-02
1.335445791482925415e-02
1.358064357191324234e-02
1.440432388335466385e-02
1.361990161240100861e-02
1.373877096921205521e-02
1.401170715689659119e-02
1.459639146924018860e-02
1.363704074174165726e-02
1.367373578250408173e-02
1.347833126783370972e-02
1.397092081606388092e-02
1.392223592847585678e-02
1.408866327255964279e-02
1.379259116947650909e-02
1.380640175193548203e-02
1.359518244862556458e-02
1.383808441460132599e-02
1.377727370709180832e-02
1.412966847419738770e-02
1.363815460354089737e-02
1.381164416670799255e-02
1.354193873703479767e-02
1.369213033467531204e-02
1.348433829843997955e-02
1.401298213750123978e-02
1.410301495343446732e-02
1.442901138216257095e-02
1.333294995129108429e-02
1.349730789661407471e-02
1.360302045941352844e-02
1.371983811259269714e-02
1.361872628331184387e-02
1.387221645563840866e-02
1.414874475449323654e-02
1.419808994978666306e-02
1.357439253479242325e-02
1.372614130377769470e-02
1.385042443871498108e-02
1.366009749472141266e-02
1.434016320854425430e-02
1.341401226818561554e-02
1.364559773355722427e-02
1.357144862413406372e-02
1.389473211020231247e-02
1.331913657486438751e-02
1.370199769735336304e-02
1.361205335706472397e-02
1.403274387121200562e-02
1.414113678038120270e-02
1.343329250812530518e-02
1.332637108862400055e-02
1.333241537213325500e-02
1.359969656914472580e-02
1.350857224315404892e-02
1.361227128654718399e-02
1.370942499488592148e-02
1.321122702211141586e-02
1.403194200247526169e-02
1.342691574245691299e-02
1.407039165496826172e-02
1.371561363339424133e-02
1.371545903384685516e-02
1.339032128453254700e-02
1.364058908075094223e-02
1.380683202296495438e-02
1.364799961447715759e-02
1.407064404338598251e-02
1.402250211685895920e-02
1.362277287989854813e-02
1.367188245058059692e-02
1.350831240415573120e-02
1.351366378366947174e-02
1.399768702685832977e-02
1.309645175933837891e-02
1.369351241737604141e-02
1.430829893797636032e-02
1.372744608670473099e-02
1.432127505540847778e-02
1.317672338336706161e-02
1.355159748345613480e-02
1.378067024052143097e-02
1.384444907307624817e-02
1.343254093080759048e-02
1.401818078011274338e-02
1.317422185093164444e-02
1.392002962529659271e-02
1.344359852373600006e-02
1.347724720835685730e-02
1.394769735634326935e-02
1.315083540976047516e-02
1.367036160081624985e-02
1.355283986777067184e-02
1.348556019365787506e-02
1.359079964458942413e-02
1.364015229046344757e-02
1.328196283429861069e-02
1.375808101147413254e-02
1.369393337517976761e-02
1.334318239241838455e-02
1.376702077686786652e-02
1.376861054450273514e-02
1.370068825781345367e-02
1.357078738510608673e-02
1.346410438418388367e-02
1.333515904843807220e-02
1.387634314596652985e-02
1.372350938618183136e-02
1.351628452539443970e-02
1.353695150464773178e-02
1.358342729508876801e-02
1.395395956933498383e-02
1.355794910341501236e-02
1.354433596134185791e-02
1.355635002255439758e-02
1.352267526090145111e-02
1.379360351711511612e-02
1.325111370533704758e-02
1.383554562926292419e-02
1.315073668956756592e-02
1.313880551606416702e-02
1.409294735640287399e-02
1.323252357542514801e-02
1.401224173605442047e-02
1.353389024734497070e-02
1.311752479523420334e-02
1.361554116010665894e-02
1.361546292901039124e-02
1.362292468547821045e-02
1.385635230690240860e-02
1.311731617897748947e-02
1.344284228980541229e-02
1.368734613060951233e-02
1.320626493543386459e-02
1.356359012424945831e-02
1.333684567362070084e-02
1.343929022550582886e-02
1.338791195303201675e-02
1.351994741708040237e-02
1.364162750542163849e-02
1.342482771724462509e-02
1.376978028565645218e-02
1.379218697547912598e-02
1.349085196852684021e-02
1.371227111667394638e-02
1.330149732530117035e-02
1.363517809659242630e-02
1.327540539205074310e-02
1.359939295798540115e-02
1.375471055507659912e-02
1.369294617325067520e-02
1.389194652438163757e-02
1.331426668912172318e-02
1.363888569176197052e-02
1.327395346015691757e-02
1.391959935426712036e-02
1.386204827576875687e-02
1.340170111507177353e-02
1.346761640161275864e-02
1.361916214227676392e-02
1.347397360950708389e-02
1.326681394129991531e-02
1.386889535933732986e-02
1.327555067837238312e-02
1.366820372641086578e-02
1.308318786323070526e-02
1.345586683601140976e-02
1.353521458804607391e-02
1.365900132805109024e-02
1.360114477574825287e-02
1.333215646445751190e-02
1.308362651616334915e-02
1.344430167227983475e-02
1.353152189403772354e-02
1.344229374080896378e-02
1.321243494749069214e-02
1.380699034780263901e-02
1.340345293283462524e-02
1.330470107495784760e-02
1.327935233712196350e-02
1.366508100181818008e-02
1.335046254098415375e-02
1.338330842554569244e-02
1.353916153311729431e-02
1.328420825302600861e-02
1.329795550554990768e-02
1.391425821930170059e-02
1.354145817458629608e-02
1.299679186195135117e-02
1.388499513268470764e-02
1.357013266533613205e-02
1.414497196674346924e-02
1.352628786116838455e-02
1.338315010070800781e-02
1.367348339408636093e-02
1.328928302973508835e-02
1.397809572517871857e-02
1.343095954507589340e-02
1.310288533568382263e-02
1.367203146219253540e-02
1.353256870061159134e-02
1.358011458069086075e-02
1.310507953166961670e-02
1.339285541325807571e-02
1.374619919806718826e-02
1.337834075093269348e-02
1.340545900166034698e-02
1.280669402331113815e-02
1.350289303809404373e-02
1.323692966252565384e-02
1.332041714340448380e-02
1.388299278914928436e-02
1.371008623391389847e-02
1.346658449620008469e-02
1.337669603526592255e-02
1.341595035046339035e-02
1.302403304725885391e-02
1.355906575918197632e-02
1.407225523144006729e-02
1.350721810013055801e-02
1.363590825349092484e-02
1.301877293735742569e-02
1.377220265567302704e-02
1.313990540802478790e-02
1.402815990149974823e-02
1.324918866157531738e-02
1.351275946944952011e-02
1.366776134818792343e-02
1.295185647904872894e-02
1.357735879719257355e-02
1.368859782814979553e-02
1.335585676133632660e-02
1.333198975771665573e-02
1.314448192715644836e-02
1.302947569638490677e-02
1.343608461320400238e-02
1.319197192788124084e-02
1.370439492166042328e-02
1.299245469272136688e-02
1.303139515221118927e-02
1.365001406520605087e-02
1.380705926567316055e-02
1.307852100580930710e-02
1.330567803233861923e-02
1.308509986847639084e-02
1.339242514222860336e-02
1.325079519301652908e-02
1.350082922726869583e-02
1.377997826784849167e-02
1.311268843710422516e-02
1.316522341221570969e-02
1.328129880130290985e-02
1.315079908818006516e-02
1.301445532590150833e-02
1.374053582549095154e-02
1.314383652061223984e-02
1.311866287142038345e-02
1.367751602083444595e-02
1.328121684491634369e-02
1.329429447650909424e-02
1.371135562658309937e-02
1.352224405854940414e-02
1.325191091746091843e-02
1.319075189530849457e-02
1.306085754185914993e-02
1.321623008698225021e-02
1.374523062258958817e-02
1.370911207050085068e-02
1.334030833095312119e-02
1.314855273813009262e-02
1.339409407228231430e-02
1.320071425288915634e-02
1.302611455321311951e-02
1.299073733389377594e-02
1.378914713859558105e-02
1.309623941779136658e-02
1.303055044263601303e-02
1.327057089656591415e-02
1.345223933458328247e-02
1.340625807642936707e-02
1.313807070255279541e-02
1.344115380197763443e-02
1.312613300979137421e-02
1.345221977680921555e-02
1.350214798003435135e-02
1.365823112428188324e-02
1.312386803328990936e-02
1.314129214733839035e-02
1.337399799376726151e-02
1.309396047145128250e-02
1.333685964345932007e-02
1.277288701385259628e-02
1.293379813432693481e-02
1.316977944225072861e-02
1.300192531198263168e-02
1.359917316585779190e-02
1.356278732419013977e-02
1.328127644956111908e-02
1.288412138819694519e-02
1.355668623000383377e-02
1.320650614798069000e-02
1.347783487290143967e-02
1.280795875936746597e-02
1.361083891242742538e-02
1.323113124817609787e-02
1.308033801615238190e-02
1.318010594695806503e-02
1.312458794564008713e-02
1.338390540331602097e-02
1.345776394009590149e-02
1.318505220115184784e-02
1.369020342826843262e-02
1.327386684715747833e-02
1.326021738350391388e-02
1.301283296197652817e-02
1.332673337310552597e-02
1.362829096615314484e-02
1.323340926319360733e-02
1.319760549813508987e-02
1.317665632814168930e-02
1.274472661316394806e-02
1.278522703796625137e-02
1.356058288365602493e-02
1.297414954751729965e-02
1.347811706364154816e-02
1.286815851926803589e-02
1.350059267133474350e-02
1.346502546221017838e-02
1.385378092527389526e-02
1.306974701583385468e-02
1.297238841652870178e-02
1.321281120181083679e-02
1.302214432507753372e-02
1.365120057016611099e-02
1.307947095483541489e-02
1.321825478225946426e-02
1.352322567254304886e-02
1.316958200186491013e-02
1.316899619996547699e-02
1.296664495021104813e-02
1.309766247868537903e-02
1.329150237143039703e-02
1.318787876516580582e-02
1.293126679956912994e-02
1.326154451817274094e-02
1.356789935380220413e-02
1.316574588418006897e-02
1.300895679742097855e-02
1.266280468553304672e-02
1.298354286700487137e-02
1.308250054717063904e-02
1.293256785720586777e-02
1.286575011909008026e-02
1.339470222592353821e-02
1.289832592010498047e-02
1.361907459795475006e-02
1.305137760937213898e-02
1.359701156616210938e-02
1.338692288845777512e-02
1.275318861007690430e-02
1.277766562998294830e-02
1.318761333823204041e-02
1.307252421975135803e-02
1.325545366853475571e-02
1.306994911283254623e-02
1.332223042845726013e-02
1.336524542421102524e-02
1.331140007823705673e-02
1.299143116921186447e-02
1.339721493422985077e-02
1.318930462002754211e-02
1.310742553323507309e-02
1.314784958958625793e-02
1.304613240063190460e-02
1.312160491943359375e-02
1.300885528326034546e-02
1.312626618891954422e-02
1.294122356921434402e-02
1.269999239593744278e-02
1.278390828520059586e-02
1.331101637333631516e-02
1.345923636108636856e-02
1.353565324097871780e-02
1.386882457882165909e-02
1.290673855692148209e-02
1.326599717140197754e-02
1.318677235394716263e-02
1.329658832401037216e-02
1.282303500920534134e-02
1.324105914682149887e-02
1.284239999949932098e-02
1.328107435256242752e-02
1.297228969633579254e-02
1.329476013779640198e-02
1.359729655086994171e-02
1.314537134021520615e-02
1.276626903563737869e-02
1.314779464155435562e-02
1.323865726590156555e-02
1.325478032231330872e-02
1.348647940903902054e-02
1.281414832919836044e-02
1.307514961808919907e-02
1.269101444631814957e-02
1.353581342846155167e-02
1.319017913192510605e-02
1.347422227263450623e-02
1.293575018644332886e-02
1.270799431949853897e-02
1.286234334111213684e-02
1.321762707084417343e-02
1.345876138657331467e-02
1.305787917226552963e-02
1.318787131458520889e-02
1.255597360432147980e-02
1.337773632258176804e-02
1.348833832889795303e-02
1.294413022696971893e-02
1.320079062134027481e-02
1.293230708688497543e-02
1.326119992882013321e-02
1.304094865918159485e-02
1.282256841659545898e-02
1.353589072823524475e-02
1.308569032698869705e-02
1.274031028151512146e-02
1.298944279551506042e-02
1.293988805264234543e-02
1.305950060486793518e-02
1.285957079380750656e-02
1.321030315011739731e-02
1.338874455541372299e-02
1.347119268029928207e-02
1.304319128394126892e-02
1.314352732151746750e-02
1.325202174484729767e-02
1.285784784704446793e-02
1.315404847264289856e-02
1.423032302409410477e-02
1.306256093084812164e-02
1.347706932574510574e-02
1.285428553819656372e-02
1.272105332463979721e-02
1.316207367926836014e-02
1.296126190572977066e-02
1.347337570041418076e-02
1.301204413175582886e-02
1.287224423140287399e-02
1.327260676771402359e-02
1.385699678212404251e-02
1.281746290624141693e-02
1.337914075702428818e-02
1.308811362832784653e-02
1.325659547001123428e-02
1.349189039319753647e-02
1.315460819751024246e-02
1.360300648957490921e-02
1.326601114124059677e-02
1.270298287272453308e-02
1.283894106745719910e-02
1.309540122747421265e-02
1.270260754972696304e-02
1.313032768666744232e-02
1.284292899072170258e-02
1.328835915774106979e-02
1.371708605438470840e-02
1.307448092848062515e-02
1.293571293354034424e-02
1.282756961882114410e-02
1.282967999577522278e-02
1.259182766079902649e-02
1.283490750938653946e-02
1.292986236512660980e-02
1.353525090962648392e-02
1.312285196036100388e-02
1.287085935473442078e-02
1.286879554390907288e-02
1.306586060672998428e-02
1.326196454465389252e-02
1.321489643305540085e-02
1.281374599784612656e-02
1.310493052005767822e-02
1.270209997892379761e-02
1.305554062128067017e-02
1.318895723670721054e-02
1.299676764756441116e-02
1.272124890238046646e-02
1.273517683148384094e-02
1.309004798531532288e-02
1.289912685751914978e-02
1.320978440344333649e-02
1.269247010350227356e-02
1.293403189629316330e-02
1.339370571076869965e-02
1.289171725511550903e-02
1.291049178689718246e-02
1.306133624166250229e-02
1.277352962642908096e-02
1.311056409031152725e-02
1.363556552678346634e-02
1.311151497066020966e-02
1.283634826540946960e-02
1.310339197516441345e-02
1.300094742327928543e-02
1.282293628901243210e-02
1.306985225528478622e-02
1.337968837469816208e-02
1.270564831793308258e-02
1.299209427088499069e-02
1.317608915269374847e-02
1.325766742229461670e-02
1.258230581879615784e-02
1.257517375051975250e-02
1.286362577229738235e-02
1.275525428354740143e-02
1.271228678524494171e-02
1.309057977050542831e-02
1.310598198324441910e-02
1.310065947473049164e-02
1.281620282679796219e-02
1.348994206637144089e-02
1.287783589214086533e-02
1.279931236058473587e-02
1.281245052814483643e-02
1.284733787178993225e-02
1.300066616386175156e-02
1.269130408763885498e-02
1.318557746708393097e-02
1.294467691332101822e-02
1.291654538363218307e-02
1.277027837932109833e-02
1.276715844869613647e-02
1.328235212713479996e-02
1.303705386817455292e-02
1.280752196907997131e-02
1.272911764681339264e-02
1.260171178728342056e-02
1.292738318443298340e-02
1.281989924609661102e-02
1.307194121181964874e-02
1.346980035305023193e-02
1.274764351546764374e-02
1.310708932578563690e-02
1.302152313292026520e-02
1.272445637732744217e-02
1.284077391028404236e-02
1.299597788602113724e-02
1.322216726839542389e-02
1.305754762142896652e-02
1.300009153783321381e-02
1.290636975318193436e-02
1.293541118502616882e-02
1.295786164700984955e-02
1.267272606492042542e-02
1.338182948529720306e-02
1.362329907715320587e-02
1.265639252960681915e-02
1.286663673818111420e-02
1.297148689627647400e-02
1.257018558681011200e-02
1.288944482803344727e-02
1.297160703688859940e-02
1.310755405575037003e-02
1.276868488639593124e-02
1.288713235408067703e-02
1.310572773218154907e-02
1.278182305395603180e-02
1.261718571186065674e-02
1.279535889625549316e-02
1.252530980855226517e-02
1.301810331642627716e-02
1.290233246982097626e-02
1.277449354529380798e-02
1.261385716497898102e-02
1.293537765741348267e-02
1.299114339053630829e-02
1.296295877546072006e-02
1.303143799304962158e-02
1.322874706238508224e-02
1.264400873333215714e-02
1.288978848606348038e-02
1.264550909399986267e-02
1.283875107765197754e-02
1.356128323823213577e-02
1.273022405803203583e-02
1.304286159574985504e-02
1.257993839681148529e-02
1.254208479076623917e-02
1.274796016514301300e-02
1.347687374800443649e-02
1.280645746737718582e-02
1.253276225179433823e-02
1.259050704538822174e-02
1.335445605218410492e-02
1.295604463666677475e-02
1.281687710434198380e-02
1.280703581869602203e-02
1.295398268848657608e-02
1.255338080227375031e-02
1.328366436064243317e-02
1.289487257599830627e-02
1.264150626957416534e-02
1.278080046176910400e-02
1.305300462990999222e-02
1.294482592493295670e-02
1.329243741929531097e-02
1.239460892975330353e-02
1.313187647610902786e-02
1.290775462985038757e-02
1.271062996238470078e-02
1.287839282304048538e-02
1.257239188998937607e-02
1.288963481783866882e-02
1.281144656240940094e-02
1.280115637928247452e-02
1.279145665466785431e-02
1.452612970024347305e-02
1.245514024049043655e-02
1.271808706223964691e-02
1.240373682230710983e-02
1.260335836559534073e-02
1.304917968809604645e-02
1.318395324051380157e-02
1.269270293414592743e-02
1.294740103185176849e-02
1.256792340427637100e-02
1.306850928813219070e-02
1.275810878723859787e-02
1.290328428149223328e-02
1.281437929719686508e-02
1.291443686932325363e-02
1.224927511066198349e-02
1.264725811779499054e-02
1.262776460498571396e-02
1.304157078266143799e-02
1.306085474789142609e-02
1.361288875341415405e-02
1.259615272283554077e-02
1.296069659292697906e-02
1.284922380000352859e-02
1.332824397832155228e-02
1.303996890783309937e-02
1.269543729722499847e-02
1.249684114009141922e-02
1.278585847467184067e-02
1.267623994499444962e-02
1.262295898050069809e-02
1.306255254894495010e-02
1.274992711842060089e-02
1.293552387505769730e-02
1.249625720083713531e-02
1.280252262949943542e-02
1.261511072516441345e-02
1.264451537281274796e-02
1.245073974132537842e-02
1.317923981696367264e-02
1.287854555994272232e-02
1.285871863365173340e-02
1.292578317224979401e-02
1.239537913352251053e-02
1.256080623716115952e-02
1.304005738347768784e-02
1.296086795628070831e-02
1.242067292332649231e-02
1.297881361097097397e-02
1.258251164108514786e-02
1.286527328193187714e-02
1.280928030610084534e-02
1.267364341765642166e-02
1.267781574279069901e-02
1.272398605942726135e-02
1.301048416644334793e-02
1.301561389118432999e-02
1.305714622139930725e-02
1.305042114108800888e-02
1.302491594105958939e-02
1.253243722021579742e-02
1.292865723371505737e-02
1.249146182090044022e-02
1.262211240828037262e-02
1.350310444831848145e-02
1.271568983793258667e-02
1.279183756560087204e-02
1.255597174167633057e-02
1.278188079595565796e-02
1.258098240941762924e-02
1.274010166525840759e-02
1.296210102736949921e-02
1.255733706057071686e-02
1.285444106906652451e-02
1.284999493509531021e-02
1.250850502401590347e-02
1.251507177948951721e-02
1.265847217291593552e-02
1.316116657108068466e-02
1.291561871767044067e-02
1.243488304316997528e-02
1.246545184403657913e-02
1.305676624178886414e-02
1.248469576239585876e-02
1.298479922115802765e-02
1.329756435006856918e-02
1.284840330481529236e-02
1.230988558381795883e-02
1.273828372359275818e-02
1.231064926832914352e-02
1.258405111730098724e-02
1.270118448883295059e-02
1.290842238813638687e-02
1.284654065966606140e-02
1.264501549303531647e-02
1.261958573013544083e-02
1.311480440199375153e-02
1.414091233164072037e-02
1.248287875205278397e-02
1.257529295980930328e-02
1.254474464803934097e-02
1.305686961859464645e-02
1.273187808692455292e-02
1.266480330377817154e-02
1.294286828488111496e-02
1.270505320280790329e-02
1.265097316354513168e-02
1.282496191561222076e-02
1.267875358462333679e-02
1.283190678805112839e-02
1.275239046663045883e-02
1.273825950920581818e-02
1.288626622408628464e-02
1.261402852833271027e-02
1.226148568093776703e-02
1.289408281445503235e-02
1.276342663913965225e-02
1.274405885487794876e-02
1.250787638127803802e-02
1.269456744194030762e-02
1.275033410638570786e-02
1.281888037919998169e-02
1.263406779617071152e-02
1.275796536356210709e-02
1.256203930824995041e-02
1.294083893299102783e-02
1.259570382535457611e-02
1.302995253354310989e-02
1.283199712634086609e-02
1.272708550095558167e-02
1.238264050334692001e-02
1.259696763008832932e-02
1.270484831184148788e-02
1.288824342191219330e-02
1.259753201156854630e-02
1.261913869529962540e-02
1.280061528086662292e-02
1.252622995525598526e-02
1.276558451354503632e-02
1.257248688489198685e-02
1.227419544011354446e-02
1.352738030254840851e-02
1.300700940191745758e-02
1.285033766180276871e-02
1.275393832474946976e-02
1.256115362048149109e-02
1.251120865345001221e-02
1.249990705400705338e-02
1.245071645826101303e-02
1.275120675563812256e-02
1.264759339392185211e-02
1.272485684603452682e-02
1.281705126166343689e-02
1.248393580317497253e-02
1.268608588725328445e-02
1.295147370547056198e-02
1.256916206330060959e-02
1.321057043969631195e-02
1.237776409834623337e-02
1.267517078667879105e-02
1.238526031374931335e-02
1.269515883177518845e-02
1.247210707515478134e-02
1.256106887012720108e-02
1.279326807707548141e-02
1.263219211250543594e-02
1.256227213889360428e-02
1.226051338016986847e-02
1.259191334247589111e-02
1.243084017187356949e-02
1.307806279510259628e-02
1.276853214949369431e-02
1.248052623122930527e-02
1.265471149235963821e-02
1.245492603629827499e-02
1.241457182914018631e-02
1.281674019992351532e-02
1.277757715433835983e-02
1.267358753830194473e-02
1.270713470876216888e-02
1.251959241926670074e-02
1.307413913309574127e-02
1.254452858120203018e-02
1.263864897191524506e-02
1.259242650121450424e-02
1.278294064104557037e-02
1.238315738737583160e-02
1.290412992238998413e-02
1.237939856946468353e-02
1.282175444066524506e-02
1.236578729003667831e-02
1.237777434289455414e-02
1.247021649032831192e-02
1.299526449292898178e-02
1.245835423469543457e-02
1.262959931045770645e-02
1.387377828359603882e-02
1.258859317749738693e-02
1.229520700871944427e-02
1.264887489378452301e-02
1.254244055598974228e-02
1.244016084820032120e-02
1.260169129818677902e-02
1.350540202111005783e-02
1.240806467831134796e-02
1.272946968674659729e-02
1.248624920845031738e-02
1.248133555054664612e-02
1.236586365848779678e-02
1.283510494977235794e-02
1.285245083272457123e-02
1.259073056280612946e-02
1.260466873645782471e-02
1.300092972815036774e-02
1.245451252907514572e-02
1.248148363083600998e-02
1.264608185738325119e-02
1.240232959389686584e-02
1.283475104719400406e-02
1.231718715280294418e-02
1.304263807833194733e-02
1.260225474834442139e-02
1.245714444667100906e-02
1.299622841179370880e-02
1.251010224223136902e-02
1.244163326919078827e-02
1.266658585518598557e-02
1.264523062855005264e-02
1.274001132696866989e-02
1.233314257115125656e-02
1.268949359655380249e-02
1.251268479973077774e-02
1.227222569286823273e-02
1.280346605926752090e-02
1.305472292006015778e-02
1.266185194253921509e-02
1.250623725354671478e-02
1.250201743096113205e-02
1.255754195153713226e-02
1.312100235372781754e-02
1.261072326451539993e-02
1.236645504832267761e-02
1.293002534657716751e-02
1.269468851387500763e-02
1.247987523674964905e-02
1.261298451572656631e-02
1.289760787039995193e-02
1.244702655822038651e-02
1.305347774177789688e-02
1.284696161746978760e-02
1.338294986635446548e-02
1.257794816046953201e-02
1.240868773311376572e-02
1.242590509355068207e-02
1.273221801966428757e-02
1.284745056182146072e-02
1.264135353267192841e-02
1.235462538897991180e-02
1.265575736761093140e-02
1.263280771672725677e-02
1.287968177348375320e-02
1.291245874017477036e-02
1.239070016890764236e-02
1.232226565480232239e-02
1.240667793899774551e-02
1.283810380846261978e-02
1.239777170121669769e-02
1.233721431344747543e-02
1.290924102067947388e-02
1.296566147357225418e-02
1.250920724123716354e-02
1.240549888461828232e-02
1.283753104507923126e-02
1.287325564771890640e-02
1.280638575553894043e-02
1.256155408918857574e-02
1.233645435422658920e-02
1.257015392184257507e-02
1.260911859571933746e-02
1.260733511298894882e-02
1.256614644080400467e-02
1.295837480574846268e-02
1.246787700802087784e-02
1.254093460738658905e-02
1.274122670292854309e-02
1.236098818480968475e-02
1.250654831528663635e-02
1.254249550402164459e-02
1.253361813724040985e-02
1.236262172460556030e-02
1.247655041515827179e-02
1.229786779731512070e-02
1.286709215492010117e-02
1.237162109464406967e-02
1.258473657071590424e-02
1.258973218500614166e-02
1.236936915665864944e-02
1.295804791152477264e-02
1.253178436309099197e-02
1.204002927988767624e-02
1.247404143214225769e-02
1.241735648363828659e-02
1.276905462145805359e-02
1.244484912604093552e-02
1.249632146209478378e-02
1.258885487914085388e-02
1.242386549711227417e-02
1.259553059935569763e-02
1.251028198748826981e-02
1.269604917615652084e-02
1.276522502303123474e-02
1.241758558899164200e-02
1.235083583742380142e-02
1.244070194661617279e-02
1.266245543956756592e-02
1.299022790044546127e-02
1.220527105033397675e-02
1.281634159386157990e-02
1.212389674037694931e-02
1.225554104894399643e-02
1.253631897270679474e-02
1.255220267921686172e-02
1.236598007380962372e-02
1.298278011381626129e-02
1.246408838778734207e-02
1.252797059714794159e-02
1.228868402540683746e-02
1.235567498952150345e-02
1.272437814623117447e-02
1.230634283274412155e-02
1.258585415780544281e-02
1.254455372691154480e-02
1.257424894720315933e-02
1.264260523021221161e-02
1.237754523754119873e-02
1.245876494795084000e-02
1.300116069614887238e-02
1.272561959922313690e-02
1.248613186180591583e-02
1.233641430735588074e-02
1.249388232827186584e-02
1.233020424842834473e-02
1.239703595638275146e-02
1.280646491795778275e-02
1.271077245473861694e-02
1.214830949902534485e-02
1.251429785043001175e-02
1.235159486532211304e-02
1.231221482157707214e-02
1.253616157919168472e-02
1.255053933709859848e-02
1.232069078832864761e-02
1.260940730571746826e-02
1.215867977589368820e-02
1.250071451067924500e-02
1.256417855620384216e-02
1.240453124046325684e-02
1.238722354173660278e-02
1.213228702545166016e-02
1.249343808740377426e-02
1.271242648363113403e-02
1.220685336738824844e-02
1.260554697364568710e-02
1.204763166606426239e-02
1.257435698062181473e-02
1.304755080491304398e-02
1.304347068071365356e-02
1.217702031135559082e-02
1.253978535532951355e-02
1.242244150489568710e-02
1.304111070930957794e-02
1.251196768134832382e-02
1.254057511687278748e-02
1.242434419691562653e-02
1.248682197183370590e-02
1.228532101958990097e-02
1.246375776827335358e-02
1.226165518164634705e-02
1.228659227490425110e-02
1.266624405980110168e-02
1.226201374083757401e-02
1.273371838033199310e-02
1.227425225079059601e-02
1.254660822451114655e-02
1.235524844378232956e-02
1.307078730314970016e-02
1.252675801515579224e-02
1.241288054734468460e-02
1.253709755837917328e-02
1.345868967473506927e-02
1.242370810359716415e-02
1.229570060968399048e-02
1.244660932570695877e-02
1.256351359188556671e-02
1.257567480206489563e-02
1.211200654506683350e-02
1.234700717031955719e-02
1.273384969681501389e-02
1.244643237441778183e-02
1.295145787298679352e-02
1.226111687719821930e-02
1.253979653120040894e-02
1.255255099385976791e-02
1.263747829943895340e-02
1.256944239139556885e-02
1.326026301831007004e-02
1.231985539197921753e-02
1.271115429699420929e-02
1.267104782164096832e-02
1.236495655030012131e-02
1.230320055037736893e-02
1.234443206340074539e-02
1.271632220596075058e-02
1.219495665282011032e-02
1.271302718669176102e-02
1.219752337783575058e-02
1.265125535428524017e-02
1.240303833037614822e-02
1.254890020936727524e-02
1.260728016495704651e-02
1.248350832611322403e-02
1.262405142188072205e-02
1.247648522257804871e-02
1.261364482343196869e-02
1.220839098095893860e-02
1.264707464724779129e-02
1.238509081304073334e-02
1.309254858642816544e-02
1.212219707667827606e-02
1.316593773663043976e-02
1.228269375860691071e-02
1.231512054800987244e-02
1.210312265902757645e-02
1.216006372123956680e-02
1.286360155791044235e-02
1.291626784950494766e-02
1.192984357476234436e-02
1.246267091482877731e-02
1.225606258958578110e-02
1.265239622443914413e-02
1.261494029313325882e-02
1.217194553464651108e-02
1.247855834662914276e-02
1.263713743537664413e-02
1.219819765537977219e-02
1.224376913160085678e-02
1.226132456213235855e-02
1.306405477225780487e-02
1.239143777638673782e-02
1.217804756015539169e-02
1.241629943251609802e-02
1.197345461696386337e-02
1.281802635639905930e-02
1.246798131614923477e-02
1.213264837861061096e-02
1.308421604335308075e-02
1.251839287579059601e-02
1.208312716335058212e-02
1.254712790250778198e-02
1.288014464080333710e-02
1.295082643628120422e-02
1.237485557794570923e-02
1.231205090880393982e-02
1.247560046613216400e-02
1.245975866913795471e-02
1.234525069594383240e-02
1.251411531120538712e-02
1.230945903807878494e-02
1.241091731935739517e-02
1.297795306891202927e-02
1.282106433063745499e-02
1.228651311248540878e-02
1.236739195883274078e-02
1.265227887779474258e-02
1.243273261934518814e-02
1.200192887336015701e-02
1.262460928410291672e-02
1.212989911437034607e-02
1.224389858543872833e-02
1.216594129800796509e-02
1.247891131788492203e-02
1.214687991887331009e-02
1.264659129083156586e-02
1.232967525720596313e-02
1.225071679800748825e-02
1.315807178616523743e-02
1.221570093184709549e-02
1.241214014589786530e-02
1.256294734776020050e-02
1.228474453091621399e-02
1.233534887433052063e-02
1.275203656405210495e-02
1.246945187449455261e-02
1.242456212639808655e-02
1.186345890164375305e-02
1.228758040815591812e-02
1.242760382592678070e-02
1.223388500511646271e-02
1.267202943563461304e-02
1.253536064177751541e-02
1.211492996662855148e-02
1.251825224608182907e-02
1.231950242072343826e-02
1.251424569636583328e-02
1.194815151393413544e-02
1.215075608342885971e-02
1.249579433351755142e-02
1.289954688400030136e-02
1.303459331393241882e-02
1.230250857770442963e-02
1.234658993780612946e-02
1.230243872851133347e-02
1.232013385742902756e-02
1.187848858535289764e-02
1.240442693233489990e-02
1.327982544898986816e-02
1.294792722910642624e-02
1.233638916164636612e-02
1.210393290966749191e-02
1.222117245197296143e-02
1.303021982312202454e-02
1.240718364715576172e-02
1.237925700843334198e-02
1.216419879347085953e-02
1.253380533307790756e-02
1.255931146442890167e-02
1.193599030375480652e-02
1.233134232461452484e-02
1.256615389138460159e-02
1.232987828552722931e-02
1.279700919985771179e-02
1.241999398916959763e-02
1.223494298756122589e-02
1.220487803220748901e-02
1.317185536026954651e-02
1.198915764689445496e-02
1.199205499142408371e-02
1.256713364273309708e-02
1.209414843469858170e-02
1.243572961539030075e-02
1.196307782083749771e-02
1.245773863047361374e-02
1.225781626999378204e-02
1.208789832890033722e-02
1.215487439185380936e-02
1.262163277715444565e-02
1.219167839735746384e-02
1.222753431648015976e-02
1.243107207119464874e-02
1.216686517000198364e-02
1.234612055122852325e-02
1.265532989054918289e-02
1.189461164176464081e-02
1.257130689918994904e-02
1.205953769385814667e-02
1.267533469945192337e-02
1.257728226482868195e-02
1.224085409194231033e-02
1.252917386591434479e-02
1.249532122164964676e-02
1.328688673675060272e-02
1.200970821082592010e-02
1.246587187051773071e-02
1.192492619156837463e-02
1.233844272792339325e-02
1.193260680884122849e-02
1.232036575675010681e-02
1.351153012365102768e-02
1.257717423141002655e-02
1.218595542013645172e-02
1.214806083589792252e-02
1.208170223981142044e-02
1.237113401293754578e-02
1.229598931968212128e-02
1.252328883856534958e-02
1.261741202324628830e-02
1.241095364093780518e-02
1.249211560934782028e-02
1.234799623489379883e-02
1.231655012816190720e-02
1.224188786000013351e-02
1.230531372129917145e-02
1.225078944116830826e-02
1.272342633455991745e-02
1.203917991369962692e-02
1.212886627763509750e-02
1.226356532424688339e-02
1.225374173372983932e-02
1.202000770717859268e-02
1.260206196457147598e-02
1.248620823025703430e-02
1.245871372520923615e-02
1.225132867693901062e-02
1.236588973551988602e-02
1.235347893089056015e-02
1.228915434330701828e-02
1.235472690314054489e-02
1.230801735073328018e-02
1.256726030260324478e-02
1.232070941478013992e-02
1.285337097942829132e-02
1.256451569497585297e-02
1.233272347599267960e-02
1.209471747279167175e-02
1.240378431975841522e-02
1.208634302020072937e-02
1.296386495232582092e-02
1.246391702443361282e-02
1.202208455651998520e-02
1.274608634412288666e-02
1.205828040838241577e-02
1.230672281235456467e-02
1.235643681138753891e-02
1.242405548691749573e-02
1.252575498074293137e-02
1.238336786627769470e-02
1.210122741758823395e-02
1.210213731974363327e-02
1.223590318113565445e-02
1.223379746079444885e-02
1.243292167782783508e-02
1.235152967274188995e-02
1.235692016780376434e-02
1.286308094859123230e-02
1.235063001513481140e-02
1.208225637674331665e-02
1.279217377305030823e-02
1.251789741218090057e-02
1.204463373869657516e-02
1.203498058021068573e-02
1.233575958758592606e-02
1.276210509240627289e-02
1.243247557431459427e-02
1.214344147592782974e-02
1.206426043063402176e-02
1.218173559755086899e-02
1.200583577156066895e-02
1.226358488202095032e-02
1.225603837519884109e-02
1.234572101384401321e-02
1.228665094822645187e-02
1.234125532209873199e-02
1.251715980470180511e-02
1.235655415803194046e-02
1.210307329893112183e-02
1.202226616442203522e-02
1.304827723652124405e-02
1.274751499295234680e-02
1.204205211251974106e-02
1.222423370927572250e-02
1.237283926457166672e-02
1.201544422656297684e-02
1.209114212542772293e-02
1.240505930036306381e-02
1.251639146357774734e-02
1.215556450188159943e-02
1.238579768687486649e-02
1.206098031252622604e-02
1.226929109543561935e-02
1.208062842488288879e-02
1.222554314881563187e-02
1.239974889904260635e-02
1.337924972176551819e-02
1.211404521018266678e-02
1.230095513164997101e-02
1.193286292254924774e-02
1.240708678960800171e-02
1.224737148731946945e-02
1.206410210579633713e-02
1.243488304316997528e-02
1.205215603113174438e-02
1.310146134346723557e-02
1.227437332272529602e-02
1.250095386058092117e-02
1.208730973303318024e-02
1.234142482280731201e-02
1.203830260783433914e-02
1.199560333043336868e-02
1.263319607824087143e-02
1.201980933547019958e-02
1.208588387817144394e-02
1.241515297442674637e-02
1.216846983879804611e-02
1.221871841698884964e-02
1.230377238243818283e-02
1.225484814494848251e-02
1.222056895494461060e-02
1.206795126199722290e-02
1.221376936882734299e-02
1.253914088010787964e-02
1.237255334854125977e-02
1.229543332010507584e-02
1.181802339851856232e-02
1.206609327346086502e-02
1.256185211241245270e-02
1.268262881785631180e-02
1.208271645009517670e-02
1.204665936529636383e-02
1.231697201728820801e-02
1.227264665067195892e-02
1.232242304831743240e-02
1.233836170285940170e-02
1.228107605129480362e-02
1.208637375384569168e-02
1.217321865260601044e-02
1.240015681833028793e-02
1.206093188375234604e-02
1.208491530269384384e-02
1.216071099042892456e-02
1.232424192130565643e-02
1.230763085186481476e-02
1.272102445363998413e-02
1.209820434451103210e-02
1.254018582403659821e-02
1.236486807465553284e-02
1.317148469388484955e-02
1.223992183804512024e-02
1.207184977829456329e-02
1.214660517871379852e-02
1.213074754923582077e-02
1.217623613774776459e-02
1.207174826413393021e-02
1.227857265621423721e-02
1.212174911051988602e-02
1.207292173057794571e-02
1.199921965599060059e-02
1.254960801452398300e-02
1.197043154388666153e-02
1.264655496925115585e-02
1.308377087116241455e-02
1.225345581769943237e-02
1.208779029548168182e-02
1.187834236770868301e-02
1.213274337351322174e-02
1.193078048527240753e-02
1.235031057149171829e-02
1.216304209083318710e-02
1.330320071429014206e-02
1.230837590992450714e-02
1.208559423685073853e-02
1.179828308522701263e-02
1.235155109316110611e-02
1.263697538524866104e-02
1.190627831965684891e-02
1.237415429204702377e-02
1.208604034036397934e-02
1.222367864102125168e-02
1.206059381365776062e-02
1.240256521850824356e-02
1.217606291174888611e-02
1.207976043224334717e-02
1.207961607724428177e-02
1.230108086019754410e-02
1.211552787572145462e-02
1.216263603419065475e-02
1.187470089644193649e-02
1.207583490759134293e-02
1.217597350478172302e-02
1.200460363179445267e-02
1.218811143189668655e-02
1.269788481295108795e-02
1.237456314265727997e-02
1.229371409863233566e-02
1.183794811367988586e-02
1.220509503036737442e-02
1.214740797877311707e-02
1.231945306062698364e-02
1.193256024271249771e-02
1.209700666368007660e-02
1.260303147137165070e-02
1.240827236324548721e-02
1.190893538296222687e-02
1.210170891135931015e-02
1.229998376220464706e-02
1.285239588469266891e-02
1.248444337397813797e-02
1.230470836162567139e-02
1.201518252491950989e-02
1.192874740809202194e-02
1.255414262413978577e-02
1.294265128672122955e-02
1.187240798026323318e-02
1.235836744308471680e-02
1.215321756899356842e-02
1.198768429458141327e-02
1.264533493667840958e-02
1.198306679725646973e-02
1.197382993996143341e-02
1.220402494072914124e-02
1.291568297892808914e-02
1.196589134633541107e-02
1.243887562304735184e-02
1.219699159264564514e-02
1.195530407130718231e-02
1.233271695673465729e-02
1.187217049300670624e-02
1.211625896394252777e-02
1.221201103180646896e-02
1.211431808769702911e-02
1.185959018766880035e-02
1.312352623790502548e-02
1.228978764265775681e-02
1.195253431797027588e-02
1.186553761363029480e-02
1.207032520323991776e-02
1.227152161300182343e-02
1.212603319436311722e-02
1.204572059214115143e-02
1.221053861081600189e-02
1.181481033563613892e-02
1.242699380964040756e-02
1.226015854626893997e-02
1.216263882815837860e-02
1.170564722269773483e-02
1.225191075354814529e-02
1.266841590404510498e-02
1.191743649542331696e-02
1.195743680000305176e-02
1.292765513062477112e-02
1.210091169923543930e-02
1.234101597219705582e-02
1.195842120796442032e-02
1.196115091443061829e-02
1.217853743582963943e-02
1.215470768511295319e-02
1.223153620958328247e-02
1.257140189409255981e-02
1.224858034402132034e-02
1.211883500218391418e-02
1.204254291951656342e-02
1.222594082355499268e-02
1.206909492611885071e-02
1.205156370997428894e-02
1.203530747443437576e-02
1.279768347740173340e-02
1.221180055290460587e-02
1.170533336699008942e-02
1.234815362840890884e-02
1.233196910470724106e-02
1.189708802849054337e-02
1.199963036924600601e-02
1.239740382879972458e-02
1.242055092006921768e-02
1.228675898164510727e-02
1.190126501023769379e-02
1.195837929844856262e-02
1.191310770809650421e-02
1.220181770622730255e-02
1.235902123153209686e-02
1.196148153394460678e-02
1.238218415528535843e-02
1.244225539267063141e-02
1.213437877595424652e-02
1.209984999150037766e-02
1.206331048160791397e-02
1.192794740200042725e-02
1.205636560916900635e-02
1.189731992781162262e-02
1.233096793293952942e-02
1.229671295732259750e-02
1.225850824266672134e-02
1.259671337902545929e-02
1.270341128110885620e-02
1.334678102284669876e-02
1.197768934071063995e-02
1.270834356546401978e-02
1.243836525827646255e-02
1.239693444222211838e-02
1.193797122687101364e-02
1.189972087740898132e-02
1.205907762050628662e-02
1.209265924990177155e-02
1.209498848766088486e-02
1.194356847554445267e-02
1.227313000708818436e-02
1.216849777847528458e-02
1.201184839010238647e-02
1.214630249887704849e-02
1.190424524247646332e-02
1.270630676299333572e-02
1.191702950745820999e-02
1.200504414737224579e-02
1.220047194510698318e-02
1.246904022991657257e-02
1.203054469078779221e-02
1.208312250673770905e-02
1.225201226770877838e-02
1.201657764613628387e-02
1.241014897823333740e-02
1.225768495351076126e-02
1.243476290255784988e-02
1.175016351044178009e-02
1.216530520468950272e-02
1.245183963328599930e-02
1.205663755536079407e-02
1.211524754762649536e-02
1.232207566499710083e-02
1.266686152666807175e-02
1.280072517693042755e-02
1.213811058551073074e-02
1.213379018008708954e-02
1.229387056082487106e-02
1.224205829203128815e-02
1.197917945683002472e-02
1.261142920702695847e-02
1.195872202515602112e-02
1.178772002458572388e-02
1.258115191012620926e-02
1.205113437026739120e-02
1.194703020155429840e-02
1.215858012437820435e-02
1.207642070949077606e-02
1.231228467077016830e-02
1.210699044167995453e-02
1.234741508960723877e-02
1.193276140838861465e-02
1.200696825981140137e-02
1.179722603410482407e-02
1.220461912453174591e-02
1.241421699523925781e-02
1.240662205964326859e-02
1.225924119353294373e-02
1.209046039730310440e-02
1.215321384370326996e-02
1.205675862729549408e-02
1.204083580523729324e-02
1.211537141352891922e-02
1.225760858505964279e-02
1.229652483016252518e-02
1.198067422956228256e-02
1.225880254060029984e-02
1.225266512483358383e-02
1.224239543080329895e-02
1.224115956574678421e-02
1.216849591583013535e-02
1.211124192923307419e-02
1.242109574377536774e-02
1.204263232648372650e-02
1.177475228905677795e-02
1.229700259864330292e-02
1.211068127304315567e-02
1.206108462065458298e-02
1.190417259931564331e-02
1.209496986120939255e-02
1.171969436109066010e-02
1.226468291133642197e-02
1.227813400328159332e-02
1.218448113650083542e-02
1.224449742585420609e-02
1.230474375188350677e-02
1.183136831969022751e-02
1.199802383780479431e-02
1.263936143368482590e-02
1.194221060723066330e-02
1.217391528189182281e-02
1.183756906539201736e-02
1.224156655371189117e-02
1.190103124827146530e-02
1.178612280637025833e-02
1.200591865926980972e-02
1.208671741187572479e-02
1.214283239096403122e-02
1.213804353028535843e-02
1.182447187602519989e-02
1.247909851372241974e-02
1.179672684520483017e-02
1.195131894201040268e-02
1.224566437304019928e-02
1.335032377392053604e-02
1.191086880862712860e-02
1.212910190224647522e-02
1.207670662552118301e-02
1.205590087920427322e-02
1.203144248574972153e-02
1.203284226357936859e-02
1.245661452412605286e-02
1.237738039344549179e-02
1.178307179361581802e-02
1.233498938381671906e-02
1.222352776676416397e-02
1.250492967665195465e-02
1.233279798179864883e-02
1.229307707399129868e-02
1.189963053911924362e-02
1.180685870349407196e-02
1.225221808999776840e-02
1.213061250746250153e-02
1.217186450958251953e-02
1.206958200782537460e-02
1.188901998102664948e-02
1.194106414914131165e-02
1.224319543689489365e-02
1.235309243202209473e-02
1.168542448431253433e-02
1.207607518881559372e-02
1.220491062849760056e-02
1.210181321948766708e-02
1.227790117263793945e-02
1.194075495004653931e-02
1.198190450668334961e-02
1.195096317678689957e-02
1.250269636511802673e-02
1.201863121241331100e-02
1.227166131138801575e-02
1.201554108411073685e-02
1.225722767412662506e-02
1.175720710307359695e-02
1.207522209733724594e-02
1.223126240074634552e-02
1.189914438873529434e-02
1.204407960176467896e-02
1.241396088153123856e-02
1.211897563189268112e-02
1.189674716442823410e-02
1.207210216671228409e-02
1.202345546334981918e-02
1.201563142240047455e-02
1.176358759403228760e-02
1.341215707361698151e-02
1.218891702592372894e-02
1.196942385286092758e-02
1.168822497129440308e-02
1.194466091692447662e-02
1.184550952166318893e-02
1.228223275393247604e-02
1.210337504744529724e-02
1.225756946951150894e-02
1.201548241078853607e-02
1.203533448278903961e-02
1.202271226793527603e-02
1.192819792777299881e-02
1.171470899134874344e-02
1.207092497497797012e-02
1.233928184956312180e-02
1.224230136722326279e-02
1.229302771389484406e-02
1.228234171867370605e-02
1.196419168263673782e-02
1.195855997502803802e-02
1.279404945671558380e-02
1.259123906493186951e-02
1.263861265033483505e-02
1.172381825745105743e-02
1.225250679999589920e-02
1.302180532366037369e-02
1.193903572857379913e-02
1.182758808135986328e-02
1.168297231197357178e-02
1.207649614661931992e-02
1.228464674204587936e-02
1.175105385482311249e-02
1.196468528360128403e-02
1.198772527277469635e-02
1.209859736263751984e-02
1.197873987257480621e-02
1.218415051698684692e-02
1.240309141576290131e-02
1.213608682155609131e-02
1.214363984763622284e-02
1.189200300723314285e-02
1.230857521295547485e-02
1.195663679391145706e-02
1.204330381006002426e-02
1.193654071539640427e-02
1.234694663435220718e-02
1.195775810629129410e-02
1.251849532127380371e-02
1.171422936022281647e-02
1.232930738478899002e-02
1.320526190102100372e-02
1.164982840418815613e-02
1.165765244513750076e-02
1.214607525616884232e-02
1.169719547033309937e-02
1.245439797639846802e-02
1.219444628804922104e-02
1.200939994305372238e-02
1.229159068316221237e-02
1.229585427790880203e-02
1.209671795368194580e-02
1.208328455686569214e-02
1.212676241993904114e-02
1.185806281864643097e-02
1.203520596027374268e-02
1.223019696772098541e-02
1.178254745900630951e-02
1.181721594184637070e-02
1.205667201429605484e-02
1.187584642320871353e-02
1.180554460734128952e-02
1.182143203914165497e-02
1.182589214295148849e-02
1.191946864128112793e-02
1.212947815656661987e-02
1.236218586564064026e-02
1.194917783141136169e-02
1.223624125123023987e-02
1.178269181400537491e-02
1.186242699623107910e-02
1.199720986187458038e-02
1.239382661879062653e-02
1.236220076680183411e-02
1.217607408761978149e-02
1.200135517865419388e-02
1.182512752711772919e-02
1.186379883438348770e-02
1.199475768953561783e-02
1.221663597971200943e-02
1.181252393871545792e-02
1.168532017618417740e-02
1.188764441758394241e-02
1.175331603735685349e-02
1.192855648696422577e-02
1.256018131971359253e-02
1.198839489370584488e-02
1.224114652723073959e-02
1.176653150469064713e-02
1.211547292768955231e-02
1.186978165060281754e-02
1.246445905417203903e-02
1.186250988394021988e-02
1.216533873230218887e-02
1.196167152374982834e-02
1.175266876816749573e-02
1.200442854315042496e-02
1.212961040437221527e-02
1.197669096291065216e-02
1.230441499501466751e-02
1.189648080617189407e-02
1.187308691442012787e-02
1.256089005619287491e-02
1.187082100659608841e-02
1.215099729597568512e-02
1.257368829101324081e-02
1.203055493533611298e-02
1.171485893428325653e-02
1.251529715955257416e-02
1.237832009792327881e-02
1.170073263347148895e-02
1.216907333582639694e-02
1.238650269806385040e-02
1.167661044746637344e-02
1.191213075071573257e-02
1.200903393328189850e-02
1.210102345794439316e-02
1.184175908565521240e-02
1.197253726422786713e-02
1.239173859357833862e-02
1.195639278739690781e-02
1.216724328696727753e-02
1.175376214087009430e-02
1.205037999898195267e-02
1.204057503491640091e-02
1.204852946102619171e-02
1.196568179875612259e-02
1.176825910806655884e-02
1.180617418140172958e-02
1.190587878227233887e-02
1.210438460111618042e-02
1.195734925568103790e-02
1.183754205703735352e-02
1.200741808861494064e-02
1.218212489038705826e-02
1.202269271016120911e-02
1.200554240494966507e-02
1.181713677942752838e-02
1.186292432248592377e-02
1.215904764831066132e-02
1.204258296638727188e-02
1.247237436473369598e-02
1.196526829153299332e-02
1.161468401551246643e-02
1.198293175548315048e-02
1.230060495436191559e-02
1.179372146725654602e-02
1.199877541512250900e-02
1.173499599099159241e-02
1.250658556818962097e-02
1.200458966195583344e-02
1.214623544365167618e-02
1.175604574382305145e-02
1.203768141567707062e-02
1.245162356644868851e-02
1.208194065839052200e-02
1.185473427176475525e-02
1.223213877528905869e-02
1.178552117198705673e-02
1.201640442013740540e-02
1.189309824258089066e-02
1.204969361424446106e-02
1.204470824450254440e-02
1.216604374349117279e-02
1.197540573775768280e-02
1.202936563640832901e-02
1.259715668857097626e-02
1.179442368447780609e-02
1.179333776235580444e-02
1.240023784339427948e-02
1.167996786534786224e-02
1.205319538712501526e-02
1.206787582486867905e-02
1.208229456096887589e-02
1.165019441395998001e-02
1.197309140115976334e-02
1.211556699126958847e-02
1.195916440337896347e-02
1.255889609456062317e-02
1.213374547660350800e-02
1.244961656630039215e-02
1.181072928011417389e-02
1.184601522982120514e-02
1.178414653986692429e-02
1.209898758679628372e-02
1.201925519853830338e-02
1.206076517701148987e-02
1.178444176912307739e-02
1.240483392030000687e-02
1.198541186749935150e-02
1.199734024703502655e-02
1.175312791019678116e-02
1.193849276751279831e-02
1.229233946651220322e-02
1.168911531567573547e-02
1.198723167181015015e-02
1.186155341565608978e-02
1.176500041037797928e-02
1.203351095318794250e-02
1.186796743422746658e-02
1.194147020578384399e-02
1.188874058425426483e-02
1.206815056502819061e-02
1.224899012595415115e-02
1.204975321888923645e-02
1.181639451533555984e-02
1.200315915048122406e-02
1.180589850991964340e-02
1.196681056171655655e-02
1.210229657590389252e-02
1.193196699023246765e-02
1.226829364895820618e-02
1.200898084789514542e-02
1.174258813261985779e-02
1.165809296071529388e-02
1.188672333955764771e-02
1.169086433947086334e-02
1.243809144943952560e-02
1.222053263336420059e-02
1.203485857695341110e-02
1.195109263062477112e-02
1.213505677878856659e-02
1.207335758954286575e-02
1.156495511531829834e-02
1.206916011869907379e-02
1.207495760172605515e-02
1.193383894860744476e-02
1.181639265269041061e-02
1.216850802302360535e-02
1.201986335217952728e-02
1.188415847718715668e-02
1.214412692934274673e-02
1.173448469489812851e-02
1.190195232629776001e-02
1.202168315649032593e-02
1.168847735971212387e-02
1.198329031467437744e-02
1.209364086389541626e-02
1.208746433258056641e-02
1.196841057389974594e-02
1.199728343635797501e-02
1.192343421280384064e-02
1.213223394006490707e-02
1.181294862180948257e-02
1.191359199583530426e-02
1.222115103155374527e-02
1.180010102689266205e-02
1.185426488518714905e-02
1.169824320822954178e-02
1.191757619380950928e-02
1.297308132052421570e-02
1.190758496522903442e-02
1.187897566705942154e-02
1.189259719103574753e-02
1.218289043754339218e-02
1.184094604104757309e-02
1.178661826997995377e-02
1.223037485033273697e-02
1.192524936050176620e-02
1.201459020376205444e-02
1.211649272590875626e-02
1.178844552487134933e-02
1.214220188558101654e-02
1.231973990797996521e-02
1.210800185799598694e-02
1.161680929362773895e-02
1.154941506683826447e-02
1.188377942889928818e-02
1.178805064409971237e-02
1.185181923210620880e-02
1.202584989368915558e-02
1.206388976424932480e-02
1.205033902078866959e-02
1.198216527700424194e-02
1.197573635727167130e-02
1.188568864017724991e-02
1.192412618547677994e-02
1.262110657989978790e-02
1.252213586121797562e-02
1.173817459493875504e-02
1.167624164372682571e-02
1.189271267503499985e-02
1.191144622862339020e-02
1.172797661274671555e-02
1.171646919101476669e-02
1.206319592893123627e-02
1.207131426781415939e-02
1.199205033481121063e-02
1.199948415160179138e-02
1.190781965851783752e-02
1.208737026900053024e-02
1.216627378016710281e-02
1.207683701068162918e-02
1.161688286811113358e-02
1.176416780799627304e-02
1.215257681906223297e-02
1.167026814073324203e-02
1.234680972993373871e-02
1.223399676382541656e-02
1.191872730851173401e-02
1.180434226989746094e-02
1.186200790107250214e-02
1.202357467263936996e-02
1.213452406227588654e-02
1.173170469701290131e-02
