2.522546947002410889e-01
2.512393891811370850e-01
2.453553527593612671e-01
2.153486460447311401e-01
2.023695707321166992e-01
1.986128538846969604e-01
1.956436932086944580e-01
1.926072537899017334e-01
1.875990629196166992e-01
1.801711171865463257e-01
1.714322715997695923e-01
1.576996594667434692e-01
1.356867253780364990e-01
1.230196729302406311e-01
1.165486872196197510e-01
1.116706356406211853e-01
1.083344742655754089e-01
1.054333895444869995e-01
1.024846360087394714e-01
1.000688001513481140e-01
9.832927584648132324e-02
9.602074325084686279e-02
9.421818703413009644e-02
9.225182235240936279e-02
9.136047214269638062e-02
8.948711305856704712e-02
8.804816007614135742e-02
8.683226257562637329e-02
8.593415468931198120e-02
8.483833074569702148e-02
8.377447724342346191e-02
8.279951661825180054e-02
8.166464418172836304e-02
8.078986406326293945e-02
8.039489388465881348e-02
7.904383540153503418e-02
7.886579632759094238e-02
7.759757339954376221e-02
7.713024318218231201e-02
7.592453807592391968e-02
7.553526759147644043e-02
7.451490312814712524e-02
7.379624247550964355e-02
7.346898317337036133e-02
7.276979088783264160e-02
7.212539017200469971e-02
7.117296010255813599e-02
7.074895501136779785e-02
7.021414488554000854e-02
6.965075433254241943e-02
6.981704384088516235e-02
6.812509894371032715e-02
6.780108064413070679e-02
6.725706905126571655e-02
6.679239124059677124e-02
6.620750576257705688e-02
6.537572294473648071e-02
6.515592336654663086e-02
6.489086896181106567e-02
6.410405784845352173e-02
6.348397582769393921e-02
6.379870325326919556e-02
6.244466826319694519e-02
6.221795082092285156e-02
6.124122440814971924e-02
6.152470037341117859e-02
6.122965365648269653e-02
6.018115580081939697e-02
5.975920706987380981e-02
5.982518568634986877e-02
5.935468152165412903e-02
5.897283554077148438e-02
5.820940062403678894e-02
5.870408192276954651e-02
5.795811861753463745e-02
5.715098977088928223e-02
5.697913095355033875e-02
5.680592358112335205e-02
5.649587512016296387e-02
5.568703263998031616e-02
5.571783334016799927e-02
5.578622967004776001e-02
5.504988506436347961e-02
5.441768467426300049e-02
5.469815433025360107e-02
5.390715599060058594e-02
5.399641394615173340e-02
5.315027758479118347e-02
5.309591814875602722e-02
5.283675715327262878e-02
5.264176800847053528e-02
5.219435691833496094e-02
5.197056755423545837e-02
5.171477794647216797e-02
5.170950666069984436e-02
5.111857503652572632e-02
5.122075974941253662e-02
5.046140402555465698e-02
5.033884570002555847e-02
5.022170394659042358e-02
5.024166032671928406e-02
4.983705282211303711e-02
4.938558489084243774e-02
4.886366426944732666e-02
4.930805042386054993e-02
4.868490248918533325e-02
4.882196709513664246e-02
4.846330732107162476e-02
4.844495281577110291e-02
4.767682030797004700e-02
4.786175116896629333e-02
4.722796007990837097e-02
4.706082120537757874e-02
4.709336161613464355e-02
4.684146121144294739e-02
4.638291522860527039e-02
4.703804478049278259e-02
4.602567106485366821e-02
4.572462290525436401e-02
4.574321582913398743e-02
4.563809558749198914e-02
4.542301967740058899e-02
4.512094706296920776e-02
4.513663798570632935e-02
4.525806754827499390e-02
4.476962611079216003e-02
4.455962777137756348e-02
4.450398311018943787e-02
4.437584057450294495e-02
4.408666118979454041e-02
4.413275048136711121e-02
4.342120513319969177e-02
4.372617974877357483e-02
4.326533898711204529e-02
4.293274879455566406e-02
4.303996264934539795e-02
4.289184138178825378e-02
4.319752380251884460e-02
4.259183630347251892e-02
4.256474226713180542e-02
4.247061163187026978e-02
4.228834807872772217e-02
4.168281704187393188e-02
4.199139773845672607e-02
4.171495884656906128e-02
4.182966426014900208e-02
4.103862494230270386e-02
4.184829071164131165e-02
4.093636199831962585e-02
4.071687161922454834e-02
4.123227670788764954e-02
4.121805354952812195e-02
4.059330746531486511e-02
4.066924378275871277e-02
4.050179943442344666e-02
4.041801765561103821e-02
4.024519771337509155e-02
3.982879966497421265e-02
3.968647867441177368e-02
3.991116210818290710e-02
3.977360576391220093e-02
3.965109586715698242e-02
3.938479721546173096e-02
3.921862319111824036e-02
3.914221376180648804e-02
3.937665373086929321e-02
3.878197073936462402e-02
3.901495411992073059e-02
3.852028772234916687e-02
3.875893354415893555e-02
3.841960057616233826e-02
3.831801563501358032e-02
3.812137991189956665e-02
3.799426183104515076e-02
3.802097961306571960e-02
3.796600177884101868e-02
3.822410479187965393e-02
3.787898644804954529e-02
3.779351711273193359e-02
3.808347508311271667e-02
3.751660138368606567e-02
3.706417977809906006e-02
3.733353316783905029e-02
3.713459894061088562e-02
3.737606480717658997e-02
3.689111769199371338e-02
3.680878132581710815e-02
3.664401546120643616e-02
3.686325252056121826e-02
3.682885318994522095e-02
3.624730184674263000e-02
3.633048385381698608e-02
3.621996939182281494e-02
3.647783771157264709e-02
3.610366210341453552e-02
3.636673837900161743e-02
3.665992617607116699e-02
3.558897972106933594e-02
3.570600971579551697e-02
3.554137051105499268e-02
3.566404432058334351e-02
3.559895977377891541e-02
3.562788292765617371e-02
3.526560962200164795e-02
3.540781512856483459e-02
3.526744246482849121e-02
3.493979200720787048e-02
3.508613258600234985e-02
3.511086106300354004e-02
3.506721928715705872e-02
3.489077091217041016e-02
3.472622111439704895e-02
3.497702628374099731e-02
3.452712297439575195e-02
3.460823372006416321e-02
3.448877856135368347e-02
3.457884117960929871e-02
3.461822867393493652e-02
3.414376452565193176e-02
3.427283465862274170e-02
3.442826122045516968e-02
3.395014628767967224e-02
3.367200493812561035e-02
3.373812511563301086e-02
3.403812274336814880e-02
3.364191949367523193e-02
3.391563519835472107e-02
3.382793068885803223e-02
3.334720805287361145e-02
3.361325711011886597e-02
3.362452611327171326e-02
3.360453620553016663e-02
3.351171687245368958e-02
3.337027132511138916e-02
3.312844410538673401e-02
3.327111154794692993e-02
3.313216567039489746e-02
3.329678997397422791e-02
3.308035060763359070e-02
3.290823847055435181e-02
3.274010494351387024e-02
3.311373293399810791e-02
3.283873945474624634e-02
3.305015340447425842e-02
3.283832222223281860e-02
3.251115605235099792e-02
3.239490091800689697e-02
3.258350491523742676e-02
3.251157328486442566e-02
3.253773227334022522e-02
3.225062415003776550e-02
3.237305209040641785e-02
3.205466270446777344e-02
3.211992233991622925e-02
3.205905482172966003e-02
3.235875442624092102e-02
3.201428055763244629e-02
3.210593387484550476e-02
3.165767341852188110e-02
3.208594769239425659e-02
3.186621516942977905e-02
3.164147213101387024e-02
3.170731663703918457e-02
3.148663416504859924e-02
3.158322349190711975e-02
3.166062012314796448e-02
3.130489960312843323e-02
3.146215155720710754e-02
3.172692656517028809e-02
3.116362169384956360e-02
3.131445869803428650e-02
3.114791959524154663e-02
3.135823085904121399e-02
3.107514977455139160e-02
3.117386624217033386e-02
3.093415312469005585e-02
3.128480166196823120e-02
3.091278113424777985e-02
3.090596571564674377e-02
3.073404356837272644e-02
3.059408999979496002e-02
3.096228465437889099e-02
3.108687885105609894e-02
3.061470203101634979e-02
3.062675148248672485e-02
3.056041151285171509e-02
3.057443909347057343e-02
3.040759824216365814e-02
3.032223321497440338e-02
3.040624223649501801e-02
3.023366071283817291e-02
3.033056110143661499e-02
3.013781458139419556e-02
3.038126789033412933e-02
3.002235852181911469e-02
3.013356775045394897e-02
3.010824881494045258e-02
3.007191978394985199e-02
3.009145148098468781e-02
3.023828193545341492e-02
2.979445457458496094e-02
3.006300143897533417e-02
2.971400693058967590e-02
2.999307587742805481e-02
2.963854186236858368e-02
2.968819625675678253e-02
2.989610284566879272e-02
2.940442599356174469e-02
2.960495278239250183e-02
2.970696240663528442e-02
2.964811772108078003e-02
2.974797785282135010e-02
2.928888984024524689e-02
2.934368327260017395e-02
2.909267507493495941e-02
2.915749698877334595e-02
2.943225391209125519e-02
2.933871187269687653e-02
2.908351458609104156e-02
2.907581068575382233e-02
2.947591058909893036e-02
2.913263626396656036e-02
2.902359329164028168e-02
2.884634397923946381e-02
2.905968204140663147e-02
2.880075573921203613e-02
2.902538888156414032e-02
2.866569720208644867e-02
2.872203104197978973e-02
2.884143777191638947e-02
2.865424938499927521e-02
2.865640446543693542e-02
2.870478294789791107e-02
2.856284379959106445e-02
2.852483838796615601e-02
2.870080992579460144e-02
2.858795225620269775e-02
2.859170734882354736e-02
2.864182740449905396e-02
2.837419323623180389e-02
2.846610732376575470e-02
2.839916013181209564e-02
2.836609818041324615e-02
2.849898301064968109e-02
2.810527756810188293e-02
2.799496799707412720e-02
2.828542888164520264e-02
2.828314527869224548e-02
2.812290750443935394e-02
2.839263342320919037e-02
2.798088639974594116e-02
2.813752554357051849e-02
2.789416164159774780e-02
2.793258242309093475e-02
2.790889143943786621e-02
2.789391763508319855e-02
2.774389460682868958e-02
2.779239602386951447e-02
2.813101187348365784e-02
2.746339701116085052e-02
2.769419550895690918e-02
2.770473062992095947e-02
2.805409580469131470e-02
2.801012620329856873e-02
2.769315615296363831e-02
2.753693610429763794e-02
2.760176360607147217e-02
2.747153490781784058e-02
2.777654305100440979e-02
2.764754183590412140e-02
2.750856243073940277e-02
2.743512392044067383e-02
2.725715935230255127e-02
2.735993452370166779e-02
2.751949988305568695e-02
2.727484330534934998e-02
2.705710381269454956e-02
2.700920589268207550e-02
2.714707143604755402e-02
2.719681337475776672e-02
2.702578715980052948e-02
2.727812528610229492e-02
2.725677005946636200e-02
2.697028033435344696e-02
2.705391496419906616e-02
2.709997631609439850e-02
2.683976478874683380e-02
2.689936757087707520e-02
2.700089290738105774e-02
2.680919319391250610e-02
2.661049924790859222e-02
2.666234783828258514e-02
2.674735337495803833e-02
2.679882012307643890e-02
2.660174854099750519e-02
2.674930356442928314e-02
2.679506503045558929e-02
2.678636088967323303e-02
2.657148800790309906e-02
2.675716578960418701e-02
2.643818221986293793e-02
2.633430249989032745e-02
2.657095901668071747e-02
2.642473019659519196e-02
2.627953328192234039e-02
2.612081915140151978e-02
2.661911211907863617e-02
2.610799670219421387e-02
2.636130340397357941e-02
2.646908536553382874e-02
2.623858116567134857e-02
2.619368024170398712e-02
2.643962576985359192e-02
2.603252977132797241e-02
2.631547860801219940e-02
2.620677649974822998e-02
2.610051445662975311e-02
2.625914849340915680e-02
2.598042972385883331e-02
2.593787387013435364e-02
2.599371783435344696e-02
2.611888386309146881e-02
2.609324641525745392e-02
2.587385289371013641e-02
2.599583752453327179e-02
2.615419030189514160e-02
2.548554725944995880e-02
2.583818323910236359e-02
2.575720287859439850e-02
2.584715001285076141e-02
2.561608329415321350e-02
2.588669396936893463e-02
2.565126493573188782e-02
2.554279379546642303e-02
2.567362226545810699e-02
2.579104155302047729e-02
2.576380223035812378e-02
2.546943165361881256e-02
2.545500174164772034e-02
2.565915696322917938e-02
2.544591203331947327e-02
2.547240443527698517e-02
2.545024454593658447e-02
2.556218393146991730e-02
2.545625902712345123e-02
2.554088830947875977e-02
2.533359080553054810e-02
2.529106475412845612e-02
2.557724714279174805e-02
2.527010627090930939e-02
2.562944032251834869e-02
2.526197396218776703e-02
2.558268047869205475e-02
2.546536736190319061e-02
2.514225803315639496e-02
2.490068227052688599e-02
2.507750876247882843e-02
2.508473396301269531e-02
2.494576573371887207e-02
2.528026886284351349e-02
2.498089149594306946e-02
2.507364563643932343e-02
2.517250366508960724e-02
2.487467974424362183e-02
2.491209469735622406e-02
2.494702860713005066e-02
2.509891241788864136e-02
2.479335479438304901e-02
2.501011081039905548e-02
2.512208744883537292e-02
2.514201402664184570e-02
2.479738369584083557e-02
2.472718805074691772e-02
2.490880899131298065e-02
2.482803910970687866e-02
2.459994703531265259e-02
2.474797889590263367e-02
2.506315335631370544e-02
2.458000369369983673e-02
2.473371848464012146e-02
2.477438375353813171e-02
2.474023401737213135e-02
2.453023009002208710e-02
2.455320954322814941e-02
2.464401721954345703e-02
2.461811155080795288e-02
2.454110980033874512e-02
2.441754378378391266e-02
2.447714656591415405e-02
2.455301396548748016e-02
2.461982145905494690e-02
2.465273812413215637e-02
2.434412948787212372e-02
2.434054017066955566e-02
2.431872487068176270e-02
2.447219379246234894e-02
2.444855496287345886e-02
2.423867024481296539e-02
2.445566467940807343e-02
2.438120730221271515e-02
