8.444463461637496948e-02
8.342315256595611572e-02
4.886160418391227722e-02
2.670682780444622040e-02
2.038984932005405426e-02
1.654219254851341248e-02
1.370813976973295212e-02
1.164903026074171066e-02
1.005549449473619461e-02
8.574173785746097565e-03
7.831479422748088837e-03
6.902884226292371750e-03
6.095299497246742249e-03
5.810210015624761581e-03
5.217697005718946457e-03
5.341612268239259720e-03
4.570111166685819626e-03
4.451582673937082291e-03
4.094301257282495499e-03
4.164880141615867615e-03
3.671940416097640991e-03
3.511004848405718803e-03
3.537424374371767044e-03
3.098895773291587830e-03
3.425802337005734444e-03
3.539306344464421272e-03
3.416213439777493477e-03
2.881153719499707222e-03
2.598066581413149834e-03
2.605847781524062157e-03
3.065927885472774506e-03
2.641324186697602272e-03
2.481959294527769089e-03
2.490271348506212234e-03
2.780619077384471893e-03
2.475423738360404968e-03
2.372754039242863655e-03
1.917334389872848988e-03
2.336711389943957329e-03
2.041833009570837021e-03
1.983301248401403427e-03
2.762491116300225258e-03
1.968996599316596985e-03
2.018420957028865814e-03
2.429889980703592300e-03
2.143314108252525330e-03
1.597482245415449142e-03
1.857491210103034973e-03
2.454446628689765930e-03
1.996999373659491539e-03
1.666465424932539463e-03
2.384874736890196800e-03
1.721025677397847176e-03
1.897337613627314568e-03
1.382778631523251534e-03
1.969595206901431084e-03
1.820543315261602402e-03
1.829354907386004925e-03
1.684487331658601761e-03
1.479643979109823704e-03
1.512247719801962376e-03
2.541887341067194939e-03
1.923560164868831635e-03
1.210883492603898048e-03
1.683295937255024910e-03
1.280302647501230240e-03
2.582088112831115723e-03
1.464605447836220264e-03
1.409801538102328777e-03
1.465358072891831398e-03
1.774198026396334171e-03
1.061794231645762920e-03
1.299769617617130280e-03
1.787133864127099514e-03
1.417977386154234409e-03
1.614477485418319702e-03
1.863623270764946938e-03
1.820703619159758091e-03
1.121301203966140747e-03
1.188652589917182922e-03
2.156174043193459511e-03
1.412705401889979839e-03
1.050765393301844597e-03
1.318355789408087730e-03
1.978004584088921547e-03
1.094474457204341888e-03
1.281803240999579430e-03
1.193950301967561245e-03
1.083775656297802925e-03
1.626207143999636173e-03
1.850974396802484989e-03
1.110040233470499516e-03
1.368511817418038845e-03
1.917000277899205685e-03
1.017521368339657784e-03
1.029773382470011711e-03
1.304164761677384377e-03
1.528909313492476940e-03
1.365764182992279530e-03
1.198205281980335712e-03
9.601018973626196384e-04
1.104073482565581799e-03
1.578932278789579868e-03
1.286908402107656002e-03
8.983076550066471100e-04
1.039931084960699081e-03
1.396703417412936687e-03
1.063504023477435112e-03
1.360291033051908016e-03
1.031914027407765388e-03
8.314544102177023888e-04
1.914856140501797199e-03
1.030586659908294678e-03
8.312459103763103485e-04
7.658887188881635666e-04
7.723434246145188808e-04
2.030124887824058533e-03
1.272239955142140388e-03
9.436888503842055798e-04
1.189913251437246799e-03
7.683189469389617443e-04
1.021684031002223492e-03
1.632677041925489902e-03
1.191518036648631096e-03
1.328425481915473938e-03
7.973661995492875576e-04
6.755597423762083054e-04
1.812251750379800797e-03
1.158587168902158737e-03
1.002687029540538788e-03
7.676647510379552841e-04
7.195441867224872112e-04
8.053819183260202408e-04
2.091097878292202950e-03
1.043793861754238605e-03
7.555638439953327179e-04
6.890060030855238438e-04
8.045946597121655941e-04
1.664882525801658630e-03
9.363926365040242672e-04
1.222293940372765064e-03
8.667098591104149818e-04
7.003680220805108547e-04
7.178774103522300720e-04
1.662744325585663319e-03
1.144270179793238640e-03
8.179571595974266529e-04
8.610032382421195507e-04
1.498208497650921345e-03
9.226823458448052406e-04
6.978079327382147312e-04
1.066338270902633667e-03
9.185367380268871784e-04
1.185392960906028748e-03
1.234548515640199184e-03
7.199303945526480675e-04
6.366728921420872211e-04
6.658504717051982880e-04
6.328723975457251072e-04
1.449379022233188152e-03
1.244671992026269436e-03
7.383018382824957371e-04
7.797513972036540508e-04
5.804566317237913609e-04
1.065760850906372070e-03
1.274367212317883968e-03
1.292750006541609764e-03
7.476230966858565807e-04
5.739990738220512867e-04
5.615429254248738289e-04
7.219575927592813969e-04
1.911336788907647133e-03
7.720359717495739460e-04
6.438052514567971230e-04
6.867642514407634735e-04
6.794297951273620129e-04
1.347531331703066826e-03
6.457542185671627522e-04
9.511156822554767132e-04
5.645096534863114357e-04
1.109892153181135654e-03
9.408850455656647682e-04
7.114647305570542812e-04
5.755235324613749981e-04
6.850628997199237347e-04
1.419223262928426266e-03
6.912032840773463249e-04
8.066942682489752769e-04
6.795931840315461159e-04
5.546007305383682251e-04
7.866401574574410915e-04
1.290850457735359669e-03
1.016270602121949196e-03
1.001671887934207916e-03
6.064861663617193699e-04
5.401270464062690735e-04
6.246654083952307701e-04
1.434382749721407890e-03
1.100305351428687572e-03
7.230309420265257359e-04
5.235965363681316376e-04
7.116330671124160290e-04
6.794222863391041756e-04
9.866391774266958237e-04
7.702958537265658379e-04
7.967060664668679237e-04
5.797587800770998001e-04
1.282361219637095928e-03
1.098699751310050488e-03
7.399859605357050896e-04
5.555857787840068340e-04
6.275801570154726505e-04
5.520880804397165775e-04
1.502842293120920658e-03
8.865745039656758308e-04
5.598500720225274563e-04
5.305161466822028160e-04
7.243778673000633717e-04
8.552248473279178143e-04
5.920010735280811787e-04
5.274084396660327911e-04
8.977014222182333469e-04
1.093434519134461880e-03
7.736008847132325172e-04
1.015155110508203506e-03
5.369526334106922150e-04
4.880131455138325691e-04
4.534434992820024490e-04
7.979755173437297344e-04
1.213410170748829842e-03
5.523997824639081955e-04
5.167326307855546474e-04
4.877706815022975206e-04
9.432315127924084663e-04
8.788035484030842781e-04
5.883710109628736973e-04
5.682373302988708019e-04
8.930098265409469604e-04
5.462231347337365150e-04
5.986422183923423290e-04
1.099599292501807213e-03
8.970927447080612183e-04
5.680685280822217464e-04
6.532614934258162975e-04
5.483661661855876446e-04
5.435516359284520149e-04
8.809631108306348324e-04
5.261262413114309311e-04
5.477846134454011917e-04
1.167939859442412853e-03
7.661402341909706593e-04
6.178609910421073437e-04
4.710670036729425192e-04
4.518655478022992611e-04
4.670300113502889872e-04
4.636879311874508858e-04
1.735033001750707626e-03
1.105314702726900578e-03
7.087909616529941559e-04
5.503075663000345230e-04
4.458168405108153820e-04
4.394021816551685333e-04
1.245672814548015594e-03
7.304726168513298035e-04
5.099581321701407433e-04
4.377418081276118755e-04
4.240911803208291531e-04
1.173088909126818180e-03
1.120429602451622486e-03
6.032760138623416424e-04
5.111768841743469238e-04
4.299154679756611586e-04
1.906695542857050896e-03
5.314334994181990623e-04
4.454435547813773155e-04
4.809825331903994083e-04
4.772095999214798212e-04
5.424090195447206497e-04
9.079164010472595692e-04
4.571792669594287872e-04
4.734903923235833645e-04
5.301166092976927757e-04
1.098721637390553951e-03
7.056737667880952358e-04
6.805623415857553482e-04
4.170072788838297129e-04
4.636881349142640829e-04
5.014418857172131538e-04
8.978282567113637924e-04
5.961470887996256351e-04
4.233598010614514351e-04
3.955106367357075214e-04
1.148642273619771004e-03
8.315578452311456203e-04
4.497617483139038086e-04
4.472317814361304045e-04
4.526647389866411686e-04
1.261296216398477554e-03
8.231168030761182308e-04
4.211422929074615240e-04
3.894408873748034239e-04
6.013968377374112606e-04
4.377565055619925261e-04
6.173537112772464752e-04
5.632711690850555897e-04
5.065540317445993423e-04
7.922266377136111259e-04
5.889666499570012093e-04
4.363994521554559469e-04
3.738013620022684336e-04
5.165334441699087620e-04
1.107734278775751591e-03
7.315477705560624599e-04
4.377840668894350529e-04
4.945154068991541862e-04
4.086410917807370424e-04
6.578047177754342556e-04
6.123508792370557785e-04
7.161686662584543228e-04
5.743100773543119431e-04
4.226654709782451391e-04
3.727264120243489742e-04
8.181418525055050850e-04
4.396801523398607969e-04
3.744825953617691994e-04
4.615542420651763678e-04
6.637147162109613419e-04
5.492661148309707642e-04
1.106410170905292034e-03
5.064258584752678871e-04
4.465870733838528395e-04
5.904914578422904015e-04
4.476592876017093658e-04
3.598583862185478210e-04
4.466588434297591448e-04
3.930325910914689302e-04
9.590674890205264091e-04
6.920449668541550636e-04
5.228380323387682438e-04
5.562931182794272900e-04
3.783935389947146177e-04
3.532791160978376865e-04
3.393865481484681368e-04
7.784749614074826241e-04
5.206979694776237011e-04
4.487231490202248096e-04
3.737946099136024714e-04
7.548027206212282181e-04
6.674308096989989281e-04
5.357581540010869503e-04
4.655601223930716515e-04
3.820622805505990982e-04
1.139626139774918556e-03
4.525125550571829081e-04
3.632479929365217686e-04
3.914850531145930290e-04
3.723395930137485266e-04
8.964780136011540890e-04
4.573385813273489475e-04
4.390818648971617222e-04
7.469871779903769493e-04
6.386431050486862659e-04
3.881783923134207726e-04
3.734613128472119570e-04
4.516662447713315487e-04
4.127497377339750528e-04
7.231697090901434422e-04
7.160188397392630577e-04
4.328800132498145103e-04
3.793785581365227699e-04
4.766861675307154655e-04
6.539059104397892952e-04
1.020663999952375889e-03
3.841438156086951494e-04
4.882179491687566042e-04
5.628984072245657444e-04
6.715592462569475174e-04
4.950325819663703442e-04
3.434433601796627045e-04
4.451524873729795218e-04
6.058983271941542625e-04
5.589788779616355896e-04
3.838690172415226698e-04
5.758471088483929634e-04
4.182469856459647417e-04
3.738474042620509863e-04
3.891097439918667078e-04
9.662173688411712646e-04
5.018502706661820412e-04
3.457966959103941917e-04
3.135721781291067600e-04
3.336892405059188604e-04
6.170445121824741364e-04
8.269188692793250084e-04
4.197366652078926563e-04
4.318183928262442350e-04
1.025793026201426983e-03
5.777030601166188717e-04
5.865723360329866409e-04
3.660337533801794052e-04
3.807450993917882442e-04
3.253521572332829237e-04
3.851255460176616907e-04
7.378032314591109753e-04
5.132763180881738663e-04
3.218746278434991837e-04
3.565603110473603010e-04
3.425717004574835300e-04
1.108399359509348869e-03
6.531752878800034523e-04
4.543851537164300680e-04
3.481644380372017622e-04
3.729632589966058731e-04
4.523961688391864300e-04
4.601041146088391542e-04
5.614082911051809788e-04
8.603402529843151569e-04
3.815269155893474817e-04
3.851507208310067654e-04
4.032358701806515455e-04
3.690440207719802856e-04
8.142787846736609936e-04
3.957243461627513170e-04
3.502810141071677208e-04
3.610732965171337128e-04
7.619081879965960979e-04
7.189097232185304165e-04
3.794444492086768150e-04
3.225420950911939144e-04
3.496547287795692682e-04
3.387311589904129505e-04
1.181546947918832302e-03
4.513613239396363497e-04
3.261429665144532919e-04
3.138071915600448847e-04
3.175090241711586714e-04
9.806014131754636765e-04
5.212455289438366890e-04
3.495266719255596399e-04
4.608548770193010569e-04
4.479572817217558622e-04
3.626052057370543480e-04
3.142332425341010094e-04
3.420336288399994373e-04
4.262613365426659584e-04
4.724442260339856148e-04
3.946711367461830378e-04
8.467811858281493187e-04
4.379017336759716272e-04
3.501630271784961224e-04
2.966346801258623600e-04
6.858543492853641510e-04
5.720035405829548836e-04
4.626470035873353481e-04
6.661408697254955769e-04
4.193756612949073315e-04
7.415181607939302921e-04
3.359730762895196676e-04
3.030555963050574064e-04
3.086053184233605862e-04
8.243178599514067173e-04
4.795415734406560659e-04
3.651348233688622713e-04
3.418747219257056713e-04
4.176236398052424192e-04
3.694397164508700371e-04
8.950629853643476963e-04
3.579722251743078232e-04
9.559084428474307060e-04
6.461238954216241837e-04
3.252929600421339273e-04
3.356429224368184805e-04
3.952118277084082365e-04
3.123438800685107708e-04
3.467153583187609911e-04
9.323258418589830399e-04
4.956527263857424259e-04
3.549805842339992523e-04
3.143896174151450396e-04
5.047521553933620453e-04
6.221376825124025345e-04
4.391194670461118221e-04
3.365170559845864773e-04
3.690177109092473984e-04
2.968268236145377159e-04
3.250572772230952978e-04
5.819224752485752106e-04
6.624931702390313148e-04
3.177965118084102869e-04
3.877746930811554193e-04
4.491159925237298012e-04
2.898918464779853821e-04
2.861370739992707968e-04
3.047010977752506733e-04
1.028019702062010765e-03
5.929591716267168522e-04
3.988286771345883608e-04
6.088035297580063343e-04
3.525632200762629509e-04
3.321993572171777487e-04
2.977549738716334105e-04
3.536771400831639767e-04
3.799563273787498474e-04
1.031891210004687309e-03
3.892109089065343142e-04
2.996430848725140095e-04
3.435411199461668730e-04
2.889882307499647141e-04
3.121529880445450544e-04
4.242444410920143127e-04
8.877075742930173874e-04
4.155699280090630054e-04
2.858764200937002897e-04
2.810943988151848316e-04
4.827736120205372572e-04
5.035796784795820713e-04
3.569242253433912992e-04
5.522771389223635197e-04
5.446661380119621754e-04
3.003060992341488600e-04
2.882254193536937237e-04
3.115973377134650946e-04
4.124201077502220869e-04
8.117597899399697781e-04
6.116094300523400307e-04
3.933999978471547365e-04
3.883064491674304008e-04
3.183739027008414268e-04
3.626415273174643517e-04
3.082016191910952330e-04
4.711254732683300972e-04
7.335417321883141994e-04
3.554263093974441290e-04
2.974714443553239107e-04
2.757800684776157141e-04
2.814956824295222759e-04
3.060247399844229221e-04
8.115575183182954788e-04
4.856722662225365639e-04
5.573205999098718166e-04
3.296645008958876133e-04
2.771005092654377222e-04
4.452921275515109301e-04
2.769576676655560732e-04
7.966529810801148415e-04
3.899740113411098719e-04
3.667662094812840223e-04
4.855178995057940483e-04
2.764633391052484512e-04
2.704331418499350548e-04
2.843342081177979708e-04
3.138869069516658783e-04
1.307027298025786877e-03
7.151276222430169582e-04
3.317562513984739780e-04
3.020328003913164139e-04
2.844565315172076225e-04
2.760339411906898022e-04
3.426031325943768024e-04
4.219764959998428822e-04
7.524699904024600983e-04
3.206919354852288961e-04
2.810066216625273228e-04
2.737936156336218119e-04
3.335176443215459585e-04
4.182335105724632740e-04
9.642412769608199596e-04
3.540889010764658451e-04
3.275152412243187428e-04
2.790722355712205172e-04
2.972952788695693016e-04
5.242387414909899235e-04
2.951381320599466562e-04
3.158597392030060291e-04
1.034499146044254303e-03
4.473162116482853889e-04
3.109590325038880110e-04
2.726360107772052288e-04
2.734851441346108913e-04
3.032904933206737041e-04
2.820058434735983610e-04
1.142458757385611534e-03
4.647522000595927238e-04
3.330380422994494438e-04
2.767392143141478300e-04
2.557299740146845579e-04
2.782544179353863001e-04
3.022461023647338152e-04
3.592291614040732384e-04
3.912643296644091606e-04
1.129278214648365974e-03
3.105380455963313580e-04
2.728744293563067913e-04
3.141655179206281900e-04
3.322752600070089102e-04
3.550280816853046417e-04
6.166003295220434666e-04
6.864200695417821407e-04
3.329133905936032534e-04
3.407037584111094475e-04
2.870978787541389465e-04
2.561052097007632256e-04
2.953358052764087915e-04
4.908214323222637177e-04
3.482578613329678774e-04
3.138800093438476324e-04
3.008819185197353363e-04
5.884210113435983658e-04
5.125403986312448978e-04
2.946148742921650410e-04
2.903494169004261494e-04
4.776453715749084949e-04
3.231537702959030867e-04
3.017137642018496990e-04
7.404846255667507648e-04
3.742827975656837225e-04
2.983821614179760218e-04
3.283658588770776987e-04
3.546297084540128708e-04
3.196965553797781467e-04
2.628755464684218168e-04
4.945398541167378426e-04
5.988238845020532608e-04
2.954365336336195469e-04
2.576291444711387157e-04
2.932745555881410837e-04
2.970980131067335606e-04
3.731092729140073061e-04
7.213036296889185905e-04
3.904567274730652571e-04
2.632347750477492809e-04
2.488454920239746571e-04
2.725768717937171459e-04
2.934748481493443251e-04
3.511497634463012218e-04
5.905004218220710754e-04
4.255487874615937471e-04
4.825159267056733370e-04
2.684831561055034399e-04
2.729656698647886515e-04
2.469041210133582354e-04
2.517907705623656511e-04
3.749539318960160017e-04
3.139396430924534798e-04
4.991597961634397507e-04
2.876333310268819332e-04
3.462839522399008274e-04
6.564867217093706131e-04
3.175873716827481985e-04
4.889821866527199745e-04
2.815238840412348509e-04
2.492223575245589018e-04
2.590616641100496054e-04
3.074089181609451771e-04
2.753737499006092548e-04
7.595464121550321579e-04
3.755160141736268997e-04
2.968098851852118969e-04
2.473035419825464487e-04
2.777621848508715630e-04
3.451627853792160749e-04
5.801133229397237301e-04
2.631109673529863358e-04
2.446030557621270418e-04
2.811568265315145254e-04
2.533766091801226139e-04
5.255280411802232265e-04
7.616349612362682819e-04
3.755084762815386057e-04
2.626626228448003531e-04
2.581220178399235010e-04
3.367011086083948612e-04
2.963938459288328886e-04
2.380979276495054364e-04
2.828185679391026497e-04
8.923183195292949677e-04
3.583753132261335850e-04
2.613032993394881487e-04
2.597235143184661865e-04
2.285185619257390499e-04
2.475685323588550091e-04
3.921705938410013914e-04
9.998184395954012871e-04
2.953660150524228811e-04
2.770911087282001972e-04
2.990937791764736176e-04
3.683966933749616146e-04
2.683640050236135721e-04
9.804776636883616447e-04
3.676793712656944990e-04
2.689531538635492325e-04
2.520841080695390701e-04
2.550989447627216578e-04
3.038329014088958502e-04
2.885251305997371674e-04
3.807599132414907217e-04
2.804112737067043781e-04
2.458783856127411127e-04
3.746013098862022161e-04
3.137630119454115629e-04
2.577907580416649580e-04
3.719997766893357038e-04
2.704375074245035648e-04
2.664578496478497982e-04
3.588271210901439190e-04
4.124959814362227917e-04
3.455840342212468386e-04
5.595477414317429066e-04
2.614083641674369574e-04
2.676351577974855900e-04
2.572227385826408863e-04
2.618389844428747892e-04
3.533105773385614157e-04
6.107293884269893169e-04
3.212969750165939331e-04
3.630598075687885284e-04
2.548924821894615889e-04
2.405007253400981426e-04
2.362293162150308490e-04
2.427942090434953570e-04
6.902391905896365643e-04
4.886589595116674900e-04
2.565884205978363752e-04
2.304779336554929614e-04
4.715251852758228779e-04
3.590983105823397636e-04
2.334319578949362040e-04
2.718988980632275343e-04
3.611057472880929708e-04
3.465600893832743168e-04
3.624421660788357258e-04
3.834294911939650774e-04
2.745098026935011148e-04
2.527217147871851921e-04
3.189294075127691031e-04
2.767252153716981411e-04
3.381644200999289751e-04
2.441683900542557240e-04
2.693605201784521341e-04
2.344865642953664064e-04
2.542602887842804193e-04
5.192980170249938965e-04
5.029049934819340706e-04
2.925835433416068554e-04
2.589715877547860146e-04
3.165329981129616499e-04
2.753091685008257627e-04
2.265078073833137751e-04
2.203537296736612916e-04
5.552904913201928139e-04
3.088168159592896700e-04
2.358024503337219357e-04
2.448490995448082685e-04
5.896060029044747353e-04
5.319521878845989704e-04
2.986045728903263807e-04
2.682935155462473631e-04
2.431914181215688586e-04
2.386052219662815332e-04
2.390252775512635708e-04
2.559797430876642466e-04
3.624552045948803425e-04
3.164775844197720289e-04
4.321806773077696562e-04
3.649296704679727554e-04
3.450149379204958677e-04
3.151363343931734562e-04
5.963364965282380581e-04
2.528774202801287174e-04
2.337271434953436255e-04
2.589052019175142050e-04
2.953343500848859549e-04
2.731726854108273983e-04
3.523648483678698540e-04
7.523673120886087418e-04
2.761067007668316364e-04
2.432014007354155183e-04
2.755970926955342293e-04
3.927727229893207550e-04
3.456708509474992752e-04
2.325898967683315277e-04
2.277103194501250982e-04
3.469303774181753397e-04
5.276444135233759880e-04
3.028229693882167339e-04
2.260619075968861580e-04
2.620311279315501451e-04
5.455407081171870232e-04
2.322635991731658578e-04
2.237863373011350632e-04
2.181910822400823236e-04
4.594593774527311325e-04
9.462386951781809330e-04
3.702558751683682203e-04
2.506413438823074102e-04
2.353389427298679948e-04
2.423274854663759470e-04
2.442109689582139254e-04
3.689117729663848877e-04
5.480765248648822308e-04
2.799140929710119963e-04
2.580113068688660860e-04
2.833638282027095556e-04
2.539735869504511356e-04
5.035561043769121170e-04
3.260891535319387913e-04
3.035792615264654160e-04
2.473073545843362808e-04
3.477530844975262880e-04
2.347964909859001637e-04
2.314861194463446736e-04
2.964261802844703197e-04
3.103811759501695633e-04
2.221346658188849688e-04
2.783251984510570765e-04
3.377571410965174437e-04
2.466029254719614983e-04
6.662620580755174160e-04
4.027663089800626040e-04
2.537440741434693336e-04
2.527509641367942095e-04
2.646392094902694225e-04
2.251847181469202042e-04
2.313662407686933875e-04
3.877465787809342146e-04
2.477286616340279579e-04
5.280086188577115536e-04
4.030879645142704248e-04
2.268676180392503738e-04
2.229166857432574034e-04
2.422941470285877585e-04
2.324320230400189757e-04
4.513002932071685791e-04
4.106413398403674364e-04
2.433448680676519871e-04
2.523812872823327780e-04
2.116945252055302262e-04
2.291007403982803226e-04
2.164533507311716676e-04
3.967053198721259832e-04
3.335315268486738205e-04
3.779995895456522703e-04
2.566496550571173429e-04
2.469151513651013374e-04
2.197381400037556887e-04
2.141523145837709308e-04
4.760431183967739344e-04
3.207494155503809452e-04
4.048854170832782984e-04
2.550054050516337156e-04
2.180716401198878884e-04
2.123164595104753971e-04
3.162569191772490740e-04
2.933348296210169792e-04
2.481343690305948257e-04
5.348531412892043591e-04
5.256352596916258335e-04
3.313708875793963671e-04
2.148472995031625032e-04
2.358840865781530738e-04
2.267712989123538136e-04
2.189334627473726869e-04
2.198664005845785141e-04
2.974527596961706877e-04
4.537725471891462803e-04
3.622927179094403982e-04
2.256159787066280842e-04
2.679286699276417494e-04
4.008647229056805372e-04
2.725361846387386322e-04
2.279456239193677902e-04
2.084424922941252589e-04
2.825073315761983395e-04
5.238843150436878204e-04
3.278366639278829098e-04
2.251370751764625311e-04
2.247028605779632926e-04
4.060681385453790426e-04
4.382882616482675076e-04
3.292715409770607948e-04
2.308515249751508236e-04
2.090295602101832628e-04
2.045275905402377248e-04
2.549274649936705828e-04
2.987524203490465879e-04
2.367749402765184641e-04
2.654679119586944580e-04
6.691053858958184719e-04
3.157861356157809496e-04
3.472395765129476786e-04
2.311283024027943611e-04
2.067335008177906275e-04
2.052696800092235208e-04
2.556760155130177736e-04
2.772286243271082640e-04
2.424709527986124158e-04
2.414261107333004475e-04
4.688477492891252041e-04
3.000074357260018587e-04
2.655364805832505226e-04
2.203114418080076575e-04
5.235194112174212933e-04
3.855942632071673870e-04
2.220133901573717594e-04
2.953093207906931639e-04
2.353286981815472245e-04
2.369436406297609210e-04
2.190318045904859900e-04
4.431568668223917484e-04
4.140525124967098236e-04
2.662402985151857138e-04
2.678566670510917902e-04
2.039333194261416793e-04
2.351506700506433845e-04
5.343247903510928154e-04
4.666556778829544783e-04
2.668995293788611889e-04
2.718733449000865221e-04
2.176025445805862546e-04
2.443832054268568754e-04
2.357433113502338529e-04
2.249881799798458815e-04
2.605197078082710505e-04
5.876942886970937252e-04
3.277234209235757589e-04
2.427548752166330814e-04
2.060043188976123929e-04
2.254697319585829973e-04
2.554010134190320969e-04
2.360659709665924311e-04
2.272258861921727657e-04
3.368443285580724478e-04
4.656627716030925512e-04
3.435010148677974939e-04
2.176282432628795505e-04
2.148472412955015898e-04
2.077634562738239765e-04
2.129259955836459994e-04
2.276389859616756439e-04
2.637522120494395494e-04
5.412996397353708744e-04
4.719537973869591951e-04
2.507264725863933563e-04
2.229621022706851363e-04
1.936805056175217032e-04
2.054009091807529330e-04
3.681179368868470192e-04
3.629134444054216146e-04
2.670350368134677410e-04
4.724195750895887613e-04
3.005803737323731184e-04
3.338572860229760408e-04
2.473431522957980633e-04
2.112548390869051218e-04
2.241772162960842252e-04
2.081273851217702031e-04
2.293266006745398045e-04
2.269645337946712971e-04
3.578618634492158890e-04
2.388300054008141160e-04
2.196053828811272979e-04
2.237997687188908458e-04
2.706454833969473839e-04
2.315024321433156729e-04
2.448074810672551394e-04
3.789038746617734432e-04
7.197791710495948792e-04
3.021367592737078667e-04
2.714274742174893618e-04
2.048197056865319610e-04
1.937623746925964952e-04
1.950648002093657851e-04
5.323710502125322819e-04
3.069166559725999832e-04
2.239195309812203050e-04
2.182424796046689153e-04
2.218056324636563659e-04
3.872951783705502748e-04
3.469175426289439201e-04
2.163768222089856863e-04
2.205094060627743602e-04
4.382642800919711590e-04
2.308150142198428512e-04
2.019183302763849497e-04
5.565268802456557751e-04
2.861688844859600067e-04
3.205417888239026070e-04
2.255918370792642236e-04
2.158155984943732619e-04
2.012310433201491833e-04
1.943312818184494972e-04
2.378908538958057761e-04
2.322930959053337574e-04
3.689111326821148396e-04
2.793291350826621056e-04
2.179112634621560574e-04
1.998113148147240281e-04
2.056140510831028223e-04
3.500351449474692345e-04
9.457236155867576599e-04
3.493214317131787539e-04
2.356572949793189764e-04
2.161051816074177623e-04
1.979733642656356096e-04
1.916109322337433696e-04
2.338341146241873503e-04
2.527663018554449081e-04
2.835363557096570730e-04
4.869478580076247454e-04
2.744306402746587992e-04
2.176968991989269853e-04
2.132068038918077946e-04
1.936077460413798690e-04
1.913124870043247938e-04
2.272425044793635607e-04
9.198262123391032219e-04
4.580777022056281567e-04
2.564458409324288368e-04
2.046130248345434666e-04
1.913589367177337408e-04
2.020991232711821795e-04
3.651392471510916948e-04
2.342666557524353266e-04
2.373345632804557681e-04
2.275214646942913532e-04
2.448650775477290154e-04
2.398564247414469719e-04
4.308979550842195749e-04
2.252716949442401528e-04
3.331794869154691696e-04
2.249454119009897113e-04
1.978875661734491587e-04
2.325958776054903865e-04
9.163637878373265266e-04
3.351854975335299969e-04
2.527176402509212494e-04
2.703267964534461498e-04
2.020008978433907032e-04
1.947074924828484654e-04
1.967436401173472404e-04
2.301176136825233698e-04
5.885316641069948673e-04
2.542027505114674568e-04
2.778290072456002235e-04
2.351794973947107792e-04
2.022696571657434106e-04
1.976132916752249002e-04
3.093897830694913864e-04
2.108254266204312444e-04
2.367497509112581611e-04
3.063367330469191074e-04
3.752227930817753077e-04
2.629880036693066359e-04
2.322059444850310683e-04
2.551622455939650536e-04
1.993017940549179912e-04
2.243431372335180640e-04
2.074592339340597391e-04
2.169896033592522144e-04
4.925900720991194248e-04
3.916575515177100897e-04
2.986268955282866955e-04
2.122278820024803281e-04
2.126921608578413725e-04
1.906073157442733645e-04
1.918062334880232811e-04
6.554136052727699280e-04
3.357490350026637316e-04
2.100631973007693887e-04
2.040108811343088746e-04
1.976653293240815401e-04
1.994456688407808542e-04
3.288146108388900757e-04
2.494502405170351267e-04
2.028766466537490487e-04
1.969916047528386116e-04
3.300817625131458044e-04
5.102111608721315861e-04
2.156148111680522561e-04
2.765530662145465612e-04
2.286516973981633782e-04
1.983385882340371609e-04
1.870405831141397357e-04
3.753755881916731596e-04
2.805842668749392033e-04
2.232710976386442780e-04
1.876327005447819829e-04
1.906464312924072146e-04
2.124010352417826653e-04
2.802155795507133007e-04
4.719474818557500839e-04
4.802326729986816645e-04
2.307479735463857651e-04
2.037673257291316986e-04
1.948631252162158489e-04
2.058050449704751372e-04
3.609590930864214897e-04
3.875803959090262651e-04
2.094753726851195097e-04
1.949460274772718549e-04
1.919260830618441105e-04
2.232378901680931449e-04
2.078520919894799590e-04
3.230407601222395897e-04
2.766522229649126530e-04
2.573143865447491407e-04
1.902501826407387853e-04
1.924070384120568633e-04
2.494852524250745773e-04
5.597463459707796574e-04
2.552974328864365816e-04
1.921362418215721846e-04
2.153568493667989969e-04
1.921978982863947749e-04
2.149242209270596504e-04
4.763658507727086544e-04
2.117280528182163835e-04
1.960865920409560204e-04
2.060202095890417695e-04
2.256400766782462597e-04
2.217174769612029195e-04
2.067987079499289393e-04
1.951943704625591636e-04
2.381812955718487501e-04
6.036911508999764919e-04
3.393323859199881554e-04
2.122276200680062175e-04
1.860327320173382759e-04
2.140874712495133281e-04
2.127819025190547109e-04
2.067809546133503318e-04
2.548919583205133677e-04
2.629613445606082678e-04
5.508934846147894859e-04
2.768049889709800482e-04
1.945735857589170337e-04
2.037531521636992693e-04
3.483960754238069057e-04
2.158824645448476076e-04
1.868584222393110394e-04
2.356895274715498090e-04
5.021743127144873142e-04
3.589411207940429449e-04
2.502321149222552776e-04
2.441960095893591642e-04
2.496274828445166349e-04
1.939049980137497187e-04
1.935068139573559165e-04
1.877904869616031647e-04
4.765512421727180481e-04
2.966661413665860891e-04
2.245191863039508462e-04
1.941178488777950406e-04
1.915186585392802954e-04
4.689003108069300652e-04
4.627122543752193451e-04
2.066570741590112448e-04
2.056895464193075895e-04
1.935393083840608597e-04
2.013532357523217797e-04
2.403745456831529737e-04
2.406922576483339071e-04
3.158488543704152107e-04
3.758190141525119543e-04
3.508704248815774918e-04
1.974970946321263909e-04
1.948762364918366075e-04
1.989150478038936853e-04
1.873496366897597909e-04
1.899742492241784930e-04
2.444170240778476000e-04
3.606392419897019863e-04
2.373251190874725580e-04
2.736634341999888420e-04
2.106544707203283906e-04
1.914430031320080161e-04
2.285749360453337431e-04
2.240984613308683038e-04
5.406801938079297543e-04
2.394917974015697837e-04
2.039567771134898067e-04
1.985128474188968539e-04
1.765439519658684731e-04
2.007694711210206151e-04
2.229971141787245870e-04
1.874481386039406061e-04
2.945039886981248856e-04
3.070474194828420877e-04
2.022489061346277595e-04
1.873319415608420968e-04
2.130153588950634003e-04
2.066577144432812929e-04
2.098948170896619558e-04
1.875240413937717676e-04
2.258800523122772574e-04
3.617375332396477461e-04
4.922387306578457355e-04
2.511639613658189774e-04
2.234060375485569239e-04
2.246178046334534883e-04
3.318781091365963221e-04
2.413119218545034528e-04
1.870500273071229458e-04
1.863409706857055426e-04
2.249510143883526325e-04
1.961783709703013301e-04
2.034733042819425464e-04
2.119952114298939705e-04
2.762470394372940063e-04
3.289006708655506372e-04
3.879900032188743353e-04
2.103941806126385927e-04
2.013214252656325698e-04
2.725468657445162535e-04
2.870012831408530474e-04
2.113301161443814635e-04
2.567642077337950468e-04
2.069527254207059741e-04
3.222273662686347961e-04
2.354989701416343451e-04
2.092865761369466782e-04
1.852610294008627534e-04
2.277609455632045865e-04
2.347822446608915925e-04
1.941991795320063829e-04
1.894750748760998249e-04
1.930782600538805127e-04
1.877167233033105731e-04
2.567734045442193747e-04
1.912108709802851081e-04
2.187210920965299010e-04
2.095664385706186295e-04
2.352710143895819783e-04
2.020692481892183423e-04
2.565346076153218746e-04
2.530953497625887394e-04
1.972847821889445186e-04
2.372894523432478309e-04
2.002972032641991973e-04
1.994156045839190483e-04
2.342912339372560382e-04
2.285305527038872242e-04
2.265197254018858075e-04
1.784295018296688795e-04
3.379002155270427465e-04
4.537841014098376036e-04
3.134289290755987167e-04
1.900352071970701218e-04
1.847803650889545679e-04
3.272364847362041473e-04
2.182606840506196022e-04
1.956479391083121300e-04
2.361857332289218903e-04
1.728851639200001955e-04
2.365143445786088705e-04
2.843409893102943897e-04
2.172584936488419771e-04
2.384164690738543868e-04
2.330929564777761698e-04
2.309686678927391768e-04
2.307002723682671785e-04
1.989917363971471786e-04
2.645365893840789795e-04
2.541397698223590851e-04
2.633199619594961405e-04
1.960146764758974314e-04
2.124456950696185231e-04
2.191559615312144160e-04
1.992200996028259397e-04
2.434330817777663469e-04
3.673331229947507381e-04
2.461133699398487806e-04
3.397635300643742085e-04
1.851012348197400570e-04
2.037682861555367708e-04
2.683655184227973223e-04
1.801468315534293652e-04
2.453868510201573372e-04
1.958062493940815330e-04
1.933760649990290403e-04
3.029102808795869350e-04
2.626534842420369387e-04
1.885620731627568603e-04
1.859484182205051184e-04
2.413903857814148068e-04
3.219754144083708525e-04
3.132698475383222103e-04
1.870602718554437160e-04
1.846399682108312845e-04
1.988575822906568646e-04
1.895906316349282861e-04
2.530328347347676754e-04
2.711863198783248663e-04
5.088548641651868820e-04
3.246265114285051823e-04
2.326605463167652488e-04
2.258322056150063872e-04
1.731390948407351971e-04
1.713087549433112144e-04
1.777772267814725637e-04
1.911264989757910371e-04
3.802000719588249922e-04
2.054746291832998395e-04
4.185187863186001778e-04
4.641556297428905964e-04
2.950404013972729445e-04
1.783064653864130378e-04
1.850338157964870334e-04
1.806203654268756509e-04
2.073705254588276148e-04
1.840812183218076825e-04
1.851160486694425344e-04
3.169395204167813063e-04
2.024866407737135887e-04
2.012634504353627563e-04
1.902507792692631483e-04
2.275843289680778980e-04
2.525654272176325321e-04
1.959005603566765785e-04
1.735048426780849695e-04
2.066346642095595598e-04
4.318249993957579136e-04
2.398640936007723212e-04
1.721521839499473572e-04
2.863987465389072895e-04
2.440640382701531053e-04
2.495835651643574238e-04
2.846880233846604824e-04
2.042213454842567444e-04
1.665374729782342911e-04
1.785389758879318833e-04
1.891025895019993186e-04
1.970853190869092941e-04
2.640022139530628920e-04
2.081634011119604111e-04
2.657668082974851131e-04
3.335648507345467806e-04
1.832235866459086537e-04
2.602021268103271723e-04
1.798948796931654215e-04
2.164606703445315361e-04
2.799668000079691410e-04
3.213164454791694880e-04
1.972458994714543223e-04
1.777964789653196931e-04
1.710801152512431145e-04
2.055076620308682323e-04
4.111381422262638807e-04
1.950986334122717381e-04
1.961721427505835891e-04
2.626240311656147242e-04
2.733252185862511396e-04
1.845962979132309556e-04
1.786740613169968128e-04
1.815219729905948043e-04
1.837419404182583094e-04
1.928128331201151013e-04
5.319002666510641575e-04
3.930557286366820335e-04
1.982933026738464832e-04
1.748887734720483422e-04
1.736190315568819642e-04
1.990141900023445487e-04
1.771857496351003647e-04
1.791515096556395292e-04
1.809423411032184958e-04
2.426373830530792475e-04
2.145644684787839651e-04
3.074046690016984940e-04
3.182876680511981249e-04
2.031840122072026134e-04
1.927300327224656940e-04
2.589867217466235161e-04
2.256440056953579187e-04
1.866846723714843392e-04
1.815523282857611775e-04
1.862233475549146533e-04
2.628180664032697678e-04
3.980335313826799393e-04
4.579879168886691332e-04
2.296772581757977605e-04
1.843501522671431303e-04
1.910317514557391405e-04
1.656813983572646976e-04
1.702074805507436395e-04
2.299173938808962703e-04
1.686404284555464983e-04
1.713529054541140795e-04
1.933195599121972919e-04
3.043426549993455410e-04
3.885824989993125200e-04
2.345505927223712206e-04
1.781207101885229349e-04
2.088991459459066391e-04
1.916626642923802137e-04
1.820115576265379786e-04
1.854445872595533729e-04
2.189154765801504254e-04
3.534097631927579641e-04
2.312030264874920249e-04
1.938860659720376134e-04
1.708076160866767168e-04
2.093544608214870095e-04
1.943557726917788386e-04
1.946976117324084044e-04
2.342740335734561086e-04
2.440939570078626275e-04
1.826335210353136063e-04
2.264447539346292615e-04
2.083822619169950485e-04
1.953440514625981450e-04
1.879805786302313209e-04
2.002957626245915890e-04
1.818710006773471832e-04
1.700652210274711251e-04
2.534835657570511103e-04
3.842920123133808374e-04
2.514682128094136715e-04
2.231755061075091362e-04
1.730783114908263087e-04
1.860526972450315952e-04
3.625576209742575884e-04
2.431304455967620015e-04
1.716527476673945785e-04
2.270272816531360149e-04
2.336895850021392107e-04
1.832502748584374785e-04
1.991445751627907157e-04
1.743775064824149013e-04
2.150874934159219265e-04
2.469646569807082415e-04
3.307733859401196241e-04
3.006526967510581017e-04
1.708045601844787598e-04
1.718572748359292746e-04
1.850951666710898280e-04
2.362390805501490831e-04
2.145370090147480369e-04
2.273080754093825817e-04
1.963363465620204806e-04
2.279684995301067829e-04
2.176852867705747485e-04
1.717262930469587445e-04
2.084332954837009311e-04
1.771232637111097574e-04
3.833330410998314619e-04
2.774001040961593390e-04
1.878950133686885238e-04
1.761567255016416311e-04
1.832698762882500887e-04
2.156810514861717820e-04
1.660917478147894144e-04
1.612423220649361610e-04
2.775388129521161318e-04
3.137952880933880806e-04
2.100718993460759521e-04
2.008081064559519291e-04
1.698079868219792843e-04
1.689232449280098081e-04
3.253092581871896982e-04
3.324299468658864498e-04
3.056214191019535065e-04
1.886478712549433112e-04
1.593345514265820384e-04
1.574759371578693390e-04
1.593877532286569476e-04
2.090027992380782962e-04
1.678867120062932372e-04
2.390440349699929357e-04
2.983878366649150848e-04
4.788345831912010908e-04
2.404786355327814817e-04
2.044097054749727249e-04
1.949478173628449440e-04
1.740242878440767527e-04
1.559842203278094530e-04
1.550098822917789221e-04
2.208444639109075069e-04
5.857142969034612179e-04
2.325701643712818623e-04
1.763240143191069365e-04
1.786091161193326116e-04
1.621609990252181888e-04
1.986198476515710354e-04
1.579972013132646680e-04
1.647326425882056355e-04
3.123085189145058393e-04
4.288684867788106203e-04
4.327014030423015356e-04
2.141394361387938261e-04
1.686563628027215600e-04
1.667830365477129817e-04
1.856023882282897830e-04
1.804942439775913954e-04
2.284485526615753770e-04
1.735903206281363964e-04
1.854961883509531617e-04
1.960317749762907624e-04
2.723418001551181078e-04
2.051757328445091844e-04
1.990001037484034896e-04
1.766801869962364435e-04
2.339128986932337284e-04
1.840906188590452075e-04
2.477635571267455816e-04
2.342052612220868468e-04
1.725006150081753731e-04
2.078675461234524846e-04
3.341942501720041037e-04
1.809710811357945204e-04
2.164094184990972281e-04
1.705542817944660783e-04
1.631056074984371662e-04
1.597254158696159720e-04
1.897219481179490685e-04
3.104906936641782522e-04
2.246661315439268947e-04
1.788400550140067935e-04
1.766885252436622977e-04
1.625137083465233445e-04
1.759737351676449180e-04
2.249843819299712777e-04
2.546879113651812077e-04
3.651158767752349377e-04
1.968571014003828168e-04
1.613317726878449321e-04
1.996680512093007565e-04
2.224056661361828446e-04
1.600872055860236287e-04
1.837219606386497617e-04
1.714193058433011174e-04
2.171993837691843510e-04
3.344875294715166092e-04
2.722141798585653305e-04
2.148307103198021650e-04
1.865163794718682766e-04
1.681373541941866279e-04
1.704695605440065265e-04
1.598104718141257763e-04
1.812038390198722482e-04
1.959066430572420359e-04
3.182787331752479076e-04
2.146492333849892020e-04
2.249516983283683658e-04
1.557747891638427973e-04
1.555351482238620520e-04
1.788893569028005004e-04
1.701074797892943025e-04
1.776716380845755339e-04
2.074207295663654804e-04
2.333882439415901899e-04
3.796624660026282072e-04
4.213007341604679823e-04
1.900228817248716950e-04
1.650539779802784324e-04
1.651922211749479175e-04
1.591354521224275231e-04
2.391408052062615752e-04
2.138767595170065761e-04
2.210304955951869488e-04
1.830784458434209228e-04
1.734768593451008201e-04
2.454351342748850584e-04
1.592060725670307875e-04
1.806353102438151836e-04
4.979211371392011642e-04
2.419718948658555746e-04
1.660851266933605075e-04
1.773556432453915477e-04
1.558268704684451222e-04
3.025959595106542110e-04
1.779065933078527451e-04
1.586000871611759067e-04
1.660566776990890503e-04
2.080058620776981115e-04
1.559665543027222157e-04
3.741306427400559187e-04
2.225413918495178223e-04
1.976547646336257458e-04
1.568755396874621511e-04
1.721475709928199649e-04
2.281675988342612982e-04
2.370527217863127589e-04
4.573267360683530569e-04
2.153067616745829582e-04
1.877183094620704651e-04
1.745565969031304121e-04
1.578055089339613914e-04
1.698032283456996083e-04
2.285740920342504978e-04
1.834006689023226500e-04
3.679717483464628458e-04
1.775890414137393236e-04
1.937172637553885579e-04
2.172285894630476832e-04
1.688206539256498218e-04
1.907808182295411825e-04
1.897775509860366583e-04
2.324499073438346386e-04
5.928188329562544823e-04
2.013495395658537745e-04
1.616080844542011619e-04
1.915951434057205915e-04
2.073472278425469995e-04
1.563005789648741484e-04
1.572544861119240522e-04
1.671848294790834188e-04
2.081052807625383139e-04
4.848759563174098730e-04
1.939437352120876312e-04
1.552868634462356567e-04
1.645506272325292230e-04
1.859800977399572730e-04
2.370781294303014874e-04
1.667679753154516220e-04
1.608018355909734964e-04
2.118570992024615407e-04
1.752090320223942399e-04
2.267935487907379866e-04
2.683186321519315243e-04
2.001693646889179945e-04
2.293968427693471313e-04
1.644630101509392262e-04
1.982305402634665370e-04
1.664428855292499065e-04
1.937910565175116062e-04
1.801269681891426444e-04
1.957395434146746993e-04
1.691465440671890974e-04
1.900528441183269024e-04
2.256379520986229181e-04
1.966941927094012499e-04
1.661645510466769338e-04
1.808551169233396649e-04
2.260927722090855241e-04
3.563304489944130182e-04
2.081631246255710721e-04
1.594910281710326672e-04
1.579153322381898761e-04
1.530848094262182713e-04
1.689306955086067319e-04
1.762905158102512360e-04
1.628182071726769209e-04
2.124150778399780393e-04
2.078988618450239301e-04
1.577229704707860947e-04
4.939774516969919205e-04
2.558587875682860613e-04
2.129259082721546292e-04
1.611446205060929060e-04
1.931671722559258342e-04
1.573985209688544273e-04
1.641396811464801431e-04
3.184958186466246843e-04
1.987284049391746521e-04
1.605498255230486393e-04
1.729065406834706664e-04
1.655024243518710136e-04
2.694978029467165470e-04
2.989603963214904070e-04
1.912808656925335526e-04
1.530484005343168974e-04
1.582579425303265452e-04
1.909087150124832988e-04
2.348754060221835971e-04
1.838433090597391129e-04
1.547373976791277528e-04
1.841803168645128608e-04
2.515461819712072611e-04
2.258600434288382530e-04
2.306798560312017798e-04
1.559801166877150536e-04
1.555140479467809200e-04
2.225061907665804029e-04
1.797338481992483139e-04
1.936053013196215034e-04
2.312240249011665583e-04
1.717949780868366361e-04
1.613091299077495933e-04
1.978617510758340359e-04
1.860588236013427377e-04
1.744640903780236840e-04
2.715199661906808615e-04
2.629903028719127178e-04
2.579591819085180759e-04
1.611074840184301138e-04
1.701818691799417138e-04
2.505694574210792780e-04
1.689389609964564443e-04
1.580577081767842174e-04
1.935997570399194956e-04
1.726337213767692447e-04
3.512788680382072926e-04
2.138046838808804750e-04
1.717141713015735149e-04
1.721273874863982201e-04
2.009418676607310772e-04
1.657577813602983952e-04
2.091055503115057945e-04
1.871792628662660718e-04
1.895304449135437608e-04
2.914672368206083775e-04
2.176572888856753707e-04
1.788131339708343148e-04
1.630561600904911757e-04
3.297797229606658220e-04
2.699953620322048664e-04
1.964783878065645695e-04
1.557953946758061647e-04
1.649747428018599749e-04
1.583841803949326277e-04
1.975981140276417136e-04
1.875012530945241451e-04
1.869396801339462399e-04
1.786219509085640311e-04
2.049569884547963738e-04
4.087639681529253721e-04
2.903515414800494909e-04
2.112830261467024684e-04
1.919459173223003745e-04
1.742072636261582375e-04
1.551800960442051291e-04
1.533289323560893536e-04
1.576953800395131111e-04
3.699180379044264555e-04
4.314446705393493176e-04
2.065219014184549451e-04
1.616292865946888924e-04
1.522383536212146282e-04
1.963014801731333137e-04
1.503598323324695230e-04
1.771767274476587772e-04
2.263426576973870397e-04
2.435357746435329318e-04
1.592710177646949887e-04
1.485326938563957810e-04
1.548411964904516935e-04
2.191598759964108467e-04
4.623465938493609428e-04
2.346917026443406940e-04
1.694502570899203420e-04
1.608814345672726631e-04
1.839327742345631123e-04
1.847764215199276805e-04
1.764278567861765623e-04
1.782769541023299098e-04
1.739402941893786192e-04
1.559478114359080791e-04
1.867936516646295786e-04
1.889137784019112587e-04
2.973929222207516432e-04
1.809283276088535786e-04
1.665227755438536406e-04
1.482275984017178416e-04
1.569884771015495062e-04
2.674648421816527843e-04
1.679275883361697197e-04
2.996643015649169683e-04
2.640598686411976814e-04
1.690951612545177341e-04
1.621006376808509231e-04
2.114002127200365067e-04
1.958715147338807583e-04
1.736881677061319351e-04
1.677570107858628035e-04
1.862172648543491960e-04
2.941555867437273264e-04
2.244727365905418992e-04
1.598892704350873828e-04
1.580718526383861899e-04
1.801965991035103798e-04
1.588663290021941066e-04
2.063435531454160810e-04
3.357149835210293531e-04
1.672715879976749420e-04
1.628051395528018475e-04
1.624892029212787747e-04
2.369754074607044458e-04
3.064999473281204700e-04
1.745872286846861243e-04
1.660155685385689139e-04
1.732841192279011011e-04
1.510932052042335272e-04
1.558772491989657283e-04
2.499893016647547483e-04
3.384183510206639767e-04
2.484992728568613529e-04
1.699606509646400809e-04
1.693899685051292181e-04
1.586257276358082891e-04
1.820405886974185705e-04
1.949015713762491941e-04
2.027906739385798573e-04
2.068996400339528918e-04
1.657168177189305425e-04
2.626729256007820368e-04
1.777720899553969502e-04
2.152219822164624929e-04
2.267523232148960233e-04
1.648415200179442763e-04
1.671978097874671221e-04
3.839781566057354212e-04
1.757706340868026018e-04
1.737018610583618283e-04
1.581751275807619095e-04
1.475302851758897305e-04
1.505923428339883685e-04
1.858705218182876706e-04
2.137503761332482100e-04
2.976540999952703714e-04
2.351625007577240467e-04
3.091196995228528976e-04
2.454923524055629969e-04
1.670756755629554391e-04
1.514463510829955339e-04
1.531690359115600586e-04
1.639434485696256161e-04
2.758848422672599554e-04
1.908113772515207529e-04
2.471039188094437122e-04
1.651949132792651653e-04
1.637842215131968260e-04
1.544563419884070754e-04
2.172613749280571938e-04
1.890440908027812839e-04
2.625897468533366919e-04
2.153583773178979754e-04
2.425971033517271280e-04
1.794637792045250535e-04
1.865934318630024791e-04
1.903709926409646869e-04
1.579417876200750470e-04
1.608063903404399753e-04
1.724787725834175944e-04
1.716457627480849624e-04
4.682294384110718966e-04
2.430376189295202494e-04
1.458176266169175506e-04
1.496189797762781382e-04
1.592776825418695807e-04
1.771595270838588476e-04
2.390500885667279363e-04
2.351447910768911242e-04
1.553334004711359739e-04
1.728554634610190988e-04
1.618680107640102506e-04
1.981089444598183036e-04
2.338247431907802820e-04
1.745307672536000609e-04
1.726793998386710882e-04
1.623709977138787508e-04
1.595413050381466746e-04
1.646557648200541735e-04
2.727894170675426722e-04
1.666584576014429331e-04
2.283721987623721361e-04
1.626575103728100657e-04
1.900497300084680319e-04
2.141387230949476361e-04
2.898885286413133144e-04
2.357200428377836943e-04
1.731942320475354791e-04
1.740133593557402492e-04
1.460556231904774904e-04
1.588490849826484919e-04
1.697352126939222217e-04
2.104068407788872719e-04
1.570289896335452795e-04
1.513284078100696206e-04
1.941118243848904967e-04
2.016769867623224854e-04
1.957109197974205017e-04
2.353969466639682651e-04
2.270226832479238510e-04
1.833275309763848782e-04
1.731976808514446020e-04
1.670764468144625425e-04
2.112438669428229332e-04
1.740925654303282499e-04
1.579461822984740138e-04
1.494819880463182926e-04
2.618585713207721710e-04
1.553814508952200413e-04
1.443718501832336187e-04
1.457150210626423359e-04
1.874770096037536860e-04
2.819045330397784710e-04
2.617615973576903343e-04
1.641120761632919312e-04
1.622268464416265488e-04
2.017209772020578384e-04
2.051773335551843047e-04
1.687144977040588856e-04
1.541244419058784842e-04
1.565807033330202103e-04
1.882836659206077456e-04
1.636903325561434031e-04
2.727206156123429537e-04
2.064122818410396576e-04
1.618751994101330638e-04
1.735488622216507792e-04
1.405362418154254556e-04
1.652006321819499135e-04
1.606113073648884892e-04
1.803993945941329002e-04
2.987305051647126675e-04
1.974026963580399752e-04
1.906327233882620931e-04
1.452736032661050558e-04
1.548872678540647030e-04
1.927912817336618900e-04
1.969385921256616712e-04
2.375644253334030509e-04
2.208856749348342419e-04
2.025246649282053113e-04
1.554299378767609596e-04
1.523778046248480678e-04
1.871099520940333605e-04
2.873605408240109682e-04
1.746502530295401812e-04
2.211246319347992539e-04
1.624695578357204795e-04
1.424326328560709953e-04
1.445653324481099844e-04
1.540801749797537923e-04
1.750902883941307664e-04
1.886508398456498981e-04
1.570661697769537568e-04
1.849410909926518798e-04
2.482194104231894016e-04
2.485043660271912813e-04
1.585731224622577429e-04
2.188614453189074993e-04
1.623258140170946717e-04
1.698063861113041639e-04
1.633317733649164438e-04
1.818393066059798002e-04
1.758941070875152946e-04
1.615069195395335555e-04
1.438508188584819436e-04
1.583070988999679685e-04
3.203689993824809790e-04
1.672178914304822683e-04
1.578852097736671567e-04
2.618974249344319105e-04
2.543735608924180269e-04
1.677967666182667017e-04
1.466791873099282384e-04
1.677941909292712808e-04
2.821706875693053007e-04
2.282745408592745662e-04
1.819645403884351254e-04
1.516817574156448245e-04
1.511372975073754787e-04
1.453189033782109618e-04
3.284169943071901798e-04
2.442206314299255610e-04
1.801589969545602798e-04
1.441050844732671976e-04
1.479881320847198367e-04
1.484429667470976710e-04
1.630312763154506683e-04
2.005485439440235496e-04
1.563510741107165813e-04
1.600721589056774974e-04
1.730678341118618846e-04
2.965306921396404505e-04
1.781720930011942983e-04
1.623820717213675380e-04
1.478641352150589228e-04
2.243102790089324117e-04
1.930436119437217712e-04
1.603028358658775687e-04
1.407258678227663040e-04
1.529180735815316439e-04
1.483688683947548270e-04
1.580292155267670751e-04
3.389463818166404963e-04
3.866865299642086029e-04
1.715230318950489163e-04
1.716672122711315751e-04
1.447356335120275617e-04
1.429366238880902529e-04
1.968815195141360164e-04
1.879466435639187694e-04
1.598933013156056404e-04
1.715131948003545403e-04
1.468146365368738770e-04
1.570499880472198129e-04
2.738699840847402811e-04
3.033268149010837078e-04
1.585684804012998939e-04
1.665104500716552138e-04
1.664507290115579963e-04
1.424473884981125593e-04
1.531132729724049568e-04
1.677666296018287539e-04
2.258014137623831630e-04
1.608004822628572583e-04
1.581863616593182087e-04
