2.027065849304199219e+01
2.021952438354492188e+01
2.022806167602539062e+01
2.020548820495605469e+01
2.019988059997558594e+01
2.020738601684570312e+01
2.020535469055175781e+01
2.020599937438964844e+01
2.019885444641113281e+01
2.021554946899414062e+01
2.021085357666015625e+01
2.022585105895996094e+01
2.020372581481933594e+01
2.020878219604492188e+01
2.019848060607910156e+01
2.019330406188964844e+01
2.020879173278808594e+01
2.020285797119140625e+01
2.020521163940429688e+01
2.020032119750976562e+01
2.019413375854492188e+01
2.020296478271484375e+01
2.020045280456542969e+01
2.020112419128417969e+01
2.020345687866210938e+01
2.019644165039062500e+01
2.019280624389648438e+01
2.020202064514160156e+01
2.020357894897460938e+01
2.020138168334960938e+01
2.019968986511230469e+01
2.019588851928710938e+01
2.020245552062988281e+01
2.020813369750976562e+01
2.020064926147460938e+01
2.021227264404296875e+01
2.019370079040527344e+01
2.021209144592285156e+01
2.019389343261718750e+01
2.019604301452636719e+01
2.020394515991210938e+01
2.021108818054199219e+01
2.019574928283691406e+01
2.021854400634765625e+01
2.019581794738769531e+01
2.020022964477539062e+01
2.020524787902832031e+01
2.019938468933105469e+01
2.019768524169921875e+01
2.020331764221191406e+01
2.020462417602539062e+01
2.020216941833496094e+01
2.019790649414062500e+01
2.019936943054199219e+01
2.021172904968261719e+01
2.021795082092285156e+01
2.020064735412597656e+01
2.020980072021484375e+01
2.019984817504882812e+01
2.020693206787109375e+01
2.020280075073242188e+01
2.021169281005859375e+01
2.019606399536132812e+01
2.020185661315917969e+01
2.019379997253417969e+01
2.019567108154296875e+01
2.019964408874511719e+01
2.019854164123535156e+01
2.020486640930175781e+01
2.020626640319824219e+01
2.020301818847656250e+01
2.020312309265136719e+01
2.019825744628906250e+01
2.020170593261718750e+01
2.019841957092285156e+01
2.019604873657226562e+01
2.019609451293945312e+01
2.019966125488281250e+01
2.020016098022460938e+01
2.020186996459960938e+01
2.019765853881835938e+01
2.020052528381347656e+01
2.019927024841308594e+01
2.019962120056152344e+01
2.019652366638183594e+01
2.020142555236816406e+01
2.020940399169921875e+01
2.020419311523437500e+01
2.020988273620605469e+01
2.020287895202636719e+01
2.019939804077148438e+01
2.020095443725585938e+01
2.020453834533691406e+01
2.020045661926269531e+01
2.020079612731933594e+01
2.019655418395996094e+01
2.019506645202636719e+01
2.020383453369140625e+01
2.020575904846191406e+01
2.019311332702636719e+01
2.019996833801269531e+01
2.019983673095703125e+01
2.019931030273437500e+01
2.020147895812988281e+01
2.020145797729492188e+01
2.020052528381347656e+01
2.021033668518066406e+01
2.020486068725585938e+01
2.020589256286621094e+01
2.019833183288574219e+01
2.021125602722167969e+01
2.019779968261718750e+01
2.020350646972656250e+01
2.020827865600585938e+01
2.021156692504882812e+01
2.019958305358886719e+01
2.019364356994628906e+01
2.021321868896484375e+01
2.019504928588867188e+01
2.020134925842285156e+01
2.019560623168945312e+01
2.020490455627441406e+01
2.020127487182617188e+01
2.019022750854492188e+01
2.020141792297363281e+01
2.020586967468261719e+01
2.020783424377441406e+01
2.019924926757812500e+01
2.023562431335449219e+01
2.021798515319824219e+01
2.019991874694824219e+01
2.019779014587402344e+01
2.023793792724609375e+01
2.020569610595703125e+01
2.021092414855957031e+01
2.019866180419921875e+01
2.019950675964355469e+01
2.019470787048339844e+01
2.019601631164550781e+01
2.019636344909667969e+01
2.020053100585937500e+01
2.019564056396484375e+01
2.019243049621582031e+01
2.020133781433105469e+01
2.019709777832031250e+01
2.019662094116210938e+01
2.020212364196777344e+01
2.019513511657714844e+01
2.020219421386718750e+01
2.020522499084472656e+01
2.020429992675781250e+01
2.020533561706542969e+01
2.020217514038085938e+01
2.019965362548828125e+01
2.019880485534667969e+01
2.020256042480468750e+01
2.020675086975097656e+01
2.020998191833496094e+01
2.019559288024902344e+01
2.019752883911132812e+01
2.022839927673339844e+01
2.020649909973144531e+01
2.020682144165039062e+01
2.020108604431152344e+01
2.021593666076660156e+01
2.019755554199218750e+01
2.021518707275390625e+01
2.019673728942871094e+01
2.021828269958496094e+01
2.020688247680664062e+01
2.020462226867675781e+01
2.020276641845703125e+01
2.020698356628417969e+01
2.020152282714843750e+01
2.020543670654296875e+01
2.020300483703613281e+01
2.021583747863769531e+01
2.020221328735351562e+01
2.020934104919433594e+01
2.020213127136230469e+01
2.020213508605957031e+01
2.020414924621582031e+01
2.019963264465332031e+01
2.019706726074218750e+01
2.019767951965332031e+01
2.020583724975585938e+01
2.020352935791015625e+01
2.020738792419433594e+01
2.020322418212890625e+01
2.019604492187500000e+01
2.020196723937988281e+01
2.021460533142089844e+01
2.019250488281250000e+01
2.019443511962890625e+01
2.019887924194335938e+01
2.018992233276367188e+01
2.020144653320312500e+01
2.021471977233886719e+01
2.019649124145507812e+01
2.020184135437011719e+01
2.020185852050781250e+01
2.020942306518554688e+01
2.019647407531738281e+01
2.020009613037109375e+01
2.020757865905761719e+01
2.020003509521484375e+01
2.020268821716308594e+01
2.019836616516113281e+01
2.020050621032714844e+01
2.021466255187988281e+01
2.019230842590332031e+01
2.019704055786132812e+01
2.020224761962890625e+01
2.020455551147460938e+01
2.020522117614746094e+01
2.019810295104980469e+01
2.020259094238281250e+01
2.020587539672851562e+01
2.020455551147460938e+01
2.020639419555664062e+01
2.020078849792480469e+01
2.020527267456054688e+01
2.019598197937011719e+01
2.020422935485839844e+01
2.020080375671386719e+01
2.019207572937011719e+01
2.019965553283691406e+01
2.019712257385253906e+01
2.020010566711425781e+01
2.020221328735351562e+01
2.020928764343261719e+01
2.019987487792968750e+01
2.020091438293457031e+01
2.019836807250976562e+01
2.020190811157226562e+01
2.020360946655273438e+01
2.019457435607910156e+01
2.020048713684082031e+01
2.021014976501464844e+01
2.020385551452636719e+01
2.020251655578613281e+01
2.020103836059570312e+01
2.020227622985839844e+01
2.020113563537597656e+01
2.020341110229492188e+01
2.019705581665039062e+01
2.019647598266601562e+01
2.019621467590332031e+01
2.019720649719238281e+01
2.019372940063476562e+01
2.020617294311523438e+01
2.020125389099121094e+01
2.020639038085937500e+01
2.020182037353515625e+01
2.019402694702148438e+01
2.019448661804199219e+01
2.020054626464843750e+01
2.019290351867675781e+01
2.019780731201171875e+01
2.019787216186523438e+01
2.019409942626953125e+01
2.020055198669433594e+01
2.021943092346191406e+01
2.019999122619628906e+01
2.020044136047363281e+01
2.020399856567382812e+01
2.019737434387207031e+01
2.019932365417480469e+01
2.019822883605957031e+01
2.020260238647460938e+01
2.020735359191894531e+01
2.020878791809082031e+01
2.020676422119140625e+01
2.020871162414550781e+01
2.021135711669921875e+01
2.020627403259277344e+01
2.020723342895507812e+01
2.020481109619140625e+01
2.020326805114746094e+01
2.019775390625000000e+01
2.020076370239257812e+01
2.020551300048828125e+01
2.022175407409667969e+01
2.019993209838867188e+01
2.022597122192382812e+01
2.020472145080566406e+01
2.019515609741210938e+01
2.020153999328613281e+01
2.020524406433105469e+01
2.019404792785644531e+01
2.020701217651367188e+01
2.020329666137695312e+01
2.020903396606445312e+01
2.020507621765136719e+01
2.019251251220703125e+01
2.019778633117675781e+01
2.020335388183593750e+01
2.019985389709472656e+01
2.020955848693847656e+01
2.020970535278320312e+01
2.021614074707031250e+01
2.019828414916992188e+01
2.019990539550781250e+01
2.019966316223144531e+01
2.020351028442382812e+01
2.019643974304199219e+01
2.021028900146484375e+01
2.019576644897460938e+01
2.021021842956542969e+01
2.020556640625000000e+01
2.020500946044921875e+01
2.020189285278320312e+01
2.019890785217285156e+01
2.019692039489746094e+01
2.020192527770996094e+01
2.019623374938964844e+01
2.020598983764648438e+01
2.019854736328125000e+01
2.020573043823242188e+01
2.020522689819335938e+01
2.019818115234375000e+01
2.019338989257812500e+01
2.020642852783203125e+01
2.020330619812011719e+01
2.019737815856933594e+01
2.020119094848632812e+01
2.021038246154785156e+01
2.020587158203125000e+01
2.019823265075683594e+01
2.019362258911132812e+01
2.019295310974121094e+01
2.019553947448730469e+01
2.019181251525878906e+01
2.020782279968261719e+01
2.020874595642089844e+01
2.019844245910644531e+01
2.019623374938964844e+01
2.020120239257812500e+01
2.019766807556152344e+01
2.019303512573242188e+01
2.020268058776855469e+01
2.020248031616210938e+01
2.019540405273437500e+01
2.019850540161132812e+01
2.019783020019531250e+01
2.020655059814453125e+01
2.019276428222656250e+01
2.019518661499023438e+01
2.020923995971679688e+01
2.020338058471679688e+01
2.019822883605957031e+01
2.021306991577148438e+01
2.019651412963867188e+01
2.020230102539062500e+01
2.020486068725585938e+01
2.019666481018066406e+01
2.019892883300781250e+01
2.019519424438476562e+01
2.019765663146972656e+01
2.019453620910644531e+01
2.020728683471679688e+01
2.020513916015625000e+01
2.019635963439941406e+01
2.019933509826660156e+01
2.019878959655761719e+01
2.019597434997558594e+01
2.019971656799316406e+01
2.019500541687011719e+01
2.019353294372558594e+01
2.020313072204589844e+01
2.020112800598144531e+01
2.020216178894042969e+01
2.020287322998046875e+01
2.020528030395507812e+01
2.019659423828125000e+01
2.019612503051757812e+01
2.020416831970214844e+01
2.020514869689941406e+01
2.020474624633789062e+01
2.020059013366699219e+01
2.020178604125976562e+01
2.020660209655761719e+01
2.019800186157226562e+01
2.019749832153320312e+01
2.020075416564941406e+01
2.018725585937500000e+01
2.019515609741210938e+01
2.020219230651855469e+01
2.019472885131835938e+01
2.020151901245117188e+01
2.020775985717773438e+01
2.019638061523437500e+01
2.019139862060546875e+01
2.020758056640625000e+01
2.020158386230468750e+01
2.019822692871093750e+01
2.019826316833496094e+01
2.020132827758789062e+01
2.019336128234863281e+01
2.018734359741210938e+01
2.019317245483398438e+01
2.019903564453125000e+01
2.020493507385253906e+01
2.019226646423339844e+01
2.019127273559570312e+01
2.019544410705566406e+01
2.019627189636230469e+01
2.020765304565429688e+01
2.020318603515625000e+01
2.020045661926269531e+01
2.019344520568847656e+01
2.019542503356933594e+01
2.019896888732910156e+01
2.019586181640625000e+01
2.019649124145507812e+01
2.019645118713378906e+01
2.019946861267089844e+01
2.020249748229980469e+01
2.019610214233398438e+01
2.019406509399414062e+01
2.019688987731933594e+01
2.020045089721679688e+01
2.020607566833496094e+01
2.020167350769042969e+01
2.019882965087890625e+01
2.022050666809082031e+01
2.020223426818847656e+01
2.019878196716308594e+01
2.019468498229980469e+01
2.019040870666503906e+01
2.020311164855957031e+01
2.020111465454101562e+01
2.020192527770996094e+01
2.019348526000976562e+01
2.019774436950683594e+01
2.019480133056640625e+01
2.020006752014160156e+01
2.020240211486816406e+01
2.020275115966796875e+01
2.019211387634277344e+01
2.019521713256835938e+01
2.019920730590820312e+01
2.020262336730957031e+01
2.020807838439941406e+01
2.020262145996093750e+01
2.020516586303710938e+01
2.019771766662597656e+01
2.019761848449707031e+01
2.020168685913085938e+01
2.021191787719726562e+01
2.021590232849121094e+01
2.019386672973632812e+01
2.020128250122070312e+01
2.019762992858886719e+01
2.021018218994140625e+01
2.020537948608398438e+01
2.019753265380859375e+01
2.019666099548339844e+01
2.020298767089843750e+01
2.019528198242187500e+01
2.019768905639648438e+01
2.019716835021972656e+01
2.020172119140625000e+01
2.020211410522460938e+01
2.020022583007812500e+01
2.019856262207031250e+01
2.020747566223144531e+01
2.019723320007324219e+01
2.019205856323242188e+01
2.020076560974121094e+01
2.019464683532714844e+01
2.020801162719726562e+01
2.021014785766601562e+01
2.019960784912109375e+01
2.019690704345703125e+01
2.019458389282226562e+01
2.019577598571777344e+01
2.019731903076171875e+01
2.019171333312988281e+01
2.019687080383300781e+01
2.019558715820312500e+01
2.020439338684082031e+01
2.020190048217773438e+01
2.020112419128417969e+01
2.019472503662109375e+01
2.020299530029296875e+01
2.019879531860351562e+01
2.019148826599121094e+01
2.019618988037109375e+01
2.019707107543945312e+01
2.019495391845703125e+01
2.019385719299316406e+01
2.020188140869140625e+01
2.020137786865234375e+01
2.020194625854492188e+01
2.020309257507324219e+01
2.020049667358398438e+01
2.020046424865722656e+01
2.020646476745605469e+01
2.020129203796386719e+01
2.019934463500976562e+01
2.019943428039550781e+01
2.019309997558593750e+01
2.020601463317871094e+01
2.019533157348632812e+01
2.020756149291992188e+01
2.019592094421386719e+01
2.020441627502441406e+01
2.020068359375000000e+01
2.019756507873535156e+01
2.020123863220214844e+01
2.019657516479492188e+01
2.020362091064453125e+01
2.019432640075683594e+01
2.019617080688476562e+01
2.020623588562011719e+01
2.020585823059082031e+01
2.019832992553710938e+01
2.019316673278808594e+01
2.019450569152832031e+01
2.020487785339355469e+01
2.019384956359863281e+01
2.020047569274902344e+01
2.019729995727539062e+01
2.019259071350097656e+01
2.020240402221679688e+01
2.021167564392089844e+01
2.020253372192382812e+01
2.020045661926269531e+01
2.020142745971679688e+01
2.020101165771484375e+01
2.019725036621093750e+01
2.019768333435058594e+01
2.019307136535644531e+01
2.019529151916503906e+01
2.019959640502929688e+01
2.020057106018066406e+01
2.019645309448242188e+01
2.020310783386230469e+01
2.019641304016113281e+01
2.019443893432617188e+01
2.019319534301757812e+01
2.019582748413085938e+01
2.020806884765625000e+01
2.019762039184570312e+01
2.019356727600097656e+01
2.019639968872070312e+01
2.018753051757812500e+01
2.019434928894042969e+01
2.020331764221191406e+01
2.019957351684570312e+01
2.019485855102539062e+01
2.021072578430175781e+01
2.020110702514648438e+01
2.019908523559570312e+01
2.019406318664550781e+01
2.019435310363769531e+01
2.019948196411132812e+01
2.020242881774902344e+01
2.019422912597656250e+01
2.020058250427246094e+01
2.019579696655273438e+01
2.019668579101562500e+01
2.019504547119140625e+01
2.019565391540527344e+01
2.020507431030273438e+01
2.020086479187011719e+01
2.019476699829101562e+01
2.021604347229003906e+01
2.019408988952636719e+01
2.019704246520996094e+01
2.020625495910644531e+01
2.019117736816406250e+01
2.019896316528320312e+01
2.019287109375000000e+01
2.019645309448242188e+01
2.020100975036621094e+01
2.019242286682128906e+01
2.019760894775390625e+01
2.019625091552734375e+01
2.019997787475585938e+01
2.019580841064453125e+01
2.020108032226562500e+01
2.019668960571289062e+01
2.020064926147460938e+01
2.019967079162597656e+01
2.019149017333984375e+01
2.020311737060546875e+01
2.020345306396484375e+01
2.020954132080078125e+01
2.019462203979492188e+01
2.019960594177246094e+01
2.019974136352539062e+01
2.019599533081054688e+01
2.019473838806152344e+01
2.019832420349121094e+01
2.019488143920898438e+01
2.019259071350097656e+01
2.020742797851562500e+01
2.021453857421875000e+01
2.020976638793945312e+01
2.019797706604003906e+01
2.019517898559570312e+01
2.019760894775390625e+01
2.019582176208496094e+01
2.021357154846191406e+01
2.020713043212890625e+01
2.020724105834960938e+01
2.019376754760742188e+01
2.020598411560058594e+01
2.019349670410156250e+01
2.019431495666503906e+01
2.018922424316406250e+01
2.019399261474609375e+01
2.019560241699218750e+01
2.019617843627929688e+01
2.019369888305664062e+01
2.019363021850585938e+01
2.019607543945312500e+01
2.019778060913085938e+01
2.019505500793457031e+01
2.019508934020996094e+01
2.020921897888183594e+01
2.020193862915039062e+01
2.019161033630371094e+01
2.019996070861816406e+01
2.019231033325195312e+01
2.020437622070312500e+01
2.020030403137207031e+01
2.019433212280273438e+01
2.019840812683105469e+01
2.019650840759277344e+01
2.020252418518066406e+01
2.018890953063964844e+01
2.019055938720703125e+01
2.019217109680175781e+01
2.020138549804687500e+01
2.020337295532226562e+01
2.020147895812988281e+01
2.020592880249023438e+01
2.020466995239257812e+01
2.019703865051269531e+01
2.019300270080566406e+01
2.020965385437011719e+01
2.019732666015625000e+01
2.020217132568359375e+01
2.019466018676757812e+01
2.019881057739257812e+01
2.019048500061035156e+01
2.019807434082031250e+01
2.019474792480468750e+01
2.019662475585937500e+01
2.019728660583496094e+01
2.019842720031738281e+01
2.019944953918457031e+01
2.020510482788085938e+01
2.019658660888671875e+01
2.019664764404296875e+01
2.019567108154296875e+01
2.019718360900878906e+01
2.020364761352539062e+01
2.019582748413085938e+01
2.020004844665527344e+01
2.019577407836914062e+01
2.019722366333007812e+01
2.018914985656738281e+01
2.019386482238769531e+01
2.019250869750976562e+01
2.020829582214355469e+01
2.019770622253417969e+01
2.019651031494140625e+01
2.020081520080566406e+01
2.020294189453125000e+01
2.020885467529296875e+01
2.019715499877929688e+01
2.019643783569335938e+01
2.019270133972167969e+01
2.019328498840332031e+01
2.020196914672851562e+01
2.019565391540527344e+01
2.019977760314941406e+01
2.021119117736816406e+01
2.019821166992187500e+01
2.020009040832519531e+01
2.020201110839843750e+01
2.020335578918457031e+01
2.019033241271972656e+01
2.019106483459472656e+01
2.020280838012695312e+01
2.019986343383789062e+01
2.019149017333984375e+01
2.019953727722167969e+01
2.019708061218261719e+01
2.019474983215332031e+01
2.019717788696289062e+01
2.021078300476074219e+01
2.019600486755371094e+01
2.020006179809570312e+01
2.019465255737304688e+01
2.019331169128417969e+01
2.020295333862304688e+01
2.019596862792968750e+01
2.019466972351074219e+01
2.020132827758789062e+01
2.019613838195800781e+01
2.020677947998046875e+01
2.019934463500976562e+01
2.019790649414062500e+01
2.020322608947753906e+01
2.019495964050292969e+01
2.019489288330078125e+01
2.019964599609375000e+01
2.020031356811523438e+01
2.019882583618164062e+01
2.019750404357910156e+01
2.019634628295898438e+01
2.019813156127929688e+01
2.019857215881347656e+01
2.019737243652343750e+01
2.019634437561035156e+01
2.020634269714355469e+01
2.020500373840332031e+01
2.019803810119628906e+01
2.020397186279296875e+01
2.019415473937988281e+01
2.019544601440429688e+01
2.019466972351074219e+01
2.019228744506835938e+01
2.020418167114257812e+01
2.019692420959472656e+01
2.019858169555664062e+01
2.019653511047363281e+01
2.020024871826171875e+01
2.020604324340820312e+01
2.019366264343261719e+01
2.019588470458984375e+01
2.023223495483398438e+01
2.020239067077636719e+01
2.019911384582519531e+01
2.019478988647460938e+01
2.019486236572265625e+01
2.019033050537109375e+01
2.019388580322265625e+01
2.019587707519531250e+01
2.019770431518554688e+01
2.019819450378417969e+01
2.019997787475585938e+01
2.020162200927734375e+01
2.019752120971679688e+01
2.019996643066406250e+01
2.019856643676757812e+01
2.018989372253417969e+01
2.019870567321777344e+01
2.019183540344238281e+01
2.020275688171386719e+01
2.019937896728515625e+01
2.020218658447265625e+01
2.020034027099609375e+01
2.020157432556152344e+01
2.020067596435546875e+01
2.019488906860351562e+01
2.020621299743652344e+01
2.019439125061035156e+01
2.019737434387207031e+01
2.019909667968750000e+01
2.019765090942382812e+01
2.019812393188476562e+01
2.020890998840332031e+01
2.020171165466308594e+01
2.019287872314453125e+01
2.019652366638183594e+01
2.019854927062988281e+01
2.019731712341308594e+01
2.019721031188964844e+01
2.020548248291015625e+01
2.020196723937988281e+01
2.020596122741699219e+01
2.019763374328613281e+01
2.020251274108886719e+01
2.019796943664550781e+01
2.019951820373535156e+01
2.019539070129394531e+01
2.019509696960449219e+01
2.020308303833007812e+01
2.019804000854492188e+01
2.019547271728515625e+01
2.020188331604003906e+01
2.020425796508789062e+01
2.019959068298339844e+01
2.019771003723144531e+01
2.019514274597167969e+01
2.019627952575683594e+01
2.019524765014648438e+01
2.019548034667968750e+01
2.019737434387207031e+01
2.020676612854003906e+01
2.020157623291015625e+01
2.019716835021972656e+01
2.019473075866699219e+01
2.019638252258300781e+01
2.019215583801269531e+01
2.019294929504394531e+01
2.019702148437500000e+01
2.019272994995117188e+01
2.019958114624023438e+01
2.019358825683593750e+01
2.019664001464843750e+01
2.020104980468750000e+01
2.019796562194824219e+01
2.019537544250488281e+01
2.019780731201171875e+01
2.020015144348144531e+01
2.020388793945312500e+01
2.020699501037597656e+01
2.020033073425292969e+01
2.020457458496093750e+01
2.019472122192382812e+01
2.019627761840820312e+01
2.019271278381347656e+01
2.019214630126953125e+01
2.019747734069824219e+01
2.019807434082031250e+01
2.019751930236816406e+01
2.019678306579589844e+01
2.019703483581542969e+01
2.019743347167968750e+01
2.021641159057617188e+01
2.019727706909179688e+01
2.019371032714843750e+01
2.019211959838867188e+01
2.020175170898437500e+01
2.019538688659667969e+01
2.019662666320800781e+01
2.019703292846679688e+01
2.019664955139160156e+01
2.021282005310058594e+01
2.019164466857910156e+01
2.019466781616210938e+01
2.019683647155761719e+01
2.020614624023437500e+01
2.020034217834472656e+01
2.018857955932617188e+01
2.020914077758789062e+01
2.019541740417480469e+01
2.019551277160644531e+01
2.019400215148925781e+01
2.020799827575683594e+01
2.020032119750976562e+01
2.019805335998535156e+01
2.019710922241210938e+01
2.021196174621582031e+01
2.019498825073242188e+01
2.019725799560546875e+01
2.019197082519531250e+01
2.019762802124023438e+01
2.020194435119628906e+01
2.019951629638671875e+01
2.019710540771484375e+01
2.020300483703613281e+01
2.020020484924316406e+01
2.019945335388183594e+01
2.020685005187988281e+01
2.019926452636718750e+01
2.019908905029296875e+01
2.020156097412109375e+01
2.019441032409667969e+01
2.019665336608886719e+01
2.019331359863281250e+01
2.020020103454589844e+01
2.018940353393554688e+01
2.020729446411132812e+01
2.018885231018066406e+01
2.019731330871582031e+01
2.019468688964843750e+01
2.019939613342285156e+01
2.019386672973632812e+01
2.020528984069824219e+01
2.019480323791503906e+01
2.020168685913085938e+01
2.020361328125000000e+01
2.020915222167968750e+01
2.020621871948242188e+01
2.020323753356933594e+01
2.020351409912109375e+01
2.019645118713378906e+01
2.020373535156250000e+01
2.019544410705566406e+01
2.020584869384765625e+01
2.020148277282714844e+01
2.019453048706054688e+01
2.019927024841308594e+01
2.019458198547363281e+01
2.019736099243164062e+01
2.019967460632324219e+01
2.020609283447265625e+01
2.019750976562500000e+01
2.019396781921386719e+01
2.019746017456054688e+01
2.019720649719238281e+01
2.019268608093261719e+01
2.019517707824707031e+01
2.019669914245605469e+01
2.019709777832031250e+01
2.020372581481933594e+01
2.020112037658691406e+01
2.021166038513183594e+01
2.019427871704101562e+01
2.019593811035156250e+01
2.018992424011230469e+01
2.020076179504394531e+01
2.019565200805664062e+01
2.020376014709472656e+01
2.019897460937500000e+01
2.019329071044921875e+01
2.020929145812988281e+01
2.019690132141113281e+01
2.019319915771484375e+01
2.019796562194824219e+01
2.019769287109375000e+01
2.019716453552246094e+01
2.019833374023437500e+01
2.019603347778320312e+01
2.019702720642089844e+01
2.020044517517089844e+01
2.020023536682128906e+01
2.019827842712402344e+01
2.019369125366210938e+01
2.019640541076660156e+01
2.019396781921386719e+01
2.019727897644042969e+01
2.019361495971679688e+01
2.020433998107910156e+01
2.020190048217773438e+01
2.019287872314453125e+01
2.019324684143066406e+01
2.019625663757324219e+01
2.020782470703125000e+01
2.019248199462890625e+01
2.019729232788085938e+01
2.019849586486816406e+01
2.020026779174804688e+01
2.019940948486328125e+01
2.019667434692382812e+01
2.019661712646484375e+01
2.019736671447753906e+01
2.019911766052246094e+01
2.020201301574707031e+01
2.020449256896972656e+01
2.019290542602539062e+01
2.020743370056152344e+01
2.020852279663085938e+01
2.020161247253417969e+01
2.019716262817382812e+01
2.019615364074707031e+01
2.019592094421386719e+01
2.019515228271484375e+01
2.020089149475097656e+01
2.019885063171386719e+01
2.019737815856933594e+01
2.019715881347656250e+01
2.018913459777832031e+01
2.020093154907226562e+01
2.020410537719726562e+01
2.019581604003906250e+01
2.019191169738769531e+01
2.019359779357910156e+01
2.019740295410156250e+01
2.019638442993164062e+01
2.019528198242187500e+01
2.020167160034179688e+01
2.019600868225097656e+01
2.020043373107910156e+01
2.019490432739257812e+01
2.019451904296875000e+01
2.019963645935058594e+01
2.019544219970703125e+01
2.018802261352539062e+01
2.020601272583007812e+01
2.019859313964843750e+01
2.019309616088867188e+01
2.020868682861328125e+01
2.019733619689941406e+01
2.019978332519531250e+01
2.019627571105957031e+01
2.020811271667480469e+01
2.019530868530273438e+01
2.019295883178710938e+01
2.019575881958007812e+01
2.020261001586914062e+01
2.019665718078613281e+01
2.020385742187500000e+01
2.021129608154296875e+01
2.019670677185058594e+01
2.019235610961914062e+01
2.020180702209472656e+01
2.019406318664550781e+01
2.019339752197265625e+01
2.019647598266601562e+01
2.019510650634765625e+01
2.019604110717773438e+01
