2.521200478076934814e-01
2.451977133750915527e-01
1.589214354753494263e-01
1.155924275517463684e-01
9.964966028928756714e-02
8.849021047353744507e-02
8.087666332721710205e-02
7.471432536840438843e-02
7.009951770305633545e-02
6.607546657323837280e-02
6.252435594797134399e-02
5.995518341660499573e-02
5.804682895541191101e-02
5.566953495144844055e-02
5.428336560726165771e-02
5.249051004648208618e-02
5.103989690542221069e-02
5.021870508790016174e-02
4.875823482871055603e-02
4.741399735212326050e-02
4.673635214567184448e-02
4.590884223580360413e-02
4.518537968397140503e-02
4.411411657929420471e-02
4.350849241018295288e-02
4.320297762751579285e-02
4.239019751548767090e-02
4.194463416934013367e-02
4.147779196500778198e-02
4.141812026500701904e-02
4.020482301712036133e-02
4.049472510814666748e-02
4.013180360198020935e-02
3.916344791650772095e-02
3.907536715269088745e-02
3.882035240530967712e-02
3.835508972406387329e-02
3.789035975933074951e-02
3.767563030123710632e-02
3.790327906608581543e-02
3.723724558949470520e-02
3.704616054892539978e-02
3.674291819334030151e-02
3.615164756774902344e-02
3.601749241352081299e-02
3.588044643402099609e-02
3.653425350785255432e-02
3.584534302353858948e-02
3.549560904502868652e-02
3.528786823153495789e-02
3.528760373592376709e-02
3.507553040981292725e-02
3.517722338438034058e-02
3.463279083371162415e-02
3.441009297966957092e-02
3.449790552258491516e-02
3.464372456073760986e-02
3.411481529474258423e-02
3.381525352597236633e-02
3.368682786822319031e-02
3.370112553238868713e-02
3.389725089073181152e-02
3.344203904271125793e-02
3.317540884017944336e-02
3.277617320418357849e-02
3.313584625720977783e-02
3.256623074412345886e-02
3.269351273775100708e-02
3.359179571270942688e-02
3.303998336195945740e-02
3.217114880681037903e-02
3.245758637785911560e-02
3.241510689258575439e-02
3.174686431884765625e-02
3.224391117691993713e-02
3.252375870943069458e-02
3.153521567583084106e-02
3.160701319575309753e-02
3.187064453959465027e-02
3.182290866971015930e-02
3.097631409764289856e-02
3.139788284897804260e-02
3.117212466895580292e-02
3.147183358669281006e-02
3.153451159596443176e-02
3.122575581073760986e-02
3.084526583552360535e-02
3.073087893426418304e-02
3.126946836709976196e-02
3.073086030781269073e-02
3.055441752076148987e-02
3.027025051414966583e-02
3.081240877509117126e-02
3.047749772667884827e-02
3.008941188454627991e-02
3.071722202003002167e-02
3.034803271293640137e-02
3.025119751691818237e-02
3.028131276369094849e-02
3.020626492798328400e-02
3.005219250917434692e-02
3.015796095132827759e-02
2.994652464985847473e-02
2.969272807240486145e-02
2.988455630838871002e-02
2.980719693005084991e-02
2.985202707350254059e-02
2.960296347737312317e-02
2.956612408161163330e-02
2.943692356348037720e-02
2.921153977513313293e-02
2.915997989475727081e-02
2.959250472486019135e-02
2.982790581881999969e-02
2.907443232834339142e-02
2.868912555277347565e-02
2.899007685482501984e-02
2.908593043684959412e-02
2.907042019069194794e-02
2.879609912633895874e-02
2.913329750299453735e-02
2.961403131484985352e-02
2.869371883571147919e-02
2.840381674468517303e-02
2.889690920710563660e-02
2.873856388032436371e-02
2.881842479109764099e-02
2.903057634830474854e-02
2.874197624623775482e-02
2.874664589762687683e-02
2.838245220482349396e-02
2.787720784544944763e-02
2.849967777729034424e-02
2.887627109885215759e-02
2.815678156912326813e-02
2.884230762720108032e-02
2.794727496802806854e-02
2.830852940678596497e-02
2.811339311301708221e-02
2.791582979261875153e-02
2.796468138694763184e-02
2.824435383081436157e-02
2.844574488699436188e-02
2.788272686302661896e-02
2.843442745506763458e-02
2.774319797754287720e-02
2.740603871643543243e-02
2.762982994318008423e-02
2.774916402995586395e-02
2.830671519041061401e-02
2.760303579270839691e-02
2.771256677806377411e-02
2.733868733048439026e-02
2.721052616834640503e-02
2.754477225244045258e-02
2.737891115248203278e-02
2.774925902485847473e-02
2.832659333944320679e-02
2.716076374053955078e-02
2.698409557342529297e-02
2.733386494219303131e-02
2.715649083256721497e-02
2.715285494923591614e-02
2.779321558773517609e-02
2.716613560914993286e-02
2.691712416708469391e-02
2.764495275914669037e-02
2.685154974460601807e-02
2.718733996152877808e-02
2.679865248501300812e-02
2.645442448556423187e-02
2.692675217986106873e-02
2.718855254352092743e-02
2.666846476495265961e-02
2.659280598163604736e-02
2.728031389415264130e-02
2.705698646605014801e-02
2.658771350979804993e-02
2.703647129237651825e-02
2.668761648237705231e-02
2.712865360081195831e-02
2.701723948121070862e-02
2.689068019390106201e-02
2.670162916183471680e-02
2.667896449565887451e-02
2.623700723052024841e-02
2.695495635271072388e-02
2.640216238796710968e-02
2.657203190028667450e-02
2.645383775234222412e-02
2.666077949106693268e-02
2.630197629332542419e-02
2.607374824583530426e-02
2.639045752584934235e-02
2.640345320105552673e-02
2.649809233844280243e-02
2.672999911010265350e-02
2.583185769617557526e-02
2.623854577541351318e-02
2.625175192952156067e-02
2.579090557992458344e-02
2.650447376072406769e-02
2.651100419461727142e-02
2.633512951433658600e-02
2.574954740703105927e-02
2.573100477457046509e-02
2.568486519157886505e-02
2.649122290313243866e-02
2.579549700021743774e-02
2.586501277983188629e-02
2.581709995865821838e-02
2.589573152363300323e-02
2.567715197801589966e-02
2.622022479772567749e-02
2.580518089234828949e-02
2.610059641301631927e-02
2.602747082710266113e-02
2.593334950506687164e-02
2.566321007907390594e-02
2.564313448965549469e-02
2.604909427464008331e-02
2.631216682493686676e-02
2.609536796808242798e-02
2.603271044790744781e-02
2.558388747274875641e-02
2.508446760475635529e-02
2.582031302154064178e-02
2.589528076350688934e-02
2.598964981734752655e-02
2.573947235941886902e-02
2.522861026227474213e-02
2.566515840590000153e-02
2.557061985135078430e-02
2.591234073042869568e-02
2.580729871988296509e-02
2.502305433154106140e-02
2.559323050081729889e-02
2.531955018639564514e-02
2.521441318094730377e-02
2.565116062760353088e-02
2.573994360864162445e-02
2.525308728218078613e-02
2.544451132416725159e-02
2.532574720680713654e-02
2.588628605008125305e-02
2.528588660061359406e-02
2.523705735802650452e-02
2.543612197041511536e-02
2.516417391598224640e-02
2.527710050344467163e-02
2.480192296206951141e-02
2.493644692003726959e-02
2.540446817874908447e-02
2.536038123071193695e-02
2.493097446858882904e-02
2.498501539230346680e-02
2.546843886375427246e-02
2.558132633566856384e-02
2.504644542932510376e-02
2.504849433898925781e-02
2.463105507194995880e-02
2.492273412644863129e-02
2.478349581360816956e-02
2.467365004122257233e-02
2.530713565647602081e-02
2.530362457036972046e-02
2.496445924043655396e-02
2.505354396998882294e-02
2.513556927442550659e-02
2.432027645409107208e-02
2.481276728212833405e-02
2.506689727306365967e-02
2.444585226476192474e-02
2.503413148224353790e-02
2.488696202635765076e-02
2.461316622793674469e-02
2.473288215696811676e-02
2.475443296134471893e-02
2.473170123994350433e-02
2.479304932057857513e-02
2.496844716370105743e-02
2.501039579510688782e-02
2.500890567898750305e-02
2.499491907656192780e-02
2.495723031461238861e-02
2.491649053990840912e-02
2.467461116611957550e-02
2.398548647761344910e-02
2.402272634208202362e-02
2.429187484085559845e-02
2.482885494828224182e-02
2.500914037227630615e-02
2.448092401027679443e-02
2.450349740684032440e-02
2.416813187301158905e-02
2.474053017795085907e-02
2.541246078908443451e-02
2.420447207987308502e-02
2.428889274597167969e-02
2.484200336039066315e-02
2.428038790822029114e-02
2.413247898221015930e-02
2.394589409232139587e-02
2.372891455888748169e-02
2.426131255924701691e-02
2.458508312702178955e-02
2.437478862702846527e-02
2.402859926223754883e-02
2.409409359097480774e-02
2.390689775347709656e-02
2.413436397910118103e-02
2.448289655148983002e-02
2.424425818026065826e-02
2.447147108614444733e-02
2.416442148387432098e-02
2.401046454906463623e-02
2.405877597630023956e-02
2.382111549377441406e-02
2.471323311328887939e-02
2.482219412922859192e-02
2.368556521832942963e-02
2.391577139496803284e-02
2.407080307602882385e-02
2.359322272241115570e-02
2.389712445437908173e-02
2.403903380036354065e-02
2.412246167659759521e-02
2.404994890093803406e-02
2.418325841426849365e-02
2.406113222241401672e-02
2.389024570584297180e-02
2.384800277650356293e-02
2.391594462096691132e-02
2.384339645504951477e-02
2.354486845433712006e-02
2.434140257537364960e-02
2.424718439579010010e-02
2.436923794448375702e-02
2.367427013814449310e-02
2.364441007375717163e-02
2.370133809745311737e-02
2.376036159694194794e-02
2.406574413180351257e-02
2.336252667009830475e-02
2.395575493574142456e-02
2.333849854767322540e-02
2.409289591014385223e-02
2.396712452173233032e-02
2.371648885309696198e-02
2.365782670676708221e-02
2.443795464932918549e-02
2.360597252845764160e-02
2.344355545938014984e-02
2.332220226526260376e-02
2.323458530008792877e-02
2.366625517606735229e-02
2.393291704356670380e-02
2.345445007085800171e-02
2.367198653519153595e-02
2.429701201617717743e-02
2.351043000817298889e-02
2.327908389270305634e-02
2.323677577078342438e-02
2.313584089279174805e-02
2.324549667537212372e-02
2.372967265546321869e-02
2.429367229342460632e-02
2.396718598902225494e-02
2.362436614930629730e-02
2.359480969607830048e-02
2.322417125105857849e-02
2.306387759745121002e-02
2.394992113113403320e-02
2.339479513466358185e-02
2.355687133967876434e-02
2.324670925736427307e-02
2.350182086229324341e-02
2.364838495850563049e-02
2.365551516413688660e-02
2.355441823601722717e-02
2.332053333520889282e-02
2.339580282568931580e-02
2.333473786711692810e-02
2.363678254187107086e-02
2.304793894290924072e-02
2.374275214970111847e-02
2.348773740231990814e-02
2.305961027741432190e-02
2.325515449047088623e-02
2.295348420739173889e-02
2.354742959141731262e-02
2.326668612658977509e-02
2.289904095232486725e-02
2.302170544862747192e-02
2.375726029276847839e-02
2.325567789375782013e-02
2.319981157779693604e-02
2.312093600630760193e-02
2.334862947463989258e-02
2.281904779374599457e-02
2.344050072133541107e-02
2.329451777040958405e-02
2.339569665491580963e-02
2.326869405806064606e-02
2.315214276313781738e-02
2.311673946678638458e-02
2.321872115135192871e-02
2.293287403881549835e-02
2.350900322198867798e-02
2.296879328787326813e-02
2.340006269514560699e-02
2.382502518594264984e-02
2.298102527856826782e-02
2.283969148993492126e-02
2.287725359201431274e-02
2.303480543196201324e-02
2.293219231069087982e-02
2.311535924673080444e-02
2.314439974725246429e-02
2.308054082095623016e-02
2.252377755939960480e-02
2.230499498546123505e-02
2.295992709696292877e-02
2.295520715415477753e-02
2.373740822076797485e-02
2.273865230381488800e-02
2.284773997962474823e-02
2.277798205614089966e-02
2.266380004584789276e-02
2.274279110133647919e-02
2.303651347756385803e-02
2.247073315083980560e-02
2.280131354928016663e-02
2.298362553119659424e-02
2.327414788305759430e-02
2.295307628810405731e-02
2.263742312788963318e-02
2.293017506599426270e-02
2.256992086768150330e-02
2.291382849216461182e-02
2.270615659654140472e-02
2.242367342114448547e-02
2.255266346037387848e-02
2.265715599060058594e-02
2.276025898754596710e-02
2.226383797824382782e-02
2.254948392510414124e-02
2.271906100213527679e-02
2.270870469510555267e-02
2.308253943920135498e-02
2.283694222569465637e-02
2.259306609630584717e-02
2.296025119721889496e-02
2.284598350524902344e-02
2.249467931687831879e-02
2.244033850729465485e-02
2.207363210618495941e-02
2.254995703697204590e-02
2.268365956842899323e-02
2.281654067337512970e-02
2.274217642843723297e-02
2.249266020953655243e-02
2.232556976377964020e-02
2.287213876843452454e-02
2.240342274308204651e-02
2.282816730439662933e-02
2.234845235943794250e-02
2.206056751310825348e-02
2.242513746023178101e-02
2.250998467206954956e-02
2.220454066991806030e-02
2.248168177902698517e-02
2.239423058927059174e-02
2.258057706058025360e-02
2.283398993313312531e-02
2.229102514684200287e-02
2.273002080619335175e-02
2.220568247139453888e-02
2.235735580325126648e-02
2.252689376473426819e-02
2.285472303628921509e-02
2.259475365281105042e-02
2.297758683562278748e-02
2.265933901071548462e-02
2.241944335401058197e-02
2.258937060832977295e-02
2.220429666340351105e-02
2.191382646560668945e-02
2.259724959731101990e-02
2.254824340343475342e-02
2.233031205832958221e-02
2.268558740615844727e-02
2.208579517900943756e-02
2.224795706570148468e-02
2.186044305562973022e-02
2.217509225010871887e-02
2.234217151999473572e-02
2.274795621633529663e-02
2.247680723667144775e-02
2.267404645681381226e-02
2.193191833794116974e-02
2.231162227690219879e-02
2.212291397154331207e-02
2.168295532464981079e-02
2.313218265771865845e-02
2.212142013013362885e-02
2.193302474915981293e-02
2.180981636047363281e-02
2.212891913950443268e-02
2.225783839821815491e-02
2.255887165665626526e-02
2.187393605709075928e-02
2.254254184663295746e-02
2.208800055086612701e-02
2.185394987463951111e-02
2.200252562761306763e-02
2.215109579265117645e-02
2.184800989925861359e-02
2.233124524354934692e-02
2.272261865437030792e-02
2.206129208207130432e-02
2.187323756515979767e-02
2.183578163385391235e-02
2.178022265434265137e-02
2.195225097239017487e-02
2.244136109948158264e-02
2.198756113648414612e-02
2.263487316668033600e-02
2.206677570939064026e-02
2.151625230908393860e-02
2.205971442162990570e-02
2.217796631157398224e-02
2.217337116599082947e-02
2.191129326820373535e-02
2.182455360889434814e-02
2.198920957744121552e-02
2.180115319788455963e-02
2.205510623753070831e-02
2.258716337382793427e-02
2.193197607994079590e-02
2.168847620487213135e-02
2.161123231053352356e-02
2.246218919754028320e-02
2.221623994410037994e-02
2.264020778238773346e-02
2.214329503476619720e-02
2.189111523330211639e-02
2.166743203997612000e-02
2.315335161983966827e-02
2.226692624390125275e-02
2.154254354536533356e-02
2.232897095382213593e-02
2.152843400835990906e-02
2.187398076057434082e-02
2.181237004697322845e-02
2.203195914626121521e-02
2.173021994531154633e-02
2.148111164569854736e-02
2.233182266354560852e-02
2.185072377324104309e-02
2.219468355178833008e-02
2.192130312323570251e-02
2.206236682832241058e-02
2.174692228436470032e-02
2.286077290773391724e-02
2.190678939223289490e-02
2.160256728529930115e-02
2.175454981625080109e-02
2.154292352497577667e-02
2.197423763573169708e-02
2.178264595568180084e-02
2.159498259425163269e-02
2.186974883079528809e-02
2.165354974567890167e-02
2.205217070877552032e-02
2.131532691419124603e-02
2.178699523210525513e-02
2.181534096598625183e-02
2.165936306118965149e-02
2.205068245530128479e-02
2.149387821555137634e-02
2.173628285527229309e-02
2.155614458024501801e-02
2.160346135497093201e-02
2.167562954127788544e-02
2.185530774295330048e-02
2.163106203079223633e-02
2.199756912887096405e-02
2.203709445893764496e-02
2.149743586778640747e-02
2.158911153674125671e-02
2.157243900001049042e-02
2.152227610349655151e-02
2.123292349278926849e-02
2.150220423936843872e-02
2.174219302833080292e-02
2.212774939835071564e-02
2.133475802838802338e-02
2.176497876644134521e-02
2.138429693877696991e-02
2.165000140666961670e-02
2.167032100260257721e-02
2.153208665549755096e-02
2.186934649944305420e-02
2.141518145799636841e-02
2.170657366514205933e-02
2.174761518836021423e-02
2.155686169862747192e-02
2.101405523717403412e-02
2.171383984386920929e-02
2.190628275275230408e-02
2.163559384644031525e-02
2.187252789735794067e-02
2.161718159914016724e-02
2.148080617189407349e-02
2.128446102142333984e-02
2.114757522940635681e-02
2.147207967936992645e-02
2.120985835790634155e-02
2.140467613935470581e-02
2.130433544516563416e-02
2.174168080091476440e-02
2.125087566673755646e-02
2.125745452940464020e-02
2.171438373625278473e-02
2.140998095273971558e-02
2.196663990616798401e-02
2.161099575459957123e-02
2.108456380665302277e-02
2.164668031036853790e-02
2.122350409626960754e-02
2.153617143630981445e-02
2.127627655863761902e-02
2.134446986019611359e-02
2.143054269254207611e-02
2.141949906945228577e-02
2.163292467594146729e-02
2.135273069143295288e-02
2.150704152882099152e-02
2.115011401474475861e-02
2.152041345834732056e-02
2.164003439247608185e-02
2.174391597509384155e-02
2.100572548806667328e-02
2.134562656283378601e-02
2.219525910913944244e-02
2.136138826608657837e-02
2.133749611675739288e-02
2.090208232402801514e-02
2.136206813156604767e-02
2.119771391153335571e-02
2.169886790215969086e-02
2.147492021322250366e-02
2.149557508528232574e-02
2.110132388770580292e-02
2.103125862777233124e-02
2.115205675363540649e-02
2.122005261480808258e-02
2.096979320049285889e-02
2.103629708290100098e-02
2.181764505803585052e-02
2.166056260466575623e-02
2.133076265454292297e-02
2.081802301108837128e-02
2.088207565248012543e-02
2.136730775237083435e-02
2.103032357990741730e-02
2.119841054081916809e-02
2.098255231976509094e-02
2.131286449730396271e-02
2.139460481703281403e-02
2.117518149316310883e-02
2.093804627656936646e-02
2.129955589771270752e-02
2.104680240154266357e-02
2.151063829660415649e-02
2.116911113262176514e-02
2.178796567022800446e-02
2.106674388051033020e-02
2.094916068017482758e-02
2.137131243944168091e-02
2.133305370807647705e-02
2.090717479586601257e-02
2.180928364396095276e-02
2.134385704994201660e-02
2.116541936993598938e-02
2.277331985533237457e-02
2.134813927114009857e-02
2.118457853794097900e-02
2.082974463701248169e-02
2.095521241426467896e-02
2.100075967609882355e-02
2.096582204103469849e-02
2.118064276874065399e-02
2.084288559854030609e-02
2.112928964197635651e-02
2.154843881726264954e-02
2.181215584278106689e-02
2.169418334960937500e-02
2.107327990233898163e-02
2.118306607007980347e-02
2.064368873834609985e-02
2.105704136192798615e-02
2.114194259047508240e-02
2.091830782592296600e-02
2.090965025126934052e-02
2.102537080645561218e-02
2.164484374225139618e-02
2.134957164525985718e-02
2.101268619298934937e-02
2.099972218275070190e-02
2.098620869219303131e-02
2.176569029688835144e-02
2.134572155773639679e-02
2.109228819608688354e-02
2.118282951414585114e-02
2.110651135444641113e-02
2.105253003537654877e-02
2.094094827771186829e-02
2.108803763985633850e-02
2.074365317821502686e-02
2.067913487553596497e-02
2.103140950202941895e-02
2.072930708527565002e-02
2.073594368994235992e-02
2.069715410470962524e-02
2.133164554834365845e-02
2.075092121958732605e-02
2.094218507409095764e-02
2.112318761646747589e-02
2.127322182059288025e-02
2.152301743626594543e-02
2.162740379571914673e-02
2.057520672678947449e-02
2.087249420583248138e-02
2.049449644982814789e-02
2.086716890335083008e-02
2.078642323613166809e-02
2.113253809511661530e-02
2.066450566053390503e-02
2.137159556150436401e-02
2.139129303395748138e-02
2.062830142676830292e-02
2.089357189834117889e-02
2.074830792844295502e-02
2.079791575670242310e-02
2.092126384377479553e-02
2.083395048975944519e-02
2.086296118795871735e-02
2.055610343813896179e-02
2.081828378140926361e-02
2.113266661763191223e-02
2.086358703672885895e-02
2.134231291711330414e-02
2.084618806838989258e-02
2.063181065022945404e-02
2.121099643409252167e-02
2.079197391867637634e-02
2.093408070504665375e-02
2.065609954297542572e-02
2.080319635570049286e-02
2.118237875401973724e-02
2.061798423528671265e-02
2.085247635841369629e-02
2.079642377793788910e-02
2.070190384984016418e-02
2.089188806712627411e-02
2.071499824523925781e-02
2.070267312228679657e-02
2.072138898074626923e-02
2.082420513033866882e-02
2.072916738688945770e-02
2.112684585154056549e-02
2.104844711720943451e-02
2.097797207534313202e-02
2.094366587698459625e-02
2.151194959878921509e-02
2.041207067668437958e-02
2.066719904541969299e-02
2.079550735652446747e-02
2.077435888350009918e-02
2.047764882445335388e-02
2.087026648223400116e-02
2.085456065833568573e-02
2.080481685698032379e-02
2.063692174851894379e-02
2.082944661378860474e-02
2.056948840618133545e-02
2.113877609372138977e-02
2.077625691890716553e-02
2.047139033675193787e-02
2.051294781267642975e-02
2.093323506414890289e-02
2.115272358059883118e-02
2.066001668572425842e-02
2.076551504433155060e-02
2.094034478068351746e-02
2.132607996463775635e-02
2.050608582794666290e-02
2.052100561559200287e-02
2.030971646308898926e-02
2.087693661451339722e-02
2.066321112215518951e-02
2.083867415785789490e-02
2.158421836793422699e-02
2.100816555321216583e-02
2.033458091318607330e-02
2.074854448437690735e-02
2.040827646851539612e-02
2.045367471873760223e-02
2.048738300800323486e-02
2.142171934247016907e-02
2.074336819350719452e-02
2.064157649874687195e-02
2.082428894937038422e-02
2.058985829353332520e-02
2.028305642306804657e-02
2.109584584832191467e-02
2.036047913134098053e-02
2.026873826980590820e-02
2.101228199899196625e-02
2.052415348589420319e-02
2.038219012320041656e-02
2.075537666678428650e-02
2.023545280098915100e-02
2.031069435179233551e-02
2.107435651123523712e-02
2.120360918343067169e-02
2.069277130067348480e-02
2.086180262267589569e-02
2.018002793192863464e-02
2.019464969635009766e-02
2.056994289159774780e-02
2.058790251612663269e-02
2.067676931619644165e-02
2.095514349639415741e-02
2.025787346065044403e-02
2.012936212122440338e-02
2.070160023868083954e-02
2.082802541553974152e-02
2.045360766351222992e-02
2.042264863848686218e-02
2.053396403789520264e-02
2.006215229630470276e-02
2.067370899021625519e-02
2.048910036683082581e-02
2.056212164461612701e-02
2.049562707543373108e-02
2.060542255640029907e-02
2.053828537464141846e-02
2.061296999454498291e-02
2.065538242459297180e-02
2.073825709521770477e-02
2.034542150795459747e-02
2.039743959903717041e-02
2.095740474760532379e-02
2.036357671022415161e-02
2.008248306810855865e-02
2.037922106683254242e-02
2.043293043971061707e-02
2.104220911860466003e-02
2.082588523626327515e-02
2.050910331308841705e-02
2.058293484151363373e-02
1.996526680886745453e-02
2.021229639649391174e-02
2.042940817773342133e-02
2.005339227616786957e-02
2.036682702600955963e-02
2.065861597657203674e-02
2.014978975057601929e-02
2.018032222986221313e-02
2.020326443016529083e-02
2.061317861080169678e-02
1.999709382653236389e-02
2.019625529646873474e-02
2.009980194270610809e-02
2.047755382955074310e-02
2.002011425793170929e-02
2.028557471930980682e-02
2.039341442286968231e-02
1.997617632150650024e-02
2.014359273016452789e-02
2.049834839999675751e-02
2.031073719263076782e-02
2.022935263812541962e-02
2.012286335229873657e-02
2.090231515467166901e-02
2.038278058171272278e-02
2.007994800806045532e-02
2.015857771039009094e-02
2.013397961854934692e-02
2.004295587539672852e-02
2.019329369068145752e-02
2.010499127209186554e-02
2.041151002049446106e-02
2.077897079288959503e-02
2.044888958334922791e-02
1.990889012813568115e-02
1.985929720103740692e-02
1.996276713907718658e-02
2.038936130702495575e-02
2.063701674342155457e-02
2.034479193389415741e-02
2.057863026857376099e-02
2.017675898969173431e-02
2.009126171469688416e-02
2.054514177143573761e-02
2.075587771832942963e-02
2.008265070617198944e-02
2.018572017550468445e-02
1.996507868170738220e-02
2.014112845063209534e-02
2.018925175070762634e-02
1.990573666989803314e-02
2.014693617820739746e-02
2.039969898760318756e-02
1.996569521725177765e-02
2.056713774800300598e-02
1.985199935734272003e-02
2.044472098350524902e-02
2.022472396492958069e-02
2.080577425658702850e-02
2.034148573875427246e-02
2.011101879179477692e-02
2.007599174976348877e-02
2.027944847941398621e-02
2.006686106324195862e-02
2.004059031605720520e-02
1.975510455667972565e-02
2.026324160397052765e-02
2.006419561803340912e-02
2.038598805665969849e-02
2.012435346841812134e-02
1.992497779428958893e-02
2.052286453545093536e-02
2.006816305220127106e-02
1.994990184903144836e-02
2.013015747070312500e-02
2.038166858255863190e-02
2.016155607998371124e-02
2.014671266078948975e-02
2.059375308454036713e-02
1.978923752903938293e-02
1.996594667434692383e-02
2.021440677344799042e-02
1.996704563498497009e-02
2.010292187333106995e-02
2.029289677739143372e-02
2.043557167053222656e-02
2.009914256632328033e-02
2.007195353507995605e-02
2.008144743740558624e-02
2.021201886236667633e-02
2.040123380720615387e-02
1.958816871047019958e-02
2.014291100203990936e-02
1.986862719058990479e-02
1.988825015723705292e-02
1.994117721915245056e-02
1.979863084852695465e-02
2.005463093519210815e-02
2.013652026653289795e-02
2.040854841470718384e-02
2.017825283110141754e-02
2.037910372018814087e-02
1.997802592813968658e-02
2.073464915156364441e-02
1.986621879041194916e-02
1.988138072192668915e-02
1.963215321302413940e-02
1.991466991603374481e-02
1.978316716849803925e-02
2.000186778604984283e-02
2.024907618761062622e-02
1.999749615788459778e-02
2.085185050964355469e-02
2.007566392421722412e-02
1.984408497810363770e-02
1.957617886364459991e-02
1.978927291929721832e-02
1.990705356001853943e-02
1.990233547985553741e-02
2.100340276956558228e-02
2.002538554370403290e-02
2.047979272902011871e-02
2.024365589022636414e-02
1.998798921704292297e-02
1.982331834733486176e-02
2.008892595767974854e-02
1.983145065605640411e-02
1.969944871962070465e-02
1.978720352053642273e-02
1.980808191001415253e-02
1.996351219713687897e-02
2.008097805082798004e-02
1.989590376615524292e-02
2.057655900716781616e-02
1.965671963989734650e-02
1.975759863853454590e-02
2.028483152389526367e-02
1.950489543378353119e-02
2.053382806479930878e-02
1.984615810215473175e-02
1.993181928992271423e-02
1.969971694052219391e-02
2.010522782802581787e-02
1.972223445773124695e-02
2.011480927467346191e-02
2.018142491579055786e-02
2.023118175566196442e-02
1.985127478837966919e-02
1.963183656334877014e-02
1.996336691081523895e-02
2.023785188794136047e-02
1.983838342130184174e-02
2.000091411173343658e-02
2.017023600637912750e-02
1.984421536326408386e-02
1.983509771525859833e-02
2.009340003132820129e-02
1.984181627631187439e-02
2.001405879855155945e-02
1.985436864197254181e-02
2.008971571922302246e-02
1.978263817727565765e-02
1.967238448560237885e-02
1.962796226143836975e-02
1.980292424559593201e-02
2.011333778500556946e-02
1.992403902113437653e-02
1.945906691253185272e-02
1.976687274873256683e-02
1.965621300041675568e-02
2.033968269824981689e-02
1.999316737055778503e-02
2.027133293449878693e-02
2.005730196833610535e-02
2.002141810953617096e-02
1.946507580578327179e-02
1.966370455920696259e-02
1.974553801119327545e-02
1.976465433835983276e-02
2.020085230469703674e-02
1.980520039796829224e-02
2.017742954194545746e-02
2.040044590830802917e-02
1.969396322965621948e-02
2.006549388170242310e-02
2.008260786533355713e-02
1.979639008641242981e-02
1.960462331771850586e-02
1.931876130402088165e-02
1.994646899402141571e-02
2.055308595299720764e-02
1.951726153492927551e-02
1.954930089414119720e-02
1.965869590640068054e-02
1.964005269110202789e-02
2.028105221688747406e-02
1.993055641651153564e-02
1.984154805541038513e-02
1.938662864267826080e-02
1.955483667552471161e-02
1.983357220888137817e-02
1.989087462425231934e-02
2.017406001687049866e-02
1.977218315005302429e-02
1.968784444034099579e-02
2.047742158174514771e-02
1.960977539420127869e-02
2.022626809775829315e-02
1.986968703567981720e-02
1.958467438817024231e-02
2.000385709106922150e-02
1.939564570784568787e-02
1.967651024460792542e-02
1.960047706961631775e-02
1.954204402863979340e-02
1.976695470511913300e-02
1.959140785038471222e-02
2.034188061952590942e-02
1.961012557148933411e-02
1.965156383812427521e-02
1.950990222394466400e-02
1.955457404255867004e-02
2.008346281945705414e-02
1.984675973653793335e-02
1.992862671613693237e-02
1.964027062058448792e-02
2.009222097694873810e-02
1.961050741374492645e-02
1.934484019875526428e-02
2.039480209350585938e-02
1.951042935252189636e-02
1.985885202884674072e-02
1.937965117394924164e-02
1.974044181406497955e-02
1.967875659465789795e-02
1.991152018308639526e-02
1.985565014183521271e-02
2.042507007718086243e-02
1.969002187252044678e-02
1.954653859138488770e-02
1.975314505398273468e-02
1.957293972373008728e-02
1.967750303447246552e-02
2.000442519783973694e-02
1.933664828538894653e-02
1.915617287158966064e-02
1.955765858292579651e-02
1.973174884915351868e-02
1.957564242184162140e-02
1.950159296393394470e-02
1.955585926771163940e-02
1.937758177518844604e-02
2.034988254308700562e-02
1.922735944390296936e-02
1.949841342866420746e-02
1.934602856636047363e-02
1.978043466806411743e-02
1.956404000520706177e-02
1.956947147846221924e-02
1.985778845846652985e-02
2.010002918541431427e-02
1.929496414959430695e-02
1.970041915774345398e-02
1.958337798714637756e-02
1.969888992607593536e-02
1.972224935889244080e-02
1.978911273181438446e-02
1.968468539416790009e-02
1.940963789820671082e-02
1.941213943064212799e-02
1.956572942435741425e-02
1.940413191914558411e-02
1.969609409570693970e-02
2.004215680062770844e-02
1.946590095758438110e-02
1.932428777217864990e-02
2.010757476091384888e-02
1.967012323439121246e-02
1.962186396121978760e-02
2.029587887227535248e-02
2.040446549654006958e-02
1.932544261217117310e-02
1.910543628036975861e-02
1.934836432337760925e-02
1.980683021247386932e-02
1.974897831678390503e-02
1.966564357280731201e-02
1.929353363811969757e-02
1.942394301295280457e-02
1.955469511449337006e-02
1.947474293410778046e-02
1.940351165831089020e-02
1.961886323988437653e-02
1.964667439460754395e-02
1.960961334407329559e-02
1.936876960098743439e-02
1.965633779764175415e-02
1.918687857687473297e-02
2.025067619979381561e-02
1.964433491230010986e-02
1.974143274128437042e-02
1.938174664974212646e-02
1.933321356773376465e-02
1.934276521205902100e-02
1.961760967969894409e-02
1.919902116060256958e-02
1.958264969289302826e-02
1.928219571709632874e-02
1.932442188262939453e-02
1.982863061130046844e-02
1.978386752307415009e-02
1.932471431791782379e-02
1.915511861443519592e-02
1.936862990260124207e-02
1.972349919378757477e-02
1.932037249207496643e-02
1.922649331390857697e-02
1.921472325921058655e-02
1.986313052475452423e-02
2.015526406466960907e-02
1.943042874336242676e-02
1.943391002714633942e-02
1.926086097955703735e-02
1.969891041517257690e-02
1.967271231114864349e-02
1.912599802017211914e-02
1.928750425577163696e-02
1.952950842678546906e-02
1.938257180154323578e-02
1.926945894956588745e-02
1.950151659548282623e-02
1.947366632521152496e-02
1.928893849253654480e-02
1.901375129818916321e-02
1.950602605938911438e-02
1.955190859735012054e-02
1.961973868310451508e-02
1.920429058372974396e-02
1.971793174743652344e-02
1.915012113749980927e-02
1.951142586767673492e-02
1.999570429325103760e-02
1.945482566952705383e-02
1.936524733901023865e-02
1.904387213289737701e-02
1.898299157619476318e-02
1.985042914748191833e-02
1.946412213146686554e-02
1.946336217224597931e-02
1.921210624277591705e-02
1.957830786705017090e-02
1.902764849364757538e-02
1.893440447747707367e-02
1.903559826314449310e-02
1.959641464054584503e-02
1.939034089446067810e-02
1.977814361453056335e-02
1.948021352291107178e-02
1.940634101629257202e-02
1.951713114976882935e-02
1.894100010395050049e-02
1.911457255482673645e-02
1.915963180363178253e-02
1.934056915342807770e-02
1.946486346423625946e-02
1.969700865447521210e-02
1.912543363869190216e-02
1.899727061390876770e-02
1.960728317499160767e-02
1.938775926828384399e-02
1.904795691370964050e-02
1.910808309912681580e-02
1.956432685256004333e-02
1.969308964908123016e-02
1.937016844749450684e-02
1.912715099751949310e-02
1.907668262720108032e-02
1.908650994300842285e-02
1.920426078140735626e-02
1.928106322884559631e-02
1.907761581242084503e-02
1.953038759529590607e-02
1.910113915801048279e-02
1.957397162914276123e-02
1.927176117897033691e-02
1.917273551225662231e-02
1.963830180466175079e-02
1.903526484966278076e-02
1.892158947885036469e-02
1.924286596477031708e-02
1.927779614925384521e-02
1.901468075811862946e-02
1.945864036679267883e-02
1.908759027719497681e-02
1.905705220997333527e-02
1.910428516566753387e-02
1.942130364477634430e-02
1.943158544600009918e-02
1.927700638771057129e-02
1.897179521620273590e-02
1.891158334910869598e-02
1.914289034903049469e-02
1.927228458225727081e-02
1.944557391107082367e-02
1.929823122918605804e-02
1.914745010435581207e-02
1.940922439098358154e-02
1.915863528847694397e-02
1.912002637982368469e-02
1.881156116724014282e-02
1.949653588235378265e-02
1.911244355142116547e-02
1.910274848341941833e-02
1.878754794597625732e-02
1.899239234626293182e-02
1.956900581717491150e-02
1.926179789006710052e-02
1.892498694360256195e-02
1.918154023587703705e-02
1.919220387935638428e-02
1.932240463793277740e-02
1.912024244666099548e-02
1.911488175392150879e-02
1.898842118680477142e-02
1.890463009476661682e-02
1.912418939173221588e-02
1.898704655468463898e-02
1.892060600221157074e-02
1.955453865230083466e-02
1.887676492333412170e-02
1.937353983521461487e-02
1.931682415306568146e-02
1.938469894230365753e-02
1.953935623168945312e-02
1.906458102166652679e-02
1.923358626663684845e-02
1.908959820866584778e-02
1.921145059168338776e-02
1.939439214766025543e-02
1.902172528207302094e-02
1.890811510384082794e-02
1.882426813244819641e-02
1.932384073734283447e-02
1.922000572085380554e-02
1.870897598564624786e-02
1.914558373391628265e-02
1.954590901732444763e-02
1.933680288493633270e-02
1.907267980277538300e-02
1.910729892551898956e-02
1.883354783058166504e-02
1.907387375831604004e-02
1.909683458507061005e-02
1.937368139624595642e-02
1.892240159213542938e-02
1.877685263752937317e-02
1.911596953868865967e-02
1.900119148194789886e-02
1.908924803137779236e-02
1.936512067914009094e-02
1.930377632379531860e-02
1.917399838566780090e-02
1.951402798295021057e-02
1.911635883152484894e-02
1.885340549051761627e-02
1.959410123527050018e-02
1.886358112096786499e-02
1.912981830537319183e-02
1.924257352948188782e-02
1.911129429936408997e-02
1.907155662775039673e-02
1.869704388082027435e-02
1.943632960319519043e-02
1.934299618005752563e-02
1.928880065679550171e-02
1.935160346329212189e-02
1.901397854089736938e-02
1.887672208249568939e-02
1.956761069595813751e-02
1.930866204202175140e-02
1.881932280957698822e-02
1.875600777566432953e-02
1.889318786561489105e-02
1.908429898321628571e-02
1.883093267679214478e-02
1.892242394387722015e-02
1.907046698033809662e-02
1.907221414148807526e-02
1.899982616305351257e-02
1.899948716163635254e-02
1.898159459233283997e-02
1.928702741861343384e-02
1.925398036837577820e-02
1.892497204244136810e-02
1.927923038601875305e-02
1.921255327761173248e-02
1.888774149119853973e-02
1.938731782138347626e-02
1.897436752915382385e-02
1.881506480276584625e-02
1.859478652477264404e-02
1.908992044627666473e-02
1.909346133470535278e-02
1.873455569148063660e-02
1.885697059333324432e-02
1.907250285148620605e-02
1.904925704002380371e-02
1.941687427461147308e-02
1.908301934599876404e-02
1.912719383835792542e-02
1.903388835489749908e-02
1.901549659669399261e-02
1.932767406105995178e-02
1.918049529194831848e-02
1.887107267975807190e-02
1.938943751156330109e-02
1.881036348640918732e-02
1.901230029761791229e-02
1.903006061911582947e-02
1.911323517560958862e-02
1.888292469084262848e-02
1.929032802581787109e-02
1.861220970749855042e-02
1.892296038568019867e-02
1.861421763896942139e-02
2.009391598403453827e-02
1.898830011487007141e-02
1.885566674172878265e-02
1.868256181478500366e-02
1.874455809593200684e-02
1.933269575238227844e-02
1.927008852362632751e-02
1.912041753530502319e-02
1.898941770195960999e-02
1.862091571092605591e-02
1.886413991451263428e-02
1.877141371369361877e-02
1.877868361771106720e-02
1.889955438673496246e-02
1.919027790427207947e-02
1.907834410667419434e-02
1.922875642776489258e-02
1.899576373398303986e-02
1.888193562626838684e-02
1.894982717931270599e-02
1.893582753837108612e-02
1.881115138530731201e-02
1.901048235595226288e-02
1.915389671921730042e-02
1.915517263114452362e-02
1.938527263700962067e-02
1.891910657286643982e-02
1.898596249520778656e-02
1.851999573409557343e-02
1.938754320144653320e-02
1.892175339162349701e-02
1.893386244773864746e-02
1.921220496296882629e-02
1.871524751186370850e-02
1.861692406237125397e-02
1.900401525199413300e-02
1.900937594473361969e-02
1.880547590553760529e-02
1.885962113738059998e-02
1.932734809815883636e-02
1.869243383407592773e-02
1.904012821614742279e-02
1.876742206513881683e-02
1.861890219151973724e-02
1.886148937046527863e-02
1.953707821667194366e-02
1.920520886778831482e-02
1.899294555187225342e-02
1.883739233016967773e-02
1.868945732712745667e-02
1.883460581302642822e-02
1.890324056148529053e-02
1.870263554155826569e-02
1.905062608420848846e-02
1.875379495322704315e-02
1.863400824368000031e-02
1.901987008750438690e-02
1.961856894195079803e-02
1.892572641372680664e-02
1.892607286572456360e-02
1.891602948307991028e-02
1.868578977882862091e-02
1.851006783545017242e-02
1.875311881303787231e-02
1.938228681683540344e-02
1.925665326416492462e-02
1.871099695563316345e-02
1.928375475108623505e-02
1.892735995352268219e-02
1.868863590061664581e-02
1.903219521045684814e-02
1.861396245658397675e-02
1.881986111402511597e-02
1.895947568118572235e-02
1.898426003754138947e-02
1.933979429304599762e-02
1.901911757886409760e-02
1.898326165974140167e-02
1.867843978106975555e-02
1.873676106333732605e-02
1.882323995232582092e-02
1.903425902128219604e-02
1.900149323046207428e-02
1.897970028221607208e-02
1.853168942034244537e-02
1.911582611501216888e-02
1.889510266482830048e-02
1.902285590767860413e-02
1.866042055189609528e-02
1.867600344121456146e-02
1.898417621850967407e-02
1.871312782168388367e-02
1.860917732119560242e-02
1.854130998253822327e-02
1.883103884756565094e-02
1.885032467544078827e-02
1.899917609989643097e-02
1.890838332474231720e-02
1.905042119324207306e-02
1.891243085265159607e-02
1.869259215891361237e-02
1.853837817907333374e-02
1.879071630537509918e-02
1.900033280253410339e-02
1.899274997413158417e-02
1.915017142891883850e-02
1.919706910848617554e-02
1.951755024492740631e-02
1.880113407969474792e-02
1.909610815346240997e-02
1.866709440946578979e-02
1.875581592321395874e-02
1.868468523025512695e-02
1.873189024627208710e-02
1.889592036604881287e-02
1.881263777613639832e-02
1.871765218675136566e-02
1.891628466546535492e-02
1.865025237202644348e-02
1.946066319942474365e-02
1.870360597968101501e-02
1.924954354763031006e-02
1.869416981935501099e-02
1.863848604261875153e-02
1.893204823136329651e-02
1.900435611605644226e-02
1.856469921767711639e-02
1.868539489805698395e-02
1.856308802962303162e-02
1.876933127641677856e-02
1.860733516514301300e-02
1.868402399122714996e-02
1.853250339627265930e-02
1.863001473248004913e-02
1.899440400302410126e-02
1.869045197963714600e-02
1.872024126350879669e-02
1.894971542060375214e-02
1.863392256200313568e-02
1.827781088650226593e-02
1.883270591497421265e-02
1.837975345551967621e-02
1.885174401104450226e-02
1.893066242337226868e-02
1.880150660872459412e-02
1.884748227894306183e-02
1.909822970628738403e-02
1.875277049839496613e-02
1.849496550858020782e-02
1.899316720664501190e-02
1.877522096037864685e-02
1.851125061511993408e-02
1.850293017923831940e-02
1.873302832245826721e-02
1.830014586448669434e-02
1.883668266236782074e-02
1.879986003041267395e-02
1.873308047652244568e-02
1.915002055466175079e-02
1.851270347833633423e-02
1.921547763049602509e-02
1.840571127831935883e-02
1.878938451409339905e-02
1.910568401217460632e-02
1.875239238142967224e-02
1.881808415055274963e-02
1.882717013359069824e-02
1.878656074404716492e-02
1.868561841547489166e-02
1.911203935742378235e-02
1.868109218776226044e-02
1.899879053235054016e-02
1.901251263916492462e-02
1.828238368034362793e-02
1.868015155196189880e-02
1.883726194500923157e-02
1.848606206476688385e-02
1.857643947005271912e-02
1.855637878179550171e-02
1.847219839692115784e-02
1.867386139929294586e-02
1.842746138572692871e-02
1.879867352545261383e-02
1.873508654534816742e-02
1.876149512827396393e-02
1.917334832251071930e-02
1.880403608083724976e-02
1.856439188122749329e-02
1.837804727256298065e-02
1.886052452027797699e-02
1.876181922852993011e-02
1.858052797615528107e-02
1.853080280125141144e-02
1.865351572632789612e-02
1.849149353802204132e-02
1.905587315559387207e-02
1.852376572787761688e-02
1.883152686059474945e-02
1.886774413287639618e-02
1.871212199330329895e-02
1.843324117362499237e-02
1.882565394043922424e-02
1.872943341732025146e-02
1.871835626661777496e-02
1.868372038006782532e-02
1.906137913465499878e-02
1.845627650618553162e-02
1.850328780710697174e-02
1.858749426901340485e-02
1.880337484180927277e-02
1.883183605968952179e-02
1.849544420838356018e-02
1.856955885887145996e-02
1.845023781061172485e-02
1.869162172079086304e-02
1.881977170705795288e-02
1.863214559853076935e-02
1.924506761133670807e-02
1.834553293883800507e-02
1.836254075169563293e-02
1.876141503453254700e-02
1.838749647140502930e-02
1.839327812194824219e-02
1.850503496825695038e-02
1.876015774905681610e-02
1.847777143120765686e-02
1.850262470543384552e-02
1.881297491490840912e-02
1.883733086287975311e-02
1.878454349935054779e-02
1.882099360227584839e-02
1.853289455175399780e-02
1.844664476811885834e-02
1.936929114162921906e-02
1.861812360584735870e-02
1.823021657764911652e-02
1.840432547032833099e-02
1.843402162194252014e-02
1.846162974834442139e-02
1.847910881042480469e-02
1.846173219382762909e-02
1.872321404516696930e-02
1.859808340668678284e-02
1.916917040944099426e-02
1.861957646906375885e-02
1.848490722477436066e-02
1.864523068070411682e-02
1.881559193134307861e-02
1.878278516232967377e-02
1.860123686492443085e-02
1.842464134097099304e-02
1.841368153691291809e-02
1.842432469129562378e-02
1.865770667791366577e-02
1.849379949271678925e-02
1.856243424117565155e-02
1.863128878176212311e-02
1.858779601752758026e-02
1.866160146892070770e-02
1.848869211971759796e-02
1.833853870630264282e-02
1.895769685506820679e-02
1.875841803848743439e-02
1.853594928979873657e-02
1.830069907009601593e-02
1.833452284336090088e-02
1.859597861766815186e-02
1.848507858812808990e-02
1.839804463088512421e-02
1.857724972069263458e-02
1.834196411073207855e-02
1.843781583011150360e-02
1.851649023592472076e-02
1.855786144733428955e-02
1.877983659505844116e-02
1.852467656135559082e-02
1.843354292213916779e-02
1.835508644580841064e-02
1.845086365938186646e-02
1.843356713652610779e-02
1.880715601146221161e-02
1.841243542730808258e-02
1.868762634694576263e-02
1.904707774519920349e-02
1.846136152744293213e-02
1.854552701115608215e-02
1.844369061291217804e-02
1.810554414987564087e-02
1.874744333326816559e-02
1.882850192487239838e-02
1.849220506846904755e-02
1.862241514027118683e-02
1.881613396108150482e-02
1.855229213833808899e-02
1.918851397931575775e-02
1.833823323249816895e-02
1.850591972470283508e-02
1.856189221143722534e-02
1.827077381312847137e-02
1.848666928708553314e-02
1.873843930661678314e-02
1.852019317448139191e-02
1.804464124143123627e-02
1.817059144377708435e-02
1.839721575379371643e-02
1.890672929584980011e-02
1.869850791990756989e-02
1.844176650047302246e-02
1.846004463732242584e-02
1.845514588057994843e-02
1.822718791663646698e-02
1.851980388164520264e-02
1.857133023440837860e-02
1.839050464332103729e-02
1.903767324984073639e-02
1.809913292527198792e-02
1.820899546146392822e-02
1.832882501184940338e-02
1.824986189603805542e-02
1.833029836416244507e-02
1.832976005971431732e-02
1.831816136837005615e-02
1.853534020483493805e-02
1.857947185635566711e-02
1.812280155718326569e-02
1.849713735282421112e-02
1.832109503448009491e-02
1.884140819311141968e-02
1.830425858497619629e-02
1.825468242168426514e-02
1.833662018179893494e-02
1.827395148575305939e-02
1.881893724203109741e-02
1.837678812444210052e-02
1.856640726327896118e-02
1.809971965849399567e-02
1.850387267768383026e-02
1.827790029346942902e-02
1.827533170580863953e-02
1.853486150503158569e-02
1.845921762287616730e-02
1.843172125518321991e-02
1.828421093523502350e-02
1.797239854931831360e-02
1.816278696060180664e-02
1.829535514116287231e-02
1.857270300388336182e-02
1.835895515978336334e-02
1.863958686590194702e-02
1.865619234740734100e-02
1.811414770781993866e-02
1.829390414059162140e-02
1.837104186415672302e-02
1.879890635609626770e-02
1.880989409983158112e-02
1.840188913047313690e-02
1.847619190812110901e-02
1.823780685663223267e-02
1.846818812191486359e-02
1.820117607712745667e-02
1.863297820091247559e-02
1.827464811503887177e-02
1.887895911931991577e-02
1.838824898004531860e-02
1.825334504246711731e-02
1.815011911094188690e-02
1.841269806027412415e-02
1.843498274683952332e-02
1.815097592771053314e-02
1.867045648396015167e-02
1.848925091326236725e-02
1.807278394699096680e-02
1.818440668284893036e-02
1.829795725643634796e-02
1.817720197141170502e-02
1.810005865991115570e-02
1.832203753292560577e-02
1.832594908773899078e-02
1.871616207063198090e-02
1.825471781194210052e-02
1.854429952800273895e-02
1.856972277164459229e-02
1.826326549053192139e-02
1.816027425229549408e-02
1.842853613197803497e-02
1.837993413209915161e-02
1.826972514390945435e-02
1.822228543460369110e-02
1.846178062260150909e-02
1.844782568514347076e-02
1.800747588276863098e-02
1.816869154572486877e-02
1.829526945948600769e-02
1.832664199173450470e-02
1.871597021818161011e-02
1.805350743234157562e-02
1.831061206758022308e-02
1.822956278920173645e-02
1.814888045191764832e-02
1.882657781243324280e-02
1.869510114192962646e-02
1.899295859038829803e-02
1.842271536588668823e-02
1.822438277304172516e-02
1.807650737464427948e-02
1.826232112944126129e-02
1.839305087924003601e-02
1.818771101534366608e-02
1.817530021071434021e-02
1.851504854857921600e-02
1.807242818176746368e-02
1.850941777229309082e-02
1.802597381174564362e-02
1.816861703991889954e-02
1.850377954542636871e-02
1.855552382767200470e-02
1.831483654677867889e-02
1.878980360925197601e-02
1.823285222053527832e-02
1.836716383695602417e-02
1.812920533120632172e-02
1.819331012666225433e-02
1.874979771673679352e-02
1.834961771965026855e-02
1.862039230763912201e-02
1.825472526252269745e-02
1.810689456760883331e-02
1.870591565966606140e-02
1.840788684785366058e-02
1.813098974525928497e-02
1.871071569621562958e-02
1.833040453493595123e-02
1.829636469483375549e-02
1.807105727493762970e-02
1.806427538394927979e-02
1.827304996550083160e-02
1.835627295076847076e-02
1.829714328050613403e-02
1.846572943031787872e-02
1.806177943944931030e-02
1.856787316501140594e-02
1.835917867720127106e-02
1.892971247434616089e-02
1.821433939039707184e-02
1.834449358284473419e-02
1.873298734426498413e-02
1.831696182489395142e-02
1.795770786702632904e-02
1.799649931490421295e-02
1.804306730628013611e-02
1.860572956502437592e-02
1.816305890679359436e-02
1.850644499063491821e-02
1.819646358489990234e-02
1.816464960575103760e-02
1.837006956338882446e-02
1.858504489064216614e-02
1.809919439256191254e-02
1.819554716348648071e-02
1.824591122567653656e-02
1.864269189536571503e-02
1.834414340555667877e-02
1.802041195333003998e-02
1.807403378188610077e-02
1.833673566579818726e-02
1.795790530741214752e-02
1.786946691572666168e-02
1.815686747431755066e-02
1.820886693894863129e-02
1.844827085733413696e-02
1.836040616035461426e-02
1.855184882879257202e-02
1.853651367127895355e-02
1.835207454860210419e-02
1.865650713443756104e-02
1.825228147208690643e-02
1.785128749907016754e-02
1.851747371256351471e-02
1.812710799276828766e-02
1.888242177665233612e-02
1.829737983644008636e-02
1.812088862061500549e-02
1.817780733108520508e-02
1.836269721388816833e-02
1.800987496972084045e-02
1.845734007656574249e-02
1.796852797269821167e-02
1.804059557616710663e-02
1.830409094691276550e-02
1.804617606103420258e-02
1.828908734023571014e-02
1.837613806128501892e-02
1.830306649208068848e-02
1.845850609242916107e-02
1.842787116765975952e-02
1.817360334098339081e-02
1.799897477030754089e-02
1.810741238296031952e-02
1.799812540411949158e-02
1.799237728118896484e-02
1.818527281284332275e-02
1.826055347919464111e-02
1.841077208518981934e-02
1.826318725943565369e-02
1.828024350106716156e-02
1.795563660562038422e-02
1.833069697022438049e-02
1.798272877931594849e-02
1.811493746936321259e-02
1.844832487404346466e-02
1.836165785789489746e-02
1.798992417752742767e-02
1.799056492745876312e-02
1.810901984572410583e-02
1.825185678899288177e-02
1.827198825776576996e-02
1.816879212856292725e-02
1.796554401516914368e-02
1.816275715827941895e-02
1.856622099876403809e-02
1.852759718894958496e-02
1.805617287755012512e-02
1.809608004987239838e-02
1.817992329597473145e-02
1.836585626006126404e-02
1.783248968422412872e-02
1.809516362845897675e-02
1.815650612115859985e-02
1.813855580985546112e-02
1.797810010612010956e-02
1.838526315987110138e-02
1.864277198910713196e-02
1.831688359379768372e-02
1.815010048449039459e-02
1.785253360867500305e-02
1.797622628509998322e-02
1.830945722758769989e-02
1.802297867834568024e-02
1.831621490418910980e-02
1.827786862850189209e-02
1.825455948710441589e-02
1.805657893419265747e-02
1.803478784859180450e-02
1.814517006278038025e-02
1.813276670873165131e-02
1.838935166597366333e-02
1.803003624081611633e-02
1.815075613558292389e-02
1.845031604170799255e-02
1.785143464803695679e-02
1.792516000568866730e-02
1.839322224259376526e-02
1.812271028757095337e-02
1.824625581502914429e-02
1.815275102853775024e-02
1.818566769361495972e-02
1.801904290914535522e-02
1.889024674892425537e-02
1.816857233643531799e-02
1.820191554725170135e-02
1.881753467023372650e-02
1.828193292021751404e-02
1.797269284725189209e-02
1.810823380947113037e-02
1.797352544963359833e-02
1.795555464923381805e-02
1.824317872524261475e-02
1.819364912807941437e-02
1.841879822313785553e-02
1.797154918313026428e-02
1.802515983581542969e-02
1.822493597865104675e-02
1.824069954454898834e-02
1.820084266364574432e-02
1.811192743480205536e-02
1.806759089231491089e-02
1.809260062873363495e-02
1.800712570548057556e-02
1.886045373976230621e-02
1.837074756622314453e-02
1.792139001190662384e-02
1.783036440610885620e-02
1.812066137790679932e-02
1.822212897241115570e-02
1.813576556742191315e-02
1.771686226129531860e-02
1.788514293730258942e-02
1.808453723788261414e-02
1.796118542551994324e-02
1.789268292486667633e-02
1.812158524990081787e-02
1.781779155135154724e-02
1.816069148480892181e-02
1.807077974081039429e-02
1.815442368388175964e-02
1.821944490075111389e-02
1.799017749726772308e-02
1.809382624924182892e-02
1.865562982857227325e-02
1.810093410313129425e-02
1.816425472497940063e-02
1.807694695889949799e-02
1.817911863327026367e-02
1.803833618760108948e-02
1.794358715415000916e-02
1.783012226223945618e-02
1.818296499550342560e-02
1.809786260128021240e-02
1.822856627404689789e-02
1.801986806094646454e-02
1.819996722042560577e-02
