2.446707934141159058e-01
1.019089519977569580e-01
7.479755580425262451e-02
6.547225266695022583e-02
6.004977598786354065e-02
5.620443075895309448e-02
5.350614711642265320e-02
5.143826827406883240e-02
4.970216751098632812e-02
4.813829064369201660e-02
4.710922390222549438e-02
4.608599469065666199e-02
4.497841745615005493e-02
4.404651746153831482e-02
4.333091527223587036e-02
4.263995215296745300e-02
4.225543513894081116e-02
4.150620102882385254e-02
4.127012565732002258e-02
4.054022952914237976e-02
4.008344560861587524e-02
3.972995653748512268e-02
3.957421705126762390e-02
3.896329551935195923e-02
3.850691393017768860e-02
3.806589171290397644e-02
3.795125707983970642e-02
3.783696517348289490e-02
3.730804845690727234e-02
3.701176866888999939e-02
3.682691603899002075e-02
3.630207106471061707e-02
3.653168305754661560e-02
3.618387505412101746e-02
3.609523177146911621e-02
3.549723699688911438e-02
3.561816364526748657e-02
3.527330979704856873e-02
3.508114442229270935e-02
3.492708504199981689e-02
3.489920869469642639e-02
3.450037166476249695e-02
3.458337858319282532e-02
3.433970361948013306e-02
3.447031229734420776e-02
3.422805666923522949e-02
3.385554626584053040e-02
3.350098431110382080e-02
3.353939950466156006e-02
3.375317528843879700e-02
3.333690017461776733e-02
3.322658687829971313e-02
3.299930691719055176e-02
3.326895460486412048e-02
3.303131461143493652e-02
3.285526856780052185e-02
3.261530399322509766e-02
3.260885179042816162e-02
3.271108865737915039e-02
3.225060924887657166e-02
3.248058259487152100e-02
3.220304101705551147e-02
3.227321058511734009e-02
3.227901458740234375e-02
3.185399994254112244e-02
3.163434565067291260e-02
3.174678236246109009e-02
3.174401074647903442e-02
3.138696402311325073e-02
3.140382841229438782e-02
3.152260929346084595e-02
3.127961605787277222e-02
3.127251565456390381e-02
3.108320571482181549e-02
3.090815804898738861e-02
3.094173036515712738e-02
3.068942017853260040e-02
3.071649745106697083e-02
3.068067319691181183e-02
3.054853901267051697e-02
3.061142005026340485e-02
3.043689206242561340e-02
3.036005795001983643e-02
3.015935420989990234e-02
3.020957112312316895e-02
3.019546531140804291e-02
3.025103732943534851e-02
3.005758672952651978e-02
2.996899373829364777e-02
2.989285252988338470e-02
3.000156581401824951e-02
2.996821515262126923e-02
2.951809391379356384e-02
2.981021814048290253e-02
2.941842563450336456e-02
2.973726578056812286e-02
2.952964231371879578e-02
2.944122999906539917e-02
2.946721762418746948e-02
2.920232154428958893e-02
2.927207574248313904e-02
2.927113883197307587e-02
2.923186123371124268e-02
2.919731661677360535e-02
2.899248711764812469e-02
2.915974147617816925e-02
2.911724522709846497e-02
2.909775637090206146e-02
2.931233495473861694e-02
2.884878776967525482e-02
2.859258465468883514e-02
2.859157696366310120e-02
2.864841930568218231e-02
2.868015132844448090e-02
2.857344970107078552e-02
2.845512330532073975e-02
2.859779447317123413e-02
2.854666486382484436e-02
2.838456444442272186e-02
2.822445333003997803e-02
2.846588194370269775e-02
2.829017303884029388e-02
2.830399200320243835e-02
2.810629829764366150e-02
2.820852398872375488e-02
2.802959270775318146e-02
2.796202711760997772e-02
2.795730531215667725e-02
2.810563333332538605e-02
2.801197580993175507e-02
2.763435058295726776e-02
2.799494564533233643e-02
2.782561257481575012e-02
2.769806608557701111e-02
2.795512787997722626e-02
2.766335755586624146e-02
2.741528674960136414e-02
2.762614749372005463e-02
2.742577902972698212e-02
2.751892060041427612e-02
2.763855643570423126e-02
2.746749855577945709e-02
2.746521309018135071e-02
2.761434577405452728e-02
2.749590761959552765e-02
2.738122642040252686e-02
2.768103405833244324e-02
2.720607630908489227e-02
2.706207521259784698e-02
2.741203084588050842e-02
2.711413800716400146e-02
2.723287045955657959e-02
2.705052495002746582e-02
2.720073796808719635e-02
2.728046476840972900e-02
2.695490047335624695e-02
2.694357000291347504e-02
2.705120481550693512e-02
2.685895003378391266e-02
2.669366821646690369e-02
2.691492252051830292e-02
2.698912285268306732e-02
2.672225423157215118e-02
2.674293890595436096e-02
2.678850479423999786e-02
2.656981721520423889e-02
2.666866406798362732e-02
2.666786126792430878e-02
2.662270143628120422e-02
2.663237601518630981e-02
2.662829682230949402e-02
2.653690427541732788e-02
2.652364224195480347e-02
2.648041397333145142e-02
2.644125372171401978e-02
2.633263915777206421e-02
2.643208019435405731e-02
2.649789489805698395e-02
2.635118737816810608e-02
2.627792023122310638e-02
2.632796950638294220e-02
2.625242993235588074e-02
2.621847577393054962e-02
2.639905922114849091e-02
2.632663212716579437e-02
2.616865932941436768e-02
2.604991197586059570e-02
2.601884491741657257e-02
2.614358253777027130e-02
2.619960345327854156e-02
2.608242444694042206e-02
2.606391906738281250e-02
2.610405534505844116e-02
2.600824832916259766e-02
2.584907598793506622e-02
2.610861882567405701e-02
2.599639818072319031e-02
2.595609985291957855e-02
2.595716901123523712e-02
2.570778876543045044e-02
2.591799944639205933e-02
2.595780044794082642e-02
2.579484321177005768e-02
2.588657289743423462e-02
2.575706876814365387e-02
2.568987384438514709e-02
2.541658282279968262e-02
2.553566358983516693e-02
2.559898607432842255e-02
2.551005408167839050e-02
2.579542621970176697e-02
2.527033537626266479e-02
2.553088776767253876e-02
2.555501274764537811e-02
2.532452158629894257e-02
2.530541643500328064e-02
2.536679431796073914e-02
2.525619417428970337e-02
2.563854679465293884e-02
2.518877945840358734e-02
2.551598846912384033e-02
2.529974654316902161e-02
2.551963552832603455e-02
2.576000615954399109e-02
2.535972185432910919e-02
2.542362734675407410e-02
2.553505636751651764e-02
2.537883073091506958e-02
2.501540444791316986e-02
2.518762648105621338e-02
2.507875300943851471e-02
2.514275535941123962e-02
2.512963116168975830e-02
2.549709565937519073e-02
2.525106258690357208e-02
2.504469081759452820e-02
2.521680667996406555e-02
2.497207932174205780e-02
2.514746971428394318e-02
2.514241635799407959e-02
2.505327016115188599e-02
2.510414831340312958e-02
2.500053867697715759e-02
2.492931857705116272e-02
2.497194148600101471e-02
2.507249079644680023e-02
2.491044998168945312e-02
2.474724128842353821e-02
2.473531477153301239e-02
2.485371567308902740e-02
2.467467822134494781e-02
2.492652088403701782e-02
2.480020932853221893e-02
2.477051131427288055e-02
2.468723803758621216e-02
2.485542371869087219e-02
2.464574016630649567e-02
2.482181601226329803e-02
2.468485757708549500e-02
2.454669587314128876e-02
2.455993182957172394e-02
2.461949363350868225e-02
2.469510398805141449e-02
2.458804845809936523e-02
2.461091056466102600e-02
2.470010705292224884e-02
2.444008179008960724e-02
2.463188394904136658e-02
2.440610900521278381e-02
2.434106729924678802e-02
2.470469661056995392e-02
2.456830814480781555e-02
2.456256560981273651e-02
2.448095008730888367e-02
2.445386722683906555e-02
2.452890202403068542e-02
2.455169707536697388e-02
2.448315173387527466e-02
2.435719221830368042e-02
2.447553537786006927e-02
2.450002357363700867e-02
2.443193271756172180e-02
2.439703978598117828e-02
2.432668395340442657e-02
2.424728125333786011e-02
2.435443550348281860e-02
2.441476099193096161e-02
2.430216781795024872e-02
2.426189929246902466e-02
2.434132620692253113e-02
2.409601211547851562e-02
2.422024868428707123e-02
2.422865293920040131e-02
2.430568821728229523e-02
2.403499372303485870e-02
2.391954325139522552e-02
2.404773235321044922e-02
2.410403452813625336e-02
2.416212856769561768e-02
2.406180277466773987e-02
2.423723042011260986e-02
2.414594590663909912e-02
2.423029020428657532e-02
2.414700947701931000e-02
2.408413216471672058e-02
2.399160340428352356e-02
2.394412830471992493e-02
2.431372925639152527e-02
2.372567355632781982e-02
2.394757978618144989e-02
2.383842132985591888e-02
2.405017800629138947e-02
2.399725280702114105e-02
2.386214770376682281e-02
2.408083155751228333e-02
2.406714111566543579e-02
2.392088994383811951e-02
2.378463372588157654e-02
2.387021854519844055e-02
2.381007932126522064e-02
2.383181452751159668e-02
2.388696372509002686e-02
2.380011975765228271e-02
2.384731173515319824e-02
2.382330968976020813e-02
2.376843988895416260e-02
2.385918423533439636e-02
2.390600368380546570e-02
2.385673671960830688e-02
2.378582954406738281e-02
2.375826053321361542e-02
2.368049882352352142e-02
2.364823780953884125e-02
2.362345904111862183e-02
2.376298233866691589e-02
2.362078055739402771e-02
2.373602241277694702e-02
2.365398406982421875e-02
2.363586425781250000e-02
2.354065328836441040e-02
2.370514534413814545e-02
2.356337755918502808e-02
2.372216805815696716e-02
2.346283383667469025e-02
2.354979515075683594e-02
2.345711737871170044e-02
2.351628616452217102e-02
2.372304722666740417e-02
2.354304119944572449e-02
2.366196364164352417e-02
2.354828082025051117e-02
2.338559553027153015e-02
2.342611923813819885e-02
2.346099913120269775e-02
2.333533577620983124e-02
2.339582517743110657e-02
2.349719032645225525e-02
2.347804047167301178e-02
2.356672659516334534e-02
2.348186261951923370e-02
2.350995875895023346e-02
2.350003644824028015e-02
2.332511730492115021e-02
2.332758717238903046e-02
2.343963272869586945e-02
2.352953515946865082e-02
2.344899624586105347e-02
2.345442771911621094e-02
2.343988604843616486e-02
2.347538061439990997e-02
2.325619570910930634e-02
2.324035950005054474e-02
2.330465056002140045e-02
2.338611520826816559e-02
2.324742451310157776e-02
2.323942445218563080e-02
2.342542260885238647e-02
2.303764596581459045e-02
2.336172573268413544e-02
2.322787232697010040e-02
2.314167097210884094e-02
2.316477522253990173e-02
2.316661737859249115e-02
2.332496643066406250e-02
2.309096232056617737e-02
2.301194332540035248e-02
2.311177179217338562e-02
2.319777943193912506e-02
2.307173982262611389e-02
2.314084768295288086e-02
2.320520952343940735e-02
2.311553433537483215e-02
2.310045994818210602e-02
2.296741865575313568e-02
2.319842390716075897e-02
2.301473729312419891e-02
2.301548980176448822e-02
2.321903221309185028e-02
2.309264987707138062e-02
2.296774461865425110e-02
2.322172559797763824e-02
2.316337265074253082e-02
2.302697673439979553e-02
2.306865714490413666e-02
2.300404012203216553e-02
2.303511835634708405e-02
2.308688871562480927e-02
2.299962379038333893e-02
2.298939600586891174e-02
2.270661480724811554e-02
2.319295704364776611e-02
2.312306128442287445e-02
2.294285222887992859e-02
2.300012297928333282e-02
2.296637743711471558e-02
2.281252294778823853e-02
2.287864312529563904e-02
2.293733507394790649e-02
2.302775718271732330e-02
2.290296554565429688e-02
2.285868115723133087e-02
2.256989665329456329e-02
2.300815470516681671e-02
2.283569984138011932e-02
2.285741083323955536e-02
2.271108701825141907e-02
2.277653478085994720e-02
2.288802154362201691e-02
2.278354205191135406e-02
2.269233018159866333e-02
2.290674671530723572e-02
2.267615124583244324e-02
2.290661633014678955e-02
2.286017872393131256e-02
2.266665548086166382e-02
2.293634600937366486e-02
2.302743494510650635e-02
2.271435037255287170e-02
2.284391410648822784e-02
2.291772328317165375e-02
2.277635224163532257e-02
2.260982431471347809e-02
2.284346148371696472e-02
2.261007763445377350e-02
2.265488356351852417e-02
2.263454906642436981e-02
2.273178845643997192e-02
2.268867567181587219e-02
2.261670678853988647e-02
2.281568385660648346e-02
2.261609211564064026e-02
2.263597771525382996e-02
2.264708839356899261e-02
2.281425893306732178e-02
2.273658663034439087e-02
2.265379205346107483e-02
2.270135469734668732e-02
2.256971411406993866e-02
2.252042666077613831e-02
2.258861623704433441e-02
2.260274440050125122e-02
2.261476963758468628e-02
2.269070036709308624e-02
2.265761047601699829e-02
2.266477420926094055e-02
2.273760177195072174e-02
2.259073965251445770e-02
2.265928126871585846e-02
2.265390567481517792e-02
2.254273742437362671e-02
2.255111746490001678e-02
2.276562713086605072e-02
2.255595475435256958e-02
2.242633886635303497e-02
2.245024777948856354e-02
2.242881245911121368e-02
2.234148792922496796e-02
2.258664928376674652e-02
2.238204888999462128e-02
2.258363738656044006e-02
2.268959023058414459e-02
2.254949510097503662e-02
2.237105742096900940e-02
2.255428396165370941e-02
2.235371619462966919e-02
2.255080454051494598e-02
2.243810333311557770e-02
2.257663570344448090e-02
2.246403880417346954e-02
2.251002378761768341e-02
2.244663611054420471e-02
2.242162823677062988e-02
2.233993820846080780e-02
2.241617813706398010e-02
2.255967073142528534e-02
2.258771471679210663e-02
2.232208475470542908e-02
2.234394289553165436e-02
2.227454632520675659e-02
2.250358462333679199e-02
2.247858047485351562e-02
2.234478853642940521e-02
2.243600226938724518e-02
2.249257266521453857e-02
2.215925604104995728e-02
2.231579832732677460e-02
2.233885787427425385e-02
2.219139039516448975e-02
2.222299017012119293e-02
2.229773998260498047e-02
2.236464805901050568e-02
2.233195863664150238e-02
2.219719439744949341e-02
2.220063656568527222e-02
2.229504659771919250e-02
2.208156883716583252e-02
2.230033464729785919e-02
2.212113887071609497e-02
2.212920412421226501e-02
2.212044596672058105e-02
2.210090868175029755e-02
2.221861667931079865e-02
2.228388935327529907e-02
2.199916914105415344e-02
2.235890366137027740e-02
2.200589701533317566e-02
2.225575223565101624e-02
2.208320610225200653e-02
2.199165895581245422e-02
2.226637676358222961e-02
2.199367992579936981e-02
2.216816321015357971e-02
2.218699268996715546e-02
2.205448411405086517e-02
2.206538058817386627e-02
2.193674631416797638e-02
2.216200344264507294e-02
2.190962620079517365e-02
2.217789553105831146e-02
2.204388566315174103e-02
2.214949391782283783e-02
2.206304855644702911e-02
2.211455628275871277e-02
2.212522178888320923e-02
2.187080681324005127e-02
2.194613590836524963e-02
2.204099856317043304e-02
2.205915004014968872e-02
2.191044390201568604e-02
2.213053032755851746e-02
2.211795002222061157e-02
2.194128558039665222e-02
2.201630547642707825e-02
2.192942053079605103e-02
2.198051661252975464e-02
2.180186845362186432e-02
2.201189659535884857e-02
2.197834476828575134e-02
2.195383794605731964e-02
2.195390313863754272e-02
2.176359482109546661e-02
2.193829603493213654e-02
2.195760421454906464e-02
2.192544750869274139e-02
2.180522494018077850e-02
2.215979807078838348e-02
2.195383422076702118e-02
2.186043001711368561e-02
2.172973006963729858e-02
2.193957753479480743e-02
2.182412520051002502e-02
2.185766585171222687e-02
2.196317538619041443e-02
2.173564024269580841e-02
2.182053402066230774e-02
2.184273302555084229e-02
2.192643657326698303e-02
2.180865406990051270e-02
2.171360887587070465e-02
2.188049070537090302e-02
2.181886322796344757e-02
2.185067906975746155e-02
2.189406007528305054e-02
2.184899337589740753e-02
2.177033573389053345e-02
2.173797786235809326e-02
2.192968316376209259e-02
2.174185030162334442e-02
2.174609899520874023e-02
2.193369157612323761e-02
2.182292751967906952e-02
2.170146629214286804e-02
2.188560739159584045e-02
2.173356711864471436e-02
2.167494408786296844e-02
2.163286134600639343e-02
2.186284400522708893e-02
2.167272567749023438e-02
2.168792858719825745e-02
2.164223231375217438e-02
2.197774685919284821e-02
2.170094475150108337e-02
2.168744243681430817e-02
2.176087163388729095e-02
2.169947698712348938e-02
2.177196741104125977e-02
2.165143005549907684e-02
2.179067395627498627e-02
2.175400592386722565e-02
2.161929011344909668e-02
2.165324054658412933e-02
2.173067070543766022e-02
2.163611538708209991e-02
2.177723683416843414e-02
2.167603373527526855e-02
2.149424515664577484e-02
2.175457961857318878e-02
2.175403386354446411e-02
2.166882716119289398e-02
2.154064737260341644e-02
2.169123291969299316e-02
2.153619006276130676e-02
2.166959457099437714e-02
2.179590798914432526e-02
2.164576947689056396e-02
2.175062522292137146e-02
2.145320922136306763e-02
2.155995927751064301e-02
2.166929282248020172e-02
2.175000309944152832e-02
2.167995460331439972e-02
2.141990885138511658e-02
2.152291499078273773e-02
2.145249024033546448e-02
2.159975655376911163e-02
2.151595242321491241e-02
2.141059935092926025e-02
2.163439244031906128e-02
2.171330899000167847e-02
2.143941447138786316e-02
2.154609747231006622e-02
2.141365595161914825e-02
2.158600650727748871e-02
2.155492268502712250e-02
2.147301100194454193e-02
2.164847590029239655e-02
2.128879353404045105e-02
2.127887867391109467e-02
2.154965139925479889e-02
2.145657315850257874e-02
2.164153382182121277e-02
2.134341932833194733e-02
2.149289287626743317e-02
2.125757746398448944e-02
2.163138240575790405e-02
2.149947732686996460e-02
2.144218608736991882e-02
2.154151350259780884e-02
2.124110050499439240e-02
2.141472883522510529e-02
2.139175496995449066e-02
2.131503075361251831e-02
2.131625264883041382e-02
2.139237895607948303e-02
2.119473181664943695e-02
2.155139483511447906e-02
2.139439806342124939e-02
2.135078050196170807e-02
2.129763178527355194e-02
2.151489444077014923e-02
2.127357758581638336e-02
2.124885469675064087e-02
2.126777172088623047e-02
2.159527316689491272e-02
2.129738405346870422e-02
2.116271294653415680e-02
2.117547020316123962e-02
2.122171781957149506e-02
2.121543511748313904e-02
2.122291177511215210e-02
2.127847634255886078e-02
2.119462937116622925e-02
2.136127837002277374e-02
2.134230174124240875e-02
2.127524651587009430e-02
2.126750536262989044e-02
2.126737684011459351e-02
2.127706818282604218e-02
2.109518647193908691e-02
2.132336422801017761e-02
2.130175009369850159e-02
2.127538062632083893e-02
2.133828960359096527e-02
2.126619033515453339e-02
2.125889807939529419e-02
2.120333164930343628e-02
2.148529514670372009e-02
2.140980772674083710e-02
2.136588282883167267e-02
2.123486623167991638e-02
2.129886113107204437e-02
2.137738279998302460e-02
2.130557969212532043e-02
2.116468362510204315e-02
2.123890258371829987e-02
2.144063636660575867e-02
2.111837454140186310e-02
2.125494368374347687e-02
2.100973390042781830e-02
2.120277658104896545e-02
2.116862870752811432e-02
2.112865634262561798e-02
2.125623822212219238e-02
2.130231074988842010e-02
2.127364091575145721e-02
2.122489735484123230e-02
2.116929739713668823e-02
2.103921584784984589e-02
2.139364555478096008e-02
2.118550986051559448e-02
2.109940722584724426e-02
2.124202437698841095e-02
2.107504382729530334e-02
2.131589688360691071e-02
2.113580331206321716e-02
2.122555300593376160e-02
2.107761427760124207e-02
2.114877291023731232e-02
2.092354372143745422e-02
2.112019993364810944e-02
2.125908993184566498e-02
2.101381123065948486e-02
2.103645913302898407e-02
2.117509394884109497e-02
2.105788141489028931e-02
2.109685912728309631e-02
2.108422480523586273e-02
2.110179513692855835e-02
2.111838012933731079e-02
2.128212526440620422e-02
2.120422013103961945e-02
2.097364515066146851e-02
2.097765356302261353e-02
2.106552757322788239e-02
2.093399688601493835e-02
2.108106017112731934e-02
2.105389721691608429e-02
2.089808136224746704e-02
2.104312740266323090e-02
2.108328603208065033e-02
2.109306491911411285e-02
2.113840542733669281e-02
2.100471779704093933e-02
2.084952965378761292e-02
2.102413773536682129e-02
2.100257948040962219e-02
2.108368463814258575e-02
2.104330994188785553e-02
2.087286300957202911e-02
2.100078575313091278e-02
2.118769474327564240e-02
2.087341248989105225e-02
2.118482440710067749e-02
2.090165764093399048e-02
2.109706029295921326e-02
2.091831713914871216e-02
2.085812203586101532e-02
2.099234238266944885e-02
2.104688808321952820e-02
2.108326181769371033e-02
2.091425657272338867e-02
2.123816125094890594e-02
2.109130099415779114e-02
2.109648473560810089e-02
2.098481357097625732e-02
2.113007567822933197e-02
2.094940282404422760e-02
2.081327699124813080e-02
2.084132470190525055e-02
2.086319215595722198e-02
2.099575661122798920e-02
2.102383971214294434e-02
2.108812890946865082e-02
2.098214440047740936e-02
2.100418880581855774e-02
2.090669423341751099e-02
2.105196751654148102e-02
2.092992886900901794e-02
2.099672146141529083e-02
2.093774639070034027e-02
2.093181200325489044e-02
2.088440768420696259e-02
2.099657617509365082e-02
2.097056061029434204e-02
2.092686295509338379e-02
2.094346843659877777e-02
2.090440131723880768e-02
2.088961564004421234e-02
2.088877186179161072e-02
2.095297910273075104e-02
2.094339020550251007e-02
2.076953276991844177e-02
2.109029889106750488e-02
2.094188332557678223e-02
2.083673700690269470e-02
2.100801654160022736e-02
2.076378464698791504e-02
2.080527879297733307e-02
2.111560292541980743e-02
2.092391438782215118e-02
2.087210863828659058e-02
2.079538814723491669e-02
2.062954008579254150e-02
2.077223733067512512e-02
2.067906409502029419e-02
2.074349112808704376e-02
2.102851867675781250e-02
2.106831036508083344e-02
2.086206711828708649e-02
2.072194963693618774e-02
2.099681273102760315e-02
2.071648277342319489e-02
2.090538293123245239e-02
2.082272619009017944e-02
2.074949257075786591e-02
2.083778195083141327e-02
2.085270360112190247e-02
2.077866718173027039e-02
2.081040106713771820e-02
2.075003273785114288e-02
2.074823155999183655e-02
2.090351842343807220e-02
2.069540508091449738e-02
2.098950557410717010e-02
2.081906981766223907e-02
2.065093070268630981e-02
2.080801315605640411e-02
2.083160169422626495e-02
2.074480243027210236e-02
2.068009972572326660e-02
2.074504457414150238e-02
2.076884731650352478e-02
2.090711891651153564e-02
2.075186371803283691e-02
2.079991064965724945e-02
2.071870490908622742e-02
2.078455872833728790e-02
2.087041921913623810e-02
2.077132649719715118e-02
2.083994820713996887e-02
2.073636092245578766e-02
2.058030851185321808e-02
2.079183235764503479e-02
2.057653851807117462e-02
2.073242142796516418e-02
2.074446901679039001e-02
2.076853439211845398e-02
2.067745849490165710e-02
2.066048979759216309e-02
2.065039612352848053e-02
2.069763094186782837e-02
2.059287950396537781e-02
2.065819315612316132e-02
2.083237469196319580e-02
2.066868357360363007e-02
2.056932635605335236e-02
2.077978104352951050e-02
2.069471403956413269e-02
2.070177346467971802e-02
2.077152207493782043e-02
2.061990275979042053e-02
2.063436247408390045e-02
2.068602666258811951e-02
2.065103687345981598e-02
2.073854766786098480e-02
2.062864415347576141e-02
2.048129774630069733e-02
2.054601907730102539e-02
2.072377689182758331e-02
2.051205188035964966e-02
2.051231451332569122e-02
2.051176317036151886e-02
2.066914178431034088e-02
2.063664793968200684e-02
2.069451101124286652e-02
2.057934552431106567e-02
2.060702629387378693e-02
2.065636217594146729e-02
2.062275819480419159e-02
2.060051821172237396e-02
2.051516994833946228e-02
2.054574340581893921e-02
2.061610110104084015e-02
2.054937370121479034e-02
2.067887037992477417e-02
2.076079323887825012e-02
2.055567689239978790e-02
2.050116285681724548e-02
2.048157900571823120e-02
2.061576209962368011e-02
2.060405164957046509e-02
2.047468908131122589e-02
2.049623988568782806e-02
2.064830623567104340e-02
2.054893039166927338e-02
2.049810811877250671e-02
2.065163291990756989e-02
2.066039666533470154e-02
2.052238397300243378e-02
2.049231715500354767e-02
2.060420624911785126e-02
2.066683210432529449e-02
2.051430009305477142e-02
2.061650156974792480e-02
2.058419398963451385e-02
2.048666775226593018e-02
2.054046094417572021e-02
2.057550475001335144e-02
2.045532688498497009e-02
2.046433649957180023e-02
2.060765214264392853e-02
2.069624699652194977e-02
2.050295472145080566e-02
2.037921547889709473e-02
2.049968577921390533e-02
2.048487775027751923e-02
2.038601227104663849e-02
2.054502628743648529e-02
2.075304649770259857e-02
2.047048322856426239e-02
2.046815864741802216e-02
2.036748453974723816e-02
2.070199139416217804e-02
2.059840410947799683e-02
2.038393169641494751e-02
2.048176527023315430e-02
2.056610956788063049e-02
2.048996649682521820e-02
2.054656855762004852e-02
2.050068043172359467e-02
2.043149806559085846e-02
2.041759900748729706e-02
2.041987888514995575e-02
2.049290947616100311e-02
2.038277685642242432e-02
2.031343616545200348e-02
2.039204165339469910e-02
2.040590904653072357e-02
2.036195434629917145e-02
2.033253014087677002e-02
2.050006017088890076e-02
2.060967683792114258e-02
2.042662538588047028e-02
2.048490196466445923e-02
2.035373821854591370e-02
2.047643810510635376e-02
2.048429474234580994e-02
2.043679729104042053e-02
2.045472338795661926e-02
2.063746005296707153e-02
2.044222317636013031e-02
2.038504555821418762e-02
2.051472850143909454e-02
2.027556672692298889e-02
2.034537121653556824e-02
2.028883248567581177e-02
2.041938528418540955e-02
2.056491561233997345e-02
2.049562148749828339e-02
2.036238834261894226e-02
2.048503421247005463e-02
2.019171230494976044e-02
2.030975930392742157e-02
2.040585316717624664e-02
2.033175900578498840e-02
2.040653675794601440e-02
2.043187990784645081e-02
2.032160758972167969e-02
2.035983093082904816e-02
2.022137120366096497e-02
2.042345888912677765e-02
2.039619535207748413e-02
2.028421871364116669e-02
2.025907486677169800e-02
2.037720941007137299e-02
2.027298323810100555e-02
2.027316018939018250e-02
2.045006491243839264e-02
2.040204592049121857e-02
2.040593326091766357e-02
2.023804746568202972e-02
2.040551230311393738e-02
2.033754624426364899e-02
2.029269561171531677e-02
2.029191330075263977e-02
2.037691883742809296e-02
2.037626877427101135e-02
2.036901004612445831e-02
2.020925097167491913e-02
2.020630240440368652e-02
