2.514565885066986084e-01
2.144661247730255127e-01
1.470216363668441772e-01
1.279068291187286377e-01
1.174247041344642639e-01
1.100147888064384460e-01
1.055080145597457886e-01
1.009727269411087036e-01
9.707444161176681519e-02
9.414194524288177490e-02
9.077733010053634644e-02
8.795332163572311401e-02
8.529090136289596558e-02
8.314308524131774902e-02
8.107421547174453735e-02
7.922034710645675659e-02
7.785949856042861938e-02
7.625997066497802734e-02
7.485967874526977539e-02
7.349072396755218506e-02
7.209436595439910889e-02
7.096789032220840454e-02
7.012335956096649170e-02
6.887120753526687622e-02
6.803375482559204102e-02
6.716243177652359009e-02
6.648225337266921997e-02
6.550215929746627808e-02
6.504473090171813965e-02
6.439397484064102173e-02
6.350984424352645874e-02
6.289222091436386108e-02
6.210225075483322144e-02
6.172785535454750061e-02
6.113076210021972656e-02
6.047591194510459900e-02
6.009895354509353638e-02
5.940444767475128174e-02
5.919101461768150330e-02
5.861441418528556824e-02
5.806703120470046997e-02
5.757966265082359314e-02
5.744393914937973022e-02
5.675201490521430969e-02
5.642708763480186462e-02
5.592546612024307251e-02
5.577617511153221130e-02
5.534274876117706299e-02
5.482560396194458008e-02
5.467456951737403870e-02
5.457240715622901917e-02
5.407665669918060303e-02
5.389938876032829285e-02
5.347703024744987488e-02
5.325789377093315125e-02
5.315630137920379639e-02
5.297189205884933472e-02
5.246029049158096313e-02
5.243035033345222473e-02
5.178216472268104553e-02
5.188184604048728943e-02
5.171133577823638916e-02
5.124158784747123718e-02
5.116597563028335571e-02
5.110626295208930969e-02
5.104574933648109436e-02
5.041994154453277588e-02
5.054391920566558838e-02
5.015263706445693970e-02
4.994498565793037415e-02
5.009526014328002930e-02
4.974856972694396973e-02
4.945398494601249695e-02
4.949777573347091675e-02
4.957674071192741394e-02
4.912159591913223267e-02
4.888973385095596313e-02
4.886516928672790527e-02
4.875401780009269714e-02
4.845129325985908508e-02
4.830927401781082153e-02
4.836192727088928223e-02
4.797453805804252625e-02
4.801189526915550232e-02
4.797306284308433533e-02
4.783137887716293335e-02
4.758105427026748657e-02
4.765205457806587219e-02
4.746532812714576721e-02
4.721712693572044373e-02
4.711784794926643372e-02
4.698377102613449097e-02
4.682862386107444763e-02
4.698996618390083313e-02
4.653586819767951965e-02
4.647740349173545837e-02
4.638685658574104309e-02
4.629570618271827698e-02
4.633175581693649292e-02
4.619902372360229492e-02
4.602532461285591125e-02
4.586270079016685486e-02
4.576556012034416199e-02
4.596060514450073242e-02
4.552114382386207581e-02
4.530550166964530945e-02
4.544502869248390198e-02
4.522905498743057251e-02
4.532284662127494812e-02
4.512082785367965698e-02
4.503541067242622375e-02
4.508690908551216125e-02
4.523041099309921265e-02
4.471781849861145020e-02
4.489838704466819763e-02
4.442607238888740540e-02
4.455278441309928894e-02
4.449681937694549561e-02
4.447539895772933960e-02
4.438901692628860474e-02
4.431280866265296936e-02
4.422610998153686523e-02
4.416608065366744995e-02
4.405717551708221436e-02
4.399267584085464478e-02
4.389739036560058594e-02
4.383947327733039856e-02
4.411261528730392456e-02
4.367253556847572327e-02
4.361240193247795105e-02
4.362188279628753662e-02
4.342316091060638428e-02
4.365403205156326294e-02
4.334621131420135498e-02
4.324374347925186157e-02
4.318156093358993530e-02
4.317421838641166687e-02
4.313446953892707825e-02
4.312872886657714844e-02
4.294564202427864075e-02
4.298240691423416138e-02
4.280417785048484802e-02
4.292402788996696472e-02
4.274412617087364197e-02
4.268269985914230347e-02
4.255139827728271484e-02
4.270222410559654236e-02
4.244262725114822388e-02
4.237405210733413696e-02
4.241743311285972595e-02
4.237402603030204773e-02
4.215353727340698242e-02
4.238107427954673767e-02
4.204777628183364868e-02
4.219904169440269470e-02
4.208826646208763123e-02
4.179523140192031860e-02
4.193034768104553223e-02
4.207498952746391296e-02
4.187426716089248657e-02
4.185145348310470581e-02
4.171472787857055664e-02
4.161823913455009460e-02
4.169877991080284119e-02
4.173747450113296509e-02
4.147145524621009827e-02
4.148630797863006592e-02
4.165760427713394165e-02
4.143952578306198120e-02
4.164020344614982605e-02
4.156025871634483337e-02
4.132307693362236023e-02
4.119610413908958435e-02
4.123849049210548401e-02
4.141636192798614502e-02
4.126921668648719788e-02
4.118697345256805420e-02
4.095428809523582458e-02
4.116213321685791016e-02
4.102817922830581665e-02
4.118270054459571838e-02
4.110515117645263672e-02
4.103674739599227905e-02
4.094912856817245483e-02
4.087289050221443176e-02
4.082036763429641724e-02
4.092702642083168030e-02
4.082092270255088806e-02
4.085181280970573425e-02
4.077313467860221863e-02
4.061451926827430725e-02
4.065360873937606812e-02
4.078222811222076416e-02
4.079608619213104248e-02
4.069946706295013428e-02
4.044442251324653625e-02
4.019915312528610229e-02
4.042941331863403320e-02
4.026187956333160400e-02
4.048651084303855896e-02
4.019317030906677246e-02
4.045909643173217773e-02
4.040103033185005188e-02
4.033745452761650085e-02
4.017954692244529724e-02
4.001117870211601257e-02
4.024842008948326111e-02
4.015873372554779053e-02
4.018588736653327942e-02
4.003440216183662415e-02
4.010147228837013245e-02
3.992997109889984131e-02
4.005037993192672729e-02
3.995164111256599426e-02
3.998655080795288086e-02
4.014385119080543518e-02
3.983556106686592102e-02
3.978169336915016174e-02
4.010568186640739441e-02
3.984285145998001099e-02
3.972949460148811340e-02
3.968428447842597961e-02
3.970764577388763428e-02
3.977083414793014526e-02
3.974669799208641052e-02
3.948155418038368225e-02
3.956865891814231873e-02
3.948603942990303040e-02
3.967139497399330139e-02
3.974137827754020691e-02
3.945893421769142151e-02
3.939737752079963684e-02
3.954658657312393188e-02
3.939357399940490723e-02
3.940952196717262268e-02
3.926818817853927612e-02
3.943216055631637573e-02
3.940452262759208679e-02
3.925838693976402283e-02
3.935863822698593140e-02
3.934433683753013611e-02
3.926423564553260803e-02
3.935813903808593750e-02
3.936923295259475708e-02
3.916522860527038574e-02
3.896813839673995972e-02
3.908768296241760254e-02
3.933688998222351074e-02
3.928438574075698853e-02
3.915491327643394470e-02
3.908519074320793152e-02
3.899286687374114990e-02
3.895710408687591553e-02
3.898138180375099182e-02
3.919393569231033325e-02
3.899065777659416199e-02
3.890588507056236267e-02
3.903906419873237610e-02
3.877095133066177368e-02
3.911187872290611267e-02
3.880902752280235291e-02
3.876962512731552124e-02
3.869809955358505249e-02
3.885703533887863159e-02
3.868291527032852173e-02
3.877227380871772766e-02
3.862322121858596802e-02
3.884666785597801208e-02
3.863186389207839966e-02
3.863912820816040039e-02
3.883999213576316833e-02
3.866603225469589233e-02
3.888399526476860046e-02
3.857931494712829590e-02
3.856502100825309753e-02
3.861386701464653015e-02
3.860219568014144897e-02
3.850729763507843018e-02
3.845648095011711121e-02
3.856669738888740540e-02
3.859809041023254395e-02
3.873560205101966858e-02
3.840212151408195496e-02
3.849648684263229370e-02
3.846150636672973633e-02
3.862209245562553406e-02
3.858200460672378540e-02
3.817065805196762085e-02
3.832717239856719971e-02
3.820144012570381165e-02
3.827985748648643494e-02
3.825782611966133118e-02
3.818088397383689880e-02
3.843979537487030029e-02
3.824938088655471802e-02
3.825713321566581726e-02
3.825958073139190674e-02
3.821242228150367737e-02
3.827295079827308655e-02
3.824170306324958801e-02
3.831284493207931519e-02
3.804852440953254700e-02
3.808271884918212891e-02
3.827298805117607117e-02
3.826624155044555664e-02
3.823127597570419312e-02
3.800602257251739502e-02
3.806327283382415771e-02
3.807298466563224792e-02
3.797499835491180420e-02
3.808869421482086182e-02
3.813113272190093994e-02
3.813983500003814697e-02
3.783452883362770081e-02
3.795068338513374329e-02
3.789918124675750732e-02
3.805055841803550720e-02
3.795378655195236206e-02
3.799203038215637207e-02
3.781254962086677551e-02
3.784250468015670776e-02
3.788131102919578552e-02
3.779817000031471252e-02
3.781125321984291077e-02
3.790586441755294800e-02
3.798621520400047302e-02
3.789174556732177734e-02
3.761529922485351562e-02
3.791068494319915771e-02
3.787248954176902771e-02
3.779044002294540405e-02
3.778741881251335144e-02
3.768539056181907654e-02
3.774708881974220276e-02
3.785946220159530640e-02
3.771067783236503601e-02
3.754469752311706543e-02
3.763915598392486572e-02
3.777045756578445435e-02
3.762311115860939026e-02
3.768597543239593506e-02
3.775737062096595764e-02
3.753272071480751038e-02
3.769423812627792358e-02
3.743650764226913452e-02
3.767836466431617737e-02
3.743836656212806702e-02
3.771897777915000916e-02
3.759419918060302734e-02
3.748132660984992981e-02
3.744845464825630188e-02
3.740632906556129456e-02
3.762526065111160278e-02
3.753881528973579407e-02
3.765644505620002747e-02
3.756430745124816895e-02
3.728003799915313721e-02
3.762954100966453552e-02
3.734425827860832214e-02
3.749366104602813721e-02
3.740943968296051025e-02
3.731502220034599304e-02
3.746136650443077087e-02
3.734227642416954041e-02
3.732017427682876587e-02
3.743653744459152222e-02
3.744703531265258789e-02
3.737120702862739563e-02
3.750041127204895020e-02
3.712668642401695251e-02
3.742037340998649597e-02
3.719261288642883301e-02
3.715436160564422607e-02
3.711829334497451782e-02
3.727390989661216736e-02
3.719073161482810974e-02
3.735297545790672302e-02
3.732659295201301575e-02
3.711943700909614563e-02
3.711692988872528076e-02
3.710546344518661499e-02
3.714986518025398254e-02
3.718716278672218323e-02
3.701972961425781250e-02
3.700700029730796814e-02
3.732244670391082764e-02
3.712646663188934326e-02
3.710933402180671692e-02
3.705181181430816650e-02
3.693871945142745972e-02
3.709246218204498291e-02
3.713585063815116882e-02
3.701744973659515381e-02
3.694056719541549683e-02
3.701559081673622131e-02
3.698219731450080872e-02
3.700052201747894287e-02
3.702308610081672668e-02
3.688699379563331604e-02
3.692658618092536926e-02
3.698146715760231018e-02
3.700140491127967834e-02
3.678490594029426575e-02
3.697809576988220215e-02
3.706851601600646973e-02
3.676066920161247253e-02
3.690391033887863159e-02
3.663939610123634338e-02
3.680680692195892334e-02
3.681421279907226562e-02
3.691375628113746643e-02
3.668250143527984619e-02
3.673855587840080261e-02
3.675784170627593994e-02
3.676894307136535645e-02
3.686260804533958435e-02
3.690074756741523743e-02
3.668974712491035461e-02
3.683103248476982117e-02
3.662987798452377319e-02
3.675112128257751465e-02
3.672786429524421692e-02
3.693655505776405334e-02
3.675694391131401062e-02
3.647056967020034790e-02
3.666895627975463867e-02
3.683093190193176270e-02
3.656979277729988098e-02
3.672825545072555542e-02
3.670735284686088562e-02
3.668705374002456665e-02
3.674249723553657532e-02
3.668754175305366516e-02
3.661372885107994080e-02
3.652626276016235352e-02
3.658714145421981812e-02
3.667457774281501770e-02
3.666866943240165710e-02
3.656279668211936951e-02
3.680802509188652039e-02
3.652339428663253784e-02
3.669318184256553650e-02
3.654284030199050903e-02
3.651283308863639832e-02
3.671478480100631714e-02
3.652939200401306152e-02
3.648941963911056519e-02
3.656307607889175415e-02
3.650854900479316711e-02
3.654173761606216431e-02
3.662084043025970459e-02
3.653151541948318481e-02
3.647085279226303101e-02
3.637255355715751648e-02
3.650252148509025574e-02
3.659730032086372375e-02
3.642223402857780457e-02
3.662357851862907410e-02
3.618830442428588867e-02
3.635058179497718811e-02
3.658065199851989746e-02
3.635339066386222839e-02
3.646641969680786133e-02
3.635700792074203491e-02
3.644575923681259155e-02
3.644624724984169006e-02
3.641847893595695496e-02
3.627936169505119324e-02
3.636107593774795532e-02
3.616515919566154480e-02
3.629911690950393677e-02
3.626418486237525940e-02
3.638521209359169006e-02
3.633250668644905090e-02
3.629034757614135742e-02
3.644727915525436401e-02
3.623925894498825073e-02
3.626970201730728149e-02
3.611953184008598328e-02
3.619277849793434143e-02
3.621041029691696167e-02
3.618565201759338379e-02
3.619478270411491394e-02
3.638720139861106873e-02
3.611199557781219482e-02
3.622047603130340576e-02
3.616049885749816895e-02
3.631354868412017822e-02
3.600903972983360291e-02
3.608329594135284424e-02
3.614014387130737305e-02
3.612260147929191589e-02
3.602761030197143555e-02
3.606192395091056824e-02
3.610981628298759460e-02
3.603437915444374084e-02
3.614369407296180725e-02
3.605233505368232727e-02
3.596046194434165955e-02
3.614914789795875549e-02
