2.516364455223083496e-01
2.504377365112304688e-01
2.141464799642562866e-01
1.576172262430191040e-01
1.347734928131103516e-01
1.246138289570808411e-01
1.177851557731628418e-01
1.120730489492416382e-01
1.076254397630691528e-01
1.034438684582710266e-01
9.992752224206924438e-02
9.699884802103042603e-02
9.396066516637802124e-02
9.152404963970184326e-02
8.959449082612991333e-02
8.706157654523849487e-02
8.583975583314895630e-02
8.372030407190322876e-02
8.233130723237991333e-02
8.089091628789901733e-02
7.958240061998367310e-02
7.802214473485946655e-02
7.660570740699768066e-02
7.572289556264877319e-02
7.480939477682113647e-02
7.385943084955215454e-02
7.255756855010986328e-02
7.177482545375823975e-02
7.114685326814651489e-02
7.078275084495544434e-02
6.915823370218276978e-02
6.869230419397354126e-02
6.826340407133102417e-02
6.738395988941192627e-02
6.691883504390716553e-02
6.632842868566513062e-02
6.592378765344619751e-02
6.525752693414688110e-02
6.498086452484130859e-02
6.445749849081039429e-02
6.408006697893142700e-02
6.319982558488845825e-02
6.307630240917205811e-02
6.266495585441589355e-02
6.253138929605484009e-02
6.216781958937644958e-02
6.166090443730354309e-02
6.129334494471549988e-02
6.103691086173057556e-02
6.038178876042366028e-02
6.068310514092445374e-02
6.040283665060997009e-02
5.988521873950958252e-02
5.962377414107322693e-02
5.938421562314033508e-02
5.877156555652618408e-02
5.898030102252960205e-02
5.901760980486869812e-02
5.856006965041160583e-02
5.807935446500778198e-02
5.793837830424308777e-02
5.765665695071220398e-02
5.774693191051483154e-02
5.730997398495674133e-02
5.734082683920860291e-02
5.715321749448776245e-02
5.665310099720954895e-02
5.654561519622802734e-02
5.623648688197135925e-02
5.638999864459037781e-02
5.577412247657775879e-02
5.628377944231033325e-02
5.582511425018310547e-02
5.531322583556175232e-02
5.580231547355651855e-02
5.506474897265434265e-02
5.511552467942237854e-02
5.492834001779556274e-02
5.502022430300712585e-02
5.469177290797233582e-02
5.483115091919898987e-02
5.480871722102165222e-02
5.467692017555236816e-02
5.437534675002098083e-02
5.395294353365898132e-02
5.411859601736068726e-02
5.423454940319061279e-02
5.403584614396095276e-02
5.361711606383323669e-02
5.355879291892051697e-02
5.369126796722412109e-02
5.357972159981727600e-02
5.344988405704498291e-02
5.317851901054382324e-02
5.335469171404838562e-02
5.328519269824028015e-02
5.297606065869331360e-02
5.282383784651756287e-02
5.263694375753402710e-02
5.272369459271430969e-02
5.268580093979835510e-02
5.245333909988403320e-02
5.251405388116836548e-02
5.223776400089263916e-02
5.205043032765388489e-02
5.208438634872436523e-02
5.214038118720054626e-02
5.202103033661842346e-02
5.207084119319915771e-02
5.196438729763031006e-02
5.164935439825057983e-02
5.214662849903106689e-02
5.147140845656394958e-02
5.141520127654075623e-02
5.185322090983390808e-02
5.150860175490379333e-02
5.140768364071846008e-02
5.124045163393020630e-02
5.107533186674118042e-02
5.132596939802169800e-02
5.123639851808547974e-02
5.138893797993659973e-02
5.106158927083015442e-02
5.100247636437416077e-02
5.096673965454101562e-02
5.080501362681388855e-02
5.103695765137672424e-02
5.082591623067855835e-02
5.068571493029594421e-02
5.042814090847969055e-02
5.055597797036170959e-02
5.036937817931175232e-02
5.044840648770332336e-02
5.055534467101097107e-02
5.095756053924560547e-02
5.033199489116668701e-02
5.008740350604057312e-02
5.027490854263305664e-02
5.041109398007392883e-02
5.001051723957061768e-02
5.016763880848884583e-02
5.008571967482566833e-02
4.971215128898620605e-02
5.013729259371757507e-02
5.018131062388420105e-02
4.996923729777336121e-02
4.995381832122802734e-02
4.978321492671966553e-02
4.971399530768394470e-02
4.953458532691001892e-02
4.932824149727821350e-02
4.972754418849945068e-02
4.939885810017585754e-02
4.950297996401786804e-02
4.947790503501892090e-02
4.935608804225921631e-02
4.957628995180130005e-02
4.946791008114814758e-02
4.947798699140548706e-02
4.922787845134735107e-02
4.915363714098930359e-02
4.926768317818641663e-02
4.918772354722023010e-02
4.949117079377174377e-02
4.919440299272537231e-02
4.866016283631324768e-02
4.881986603140830994e-02
4.913757368922233582e-02
4.886614903807640076e-02
4.879894480109214783e-02
4.859015345573425293e-02
4.865001887083053589e-02
4.931817576289176941e-02
4.889112338423728943e-02
4.873286560177803040e-02
4.869709908962249756e-02
4.860519245266914368e-02
4.858645051717758179e-02
4.880934208631515503e-02
4.859875515103340149e-02
4.832239449024200439e-02
4.831482842564582825e-02
4.845423251390457153e-02
4.847668483853340149e-02
4.819760471582412720e-02
4.851972311735153198e-02
4.863129556179046631e-02
4.845662042498588562e-02
4.811513796448707581e-02
4.830361902713775635e-02
4.815040528774261475e-02
4.809591174125671387e-02
4.803574085235595703e-02
4.823237285017967224e-02
4.775769636034965515e-02
4.821096360683441162e-02
4.799146950244903564e-02
4.802528396248817444e-02
4.795982316136360168e-02
4.814962297677993774e-02
4.819917678833007812e-02
4.762624204158782959e-02
4.756520688533782959e-02
4.799566790461540222e-02
4.774725437164306641e-02
4.779233410954475403e-02
4.761001467704772949e-02
4.789402708411216736e-02
4.767513647675514221e-02
4.755017161369323730e-02
4.768149927258491516e-02
4.756188392639160156e-02
4.775077477097511292e-02
4.781724140048027039e-02
4.718417301774024963e-02
4.733493179082870483e-02
4.747056588530540466e-02
4.755915328860282898e-02
4.743869602680206299e-02
4.751151427626609802e-02
4.711030423641204834e-02
4.760736227035522461e-02
4.738852381706237793e-02
4.724189639091491699e-02
4.690316691994667053e-02
4.716368019580841064e-02
4.716665670275688171e-02
4.691205918788909912e-02
4.735076054930686951e-02
4.716639593243598938e-02
4.686865583062171936e-02
4.738412424921989441e-02
4.710904508829116821e-02
4.698369279503822327e-02
4.699269682168960571e-02
4.723099246621131897e-02
4.693686962127685547e-02
4.692501947283744812e-02
4.689072072505950928e-02
4.672549292445182800e-02
4.684933647513389587e-02
4.735168069601058960e-02
4.670096933841705322e-02
4.745753854513168335e-02
4.703135788440704346e-02
4.683168604969978333e-02
4.715551063418388367e-02
4.652865231037139893e-02
4.681706801056861877e-02
4.644446820020675659e-02
4.680442810058593750e-02
4.641442745923995972e-02
4.680338874459266663e-02
4.667061194777488708e-02
4.707546159625053406e-02
4.702839255332946777e-02
4.661437869071960449e-02
4.628082364797592163e-02
4.665058478713035583e-02
4.643795266747474670e-02
4.678819328546524048e-02
4.656567797064781189e-02
4.667140170931816101e-02
4.600954055786132812e-02
4.647326096892356873e-02
4.635564237833023071e-02
4.645351320505142212e-02
4.621754959225654602e-02
4.604556784033775330e-02
4.635078087449073792e-02
4.621786624193191528e-02
4.615066200494766235e-02
4.651227220892906189e-02
4.638707637786865234e-02
4.629788547754287720e-02
4.627883434295654297e-02
4.599614813923835754e-02
4.606069996953010559e-02
4.596320539712905884e-02
4.634043201804161072e-02
4.611073434352874756e-02
4.608552902936935425e-02
4.627890139818191528e-02
4.640118777751922607e-02
4.603477567434310913e-02
4.601918905973434448e-02
4.607953876256942749e-02
4.606348276138305664e-02
4.585682228207588196e-02
4.623352736234664917e-02
4.609926417469978333e-02
4.592444747686386108e-02
4.600047692656517029e-02
4.597272351384162903e-02
4.613621160387992859e-02
4.604840651154518127e-02
4.595886170864105225e-02
4.607454314827919006e-02
4.622473195195198059e-02
4.535375908017158508e-02
4.601122066378593445e-02
4.594766721129417419e-02
4.588970541954040527e-02
4.553928971290588379e-02
4.580437764525413513e-02
4.587255418300628662e-02
4.571893438696861267e-02
4.578346386551856995e-02
4.571359604597091675e-02
4.582025483250617981e-02
4.543483629822731018e-02
4.583269357681274414e-02
4.569418728351593018e-02
4.561794176697731018e-02
4.578148573637008667e-02
4.564192891120910645e-02
4.549568146467208862e-02
4.547964408993721008e-02
4.543502256274223328e-02
4.584041982889175415e-02
4.557694494724273682e-02
4.575048387050628662e-02
4.541846364736557007e-02
4.566879943013191223e-02
4.573122039437294006e-02
4.539634287357330322e-02
4.544398561120033264e-02
4.554978385567665100e-02
4.541704803705215454e-02
4.573921859264373779e-02
4.547675698995590210e-02
4.544502124190330505e-02
4.506419971585273743e-02
4.536163434386253357e-02
4.557562619447708130e-02
4.554511979222297668e-02
4.536613821983337402e-02
4.500382021069526672e-02
4.555174708366394043e-02
4.546758532524108887e-02
4.531125724315643311e-02
4.543332383036613464e-02
4.522210732102394104e-02
4.510077461600303650e-02
4.512903466820716858e-02
4.525528848171234131e-02
4.497622698545455933e-02
4.543134197592735291e-02
4.533508419990539551e-02
4.518526047468185425e-02
4.514701291918754578e-02
4.534133896231651306e-02
4.520963132381439209e-02
4.503776133060455322e-02
4.500911384820938110e-02
4.529286548495292664e-02
4.513147473335266113e-02
4.508370906114578247e-02
4.496882110834121704e-02
4.490516707301139832e-02
4.507312551140785217e-02
4.519647359848022461e-02
4.503165185451507568e-02
4.494415223598480225e-02
4.495388269424438477e-02
4.544084519147872925e-02
4.491523280739784241e-02
4.499114304780960083e-02
4.496591165661811829e-02
4.488180577754974365e-02
4.499435052275657654e-02
4.493960738182067871e-02
4.506263881921768188e-02
4.494991526007652283e-02
4.545203596353530884e-02
4.495514929294586182e-02
4.472631216049194336e-02
4.494232684373855591e-02
4.494901373982429504e-02
4.473711550235748291e-02
4.477123171091079712e-02
4.474288597702980042e-02
4.464408382773399353e-02
4.499277845025062561e-02
4.490593075752258301e-02
4.485239088535308838e-02
4.449948295950889587e-02
4.451376944780349731e-02
4.479522258043289185e-02
4.478629678487777710e-02
4.457523673772811890e-02
4.483269900083541870e-02
4.475989937782287598e-02
4.462360218167304993e-02
4.475206509232521057e-02
4.484357312321662903e-02
4.496171697974205017e-02
4.478242620825767517e-02
4.448435455560684204e-02
4.483565688133239746e-02
4.456439614295959473e-02
4.437464475631713867e-02
4.485688731074333191e-02
4.470978677272796631e-02
4.495925828814506531e-02
4.450789466500282288e-02
4.455937817692756653e-02
4.479574412107467651e-02
4.479556903243064880e-02
4.474394768476486206e-02
4.480557143688201904e-02
4.451389238238334656e-02
4.469916224479675293e-02
4.463496059179306030e-02
4.444608092308044434e-02
4.448892548680305481e-02
4.413534700870513916e-02
4.478351771831512451e-02
4.452068731188774109e-02
4.459645971655845642e-02
4.446805641055107117e-02
4.469409212470054626e-02
4.455680400133132935e-02
4.447574913501739502e-02
4.430415853857994080e-02
4.438215121626853943e-02
4.409042745828628540e-02
4.435897246003150940e-02
4.450060054659843445e-02
4.497954994440078735e-02
4.432064667344093323e-02
4.442761838436126709e-02
4.417937248945236206e-02
4.413685947656631470e-02
4.398913681507110596e-02
4.450774565339088440e-02
4.456911236047744751e-02
4.452895000576972961e-02
4.403593018651008606e-02
4.454707354307174683e-02
4.424645379185676575e-02
4.377412423491477966e-02
4.419096559286117554e-02
4.420544579625129700e-02
4.412550851702690125e-02
4.420953243970870972e-02
4.466393962502479553e-02
4.426225274801254272e-02
4.392416402697563171e-02
4.395755007863044739e-02
4.431482404470443726e-02
4.441147297620773315e-02
4.420187324285507202e-02
4.381579533219337463e-02
4.427037015557289124e-02
4.406379163265228271e-02
4.446943849325180054e-02
4.399335384368896484e-02
4.420878738164901733e-02
4.408733546733856201e-02
4.375015944242477417e-02
4.446556419134140015e-02
4.385373368859291077e-02
4.415621608495712280e-02
4.412114992737770081e-02
4.415483772754669189e-02
4.388979077339172363e-02
4.394446685910224915e-02
4.379435628652572632e-02
4.389245435595512390e-02
4.400324448943138123e-02
4.390969499945640564e-02
4.399685189127922058e-02
4.439129680395126343e-02
4.381963238120079041e-02
4.387183114886283875e-02
4.410600289702415466e-02
4.382368922233581543e-02
4.382066428661346436e-02
4.374707862734794617e-02
4.372967034578323364e-02
4.389376938343048096e-02
4.397342354059219360e-02
4.368679225444793701e-02
4.373872280120849609e-02
4.399245604872703552e-02
4.408160969614982605e-02
4.372782260179519653e-02
4.378870502114295959e-02
4.404767975211143494e-02
4.365968331694602966e-02
4.385803639888763428e-02
4.407672584056854248e-02
4.363485798239707947e-02
4.367704316973686218e-02
4.350697249174118042e-02
4.390358552336692810e-02
4.372068867087364197e-02
4.369875043630599976e-02
4.360708966851234436e-02
4.393056780099868774e-02
4.375152662396430969e-02
4.358569160103797913e-02
4.365637898445129395e-02
4.345824569463729858e-02
4.365048557519912720e-02
4.379452019929885864e-02
4.386240616440773010e-02
4.363676533102989197e-02
4.348707571625709534e-02
4.347562044858932495e-02
4.341359809041023254e-02
4.367864876985549927e-02
4.399498924612998962e-02
4.369796812534332275e-02
4.340583458542823792e-02
4.337379336357116699e-02
4.341530799865722656e-02
4.363178461790084839e-02
4.327790811657905579e-02
4.347627237439155579e-02
4.330654069781303406e-02
4.384402930736541748e-02
4.362261295318603516e-02
4.317261278629302979e-02
4.339882358908653259e-02
4.335781931877136230e-02
4.362718015909194946e-02
4.319761320948600769e-02
4.343557730317115784e-02
4.320123419165611267e-02
4.362416639924049377e-02
4.345999285578727722e-02
4.318120330572128296e-02
4.379074275493621826e-02
4.336030408740043640e-02
4.373694211244583130e-02
4.336640238761901855e-02
4.344463720917701721e-02
4.315693676471710205e-02
4.342728853225708008e-02
4.356636479496955872e-02
4.318079724907875061e-02
4.314986243844032288e-02
4.344436153769493103e-02
4.337535053491592407e-02
4.351341351866722107e-02
4.371072351932525635e-02
4.333540424704551697e-02
4.374964535236358643e-02
4.343108460307121277e-02
4.345560818910598755e-02
4.346384853124618530e-02
4.326058551669120789e-02
4.330356419086456299e-02
4.328063130378723145e-02
4.303765296936035156e-02
4.319230094552040100e-02
4.318540543317794800e-02
4.305800795555114746e-02
4.333070293068885803e-02
4.362042620778083801e-02
4.388015717267990112e-02
4.365298897027969360e-02
4.315016046166419983e-02
4.332014918327331543e-02
4.303855448961257935e-02
4.316335171461105347e-02
4.318271204829216003e-02
4.312727227807044983e-02
4.320023208856582642e-02
4.361477121710777283e-02
4.300028085708618164e-02
4.355994239449501038e-02
4.332341998815536499e-02
4.289016872644424438e-02
4.312964901328086853e-02
4.306783527135848999e-02
4.339574649930000305e-02
4.295680299401283264e-02
4.304860532283782959e-02
4.312388598918914795e-02
4.312518239021301270e-02
4.308646172285079956e-02
4.303702712059020996e-02
4.289664700627326965e-02
4.326559603214263916e-02
4.305404052138328552e-02
4.305622354149818420e-02
4.306098073720932007e-02
4.308116063475608826e-02
4.302169755101203918e-02
4.319471865892410278e-02
4.277896508574485779e-02
4.288377985358238220e-02
4.326306656002998352e-02
4.310950264334678650e-02
4.333323240280151367e-02
4.289535433053970337e-02
4.273041710257530212e-02
4.270016402006149292e-02
4.274674132466316223e-02
4.304875060915946960e-02
4.301814734935760498e-02
4.316524788737297058e-02
4.314861074090003967e-02
4.280589148402214050e-02
4.316242411732673645e-02
4.291345179080963135e-02
4.299510642886161804e-02
4.290153458714485168e-02
4.309791699051856995e-02
4.302170872688293457e-02
4.315382242202758789e-02
4.299182072281837463e-02
4.327571764588356018e-02
4.298981279134750366e-02
4.248369857668876648e-02
4.270182177424430847e-02
4.281927645206451416e-02
4.292556270956993103e-02
4.270075634121894836e-02
4.308120906352996826e-02
4.261233657598495483e-02
4.256791621446609497e-02
4.319945722818374634e-02
4.283770173788070679e-02
4.288043081760406494e-02
4.277849197387695312e-02
4.310180619359016418e-02
4.279020056128501892e-02
4.281478002667427063e-02
4.269389808177947998e-02
4.287578165531158447e-02
4.312426596879959106e-02
4.268445447087287903e-02
4.268062859773635864e-02
4.263873398303985596e-02
4.312694817781448364e-02
4.297691956162452698e-02
4.286459460854530334e-02
4.302414879202842712e-02
4.258734732866287231e-02
4.267510399222373962e-02
4.280743747949600220e-02
4.240561649203300476e-02
4.278116300702095032e-02
4.274982586503028870e-02
4.303359612822532654e-02
4.325737431645393372e-02
4.258914291858673096e-02
4.219584539532661438e-02
4.262668266892433167e-02
4.276338592171669006e-02
4.257128387689590454e-02
4.256344214081764221e-02
4.252657294273376465e-02
4.262384027242660522e-02
4.292538017034530640e-02
4.292238876223564148e-02
4.298494383692741394e-02
4.266827926039695740e-02
4.224578663706779480e-02
4.259542748332023621e-02
4.260622709989547729e-02
4.278336092829704285e-02
4.244435578584671021e-02
4.293781518936157227e-02
4.231069982051849365e-02
4.233811423182487488e-02
4.237451776862144470e-02
4.260025173425674438e-02
4.268226772546768188e-02
4.257065802812576294e-02
4.251117259263992310e-02
4.265077039599418640e-02
4.241256043314933777e-02
4.290877655148506165e-02
4.237267374992370605e-02
4.255239665508270264e-02
4.254136979579925537e-02
4.246669635176658630e-02
4.270955547690391541e-02
4.278054460883140564e-02
4.281304031610488892e-02
4.258308187127113342e-02
4.227642714977264404e-02
4.268870130181312561e-02
4.221797361969947815e-02
4.241237044334411621e-02
4.300628602504730225e-02
4.251474887132644653e-02
4.243458434939384460e-02
4.322084411978721619e-02
4.243621975183486938e-02
4.255584254860877991e-02
4.221333935856819153e-02
4.248113557696342468e-02
4.237373545765876770e-02
4.253130778670310974e-02
4.214108362793922424e-02
4.243431612849235535e-02
4.219069331884384155e-02
4.271184280514717102e-02
4.266291856765747070e-02
4.219822958111763000e-02
4.259999096393585205e-02
4.228837415575981140e-02
4.222746565937995911e-02
4.237480834126472473e-02
4.267360270023345947e-02
4.256761074066162109e-02
4.205612465739250183e-02
4.210052639245986938e-02
4.215307161211967468e-02
4.211642965674400330e-02
4.260888695716857910e-02
4.205720871686935425e-02
4.238768294453620911e-02
4.212677851319313049e-02
4.216495901346206665e-02
4.262965917587280273e-02
4.217724129557609558e-02
4.212145134806632996e-02
4.233480244874954224e-02
4.198482632637023926e-02
4.243496805429458618e-02
4.244329407811164856e-02
4.232286661863327026e-02
4.228005558252334595e-02
4.227894172072410583e-02
4.239097982645034790e-02
4.208466783165931702e-02
4.208258166909217834e-02
4.200389981269836426e-02
4.246967658400535583e-02
4.258425906300544739e-02
4.260464385151863098e-02
4.196295887231826782e-02
4.223431274294853210e-02
4.205924645066261292e-02
4.207383468747138977e-02
4.247186705470085144e-02
4.233416169881820679e-02
4.203780740499496460e-02
4.207740724086761475e-02
4.207585752010345459e-02
4.230468347668647766e-02
4.226526245474815369e-02
4.231877252459526062e-02
4.206862300634384155e-02
4.209056496620178223e-02
4.217764362692832947e-02
4.218089208006858826e-02
4.211201891303062439e-02
4.220230132341384888e-02
4.224745556712150574e-02
4.200997203588485718e-02
4.216413199901580811e-02
4.181179031729698181e-02
4.284091293811798096e-02
4.190038144588470459e-02
4.237008467316627502e-02
4.213177040219306946e-02
4.192311689257621765e-02
4.219857230782508850e-02
4.198144003748893738e-02
4.196231812238693237e-02
4.221150279045104980e-02
4.232468828558921814e-02
4.233989864587783813e-02
4.192132875323295593e-02
4.220674186944961548e-02
4.215217009186744690e-02
4.223388805985450745e-02
4.212834313511848450e-02
4.198623821139335632e-02
4.171843454241752625e-02
4.218869656324386597e-02
4.188506677746772766e-02
4.204938560724258423e-02
4.201379045844078064e-02
4.244410619139671326e-02
4.174845293164253235e-02
4.194208607077598572e-02
4.172044247388839722e-02
4.206170514225959778e-02
4.225365072488784790e-02
4.203972220420837402e-02
4.217551648616790771e-02
4.193156585097312927e-02
4.198360443115234375e-02
4.214735701680183411e-02
4.217917472124099731e-02
4.211009293794631958e-02
4.205446690320968628e-02
4.195783659815788269e-02
4.237378761172294617e-02
4.172088578343391418e-02
4.182104021310806274e-02
4.202779009938240051e-02
4.203717410564422607e-02
4.193758592009544373e-02
4.174087196588516235e-02
4.203117266297340393e-02
4.188831150531768799e-02
4.233706742525100708e-02
4.221567139029502869e-02
4.199156537652015686e-02
4.182584583759307861e-02
4.167605191469192505e-02
4.169422760605812073e-02
4.169944301247596741e-02
4.175318032503128052e-02
4.233939945697784424e-02
4.168215021491050720e-02
4.217493161559104919e-02
4.204619675874710083e-02
4.191360622644424438e-02
4.223953187465667725e-02
4.227745905518531799e-02
4.185842350125312805e-02
4.195587709546089172e-02
4.182585328817367554e-02
4.190265014767646790e-02
4.174699634313583374e-02
4.199856892228126526e-02
4.211884737014770508e-02
4.202692583203315735e-02
4.189386218786239624e-02
4.180392622947692871e-02
4.159871861338615417e-02
4.202188178896903992e-02
4.198964312672615051e-02
4.196552932262420654e-02
4.166376590728759766e-02
4.182435944676399231e-02
4.179909825325012207e-02
4.217574745416641235e-02
4.185648262500762939e-02
4.200655221939086914e-02
4.166626557707786560e-02
4.157432541251182556e-02
4.152603447437286377e-02
4.179729893803596497e-02
4.222049191594123840e-02
4.203648120164871216e-02
4.190398752689361572e-02
4.208382591605186462e-02
4.201733693480491638e-02
4.176923260092735291e-02
4.168872162699699402e-02
4.181865230202674866e-02
4.173900187015533447e-02
4.172743856906890869e-02
4.228556156158447266e-02
4.180317744612693787e-02
4.155898839235305786e-02
4.166329279541969299e-02
4.142714291810989380e-02
4.171701148152351379e-02
4.180905595421791077e-02
4.194048792123794556e-02
4.216535761952400208e-02
4.198719188570976257e-02
4.137521609663963318e-02
4.151646047830581665e-02
4.209657385945320129e-02
4.159692674875259399e-02
4.149304702877998352e-02
4.144445806741714478e-02
4.185629263520240784e-02
4.125028476119041443e-02
4.170307889580726624e-02
4.182515293359756470e-02
4.143982008099555969e-02
4.179213568568229675e-02
4.206092655658721924e-02
4.161620512604713440e-02
4.152894765138626099e-02
4.204602539539337158e-02
4.190472140908241272e-02
4.166468232870101929e-02
4.144568741321563721e-02
4.162140563130378723e-02
4.188474640250205994e-02
4.172948375344276428e-02
4.166881367564201355e-02
4.173631966114044189e-02
4.172769561409950256e-02
4.196977987885475159e-02
4.189128801226615906e-02
4.140013828873634338e-02
4.173762723803520203e-02
4.227878153324127197e-02
4.151788726449012756e-02
4.153200984001159668e-02
4.171319678425788879e-02
4.160930961370468140e-02
4.166148975491523743e-02
4.156567528843879700e-02
4.160500690340995789e-02
4.195004701614379883e-02
4.166062176227569580e-02
4.207108914852142334e-02
4.165960475802421570e-02
4.132138565182685852e-02
4.182824864983558655e-02
4.170411825180053711e-02
4.161312431097030640e-02
4.128543287515640259e-02
4.149671271443367004e-02
4.156311973929405212e-02
4.136977717280387878e-02
4.176053404808044434e-02
4.196792468428611755e-02
4.187752306461334229e-02
4.128647223114967346e-02
4.130979999899864197e-02
4.212043434381484985e-02
4.132269322872161865e-02
4.159775748848915100e-02
4.175052419304847717e-02
4.156620055437088013e-02
4.140437394380569458e-02
4.179363325238227844e-02
4.184015840291976929e-02
4.177967831492424011e-02
4.154743626713752747e-02
4.163114354014396667e-02
4.137138277292251587e-02
4.121899232268333435e-02
4.168288037180900574e-02
4.204996675252914429e-02
4.150243848562240601e-02
4.174212738871574402e-02
4.130508750677108765e-02
4.165675863623619080e-02
4.136959835886955261e-02
4.133558645844459534e-02
4.159768298268318176e-02
4.149946570396423340e-02
4.169983789324760437e-02
4.124487936496734619e-02
4.186498001217842102e-02
4.144513607025146484e-02
4.171707481145858765e-02
4.129435867071151733e-02
4.128831624984741211e-02
4.143651947379112244e-02
4.129794985055923462e-02
4.128140583634376526e-02
4.135991260409355164e-02
4.151549562811851501e-02
4.119160026311874390e-02
4.170899465680122375e-02
4.197781533002853394e-02
4.161310195922851562e-02
4.153274372220039368e-02
4.126136004924774170e-02
4.113968834280967712e-02
4.135047644376754761e-02
4.135299846529960632e-02
4.128198325634002686e-02
4.144538566470146179e-02
4.143492877483367920e-02
4.141996428370475769e-02
4.145112633705139160e-02
4.144874215126037598e-02
4.166555032134056091e-02
4.156081005930900574e-02
4.147935658693313599e-02
4.134989529848098755e-02
4.132435470819473267e-02
4.126964509487152100e-02
4.121566936373710632e-02
4.171160981059074402e-02
4.125335812568664551e-02
4.148551821708679199e-02
4.173244908452033997e-02
4.128335416316986084e-02
4.137367010116577148e-02
4.150672629475593567e-02
4.135185480117797852e-02
4.118336364626884460e-02
4.127293080091476440e-02
4.118357971310615540e-02
4.119535535573959351e-02
4.151672869920730591e-02
4.131761938333511353e-02
4.116110131144523621e-02
4.148988425731658936e-02
4.122984409332275391e-02
4.139067232608795166e-02
4.127286002039909363e-02
4.128354042768478394e-02
4.175352305173873901e-02
4.132800921797752380e-02
4.139843210577964783e-02
4.156153276562690735e-02
4.139478132128715515e-02
4.144147410988807678e-02
4.118255898356437683e-02
4.088015481829643250e-02
4.127722606062889099e-02
4.136526957154273987e-02
4.129465669393539429e-02
4.085437953472137451e-02
4.124794527888298035e-02
4.118526354432106018e-02
4.145468398928642273e-02
4.182941839098930359e-02
4.114094376564025879e-02
4.134237766265869141e-02
4.135591536760330200e-02
4.129382967948913574e-02
4.145906120538711548e-02
4.136169329285621643e-02
4.163072258234024048e-02
4.111511632800102234e-02
4.133733361959457397e-02
4.140408337116241455e-02
4.150534421205520630e-02
4.143710434436798096e-02
4.108603671193122864e-02
4.116252437233924866e-02
4.129998385906219482e-02
4.142761230468750000e-02
4.130407795310020447e-02
4.113563522696495056e-02
4.114747792482376099e-02
4.094490036368370056e-02
4.143276810646057129e-02
4.103404656052589417e-02
4.092349112033843994e-02
4.144989699125289917e-02
4.147210344672203064e-02
4.161103069782257080e-02
4.106442257761955261e-02
4.093448445200920105e-02
4.127709195017814636e-02
4.060330241918563843e-02
4.135530069470405579e-02
4.117039963603019714e-02
4.197394102811813354e-02
4.105924442410469055e-02
4.092333093285560608e-02
4.133322462439537048e-02
4.104109853506088257e-02
4.123248904943466187e-02
4.132784157991409302e-02
4.145618528127670288e-02
4.107286408543586731e-02
4.084993898868560791e-02
4.132383316755294800e-02
4.103480651974678040e-02
4.093508049845695496e-02
4.108491167426109314e-02
4.084030166268348694e-02
4.086880758404731750e-02
4.114278778433799744e-02
4.101819172501564026e-02
4.095119610428810120e-02
4.116539657115936279e-02
4.094669967889785767e-02
4.122984409332275391e-02
4.131997749209403992e-02
4.116941243410110474e-02
4.143095016479492188e-02
4.100696742534637451e-02
4.151394218206405640e-02
4.092217236757278442e-02
4.096753150224685669e-02
4.080880060791969299e-02
4.166621342301368713e-02
4.108969494700431824e-02
4.117338359355926514e-02
4.108023643493652344e-02
4.140048101544380188e-02
4.107411205768585205e-02
4.110805317759513855e-02
4.104256257414817810e-02
4.088472202420234680e-02
4.073724895715713501e-02
4.086671024560928345e-02
4.125781357288360596e-02
4.111250489950180054e-02
4.109276458621025085e-02
4.075882583856582642e-02
4.092353209853172302e-02
4.112283140420913696e-02
4.100045934319496155e-02
4.129680246114730835e-02
4.092589020729064941e-02
4.112877324223518372e-02
4.100045189261436462e-02
4.131092876195907593e-02
4.090343788266181946e-02
4.090419411659240723e-02
4.117916151881217957e-02
4.098902270197868347e-02
4.133474826812744141e-02
4.117198660969734192e-02
4.081759601831436157e-02
4.120202735066413879e-02
4.093075916171073914e-02
4.070585966110229492e-02
4.084956273436546326e-02
4.097593575716018677e-02
4.074712470173835754e-02
4.105508327484130859e-02
4.141847044229507446e-02
4.094720259308815002e-02
4.122212901711463928e-02
4.071090370416641235e-02
4.078971967101097107e-02
4.088838770985603333e-02
4.099003970623016357e-02
4.130719602108001709e-02
4.131036251783370972e-02
4.106849804520606995e-02
4.117961227893829346e-02
4.067461937665939331e-02
4.058979451656341553e-02
4.100099578499794006e-02
4.067439213395118713e-02
4.087007790803909302e-02
4.116804897785186768e-02
4.123654961585998535e-02
4.109926894307136536e-02
4.060234129428863525e-02
4.097459092736244202e-02
4.091240838170051575e-02
4.087053239345550537e-02
4.102662578225135803e-02
4.061456024646759033e-02
4.130156710743904114e-02
4.105321690440177917e-02
4.094325378537178040e-02
4.091769084334373474e-02
4.098647087812423706e-02
4.098350182175636292e-02
4.112972691655158997e-02
4.082432016730308533e-02
4.084159061312675476e-02
4.072627052664756775e-02
4.077764600515365601e-02
4.122501611709594727e-02
4.082659259438514709e-02
4.080863296985626221e-02
4.102344810962677002e-02
4.075685515999794006e-02
4.104501008987426758e-02
4.085161164402961731e-02
4.089713469147682190e-02
4.098678007721900940e-02
4.129425436258316040e-02
4.105509072542190552e-02
4.092748835682868958e-02
4.066988453269004822e-02
4.071247205138206482e-02
4.061242938041687012e-02
4.123757034540176392e-02
4.077887162566184998e-02
4.076796397566795349e-02
4.087252542376518250e-02
4.092862829566001892e-02
4.112234339118003845e-02
4.057570546865463257e-02
4.087495058774948120e-02
4.039684683084487915e-02
4.042987152934074402e-02
4.068692028522491455e-02
4.101302102208137512e-02
4.123752936720848083e-02
4.062432423233985901e-02
4.047215357422828674e-02
4.072776436805725098e-02
4.081280156970024109e-02
4.137091338634490967e-02
4.091396555304527283e-02
4.064875841140747070e-02
4.068803787231445312e-02
4.111314564943313599e-02
4.063818976283073425e-02
4.080978780984878540e-02
4.079930484294891357e-02
4.095501080155372620e-02
4.110362380743026733e-02
4.070168361067771912e-02
4.078271612524986267e-02
4.059803113341331482e-02
4.102636501193046570e-02
4.113567247986793518e-02
4.080756381154060364e-02
4.052617028355598450e-02
4.075282439589500427e-02
4.112145304679870605e-02
4.055370017886161804e-02
4.104247689247131348e-02
4.076218232512474060e-02
4.097275435924530029e-02
4.122027009725570679e-02
4.078090563416481018e-02
4.045933112502098083e-02
4.064880311489105225e-02
4.069667682051658630e-02
4.114945232868194580e-02
4.083627089858055115e-02
4.075399413704872131e-02
4.091640189290046692e-02
4.078289121389389038e-02
4.055389761924743652e-02
4.088333249092102051e-02
4.079210013151168823e-02
4.060028865933418274e-02
4.110148921608924866e-02
4.094523191452026367e-02
4.077629372477531433e-02
4.063200205564498901e-02
4.052931442856788635e-02
4.091336950659751892e-02
4.066525399684906006e-02
4.038171842694282532e-02
4.169097915291786194e-02
4.067063704133033752e-02
4.039252921938896179e-02
4.074134305119514465e-02
4.075967893004417419e-02
4.084251821041107178e-02
4.089649394154548645e-02
4.081775248050689697e-02
4.079706221818923950e-02
4.100677371025085449e-02
4.085848480463027954e-02
4.050426930189132690e-02
4.038000106811523438e-02
4.056223481893539429e-02
4.094053804874420166e-02
4.075398296117782593e-02
4.118269309401512146e-02
4.078059270977973938e-02
4.060193151235580444e-02
4.023972898721694946e-02
4.087471216917037964e-02
4.064590111374855042e-02
4.071795567870140076e-02
4.095763713121414185e-02
4.090176895260810852e-02
4.065969586372375488e-02
4.100803658366203308e-02
4.082717001438140869e-02
4.071978852152824402e-02
4.075897857546806335e-02
4.076861217617988586e-02
4.058631509542465210e-02
4.061162471771240234e-02
4.093511402606964111e-02
4.092989489436149597e-02
4.054786637425422668e-02
4.067031294107437134e-02
4.028069227933883667e-02
4.064210876822471619e-02
4.068681970238685608e-02
4.036361724138259888e-02
4.125934466719627380e-02
4.066383466124534607e-02
4.063186049461364746e-02
4.074821993708610535e-02
4.078692942857742310e-02
4.043292626738548279e-02
4.058323055505752563e-02
4.025811702013015747e-02
4.097345843911170959e-02
4.067083075642585754e-02
4.050870239734649658e-02
4.060452803969383240e-02
4.054537415504455566e-02
4.064202681183815002e-02
4.058890044689178467e-02
4.062116146087646484e-02
4.076202213764190674e-02
4.072445258498191833e-02
4.061138257384300232e-02
4.041459038853645325e-02
4.079883173108100891e-02
4.042510315775871277e-02
4.060865938663482666e-02
4.050781205296516418e-02
4.061462357640266418e-02
4.058907181024551392e-02
4.070622473955154419e-02
4.069627821445465088e-02
4.052261263132095337e-02
4.062590003013610840e-02
4.045262560248374939e-02
4.019059613347053528e-02
4.065172746777534485e-02
4.102053493261337280e-02
4.047644510865211487e-02
4.044501483440399170e-02
4.041220247745513916e-02
4.096752777695655823e-02
4.047211259603500366e-02
4.035067185759544373e-02
4.038359969854354858e-02
4.039331153035163879e-02
4.074099659919738770e-02
4.102284088730812073e-02
4.080875217914581299e-02
4.045339301228523254e-02
4.046173766255378723e-02
4.045357182621955872e-02
4.086626321077346802e-02
4.061727225780487061e-02
4.052033275365829468e-02
4.057497531175613403e-02
4.029880836606025696e-02
4.073184356093406677e-02
4.018318653106689453e-02
4.034312069416046143e-02
4.042149707674980164e-02
4.112583398818969727e-02
4.036964103579521179e-02
4.056920483708381653e-02
4.060314595699310303e-02
4.051883518695831299e-02
4.063326120376586914e-02
4.040913283824920654e-02
4.038338735699653625e-02
4.063684865832328796e-02
4.059755057096481323e-02
4.055464267730712891e-02
4.047820717096328735e-02
4.021411761641502380e-02
4.105089232325553894e-02
4.046381264925003052e-02
4.034610837697982788e-02
4.051503539085388184e-02
4.024555161595344543e-02
4.042031243443489075e-02
4.043413326144218445e-02
4.045838490128517151e-02
4.043468087911605835e-02
4.021215066313743591e-02
4.061995074152946472e-02
4.058748856186866760e-02
4.055060073733329773e-02
4.077682644128799438e-02
4.051789641380310059e-02
4.046962410211563110e-02
4.011592268943786621e-02
4.012839868664741516e-02
4.045039042830467224e-02
4.064840450882911682e-02
4.064655676484107971e-02
4.027217626571655273e-02
4.055071622133255005e-02
4.062451794743537903e-02
4.042093455791473389e-02
4.038894549012184143e-02
4.079010337591171265e-02
4.070666432380676270e-02
4.057381302118301392e-02
4.042591154575347900e-02
4.022245854139328003e-02
4.043961688876152039e-02
4.074528068304061890e-02
4.021504148840904236e-02
4.018300771713256836e-02
4.052107408642768860e-02
4.023357853293418884e-02
4.034530371427536011e-02
4.047228768467903137e-02
4.057575389742851257e-02
4.006814956665039062e-02
4.043377563357353210e-02
4.011726379394531250e-02
4.015316814184188843e-02
4.029045999050140381e-02
4.063004627823829651e-02
4.016452282667160034e-02
4.030727222561836243e-02
4.047646746039390564e-02
4.039640724658966064e-02
4.001954570412635803e-02
4.079674184322357178e-02
4.061310738325119019e-02
4.034474864602088928e-02
4.092337191104888916e-02
4.027514532208442688e-02
4.072564840316772461e-02
4.039901494979858398e-02
4.032896086573600769e-02
4.080224782228469849e-02
4.029487445950508118e-02
4.036787524819374084e-02
4.032871127128601074e-02
4.008207470178604126e-02
4.018166288733482361e-02
4.035767540335655212e-02
4.045730084180831909e-02
4.034641012549400330e-02
4.085324704647064209e-02
4.014000669121742249e-02
4.024457558989524841e-02
4.019517078995704651e-02
4.026846215128898621e-02
4.052694514393806458e-02
4.003159701824188232e-02
4.036649689078330994e-02
4.041950777173042297e-02
4.035599902272224426e-02
4.007094725966453552e-02
4.053183645009994507e-02
4.016817361116409302e-02
4.073234647512435913e-02
4.014804586768150330e-02
4.007662087678909302e-02
4.022051766514778137e-02
4.064404219388961792e-02
4.044401273131370544e-02
4.018178954720497131e-02
4.045609012246131897e-02
4.049089550971984863e-02
4.040839523077011108e-02
4.041646048426628113e-02
4.022369533777236938e-02
3.997685760259628296e-02
3.989574313163757324e-02
4.020657017827033997e-02
4.028157144784927368e-02
4.061653465032577515e-02
4.027682915329933167e-02
4.048467427492141724e-02
4.017408192157745361e-02
4.015310853719711304e-02
4.017897695302963257e-02
4.016361385583877563e-02
4.050045832991600037e-02
4.000737890601158142e-02
4.028283804655075073e-02
4.032910242676734924e-02
4.072146490216255188e-02
4.068771749734878540e-02
4.005703702569007874e-02
4.017785191535949707e-02
4.025898873805999756e-02
4.051197692751884460e-02
4.013495147228240967e-02
4.050336033105850220e-02
4.014427587389945984e-02
4.038028791546821594e-02
4.010118171572685242e-02
4.019422829151153564e-02
4.011585190892219543e-02
4.027875140309333801e-02
4.017379134893417358e-02
4.047438129782676697e-02
4.039583355188369751e-02
4.012384638190269470e-02
4.029272496700286865e-02
4.048075526952743530e-02
4.034353792667388916e-02
4.079134762287139893e-02
4.017352685332298279e-02
4.027400538325309753e-02
3.999676927924156189e-02
4.047060012817382812e-02
4.021186754107475281e-02
4.029843583703041077e-02
3.999804705381393433e-02
3.980625048279762268e-02
4.026472941040992737e-02
4.056462645530700684e-02
4.008812084794044495e-02
4.091884195804595947e-02
3.989306837320327759e-02
4.009684175252914429e-02
4.016964137554168701e-02
4.031973704695701599e-02
3.990298137068748474e-02
4.008344933390617371e-02
3.998925909399986267e-02
4.061404243111610413e-02
4.050141572952270508e-02
3.976840898394584656e-02
4.019037634134292603e-02
4.045733064413070679e-02
4.017314687371253967e-02
4.029693081974983215e-02
4.076846688985824585e-02
4.044867306947708130e-02
4.054055362939834595e-02
4.037873446941375732e-02
3.989167511463165283e-02
4.022019356489181519e-02
4.021815583109855652e-02
4.028485715389251709e-02
3.998088836669921875e-02
4.033582657575607300e-02
4.034126549959182739e-02
4.096392914652824402e-02
4.006122797727584839e-02
4.019002243876457214e-02
4.031172394752502441e-02
4.001963511109352112e-02
4.009952396154403687e-02
4.002992063760757446e-02
4.044483229517936707e-02
4.036873951554298401e-02
4.010905325412750244e-02
4.006062820553779602e-02
3.995648771524429321e-02
4.038416221737861633e-02
4.005119204521179199e-02
4.023578390479087830e-02
4.011637717485427856e-02
4.053202643990516663e-02
4.000849276781082153e-02
4.008178785443305969e-02
3.997511044144630432e-02
4.012163728475570679e-02
4.043798893690109253e-02
3.994457423686981201e-02
3.999327495694160461e-02
3.995600715279579163e-02
4.031853377819061279e-02
4.020733758807182312e-02
4.061920568346977234e-02
4.034553468227386475e-02
4.003791883587837219e-02
4.011915624141693115e-02
3.993394225835800171e-02
4.056965559720993042e-02
4.020415619015693665e-02
4.023598879575729370e-02
4.000743478536605835e-02
3.984161093831062317e-02
4.044412076473236084e-02
4.018656909465789795e-02
3.993739187717437744e-02
3.985008597373962402e-02
4.042865335941314697e-02
4.054505750536918640e-02
4.027749970555305481e-02
4.030296951532363892e-02
4.008913040161132812e-02
4.020482301712036133e-02
4.027166590094566345e-02
4.061753302812576294e-02
4.006767645478248596e-02
4.009386524558067322e-02
3.969196975231170654e-02
4.024469107389450073e-02
4.040607810020446777e-02
4.054952785372734070e-02
3.975731879472732544e-02
4.014590382575988770e-02
4.038324952125549316e-02
4.019962251186370850e-02
3.981731459498405457e-02
4.011203348636627197e-02
4.096376150846481323e-02
4.012516140937805176e-02
4.029717668890953064e-02
4.021086916327476501e-02
3.969358652830123901e-02
4.005849361419677734e-02
4.035309702157974243e-02
4.020640254020690918e-02
4.007669538259506226e-02
3.980674594640731812e-02
4.053522273898124695e-02
3.993758559226989746e-02
4.043044149875640869e-02
3.997462615370750427e-02
4.021926596760749817e-02
4.007691144943237305e-02
3.989103808999061584e-02
4.025994613766670227e-02
3.983970731496810913e-02
4.022243246436119080e-02
3.993970155715942383e-02
4.054150357842445374e-02
4.025660082697868347e-02
4.023071005940437317e-02
3.995422273874282837e-02
4.010954871773719788e-02
4.036674648523330688e-02
4.008159786462783813e-02
4.018497839570045471e-02
4.032643511891365051e-02
4.019456356763839722e-02
3.991694003343582153e-02
3.989735618233680725e-02
4.013819620013237000e-02
4.023288935422897339e-02
4.074070230126380920e-02
4.002917185425758362e-02
4.023404791951179504e-02
3.997239097952842712e-02
3.979222476482391357e-02
3.976539522409439087e-02
4.017220437526702881e-02
4.028659686446189880e-02
3.987600281834602356e-02
3.991784527897834778e-02
4.008410125970840454e-02
4.004399850964546204e-02
3.986001387238502502e-02
4.002696275711059570e-02
4.003740102052688599e-02
3.964552655816078186e-02
3.990682587027549744e-02
4.003161191940307617e-02
3.948183357715606689e-02
3.989559412002563477e-02
4.052565619349479675e-02
4.034168273210525513e-02
3.992636501789093018e-02
4.002051427960395813e-02
3.990570455789566040e-02
4.003033041954040527e-02
4.001618176698684692e-02
4.047367721796035767e-02
4.042959585785865784e-02
3.982158377766609192e-02
4.015621915459632874e-02
3.980123251676559448e-02
4.001990705728530884e-02
4.019322618842124939e-02
4.015434905886650085e-02
3.976922109723091125e-02
4.003433138132095337e-02
3.975613787770271301e-02
3.976896777749061584e-02
4.034556075930595398e-02
3.989027068018913269e-02
3.993824124336242676e-02
3.990345820784568787e-02
4.007312282919883728e-02
4.001330956816673279e-02
4.006143286824226379e-02
4.006111249327659607e-02
3.999193757772445679e-02
4.010284319519996643e-02
3.983794897794723511e-02
4.013979434967041016e-02
4.027433320879936218e-02
4.012574627995491028e-02
3.960216417908668518e-02
4.010303691029548645e-02
4.015058651566505432e-02
4.001011326909065247e-02
4.023079574108123779e-02
3.975749015808105469e-02
4.005423560738563538e-02
4.065705463290214539e-02
4.002287983894348145e-02
3.991784527897834778e-02
3.975611180067062378e-02
3.983744233846664429e-02
3.957927972078323364e-02
4.002833366394042969e-02
4.055997356772422791e-02
4.024822637438774109e-02
4.000238701701164246e-02
4.028533771634101868e-02
4.078878462314605713e-02
3.976869210600852966e-02
3.994059562683105469e-02
3.967312723398208618e-02
3.949497640132904053e-02
3.981254994869232178e-02
3.977039456367492676e-02
4.003874585032463074e-02
4.034380242228507996e-02
4.007704555988311768e-02
3.989397361874580383e-02
3.976864367723464966e-02
3.990229219198226929e-02
4.026585072278976440e-02
3.971453756093978882e-02
3.953026607632637024e-02
3.980995342135429382e-02
3.964199498295783997e-02
4.030067101120948792e-02
4.018528014421463013e-02
3.969062119722366333e-02
3.988752141594886780e-02
3.983589261770248413e-02
4.001457616686820984e-02
4.024866595864295959e-02
3.984306007623672485e-02
4.000809788703918457e-02
3.992192074656486511e-02
3.980633988976478577e-02
3.938585519790649414e-02
4.019802808761596680e-02
4.011848568916320801e-02
3.962228074669837952e-02
4.062689095735549927e-02
4.008174315094947815e-02
4.027756676077842712e-02
3.949359804391860962e-02
3.982580453157424927e-02
4.029617458581924438e-02
3.999230265617370605e-02
3.995290026068687439e-02
4.001497477293014526e-02
3.998449444770812988e-02
4.052611067891120911e-02
3.974498435854911804e-02
3.975328058004379272e-02
3.953803330659866333e-02
4.003554955124855042e-02
3.980324417352676392e-02
4.003145918250083923e-02
4.056013748049736023e-02
3.986746817827224731e-02
3.988448530435562134e-02
4.002527520060539246e-02
3.980660066008567810e-02
3.977682814002037048e-02
3.977560997009277344e-02
3.986014425754547119e-02
4.006214067339897156e-02
4.020427539944648743e-02
4.025644063949584961e-02
4.001164063811302185e-02
4.034213349223136902e-02
3.963066637516021729e-02
3.998605534434318542e-02
3.957831487059593201e-02
4.001456871628761292e-02
3.976083919405937195e-02
4.017134010791778564e-02
4.003407433629035950e-02
4.004520922899246216e-02
4.012491926550865173e-02
3.980744257569313049e-02
3.949486464262008667e-02
4.020994529128074646e-02
3.956100344657897949e-02
3.972407430410385132e-02
4.035800695419311523e-02
3.953279182314872742e-02
3.963378071784973145e-02
3.950326889753341675e-02
3.967983648180961609e-02
3.985264152288436890e-02
4.002438113093376160e-02
3.974067047238349915e-02
4.013091325759887695e-02
3.962058201432228088e-02
3.987561538815498352e-02
4.036187008023262024e-02
3.976261988282203674e-02
3.991896659135818481e-02
3.963729739189147949e-02
3.968622162938117981e-02
3.989503160119056702e-02
3.994480520486831665e-02
3.981140628457069397e-02
3.955744206905364990e-02
4.011210054159164429e-02
4.036806896328926086e-02
3.968856856226921082e-02
3.947203978896141052e-02
3.970047459006309509e-02
3.986579179763793945e-02
3.999722376465797424e-02
3.961778432130813599e-02
4.043584689497947693e-02
4.014834761619567871e-02
3.976922482252120972e-02
3.959847614169120789e-02
3.969715163111686707e-02
3.978755325078964233e-02
3.972786664962768555e-02
4.016116261482238770e-02
3.985016047954559326e-02
3.967679291963577271e-02
3.977517038583755493e-02
3.982601314783096313e-02
3.984820842742919922e-02
3.982899338006973267e-02
3.959716111421585083e-02
3.999506309628486633e-02
3.961212560534477234e-02
3.963304311037063599e-02
3.989757597446441650e-02
3.977500274777412415e-02
4.015357047319412231e-02
3.973433375358581543e-02
4.012365639209747314e-02
3.988138586282730103e-02
3.984936699271202087e-02
4.001775756478309631e-02
3.973813354969024658e-02
3.992810100317001343e-02
3.968230262398719788e-02
3.972269594669342041e-02
3.982172161340713501e-02
3.956158086657524109e-02
3.954893350601196289e-02
3.984276205301284790e-02
3.994896635413169861e-02
3.982071578502655029e-02
3.970956802368164062e-02
3.973463550209999084e-02
3.974483162164688110e-02
3.956053033471107483e-02
3.990734741091728210e-02
3.938292339444160461e-02
3.956598788499832153e-02
3.957929834723472595e-02
3.956650197505950928e-02
4.002500325441360474e-02
3.959969431161880493e-02
3.968198224902153015e-02
3.960066661238670349e-02
3.948192670941352844e-02
3.975212946534156799e-02
3.985958173871040344e-02
4.004433378577232361e-02
3.966828063130378723e-02
4.025544598698616028e-02
3.980533778667449951e-02
3.988258540630340576e-02
4.054030403494834900e-02
4.019746929407119751e-02
3.951723128557205200e-02
3.948065638542175293e-02
3.961240500211715698e-02
3.952553123235702515e-02
3.963619098067283630e-02
4.030004143714904785e-02
3.980720788240432739e-02
3.961415216326713562e-02
4.015915095806121826e-02
4.029006883502006531e-02
3.960008919239044189e-02
3.942207992076873779e-02
3.962074592709541321e-02
3.966408967971801758e-02
3.980625048279762268e-02
3.948150202631950378e-02
4.019189998507499695e-02
4.005827754735946655e-02
4.002708569169044495e-02
3.965965658426284790e-02
3.972427546977996826e-02
3.961115330457687378e-02
4.039102792739868164e-02
3.977756202220916748e-02
3.968773037195205688e-02
3.981055319309234619e-02
3.972643241286277771e-02
3.972815349698066711e-02
3.985216841101646423e-02
3.934615477919578552e-02
3.961360082030296326e-02
3.959567472338676453e-02
3.999939560890197754e-02
3.988114371895790100e-02
4.012205079197883606e-02
3.958345577120780945e-02
3.982040658593177795e-02
3.933662921190261841e-02
3.964670374989509583e-02
3.960417211055755615e-02
3.983025625348091125e-02
3.982211649417877197e-02
3.964269906282424927e-02
3.950414806604385376e-02
3.948603570461273193e-02
3.968459740281105042e-02
3.977733477950096130e-02
3.932958096265792847e-02
4.018457233905792236e-02
3.936100751161575317e-02
3.961367532610893250e-02
3.967537358403205872e-02
4.009666666388511658e-02
3.977319598197937012e-02
3.995846211910247803e-02
4.021470248699188232e-02
4.004093632102012634e-02
3.941855952143669128e-02
3.960851207375526428e-02
3.937460109591484070e-02
3.962065279483795166e-02
3.976752609014511108e-02
3.992074728012084961e-02
3.963913023471832275e-02
3.938652202486991882e-02
3.939304873347282410e-02
3.947975486516952515e-02
3.997380658984184265e-02
3.954847902059555054e-02
3.936399146914482117e-02
3.965824842453002930e-02
4.006526246666908264e-02
3.956815227866172791e-02
3.978930413722991943e-02
3.969303518533706665e-02
3.970846533775329590e-02
3.960653394460678101e-02
3.944517299532890320e-02
3.992795571684837341e-02
4.011369496583938599e-02
3.965586051344871521e-02
3.947117924690246582e-02
3.952040523290634155e-02
3.991456329822540283e-02
4.002020135521888733e-02
3.954217955470085144e-02
3.970090299844741821e-02
3.941456228494644165e-02
3.935392200946807861e-02
3.972322121262550354e-02
3.954054787755012512e-02
3.949641063809394836e-02
3.988496214151382446e-02
3.985419496893882751e-02
3.960867226123809814e-02
3.968491777777671814e-02
3.938501328229904175e-02
3.958120569586753845e-02
3.940900415182113647e-02
3.913301974534988403e-02
3.975998982787132263e-02
3.974599763751029968e-02
3.959033265709877014e-02
3.964941576123237610e-02
3.976473212242126465e-02
3.961976617574691772e-02
3.989174962043762207e-02
3.945135697722434998e-02
4.001523926854133606e-02
3.954213857650756836e-02
3.980274125933647156e-02
3.951321169734001160e-02
3.913624957203865051e-02
3.985114768147468567e-02
3.923018649220466614e-02
3.956181928515434265e-02
3.951407223939895630e-02
3.966453671455383301e-02
3.949886187911033630e-02
3.951331600546836853e-02
3.942513093352317810e-02
3.985027223825454712e-02
3.971244767308235168e-02
3.957714140415191650e-02
3.936984762549400330e-02
3.984101116657257080e-02
3.943513333797454834e-02
3.929711878299713135e-02
3.991662338376045227e-02
3.951612487435340881e-02
3.929660469293594360e-02
3.952495753765106201e-02
3.932868689298629761e-02
3.970035910606384277e-02
3.933190554380416870e-02
3.944040834903717041e-02
3.970106691122055054e-02
3.977157920598983765e-02
4.013928398489952087e-02
3.927452862262725830e-02
3.981055691838264465e-02
4.003472253680229187e-02
3.951804712414741516e-02
3.921496868133544922e-02
3.968974202871322632e-02
4.012652486562728882e-02
4.023054614663124084e-02
3.938987851142883301e-02
3.930480033159255981e-02
3.946327045559883118e-02
3.943810984492301941e-02
3.950510546565055847e-02
3.954164683818817139e-02
3.945231437683105469e-02
3.939861059188842773e-02
3.940050303936004639e-02
3.938437998294830322e-02
3.933681920170783997e-02
3.980182483792304993e-02
3.977689519524574280e-02
3.924927860498428345e-02
3.957800567150115967e-02
4.000214859843254089e-02
3.964041173458099365e-02
3.947743028402328491e-02
3.961817175149917603e-02
3.949765115976333618e-02
