6.656896322965621948e-02
2.663340792059898376e-02
2.070120908319950104e-02
1.816223002970218658e-02
1.618880592286586761e-02
1.480422355234622955e-02
1.361724361777305603e-02
1.255712285637855530e-02
1.175655610859394073e-02
1.099546160548925400e-02
1.025648601353168488e-02
9.650030173361301422e-03
9.199216030538082123e-03
8.738023228943347931e-03
8.401180617511272430e-03
7.980698719620704651e-03
7.665365468710660934e-03
7.439550943672657013e-03
7.233716547489166260e-03
6.950825452804565430e-03
6.778682582080364227e-03
6.702143233269453049e-03
6.347550544887781143e-03
6.305453367531299591e-03
6.182161159813404083e-03
6.050211843103170395e-03
5.780071020126342773e-03
5.717154592275619507e-03
5.618805065751075745e-03
5.513989832252264023e-03
5.373480729758739471e-03
5.335158668458461761e-03
5.202846601605415344e-03
5.102110560983419418e-03
5.128395278006792068e-03
4.948932677507400513e-03
4.937875084578990936e-03
4.914102144539356232e-03
4.710219800472259521e-03
4.687172360718250275e-03
4.650372546166181564e-03
4.584163893014192581e-03
4.529188852757215500e-03
4.539121408015489578e-03
4.352923016995191574e-03
4.356246441602706909e-03
4.352955613285303116e-03
4.357852041721343994e-03
4.173071123659610748e-03
4.208302125334739685e-03
4.174844361841678619e-03
4.053828772157430649e-03
4.049458540976047516e-03
4.102375824004411697e-03
3.924286458641290665e-03
3.923007287085056305e-03
3.890645224601030350e-03
3.906486555933952332e-03
3.827101550996303558e-03
3.683640388771891594e-03
3.691296791657805443e-03
3.737351624295115471e-03
3.693009261041879654e-03
3.688217140734195709e-03
3.671106416732072830e-03
3.610050538554787636e-03
3.591342130675911903e-03
3.494803560897707939e-03
3.584363963454961777e-03
3.502569161355495453e-03
3.474362893030047417e-03
3.446594579145312309e-03
3.477412741631269455e-03
3.426471259444952011e-03
3.337942063808441162e-03
3.302164142951369286e-03
3.422045847401022911e-03
3.301769960671663284e-03
3.266186919063329697e-03
3.288409439846873283e-03
3.239244455471634865e-03
3.266257466748356819e-03
3.207034198567271233e-03
3.225516527891159058e-03
3.117633052170276642e-03
3.164241090416908264e-03
3.135243430733680725e-03
3.063569078221917152e-03
3.131861798465251923e-03
3.011267166584730148e-03
3.114218125119805336e-03
3.094300162047147751e-03
3.020499134436249733e-03
2.967299195006489754e-03
3.033286193385720253e-03
3.032056381925940514e-03
2.997315721586346626e-03
2.938814926892518997e-03
2.975730923935770988e-03
2.932491013780236244e-03
2.953915623947978020e-03
2.909817267209291458e-03
2.939660102128982544e-03
2.860852051526308060e-03
2.897707279771566391e-03
2.830232959240674973e-03
2.849931828677654266e-03
2.847815630957484245e-03
2.794774482026696205e-03
2.800890710204839706e-03
2.824031747877597809e-03
2.808952936902642250e-03
2.811856800690293312e-03
2.739057177677750587e-03
2.710563829168677330e-03
2.782730851322412491e-03
2.702644327655434608e-03
2.728986088186502457e-03
2.697806805372238159e-03
2.745183184742927551e-03
2.731310203671455383e-03
2.630330622196197510e-03
2.725364873185753822e-03
2.660776488482952118e-03
2.662199316546320915e-03
2.654940122738480568e-03
2.645063679665327072e-03
2.671205438673496246e-03
2.598851686343550682e-03
2.595606725662946701e-03
2.627657726407051086e-03
2.558570588007569313e-03
2.511210972443223000e-03
2.627459121868014336e-03
2.567552262917160988e-03
2.519397530704736710e-03
2.563633490353822708e-03
2.526872325688600540e-03
2.546255709603428841e-03
2.501133130863308907e-03
2.571835415437817574e-03
2.503288211300969124e-03
2.544208429753780365e-03
2.480171853676438332e-03
2.469855593517422676e-03
2.499853959307074547e-03
2.445700345560908318e-03
2.472041174769401550e-03
2.411518013104796410e-03
2.422897843644022942e-03
2.477009315043687820e-03
2.405235776677727699e-03
2.395072719082236290e-03
2.435505157336592674e-03
2.406861633062362671e-03
2.365281106904149055e-03
2.447255421429872513e-03
2.387532731518149376e-03
2.321460051462054253e-03
2.445345511659979820e-03
2.344734268262982368e-03
2.362866653129458427e-03
2.407855121418833733e-03
2.336158184334635735e-03
2.417603507637977600e-03
2.330472460016608238e-03
2.318738261237740517e-03
2.338316291570663452e-03
2.324396045878529549e-03
2.379892859607934952e-03
2.281139837577939034e-03
2.361633814871311188e-03
2.375686075538396835e-03
2.322666812688112259e-03
2.241146750748157501e-03
2.337943529710173607e-03
2.307087415829300880e-03
2.262041205540299416e-03
2.282042056322097778e-03
2.326508285477757454e-03
2.203788841143250465e-03
2.267638454213738441e-03
2.283237874507904053e-03
2.250261604785919189e-03
2.235260559245944023e-03
2.294251229614019394e-03
2.220652531832456589e-03
2.205161610618233681e-03
2.259177388623356819e-03
2.214057371020317078e-03
2.205024473369121552e-03
2.222870476543903351e-03
2.200449118390679359e-03
2.181858522817492485e-03
2.184926997870206833e-03
2.202365547418594360e-03
2.198048168793320656e-03
2.195409499108791351e-03
2.134599257260560989e-03
2.246355637907981873e-03
2.223401330411434174e-03
2.162792021408677101e-03
2.143048448488116264e-03
2.181912306696176529e-03
2.184654586017131805e-03
2.157353796064853668e-03
2.207848476245999336e-03
2.094729803502559662e-03
2.155621768906712532e-03
2.163321245461702347e-03
2.134390175342559814e-03
2.145141130313277245e-03
2.180269453674554825e-03
2.092159353196620941e-03
2.159363823011517525e-03
2.133382484316825867e-03
2.150640590116381645e-03
2.091026399284601212e-03
2.105372957885265350e-03
2.153889043256640434e-03
2.107542473822832108e-03
2.100157085806131363e-03
2.141014207154512405e-03
2.084253821521997452e-03
2.095509553328156471e-03
2.087995409965515137e-03
2.105908235535025597e-03
2.056963276118040085e-03
2.159365452826023102e-03
2.065338892862200737e-03
2.048485679551959038e-03
2.068931004032492638e-03
2.141790464520454407e-03
2.029223600402474403e-03
2.060229424387216568e-03
2.057716017588973045e-03
2.079267986118793488e-03
2.052124124020338058e-03
2.016892191022634506e-03
2.046175301074981689e-03
2.090140711516141891e-03
2.038493519648909569e-03
2.029024064540863037e-03
2.017720136791467667e-03
2.038381062448024750e-03
2.040766645222902298e-03
2.021689899265766144e-03
1.985496142879128456e-03
2.037820639088749886e-03
1.996706239879131317e-03
2.032506512477993965e-03
2.033266006037592888e-03
2.026049885898828506e-03
2.055603777989745140e-03
1.956444466486573219e-03
1.977163366973400116e-03
2.005361253395676613e-03
1.999027561396360397e-03
1.998796360567212105e-03
1.962041016668081284e-03
2.007007598876953125e-03
1.928648212924599648e-03
2.035170327872037888e-03
1.928102457895874977e-03
1.945226103998720646e-03
2.005035523325204849e-03
1.920013222843408585e-03
1.967254560440778732e-03
1.971719553694128990e-03
1.957928761839866638e-03
1.965997274965047836e-03
1.990550197660923004e-03
1.916244742460548878e-03
1.946339383721351624e-03
2.009770600125193596e-03
1.968513010069727898e-03
1.936621847562491894e-03
1.892293337732553482e-03
1.957316184416413307e-03
1.969387056306004524e-03
1.943065086379647255e-03
1.895157620310783386e-03
1.921243267133831978e-03
1.997759332880377769e-03
1.898550661280751228e-03
1.873187022283673286e-03
1.929426216520369053e-03
1.939723733812570572e-03
1.942001865245401859e-03
1.913071260787546635e-03
1.973894191905856133e-03
1.929082907736301422e-03
1.888357335701584816e-03
1.951072830706834793e-03
1.924089621752500534e-03
1.888626720756292343e-03
1.906961435452103615e-03
1.896639587357640266e-03
1.865263911895453930e-03
1.917000045068562031e-03
1.880231895484030247e-03
1.862104167230427265e-03
1.937547931447625160e-03
1.861291471868753433e-03
1.857895636931061745e-03
1.906127785332500935e-03
1.995087135583162308e-03
1.782716135494410992e-03
1.932037179358303547e-03
1.859316020272672176e-03
1.853563357144594193e-03
1.854809233918786049e-03
1.942617818713188171e-03
1.848135027103126049e-03
1.844435115344822407e-03
1.857806928455829620e-03
1.845446531660854816e-03
1.892512664198875427e-03
1.831090543419122696e-03
1.840796903707087040e-03
1.831635250709950924e-03
1.873304951004683971e-03
1.823806902393698692e-03
1.894823624752461910e-03
1.843033009208738804e-03
1.869273139163851738e-03
1.852096989750862122e-03
1.810047542676329613e-03
1.890867832116782665e-03
1.816470525227487087e-03
1.820756355300545692e-03
1.847533276304602623e-03
1.808322151191532612e-03
1.909909304231405258e-03
1.779434736818075180e-03
1.898531918413937092e-03
1.773041905835270882e-03
1.869775005616247654e-03
1.776022952981293201e-03
1.826874911785125732e-03
1.848425832577049732e-03
1.783489598892629147e-03
1.812334405258297920e-03
1.862485078163444996e-03
1.844835234805941582e-03
1.789924222975969315e-03
1.754236174747347832e-03
1.822918071411550045e-03
1.818687655031681061e-03
1.740662148222327232e-03
1.897974987514317036e-03
1.797568751499056816e-03
1.795851509086787701e-03
1.780557795427739620e-03
1.811309834010899067e-03
1.774371368810534477e-03
1.782790757715702057e-03
1.807937282137572765e-03
1.782689476385712624e-03
1.868424820713698864e-03
1.744961948134005070e-03
1.768149784766137600e-03
1.830418012104928493e-03
1.784878782927989960e-03
1.770362840034067631e-03
1.791264745406806469e-03
1.772522926330566406e-03
1.828684820793569088e-03
1.769297756254673004e-03
1.767765847034752369e-03
1.776949502527713776e-03
1.794769894331693649e-03
1.747489906847476959e-03
1.782936858944594860e-03
1.803937135264277458e-03
1.718233688734471798e-03
1.795346266590058804e-03
1.768891699612140656e-03
1.719899359159171581e-03
1.811874797567725182e-03
1.778695266693830490e-03
1.795363263227045536e-03
1.750205061398446560e-03
1.749670831486582756e-03
1.716507482342422009e-03
1.788419671356678009e-03
1.748777925968170166e-03
1.707300427369773388e-03
1.818581949919462204e-03
1.723849913105368614e-03
1.742065185680985451e-03
1.762274769134819508e-03
1.756841083988547325e-03
1.762712723575532436e-03
1.705076196230947971e-03
1.767107052728533745e-03
1.710467506200075150e-03
1.755480538122355938e-03
1.749765360727906227e-03
1.753761665895581245e-03
1.712166937068104744e-03
1.706030103377997875e-03
1.712096738629043102e-03
1.757681136950850487e-03
1.709246309474110603e-03
1.735178986564278603e-03
1.750866649672389030e-03
1.701421686448156834e-03
1.758316997438669205e-03
1.708294497802853584e-03
1.721736509352922440e-03
1.780138933099806309e-03
1.660300884395837784e-03
1.718272571451961994e-03
1.699288026429712772e-03
1.695401384495198727e-03
1.702300622127950191e-03
1.696363789960741997e-03
1.726193586364388466e-03
1.673220307566225529e-03
1.772117801010608673e-03
1.664410345256328583e-03
1.711029675789177418e-03
1.712888129986822605e-03
1.726196496747434139e-03
1.651140744797885418e-03
1.723351306281983852e-03
1.696739927865564823e-03
1.680205110460519791e-03
1.730003743432462215e-03
1.663162373006343842e-03
1.691349432803690434e-03
1.675948384217917919e-03
1.685222960077226162e-03
1.703669549897313118e-03
1.684668590314686298e-03
1.684128423221409321e-03
1.670933910645544529e-03
1.664742478169500828e-03
1.741102430969476700e-03
1.680562971159815788e-03
1.683242619037628174e-03
1.681481371633708477e-03
1.655435888096690178e-03
1.731396536342799664e-03
1.670783851295709610e-03
1.698606298305094242e-03
1.690801233053207397e-03
1.650100108236074448e-03
1.694096019491553307e-03
1.637456705793738365e-03
1.715620979666709900e-03
1.674369210377335548e-03
1.658234163187444210e-03
1.643767347559332848e-03
1.707394374534487724e-03
1.691983547061681747e-03
1.663672039285302162e-03
1.636020257137715816e-03
1.680574612691998482e-03
1.623232848942279816e-03
1.664289273321628571e-03
1.662597060203552246e-03
1.662320573814213276e-03
1.639863941818475723e-03
1.725894748233258724e-03
1.635492546483874321e-03
1.649113255552947521e-03
1.633124542422592640e-03
1.655646716244518757e-03
1.663890667259693146e-03
1.648140372708439827e-03
1.650919322855770588e-03
1.644572825171053410e-03
1.629773876629769802e-03
1.635297783650457859e-03
1.679656445048749447e-03
1.666429569013416767e-03
1.636912347748875618e-03
1.643388182856142521e-03
1.652400591410696507e-03
1.617511152289807796e-03
1.765218912623822689e-03
1.603227457962930202e-03
1.642918214201927185e-03
1.598347327671945095e-03
1.657944638282060623e-03
1.597576658241450787e-03
1.656473148614168167e-03
1.646656193770468235e-03
1.628321595489978790e-03
1.611173851415514946e-03
1.654508756473660469e-03
1.583424047566950321e-03
1.648090197704732418e-03
1.609833678230643272e-03
1.614413224160671234e-03
1.673065591603517532e-03
1.614576904103159904e-03
1.626959070563316345e-03
1.616725348867475986e-03
1.644463976845145226e-03
1.626163255423307419e-03
1.614253618754446507e-03
1.651336438953876495e-03
1.613538130186498165e-03
1.629253150895237923e-03
1.570656080730259418e-03
1.677035936154425144e-03
1.561176963150501251e-03
1.599831273779273033e-03
1.603514654561877251e-03
1.568830339238047600e-03
1.639501424506306648e-03
1.601699274033308029e-03
1.612553605809807777e-03
1.614026026800274849e-03
1.598528120666742325e-03
1.620019203983247280e-03
1.597156166099011898e-03
1.587943057529628277e-03
1.670853001996874809e-03
1.591827138327062130e-03
1.579334144480526447e-03
1.579380943439900875e-03
1.608712365850806236e-03
1.623292919248342514e-03
1.611677347682416439e-03
1.630363636650145054e-03
1.577099552378058434e-03
1.569852232933044434e-03
1.558501855470240116e-03
1.646601245738565922e-03
1.594207948073744774e-03
1.605484634637832642e-03
1.654062303714454174e-03
1.594565692357718945e-03
1.584273180924355984e-03
1.615271205082535744e-03
1.562345656566321850e-03
1.615192741155624390e-03
1.613254193216562271e-03
1.619125367142260075e-03
1.623016549274325371e-03
1.547150546684861183e-03
1.609536586329340935e-03
1.563403871841728687e-03
1.623676624149084091e-03
1.570544438436627388e-03
1.608494319953024387e-03
1.608502003364264965e-03
1.559468102641403675e-03
1.574080437421798706e-03
1.593785244040191174e-03
1.613658154383301735e-03
1.571953529492020607e-03
1.560127013362944126e-03
1.583121833391487598e-03
1.603818498551845551e-03
1.597561407834291458e-03
1.586763770319521427e-03
1.534870010800659657e-03
1.580515527166426182e-03
1.575645408593118191e-03
1.549525884911417961e-03
1.552228932268917561e-03
1.588681247085332870e-03
1.575128524564206600e-03
1.609533675946295261e-03
1.549930311739444733e-03
1.529783010482788086e-03
1.596253947354853153e-03
1.528881373815238476e-03
1.646411372348666191e-03
1.593502936884760857e-03
1.522529171779751778e-03
1.567864324897527695e-03
1.540365861728787422e-03
1.528488937765359879e-03
1.594318426214158535e-03
1.561068114824593067e-03
1.540057710371911526e-03
1.557978685013949871e-03
1.557611045427620411e-03
1.588249695487320423e-03
1.532192807644605637e-03
1.544596627354621887e-03
1.545599079690873623e-03
1.589731546118855476e-03
1.539816847071051598e-03
1.536559197120368481e-03
1.593559165485203266e-03
1.530663925223052502e-03
1.548046595416963100e-03
1.514846808277070522e-03
1.587181701324880123e-03
1.567105646245181561e-03
1.531787333078682423e-03
1.540135242976248264e-03
1.565020298585295677e-03
1.513044000603258610e-03
1.571990782395005226e-03
1.552029396407306194e-03
1.566442544572055340e-03
1.512436079792678356e-03
1.582654775120317936e-03
1.531921210698783398e-03
1.526791369542479515e-03
1.570972497574985027e-03
1.498218392953276634e-03
1.528112217783927917e-03
1.637834007851779461e-03
1.552346162497997284e-03
1.531175686977803707e-03
1.553873880766332150e-03
1.509015448391437531e-03
1.554781338199973106e-03
1.530239242129027843e-03
1.606281264685094357e-03
1.497518736869096756e-03
1.567345345392823219e-03
1.541999401524662971e-03
1.565851154737174511e-03
1.497418037615716457e-03
1.514659728854894638e-03
1.529020955786108971e-03
1.569409039802849293e-03
1.509373541921377182e-03
1.561666722409427166e-03
1.556832459755241871e-03
1.526657724753022194e-03
1.532026100903749466e-03
1.552765723317861557e-03
1.555830473080277443e-03
1.534454757347702980e-03
1.479111379012465477e-03
1.569879939779639244e-03
1.534786075353622437e-03
1.498415600508451462e-03
1.509312423877418041e-03
1.537378528155386448e-03
1.508618937805294991e-03
1.507347216829657555e-03
1.551702385768294334e-03
1.481580315157771111e-03
1.544745289720594883e-03
1.541165867820382118e-03
1.495313481427729130e-03
1.508831512182950974e-03
1.534873736090958118e-03
1.485669752582907677e-03
1.485979068093001842e-03
1.555226044729351997e-03
1.510547357611358166e-03
1.520305289886891842e-03
1.560844015330076218e-03
1.477556419558823109e-03
1.540725235827267170e-03
1.525478903204202652e-03
1.537619857117533684e-03
1.508453395217657089e-03
1.546868355944752693e-03
1.506932196207344532e-03
1.457252190448343754e-03
1.525052590295672417e-03
1.524128951132297516e-03
1.521215192042291164e-03
1.500928192399442196e-03
1.496342010796070099e-03
1.519294572062790394e-03
1.520509715192019939e-03
1.495500095188617706e-03
1.542348414659500122e-03
1.477921730838716030e-03
1.549318199977278709e-03
1.487494329921901226e-03
1.534237992018461227e-03
1.519813085906207561e-03
1.520293764770030975e-03
1.490550814196467400e-03
1.459992025047540665e-03
1.551034976728260517e-03
1.486322958953678608e-03
1.504423795267939568e-03
1.464945846237242222e-03
1.529127359390258789e-03
1.537067466415464878e-03
1.476730220019817352e-03
1.496665063314139843e-03
1.532995142042636871e-03
1.517969649285078049e-03
1.466944231651723385e-03
1.476255012676119804e-03
1.539643621072173119e-03
1.497293240390717983e-03
1.486760098487138748e-03
1.523027545772492886e-03
1.489883870817720890e-03
1.488943933509290218e-03
1.497617340646684170e-03
1.498742145486176014e-03
1.522589009255170822e-03
1.466219779103994370e-03
1.463432679884135723e-03
1.524396240711212158e-03
1.448100898414850235e-03
1.532843452878296375e-03
1.478583668358623981e-03
1.463044201955199242e-03
1.509951543994247913e-03
1.499719219282269478e-03
1.482702442444860935e-03
1.478229067288339138e-03
1.525132101960480213e-03
1.465817331336438656e-03
1.489294110797345638e-03
1.477642450481653214e-03
1.501064863987267017e-03
1.454615499824285507e-03
1.541993115097284317e-03
1.469720969907939434e-03
1.468705013394355774e-03
1.476348610594868660e-03
1.476775738410651684e-03
1.548749627545475960e-03
1.437388244085013866e-03
1.536576892249286175e-03
1.428362680599093437e-03
1.507381326518952847e-03
1.466397196054458618e-03
1.436925027519464493e-03
1.500604324974119663e-03
1.468724105507135391e-03
1.459993887692689896e-03
1.508108922280371189e-03
1.472752424888312817e-03
1.418719766661524773e-03
1.535187475383281708e-03
1.482170424424111843e-03
1.498590805567800999e-03
1.478579943068325520e-03
1.444721943698823452e-03
1.445289817638695240e-03
1.484453561715781689e-03
1.442290260456502438e-03
1.490910071879625320e-03
1.423634355887770653e-03
1.491667586378753185e-03
1.476275967434048653e-03
1.445227186195552349e-03
1.444448367692530155e-03
1.503652427345514297e-03
1.431073993444442749e-03
1.431039418093860149e-03
1.500446116551756859e-03
1.469079055823385715e-03
1.446134643629193306e-03
1.510868780314922333e-03
1.432909630239009857e-03
1.489848829805850983e-03
1.464336761273443699e-03
1.527417451143264771e-03
1.406499999575316906e-03
1.467693480663001537e-03
1.444644643925130367e-03
1.483393833041191101e-03
1.435810234397649765e-03
1.473196316510438919e-03
1.427973271347582340e-03
1.460256637074053288e-03
1.443211920559406281e-03
1.485827611759305000e-03
1.417785766534507275e-03
1.482695806771516800e-03
1.469131093472242355e-03
1.451567048206925392e-03
1.447630464099347591e-03
1.457562204450368881e-03
1.424979418516159058e-03
1.467480557039380074e-03
1.451650867238640785e-03
1.452193944714963436e-03
1.444125897251069546e-03
1.418272964656352997e-03
1.490695169195532799e-03
1.469353912398219109e-03
1.444206223823130131e-03
1.467884634621441364e-03
1.446058624424040318e-03
1.435229787603020668e-03
1.464735832996666431e-03
1.467075664550065994e-03
1.417435123585164547e-03
1.485213986597955227e-03
1.432118238881230354e-03
1.450528507120907307e-03
1.453532953746616840e-03
1.416820567101240158e-03
1.460712868720293045e-03
1.423635869286954403e-03
1.425482449121773243e-03
1.452186261303722858e-03
1.470380346290767193e-03
1.426169415935873985e-03
1.448815688490867615e-03
1.426491537131369114e-03
1.417670515365898609e-03
1.508581219241023064e-03
1.406925381161272526e-03
1.371841295622289181e-03
1.438143430277705193e-03
1.447114511393010616e-03
1.402033492922782898e-03
1.474828692153096199e-03
1.427571172825992107e-03
1.480290316976606846e-03
1.421290216967463493e-03
1.428947667591273785e-03
1.425342983566224575e-03
1.441938919015228748e-03
1.481750747188925743e-03
1.461426494643092155e-03
1.414756639860570431e-03
1.467108493670821190e-03
1.383739640004932880e-03
1.419918145984411240e-03
1.438275678083300591e-03
1.460372121073305607e-03
1.437144819647073746e-03
1.390083925798535347e-03
1.478238380514085293e-03
1.398513442836701870e-03
1.431226963177323341e-03
1.435479498468339443e-03
1.399551285430788994e-03
1.439173123799264431e-03
1.403195317834615707e-03
1.464653527364134789e-03
1.444350229576230049e-03
1.394593506120145321e-03
1.449193106964230537e-03
1.402609283104538918e-03
1.424359856173396111e-03
1.436765422113239765e-03
1.436519552953541279e-03
1.377328182570636272e-03
1.458823448047041893e-03
1.408574637025594711e-03
1.422119676135480404e-03
1.431381213478744030e-03
1.401303219608962536e-03
1.441056956537067890e-03
1.423782203346490860e-03
1.372321043163537979e-03
1.457574893720448017e-03
1.407935866154730320e-03
1.408636686392128468e-03
1.419531530700623989e-03
1.431515789590775967e-03
1.376714091747999191e-03
1.423035399056971073e-03
1.414542319253087044e-03
1.414674334228038788e-03
1.405068906024098396e-03
1.440265681594610214e-03
1.410073833540081978e-03
1.404149574227631092e-03
1.453810371458530426e-03
1.440933789126574993e-03
1.379649504087865353e-03
1.453479402698576450e-03
1.414225203916430473e-03
1.386205665767192841e-03
1.428333227522671223e-03
1.399575965479016304e-03
1.433371799066662788e-03
1.370456302538514137e-03
1.429517404176294804e-03
1.414270955137908459e-03
1.371414284221827984e-03
1.407200470566749573e-03
1.427134498953819275e-03
1.427662791684269905e-03
1.414480153471231461e-03
1.376396045088768005e-03
1.386410323902964592e-03
1.417551189661026001e-03
1.400354551151394844e-03
1.399787375703454018e-03
1.460378640331327915e-03
1.355500658974051476e-03
1.451135962270200253e-03
1.399375032633543015e-03
1.417576451785862446e-03
1.393966143950819969e-03
1.376352622173726559e-03
1.423256355337798595e-03
1.370741403661668301e-03
1.406854600645601749e-03
1.424084417521953583e-03
1.407749019563198090e-03
1.387565978802740574e-03
1.408391748555004597e-03
1.426204922609031200e-03
1.383721479214727879e-03
1.421959488652646542e-03
1.394960447214543819e-03
1.400379347614943981e-03
1.419228618033230305e-03
1.384308445267379284e-03
1.383116003125905991e-03
1.426428789272904396e-03
1.376546802930533886e-03
1.446498907171189785e-03
1.426363713108003139e-03
1.408566022291779518e-03
1.391221303492784500e-03
1.446186914108693600e-03
1.377087784931063652e-03
1.420194748789072037e-03
1.427624607458710670e-03
1.363638555631041527e-03
1.386394840665161610e-03
1.399995875544846058e-03
1.428547082468867302e-03
1.342546544037759304e-03
1.416533370502293110e-03
1.369428238831460476e-03
1.400686684064567089e-03
1.432967605069279671e-03
1.359802088700234890e-03
1.393110374920070171e-03
1.405607443302869797e-03
1.409239019267261028e-03
1.358854118734598160e-03
1.350777572952210903e-03
1.409748801961541176e-03
1.375833060592412949e-03
1.397474785335361958e-03
1.389486831612884998e-03
1.402309979312121868e-03
1.379555906169116497e-03
1.350311096757650375e-03
1.455403398722410202e-03
1.376108964905142784e-03
1.348563353531062603e-03
1.457091537304222584e-03
1.329045160673558712e-03
1.414246275089681149e-03
1.432597287930548191e-03
1.331786625087261200e-03
1.392293022945523262e-03
1.377713168039917946e-03
1.350750564597547054e-03
1.385597395710647106e-03
1.385138486512005329e-03
1.406480558216571808e-03
1.355079817585647106e-03
1.413059653714299202e-03
1.385278068482875824e-03
1.391098485328257084e-03
1.337766880169510841e-03
1.426305854693055153e-03
1.383807393722236156e-03
1.400876091793179512e-03
1.343564945273101330e-03
1.429987139999866486e-03
1.397838699631392956e-03
1.375513384118676186e-03
1.343912095762789249e-03
1.375534106045961380e-03
1.392399542964994907e-03
1.375088701024651527e-03
1.345447497442364693e-03
1.399453612975776196e-03
1.382582238875329494e-03
1.343477866612374783e-03
1.391787896864116192e-03
1.330121303908526897e-03
1.393961370922625065e-03
1.413717749528586864e-03
1.385810319334268570e-03
1.414298429153859615e-03
1.366789336316287518e-03
1.359097892418503761e-03
1.378678483888506889e-03
1.394851366057991982e-03
1.390386139973998070e-03
1.347672427073121071e-03
1.382617163471877575e-03
1.354420208372175694e-03
1.402624766342341900e-03
1.418495085090398788e-03
1.342483446933329105e-03
1.349206781014800072e-03
1.377684297040104866e-03
1.455729245208203793e-03
1.342274248600006104e-03
1.388621050864458084e-03
1.360205351375043392e-03
