2.519915699958801270e-01
2.516101300716400146e-01
2.481575161218643188e-01
1.701595187187194824e-01
1.097628176212310791e-01
8.899171650409698486e-02
7.654349505901336670e-02
6.859971582889556885e-02
6.288339197635650635e-02
5.803841724991798401e-02
5.394294112920761108e-02
4.987903684377670288e-02
4.790432751178741455e-02
4.491764679551124573e-02
4.300215095281600952e-02
4.081296175718307495e-02
3.906618803739547729e-02
3.778680413961410522e-02
3.618451580405235291e-02
3.515647724270820618e-02
3.407777100801467896e-02
3.268598392605781555e-02
3.163981437683105469e-02
3.105944395065307617e-02
3.007090836763381958e-02
2.950051054358482361e-02
2.864337712526321411e-02
2.840269729495048523e-02
2.776948735117912292e-02
2.690731547772884369e-02
2.670059911906719208e-02
2.625389583408832550e-02
2.600908093154430389e-02
2.563730068504810333e-02
2.484279684722423553e-02
2.455281652510166168e-02
2.427314966917037964e-02
2.408633753657341003e-02
2.345442958176136017e-02
2.349729835987091064e-02
2.311394549906253815e-02
2.286414615809917450e-02
2.268695831298828125e-02
2.235262095928192139e-02
2.188163809478282928e-02
2.193086408078670502e-02
2.184718847274780273e-02
2.145133540034294128e-02
2.145466953516006470e-02
2.075466327369213104e-02
2.076663263142108917e-02
2.079908922314643860e-02
2.027848362922668457e-02
2.016481012105941772e-02
2.014245651662349701e-02
1.975588686764240265e-02
1.968563161790370941e-02
1.977805793285369873e-02
1.997099816799163818e-02
1.937283016741275787e-02
1.914799585938453674e-02
1.929932087659835815e-02
1.895556785166263580e-02
1.867590472102165222e-02
1.866906695067882538e-02
1.884057000279426575e-02
1.852809451520442963e-02
1.847044192254543304e-02
1.804399862885475159e-02
1.832956634461879730e-02
1.793250627815723419e-02
1.817503571510314941e-02
1.785684004426002502e-02
1.768331229686737061e-02
1.767087727785110474e-02
1.792125031352043152e-02
1.764507405459880829e-02
1.753612048923969269e-02
1.756094954907894135e-02
1.722322776913642883e-02
1.705042459070682526e-02
1.731079258024692535e-02
1.684464327991008759e-02
1.688156090676784515e-02
1.676968857645988464e-02
1.682313159108161926e-02
1.650364510715007782e-02
1.643056981265544891e-02
1.636995747685432434e-02
1.650672405958175659e-02
1.686481386423110962e-02
1.626608334481716156e-02
1.610252447426319122e-02
1.615588553249835968e-02
1.656615361571311951e-02
1.611364446580410004e-02
1.579931564629077911e-02
1.597516424953937531e-02
1.594594493508338928e-02
1.570846885442733765e-02
1.540690008550882339e-02
1.538202911615371704e-02
1.586658321321010590e-02
1.571809872984886169e-02
1.577769033610820770e-02
1.549865584820508957e-02
1.550533715635538101e-02
1.540866587311029434e-02
1.541008520871400833e-02
1.554879266768693924e-02
1.522462721914052963e-02
1.508956775069236755e-02
1.527413260191679001e-02
1.510387379676103592e-02
1.497892104089260101e-02
1.516512408852577209e-02
1.476833224296569824e-02
1.499772258102893829e-02
1.479471568018198013e-02
1.486018858850002289e-02
1.494976691901683807e-02
1.474810950458049774e-02
1.503997016698122025e-02
1.500961836427450180e-02
1.464933436363935471e-02
1.434607990086078644e-02
1.463176496326923370e-02
1.483872253447771072e-02
1.451165787875652313e-02
1.447443477809429169e-02
1.441299077123403549e-02
1.409630943089723587e-02
1.403467077761888504e-02
1.432208716869354248e-02
1.454894989728927612e-02
1.411825791001319885e-02
1.417151652276515961e-02
1.432795543223619461e-02
1.402235031127929688e-02
1.399310678243637085e-02
1.438370347023010254e-02
1.385437231510877609e-02
1.389108039438724518e-02
1.449330057948827744e-02
1.356661505997180939e-02
1.409144885838031769e-02
1.380133163183927536e-02
1.369248796254396439e-02
1.329151540994644165e-02
1.350591797381639481e-02
1.375977788120508194e-02
1.360960677266120911e-02
1.397188100963830948e-02
1.363324467092752457e-02
1.352500636130571365e-02
1.360920723527669907e-02
1.346937287598848343e-02
1.349056884646415710e-02
1.372121647000312805e-02
1.358907204121351242e-02
1.354310754686594009e-02
1.347276195883750916e-02
1.306689716875553131e-02
1.338372565805912018e-02
1.331980433315038681e-02
1.315587852150201797e-02
1.363848708570003510e-02
1.298421435058116913e-02
1.329426560550928116e-02
1.326172612607479095e-02
1.363063417375087738e-02
1.292199827730655670e-02
1.304381806403398514e-02
1.300148759037256241e-02
1.308318600058555603e-02
1.326636411249637604e-02
1.298876665532588959e-02
1.292974688112735748e-02
1.330244448035955429e-02
1.255065016448497772e-02
1.317510195076465607e-02
1.268574129790067673e-02
1.292047649621963501e-02
1.284661330282688141e-02
1.284631900489330292e-02
1.304421201348304749e-02
1.268577575683593750e-02
1.300831604748964310e-02
1.286043133586645126e-02
1.235313434153795242e-02
1.271771732717752457e-02
1.280536036938428879e-02
1.328535098582506180e-02
1.261538080871105194e-02
1.241028960794210434e-02
1.256293151527643204e-02
1.271480415016412735e-02
1.283665560185909271e-02
1.231429632753133774e-02
1.270475238561630249e-02
1.246695965528488159e-02
1.242465805262327194e-02
1.261756755411624908e-02
1.242742128670215607e-02
1.233386341482400894e-02
1.226461026817560196e-02
1.238274388015270233e-02
1.252868492156267166e-02
1.242064964026212692e-02
1.268131472170352936e-02
1.207041274756193161e-02
1.220459211617708206e-02
1.251080911606550217e-02
1.203694287687540054e-02
1.231503766030073166e-02
1.218313071876764297e-02
1.232473645359277725e-02
1.195299159735441208e-02
1.243623066693544388e-02
1.200348883867263794e-02
1.234750635921955109e-02
1.278811041265726089e-02
1.216806191951036453e-02
1.210990361869335175e-02
1.174906268715858459e-02
1.183560956269502640e-02
1.171643473207950592e-02
1.222176570445299149e-02
1.209595147520303726e-02
1.172162126749753952e-02
1.229422725737094879e-02
1.222537644207477570e-02
1.204923074692487717e-02
1.152008678764104843e-02
1.159905269742012024e-02
1.203361153602600098e-02
1.220304146409034729e-02
1.139402389526367188e-02
1.196894980967044830e-02
1.181382872164249420e-02
1.193683221936225891e-02
1.182836573570966721e-02
1.168419141322374344e-02
1.201454922556877136e-02
1.191907003521919250e-02
1.152851711958646774e-02
1.183498464524745941e-02
1.189398858696222305e-02
1.164166536182165146e-02
1.167973689734935760e-02
1.134456414729356766e-02
1.176595967262983322e-02
1.170696597546339035e-02
1.151446253061294556e-02
1.162553671747446060e-02
1.156424731016159058e-02
1.207769382745027542e-02
1.167810149490833282e-02
1.161146163940429688e-02
1.184699125587940216e-02
1.141703687608242035e-02
1.147063542157411575e-02
1.143501419574022293e-02
1.178822480142116547e-02
1.159725151956081390e-02
1.147116813808679581e-02
1.176306325942277908e-02
1.154038589447736740e-02
1.162333134561777115e-02
1.147793419659137726e-02
1.142595056444406509e-02
1.166949607431888580e-02
1.140318252146244049e-02
1.158718112856149673e-02
1.141912955790758133e-02
1.171483378857374191e-02
1.140582934021949768e-02
1.112210750579833984e-02
1.137244328856468201e-02
1.141482777893543243e-02
1.133438851684331894e-02
1.116684358566999435e-02
1.138461660593748093e-02
1.130804419517517090e-02
1.145152188837528229e-02
1.119955070316791534e-02
1.134268846362829208e-02
1.137263700366020203e-02
1.121275685727596283e-02
1.117498800158500671e-02
1.143761724233627319e-02
1.109573245048522949e-02
1.125770807266235352e-02
1.110375113785266876e-02
1.105508953332901001e-02
1.078963559120893478e-02
1.096096076071262360e-02
1.142105367034673691e-02
1.123580802232027054e-02
1.130174379795789719e-02
1.115382090210914612e-02
1.101524010300636292e-02
1.100386306643486023e-02
1.076573785394430161e-02
1.137891039252281189e-02
1.112667564302682877e-02
1.081348955631256104e-02
1.101902220398187637e-02
1.101508829742670059e-02
1.070629898458719254e-02
1.090934500098228455e-02
1.093094516545534134e-02
1.098173297941684723e-02
1.082714553922414780e-02
1.095366571098566055e-02
1.117844786494970322e-02
1.124342251569032669e-02
1.095561124384403229e-02
1.087462622672319412e-02
1.069430634379386902e-02
1.080339401960372925e-02
1.117918733507394791e-02
1.093974709510803223e-02
1.115036290138959885e-02
1.054452266544103622e-02
1.032984443008899689e-02
1.085855718702077866e-02
1.094827894121408463e-02
1.081934198737144470e-02
1.055890042334794998e-02
1.085417158901691437e-02
1.132136117666959763e-02
1.065384969115257263e-02
1.083812955766916275e-02
1.060308516025543213e-02
1.087448839098215103e-02
1.070872135460376740e-02
1.079857535660266876e-02
1.046358142048120499e-02
1.070282142609357834e-02
1.084793172776699066e-02
1.096746977418661118e-02
1.049877516925334930e-02
1.083650067448616028e-02
1.063910499215126038e-02
1.054793503135442734e-02
1.101472321897745132e-02
1.052217930555343628e-02
1.055004447698593140e-02
1.075279153883457184e-02
1.030707266181707382e-02
1.068211626261472702e-02
1.086854841560125351e-02
1.055759005248546600e-02
1.068429555743932724e-02
1.056670676916837692e-02
1.071672327816486359e-02
1.045616995543241501e-02
1.084278151392936707e-02
1.026840414851903915e-02
1.028043869882822037e-02
1.076219789683818817e-02
1.058284100145101547e-02
1.046444568783044815e-02
1.062071882188320160e-02
1.042862515896558762e-02
1.058135367929935455e-02
1.080366689711809158e-02
1.037820987403392792e-02
1.063231937587261200e-02
1.049291249364614487e-02
1.051023602485656738e-02
1.036585774272680283e-02
1.055879332125186920e-02
1.037772931158542633e-02
1.026271283626556396e-02
1.062022335827350616e-02
1.045321952551603317e-02
1.034990418702363968e-02
1.055102515965700150e-02
1.030043791979551315e-02
1.033128146082162857e-02
1.052412111312150955e-02
1.024706847965717316e-02
1.037878822535276413e-02
1.029771473258733749e-02
1.025962550193071365e-02
1.038430910557508469e-02
1.011836528778076172e-02
1.105112675577402115e-02
1.017707958817481995e-02
1.127453707158565521e-02
1.012235414236783981e-02
1.023816782981157303e-02
1.013250183314085007e-02
1.014196965843439102e-02
1.057408750057220459e-02
9.984295815229415894e-03
1.013401709496974945e-02
1.044518873095512390e-02
1.032099965959787369e-02
1.002759207040071487e-02
1.028919592499732971e-02
1.014166790992021561e-02
1.030024141073226929e-02
1.053389254957437515e-02
1.025781035423278809e-02
1.003357488662004471e-02
1.002722512930631638e-02
1.010860223323106766e-02
1.031099259853363037e-02
1.025415584444999695e-02
1.031091995537281036e-02
1.043000072240829468e-02
1.028153393417596817e-02
1.007304713129997253e-02
9.881272912025451660e-03
1.013041380792856216e-02
1.020849868655204773e-02
9.911518543958663940e-03
1.002104859799146652e-02
1.051090937107801437e-02
1.018971763551235199e-02
9.795721620321273804e-03
1.015916466712951660e-02
1.021022815257310867e-02
9.947017766535282135e-03
1.016800850629806519e-02
1.003349013626575470e-02
9.979543276131153107e-03
1.013110950589179993e-02
1.018144004046916962e-02
1.025196351110935211e-02
1.008852664381265640e-02
9.884490631520748138e-03
9.992654435336589813e-03
1.026985887438058853e-02
1.048014964908361435e-02
1.001656241714954376e-02
9.873012080788612366e-03
1.018516253679990768e-02
9.953800588846206665e-03
9.912163019180297852e-03
1.007768418639898300e-02
9.628192521631717682e-03
9.872877970337867737e-03
9.993357583880424500e-03
9.995534084737300873e-03
9.959912858903408051e-03
1.003460027277469635e-02
1.000331994146108627e-02
9.558742865920066833e-03
1.006783079355955124e-02
9.774403646588325500e-03
1.035579573363065720e-02
9.955318644642829895e-03
9.708578698337078094e-03
9.729310870170593262e-03
9.824830107390880585e-03
1.040275208652019501e-02
9.943159297108650208e-03
9.711268357932567596e-03
9.789803996682167053e-03
1.002265047281980515e-02
1.017521601170301437e-02
9.915990754961967468e-03
9.851804003119468689e-03
9.962492622435092926e-03
9.926915168762207031e-03
1.020174007862806320e-02
9.483498521149158478e-03
9.782048873603343964e-03
9.945460595190525055e-03
1.042389404028654099e-02
1.032148115336894989e-02
9.588383138179779053e-03
9.473958052694797516e-03
1.029684860259294510e-02
9.707343764603137970e-03
9.604536928236484528e-03
9.732692502439022064e-03
1.040308270603418350e-02
9.749423712491989136e-03
9.786183014512062073e-03
9.837462566792964935e-03
9.669969789683818817e-03
9.566320106387138367e-03
9.686505421996116638e-03
9.816431440412998199e-03
9.711355902254581451e-03
1.043926086276769638e-02
9.655197151005268097e-03
9.584394283592700958e-03
9.728106670081615448e-03
9.683265350759029388e-03
9.925052523612976074e-03
9.833486750721931458e-03
9.480122476816177368e-03
9.993863292038440704e-03
9.527630172669887543e-03
9.454168379306793213e-03
9.665858000516891479e-03
9.901131503283977509e-03
9.801549836993217468e-03
9.713484905660152435e-03
9.632440283894538879e-03
9.578912518918514252e-03
9.469180367887020111e-03
9.458304382860660553e-03
1.017179712653160095e-02
9.807479567825794220e-03
9.643473662436008453e-03
9.402646683156490326e-03
9.930697269737720490e-03
9.777725674211978912e-03
1.000341307371854782e-02
9.366896003484725952e-03
9.642271324992179871e-03
9.591366164386272430e-03
9.581829421222209930e-03
9.960263967514038086e-03
9.601210243999958038e-03
9.437221102416515350e-03
9.938197210431098938e-03
9.533808566629886627e-03
9.511611424386501312e-03
9.930940344929695129e-03
9.297362528741359711e-03
9.668016806244850159e-03
9.513546712696552277e-03
9.407072328031063080e-03
9.402337484061717987e-03
9.427780285477638245e-03
9.770502336323261261e-03
9.660016745328903198e-03
9.292311966419219971e-03
9.505549445748329163e-03
1.007955335080623627e-02
9.755721315741539001e-03
9.464790113270282745e-03
9.684730321168899536e-03
9.780051186680793762e-03
9.331199340522289276e-03
9.410124272108078003e-03
9.526788257062435150e-03
9.627653285861015320e-03
9.296342730522155762e-03
9.507196024060249329e-03
9.671156294643878937e-03
9.390948340296745300e-03
9.492088109254837036e-03
9.563372470438480377e-03
9.776643477380275726e-03
9.632118977606296539e-03
9.356196969747543335e-03
9.708608500659465790e-03
9.802456013858318329e-03
9.441147558391094208e-03
9.548454545438289642e-03
9.613927453756332397e-03
9.487316943705081940e-03
9.392455220222473145e-03
9.329304099082946777e-03
9.402476251125335693e-03
9.333438239991664886e-03
9.839736856520175934e-03
9.292749688029289246e-03
9.520629420876502991e-03
9.385979734361171722e-03
9.394038468599319458e-03
9.168126620352268219e-03
9.605805389583110809e-03
9.602874517440795898e-03
9.470730088651180267e-03
9.298495016992092133e-03
9.142744354903697968e-03
9.778340347111225128e-03
9.198918938636779785e-03
9.260231629014015198e-03
9.723265655338764191e-03
9.362097829580307007e-03
9.260128252208232880e-03
9.701889939606189728e-03
9.291323833167552948e-03
9.477080777287483215e-03
9.383482858538627625e-03
9.214013814926147461e-03
9.027726016938686371e-03
9.305651299655437469e-03
9.232096374034881592e-03
9.266627952456474304e-03
9.756647050380706787e-03
9.838708676397800446e-03
9.516675025224685669e-03
9.011953137814998627e-03
9.056831710040569305e-03
9.259408339858055115e-03
9.825673885643482208e-03
9.146282449364662170e-03
9.087629616260528564e-03
9.117751382291316986e-03
9.090308099985122681e-03
9.336438030004501343e-03
9.378622286021709442e-03
9.424145333468914032e-03
9.196258150041103363e-03
9.184155613183975220e-03
9.317348711192607880e-03
9.250999428331851959e-03
9.233262389898300171e-03
9.411715902388095856e-03
9.273302741348743439e-03
9.334944188594818115e-03
9.334096685051918030e-03
9.302071295678615570e-03
9.088843129575252533e-03
9.242296218872070312e-03
9.137441404163837433e-03
9.331680834293365479e-03
9.459926746785640717e-03
9.226101450622081757e-03
9.127347730100154877e-03
9.386919438838958740e-03
9.103687480092048645e-03
9.302872233092784882e-03
9.421387687325477600e-03
9.259138256311416626e-03
9.109678678214550018e-03
8.999888785183429718e-03
9.349443018436431885e-03
9.259042330086231232e-03
9.023883379995822906e-03
9.223423898220062256e-03
9.351073764264583588e-03
9.334234520792961121e-03
9.048316627740859985e-03
9.249944239854812622e-03
9.168555028736591339e-03
9.140702895820140839e-03
9.030236862599849701e-03
9.186519309878349304e-03
9.231877513229846954e-03
8.880412206053733826e-03
9.618598036468029022e-03
9.225156158208847046e-03
9.015238843858242035e-03
9.371556341648101807e-03
9.110613726079463959e-03
9.371259249746799469e-03
9.212668985128402710e-03
9.207229129970073700e-03
8.913877420127391815e-03
9.651330299675464630e-03
9.108665399253368378e-03
9.176533669233322144e-03
9.205783717334270477e-03
9.072493761777877808e-03
8.942258544266223907e-03
8.999302051961421967e-03
8.961743675172328949e-03
9.117758832871913910e-03
8.929520845413208008e-03
9.042817167937755585e-03
8.968494832515716553e-03
9.019934572279453278e-03
9.448093362152576447e-03
8.744558319449424744e-03
8.972623385488986969e-03
9.153994731605052948e-03
9.200570173561573029e-03
8.905180729925632477e-03
9.224761277437210083e-03
9.198548272252082825e-03
9.010945446789264679e-03
9.385572746396064758e-03
8.945880457758903503e-03
8.768430911004543304e-03
8.922352455556392670e-03
9.152508340775966644e-03
8.880523964762687683e-03
9.192074649035930634e-03
8.857124485075473785e-03
9.100981988012790680e-03
9.068058803677558899e-03
9.255690500140190125e-03
9.004100225865840912e-03
9.438893757760524750e-03
9.027477353811264038e-03
8.803573437035083771e-03
8.996053598821163177e-03
8.770602755248546600e-03
8.982476778328418732e-03
8.854662999510765076e-03
9.113152511417865753e-03
9.380793198943138123e-03
8.730709552764892578e-03
9.001194499433040619e-03
8.758157491683959961e-03
8.656044490635395050e-03
9.079501032829284668e-03
9.332680143415927887e-03
8.845560252666473389e-03
9.178818203508853912e-03
9.179365821182727814e-03
8.882123976945877075e-03
8.896098472177982330e-03
8.961987681686878204e-03
8.773253299295902252e-03
9.278999641537666321e-03
8.927768096327781677e-03
8.708295412361621857e-03
8.952143602073192596e-03
8.711105212569236755e-03
8.991499431431293488e-03
9.045728482306003571e-03
9.061918593943119049e-03
9.050608612596988678e-03
8.616905659437179565e-03
9.088426828384399414e-03
8.907896466553211212e-03
9.068193845450878143e-03
9.175930172204971313e-03
8.601075038313865662e-03
8.923369459807872772e-03
9.025559760630130768e-03
9.189242497086524963e-03
9.170204401016235352e-03
9.049440734088420868e-03
9.235549718141555786e-03
8.874529972672462463e-03
8.866539224982261658e-03
8.858785033226013184e-03
9.111908264458179474e-03
9.002446196973323822e-03
9.051010012626647949e-03
8.615453727543354034e-03
9.001266211271286011e-03
8.834360167384147644e-03
8.753469213843345642e-03
8.777080103754997253e-03
8.860439062118530273e-03
8.753016591072082520e-03
8.642420172691345215e-03
8.908246643841266632e-03
9.277146309614181519e-03
8.940444327890872955e-03
8.786197751760482788e-03
8.824594318866729736e-03
8.892046287655830383e-03
8.766307495534420013e-03
8.870550431311130524e-03
8.837171830236911774e-03
8.936814963817596436e-03
9.585335850715637207e-03
8.850967511534690857e-03
8.653855882585048676e-03
8.651398122310638428e-03
8.637671358883380890e-03
9.197149425745010376e-03
8.747221902012825012e-03
9.088508784770965576e-03
8.818149566650390625e-03
8.963246829807758331e-03
8.880719542503356934e-03
8.553601801395416260e-03
8.968796581029891968e-03
9.183445014059543610e-03
8.646541275084018707e-03
8.990109898149967194e-03
8.569120429456233978e-03
8.679483085870742798e-03
9.039461612701416016e-03
8.873585611581802368e-03
8.790623396635055542e-03
9.003027342259883881e-03
8.793723769485950470e-03
8.925960399210453033e-03
8.801673538982868195e-03
8.980878628790378571e-03
8.725703693926334381e-03
8.924680761992931366e-03
8.689950220286846161e-03
8.875946514308452606e-03
8.728636428713798523e-03
8.922938257455825806e-03
8.736188523471355438e-03
8.766891434788703918e-03
8.780210278928279877e-03
9.088962338864803314e-03
8.951034396886825562e-03
8.757115341722965240e-03
8.711546659469604492e-03
8.592592552304267883e-03
8.888733573257923126e-03
8.739660494029521942e-03
9.008263237774372101e-03
9.074023924767971039e-03
8.569201454520225525e-03
8.519534021615982056e-03
8.792536333203315735e-03
8.966955356299877167e-03
8.712739683687686920e-03
8.755881339311599731e-03
8.989070542156696320e-03
8.736631833016872406e-03
8.691159076988697052e-03
8.536109700798988342e-03
8.480498567223548889e-03
8.908805437386035919e-03
8.669726550579071045e-03
8.472447283565998077e-03
8.654221892356872559e-03
8.666939102113246918e-03
9.099056012928485870e-03
8.656062185764312744e-03
8.743384853005409241e-03
9.019604884088039398e-03
8.755352348089218140e-03
8.509769104421138763e-03
8.814989589154720306e-03
8.870053105056285858e-03
9.128483012318611145e-03
8.631042204797267914e-03
8.471409790217876434e-03
8.443114347755908966e-03
8.842180483043193817e-03
8.792445063591003418e-03
8.704643696546554565e-03
8.708411827683448792e-03
8.766873739659786224e-03
8.506795391440391541e-03
8.480357006192207336e-03
8.614012971520423889e-03
8.573139086365699768e-03
8.608512580394744873e-03
9.096582420170307159e-03
8.643605746328830719e-03
8.442089892923831940e-03
8.637257851660251617e-03
9.087653830647468567e-03
8.289662189781665802e-03
8.663322776556015015e-03
8.677845820784568787e-03
8.669693022966384888e-03
8.694197982549667358e-03
8.520846255123615265e-03
8.679063990712165833e-03
8.733122609555721283e-03
8.707038126885890961e-03
8.784626610577106476e-03
9.034991264343261719e-03
8.556969463825225830e-03
8.543631061911582947e-03
8.764646947383880615e-03
8.601333945989608765e-03
8.704063482582569122e-03
8.678940124809741974e-03
8.576515130698680878e-03
8.505809120833873749e-03
8.583645336329936981e-03
8.530696853995323181e-03
8.739728480577468872e-03
8.853295817971229553e-03
8.613600395619869232e-03
8.791502565145492554e-03
8.480279706418514252e-03
8.532644249498844147e-03
8.787918835878372192e-03
8.533823303878307343e-03
8.875506930053234100e-03
8.792439475655555725e-03
8.688936010003089905e-03
8.517067879438400269e-03
8.712206967175006866e-03
8.354869671165943146e-03
8.639818057417869568e-03
8.786216378211975098e-03
8.768691681325435638e-03
8.544296026229858398e-03
8.435267955064773560e-03
8.566747419536113739e-03
8.510313928127288818e-03
8.897549472749233246e-03
8.438414894044399261e-03
8.851089514791965485e-03
8.597855456173419952e-03
8.279253728687763214e-03
8.530594408512115479e-03
8.749024942517280579e-03
8.933779783546924591e-03
8.488788269460201263e-03
8.374943397939205170e-03
8.791637606918811798e-03
8.736042305827140808e-03
8.380329236388206482e-03
8.564794436097145081e-03
8.801689371466636658e-03
8.759036660194396973e-03
8.494729176163673401e-03
8.566182106733322144e-03
8.545365184545516968e-03
8.559649810194969177e-03
8.563510142266750336e-03
8.802046068012714386e-03
8.417264558374881744e-03
8.393510244786739349e-03
8.543333970010280609e-03
8.552739396691322327e-03
8.408064953982830048e-03
8.594974875450134277e-03
8.690237998962402344e-03
8.587012998759746552e-03
8.643325418233871460e-03
8.470097556710243225e-03
8.439261466264724731e-03
8.493683300912380219e-03
8.585059083998203278e-03
8.712086826562881470e-03
8.385118097066879272e-03
8.748109452426433563e-03
8.401215076446533203e-03
8.483340032398700714e-03
8.489742875099182129e-03
8.615766651928424835e-03
8.458769880235195160e-03
8.462377823889255524e-03
8.460459299385547638e-03
8.394677191972732544e-03
8.356194011867046356e-03
8.506732061505317688e-03
8.581673726439476013e-03
8.717217482626438141e-03
8.546459488570690155e-03
8.383904583752155304e-03
8.498182520270347595e-03
8.440856821835041046e-03
8.440827950835227966e-03
8.366988040506839752e-03
8.365374989807605743e-03
8.257656358182430267e-03
8.452862501144409180e-03
8.332439698278903961e-03
8.760806173086166382e-03
8.374607190489768982e-03
8.497589267790317535e-03
8.508359082043170929e-03
8.289825171232223511e-03
8.381232619285583496e-03
8.330504409968852997e-03
8.550588972866535187e-03
8.234667591750621796e-03
8.708748035132884979e-03
8.692800067365169525e-03
8.329486474394798279e-03
8.372044190764427185e-03
8.587148971855640411e-03
8.506587706506252289e-03
8.536508306860923767e-03
8.540240116417407990e-03
8.513213135302066803e-03
8.841936476528644562e-03
8.363666944205760956e-03
8.301914669573307037e-03
8.512676693499088287e-03
8.600686676800251007e-03
8.202575147151947021e-03
8.722579106688499451e-03
8.354862220585346222e-03
8.508773520588874817e-03
8.663194254040718079e-03
8.305801078677177429e-03
8.209607563912868500e-03
8.433915674686431885e-03
8.505988866090774536e-03
8.393148891627788544e-03
8.061087690293788910e-03
8.538947440683841705e-03
8.405823260545730591e-03
8.290736004710197449e-03
8.340301923453807831e-03
8.366554044187068939e-03
8.369815535843372345e-03
8.350214920938014984e-03
8.803521282970905304e-03
8.397810161113739014e-03
8.328967727720737457e-03
8.480974473059177399e-03
8.237984031438827515e-03
8.420453406870365143e-03
8.574185892939567566e-03
8.403302170336246490e-03
8.316207677125930786e-03
8.320412598550319672e-03
8.345507085323333740e-03
8.331713266670703888e-03
8.659588173031806946e-03
8.495979011058807373e-03
8.330640383064746857e-03
8.516072295606136322e-03
8.710006251931190491e-03
8.381394669413566589e-03
8.278769440948963165e-03
8.180585689842700958e-03
8.389300666749477386e-03
8.415453135967254639e-03
8.254194632172584534e-03
8.560900576412677765e-03
8.291115052998065948e-03
8.502364158630371094e-03
8.688935078680515289e-03
8.354818448424339294e-03
8.220608346164226532e-03
8.502438664436340332e-03
8.267373777925968170e-03
8.958409540355205536e-03
8.391490206122398376e-03
8.138089440762996674e-03
8.226986974477767944e-03
8.142785169184207916e-03
8.330455981194972992e-03
8.260210976004600525e-03
8.198674768209457397e-03
8.499527350068092346e-03
8.602688089013099670e-03
8.452111855149269104e-03
8.404071442782878876e-03
8.384272456169128418e-03
8.356568403542041779e-03
8.689377456903457642e-03
8.426113985478878021e-03
8.232335560023784637e-03
8.396629244089126587e-03
8.668263442814350128e-03
8.335244841873645782e-03
8.210059255361557007e-03
8.168923668563365936e-03
8.176397532224655151e-03
8.201308548450469971e-03
8.188058622181415558e-03
8.384394459426403046e-03
8.249320089817047119e-03
8.461966179311275482e-03
8.202441036701202393e-03
8.450162597000598907e-03
8.423157036304473877e-03
8.181134238839149475e-03
8.433571085333824158e-03
8.158612996339797974e-03
8.156307041645050049e-03
8.403354324400424957e-03
8.626413531601428986e-03
8.297785185277462006e-03
8.122107014060020447e-03
8.395452052354812622e-03
8.087096735835075378e-03
8.110798895359039307e-03
8.233537897467613220e-03
8.073644712567329407e-03
8.353667333722114563e-03
8.290824480354785919e-03
8.415388874709606171e-03
8.323426358401775360e-03
8.586550131440162659e-03
8.233641274273395538e-03
8.428147993981838226e-03
8.287180215120315552e-03
7.996207103133201599e-03
8.311098441481590271e-03
8.196036331355571747e-03
8.353444747626781464e-03
8.732885122299194336e-03
8.186889812350273132e-03
8.289068005979061127e-03
8.309295400977134705e-03
8.252528496086597443e-03
8.150275796651840210e-03
8.051674813032150269e-03
8.206692524254322052e-03
8.227204903960227966e-03
8.331934921443462372e-03
8.280522190034389496e-03
8.498612791299819946e-03
8.486865088343620300e-03
8.215046487748622894e-03
8.423029445111751556e-03
8.219283074140548706e-03
8.161914534866809845e-03
8.208907209336757660e-03
8.202588185667991638e-03
8.317081257700920105e-03
8.213589899241924286e-03
7.946800440549850464e-03
8.023543283343315125e-03
8.479579351842403412e-03
8.182726800441741943e-03
8.337466977536678314e-03
8.128556422889232635e-03
8.333829231560230255e-03
7.974359206855297089e-03
8.378031663596630096e-03
8.340792730450630188e-03
8.133080787956714630e-03
7.958409376442432404e-03
8.212578482925891876e-03
8.101953193545341492e-03
8.202298544347286224e-03
8.429556153714656830e-03
8.593970909714698792e-03
8.102243766188621521e-03
7.936708629131317139e-03
8.469470776617527008e-03
8.176958188414573669e-03
8.098104037344455719e-03
8.368393406271934509e-03
7.976363413035869598e-03
8.055826649069786072e-03
8.284525945782661438e-03
7.891413755714893341e-03
8.384731598198413849e-03
8.158983662724494934e-03
8.106865920126438141e-03
8.087333291769027710e-03
8.272293955087661743e-03
8.584208786487579346e-03
8.116142824292182922e-03
8.199068717658519745e-03
8.182543329894542694e-03
8.116360753774642944e-03
8.114663884043693542e-03
8.388038724660873413e-03
8.328763768076896667e-03
8.217292837798595428e-03
8.158858865499496460e-03
8.000863716006278992e-03
8.043058216571807861e-03
8.228391408920288086e-03
8.167330175638198853e-03
8.179062977433204651e-03
8.143903687596321106e-03
8.352599106729030609e-03
8.429155685007572174e-03
8.311429060995578766e-03
8.120164275169372559e-03
8.683769032359123230e-03
8.179072290658950806e-03
8.067995309829711914e-03
8.074259385466575623e-03
8.217605762183666229e-03
8.017943240702152252e-03
7.920464500784873962e-03
8.146085776388645172e-03
8.099177852272987366e-03
8.185806684195995331e-03
7.981054484844207764e-03
8.215088397264480591e-03
8.422081358730792999e-03
7.922860793769359589e-03
8.108469657599925995e-03
8.048315532505512238e-03
8.045921102166175842e-03
8.209273219108581543e-03
8.174279704689979553e-03
8.028680458664894104e-03
8.653121069073677063e-03
8.241917006671428680e-03
8.106942288577556610e-03
8.378391154110431671e-03
8.147764019668102264e-03
8.006650954484939575e-03
8.523200638592243195e-03
8.237932808697223663e-03
8.414966054260730743e-03
7.926915772259235382e-03
7.901048287749290466e-03
7.961639203131198883e-03
8.145964704453945160e-03
8.086338639259338379e-03
8.544294163584709167e-03
8.193049579858779907e-03
7.952130399644374847e-03
8.151391521096229553e-03
8.203128352761268616e-03
7.936093956232070923e-03
8.190993219614028931e-03
8.515533991158008575e-03
8.190480060875415802e-03
8.096497505903244019e-03
8.034862577915191650e-03
8.093907497823238373e-03
8.223763667047023773e-03
8.028167299926280975e-03
7.882788777351379395e-03
8.109584450721740723e-03
8.045800961554050446e-03
8.531609550118446350e-03
8.185034617781639099e-03
8.143080398440361023e-03
8.142348378896713257e-03
8.030425757169723511e-03
8.415165357291698456e-03
7.967416197061538696e-03
8.210471831262111664e-03
8.042470552027225494e-03
7.935807108879089355e-03
8.358417078852653503e-03
8.042590692639350891e-03
8.147227577865123749e-03
8.012947626411914825e-03
8.049806579947471619e-03
8.071241900324821472e-03
8.348179981112480164e-03
7.929024286568164825e-03
7.989675737917423248e-03
8.225350640714168549e-03
8.025865070521831512e-03
8.532240986824035645e-03
8.038199506700038910e-03
8.288123644888401031e-03
7.899021729826927185e-03
8.008962497115135193e-03
8.267669938504695892e-03
8.391192182898521423e-03
7.892305031418800354e-03
8.155498653650283813e-03
8.160951547324657440e-03
8.084230124950408936e-03
8.070915937423706055e-03
7.965419441461563110e-03
8.111987262964248657e-03
8.266463875770568848e-03
7.970011793076992035e-03
8.157351985573768616e-03
8.190359920263290405e-03
7.890618406236171722e-03
8.226672187447547913e-03
8.021153509616851807e-03
8.080133236944675446e-03
8.402469567954540253e-03
7.818749174475669861e-03
8.102226071059703827e-03
8.086633868515491486e-03
7.869505323469638824e-03
8.206282742321491241e-03
8.013132959604263306e-03
8.044473826885223389e-03
8.322319947183132172e-03
8.053809404373168945e-03
8.016687817871570587e-03
8.085956797003746033e-03
8.194800466299057007e-03
8.071442134678363800e-03
8.050437085330486298e-03
7.909112609922885895e-03
8.097420446574687958e-03
8.005311712622642517e-03
8.194241672754287720e-03
7.941383868455886841e-03
8.118337951600551605e-03
7.974293082952499390e-03
8.225786499679088593e-03
8.119011297821998596e-03
8.050160482525825500e-03
7.813812233507633209e-03
7.833556272089481354e-03
8.045277558267116547e-03
8.221423253417015076e-03
7.974107749760150909e-03
8.252790197730064392e-03
8.069451898336410522e-03
7.989477366209030151e-03
7.856970652937889099e-03
8.152226917445659637e-03
8.005821146070957184e-03
7.952702231705188751e-03
7.919352501630783081e-03
8.078403770923614502e-03
7.762571796774864197e-03
7.949156686663627625e-03
7.969342172145843506e-03
8.024177514016628265e-03
8.392740041017532349e-03
7.875124923884868622e-03
7.953218184411525726e-03
8.080366998910903931e-03
8.038810454308986664e-03
7.846422493457794189e-03
7.999057881534099579e-03
7.957091554999351501e-03
8.019214496016502380e-03
8.135586045682430267e-03
8.110102266073226929e-03
7.923210039734840393e-03
8.165175095200538635e-03
8.145820349454879761e-03
7.982538081705570221e-03
7.651146501302719116e-03
8.039851672947406769e-03
7.909040898084640503e-03
8.210616186261177063e-03
7.923536002635955811e-03
8.014409802854061127e-03
8.133412338793277740e-03
7.861648686230182648e-03
7.972150109708309174e-03
8.004335686564445496e-03
7.932185195386409760e-03
7.970218546688556671e-03
8.094237186014652252e-03
8.048092015087604523e-03
7.913756184279918671e-03
7.980708964169025421e-03
7.881423458456993103e-03
7.909803651273250580e-03
8.116697892546653748e-03
8.341083303093910217e-03
8.158209733664989471e-03
7.779513020068407059e-03
7.884882390499114990e-03
8.221616968512535095e-03
7.841823622584342957e-03
7.883090525865554810e-03
8.008839562535285950e-03
7.945165969431400299e-03
8.085639216005802155e-03
7.968225516378879547e-03
7.661910261958837509e-03
8.096534758806228638e-03
7.917934097349643707e-03
8.123980835080146790e-03
7.937680929899215698e-03
7.888361811637878418e-03
7.667622063308954239e-03
7.783025968819856644e-03
8.241191506385803223e-03
7.967750541865825653e-03
8.028659038245677948e-03
8.130298927426338196e-03
7.855299860239028931e-03
7.995201274752616882e-03
7.822270505130290985e-03
8.103854954242706299e-03
7.842543534934520721e-03
8.076133206486701965e-03
8.081494830548763275e-03
8.055724203586578369e-03
7.882041856646537781e-03
8.167800493538379669e-03
7.866065017879009247e-03
8.154910057783126831e-03
8.049433119595050812e-03
8.277744986116886139e-03
7.776968181133270264e-03
7.776194252073764801e-03
7.995880208909511566e-03
7.946777157485485077e-03
8.010078221559524536e-03
8.356995880603790283e-03
7.809144444763660431e-03
7.885620929300785065e-03
7.779912091791629791e-03
7.930946536362171173e-03
7.997210137546062469e-03
7.904861122369766235e-03
8.077002130448818207e-03
8.044906891882419586e-03
7.914770394563674927e-03
7.862036116421222687e-03
8.329977281391620636e-03
7.841835729777812958e-03
7.787446491420269012e-03
7.744494825601577759e-03
8.112501353025436401e-03
7.833499461412429810e-03
7.963186129927635193e-03
7.862187922000885010e-03
7.673378102481365204e-03
7.996528409421443939e-03
8.342836052179336548e-03
7.936527021229267120e-03
7.834840565919876099e-03
7.960823364555835724e-03
7.736582309007644653e-03
7.707028649747371674e-03
7.939843460917472839e-03
7.951474748551845551e-03
7.825026288628578186e-03
8.039265871047973633e-03
8.173349313437938690e-03
7.976479828357696533e-03
8.026061579585075378e-03
8.092991076409816742e-03
7.791318465024232864e-03
8.000290952622890472e-03
8.124646730720996857e-03
7.979745045304298401e-03
7.735217455774545670e-03
7.848001085221767426e-03
7.859575562179088593e-03
7.914674468338489532e-03
7.922315038740634918e-03
8.217830210924148560e-03
7.924409583210945129e-03
7.861338555812835693e-03
7.954168133437633514e-03
7.909768261015415192e-03
7.917517796158790588e-03
7.919312454760074615e-03
7.817610166966915131e-03
8.030824363231658936e-03
7.996644824743270874e-03
8.273764513432979584e-03
8.027829229831695557e-03
7.810864597558975220e-03
7.976989261806011200e-03
7.814152166247367859e-03
7.937697693705558777e-03
7.859080098569393158e-03
8.059491403400897980e-03
8.166633546352386475e-03
7.874467410147190094e-03
7.887250743806362152e-03
7.812929339706897736e-03
7.734725251793861389e-03
7.894809357821941376e-03
7.778116036206483841e-03
7.735396269708871841e-03
7.963179610669612885e-03
7.971688173711299896e-03
7.950862869620323181e-03
8.198687806725502014e-03
8.068772964179515839e-03
8.014819584786891937e-03
7.749907672405242920e-03
7.990026846528053284e-03
7.917777635157108307e-03
7.904210127890110016e-03
7.839138619601726532e-03
7.647552993148565292e-03
7.881971076130867004e-03
7.810641545802354813e-03
7.824125699698925018e-03
7.878757081925868988e-03
7.666331715881824493e-03
7.856294512748718262e-03
7.873367518186569214e-03
7.986770011484622955e-03
7.718510925769805908e-03
7.768103387206792831e-03
7.743473630398511887e-03
7.955391891300678253e-03
8.120034821331501007e-03
8.037441410124301910e-03
7.880935445427894592e-03
7.913642562925815582e-03
7.734693586826324463e-03
7.797622121870517731e-03
7.903859950602054596e-03
7.832008413970470428e-03
7.965699769556522369e-03
7.511377800256013870e-03
8.092690259218215942e-03
7.782027591019868851e-03
7.972401566803455353e-03
7.753286976367235184e-03
7.968899793922901154e-03
7.644418161362409592e-03
8.044879883527755737e-03
8.005680516362190247e-03
7.831899449229240417e-03
7.669034879654645920e-03
7.650971878319978714e-03
7.811840157955884933e-03
7.801447529345750809e-03
7.785352878272533417e-03
7.720421534031629562e-03
7.698502391576766968e-03
7.757710758596658707e-03
8.167251944541931152e-03
8.028957992792129517e-03
8.006854914128780365e-03
7.740088738501071930e-03
7.935288362205028534e-03
8.002790622413158417e-03
7.937402464449405670e-03
7.867029868066310883e-03
7.614349946379661560e-03
7.922137156128883362e-03
7.632539607584476471e-03
7.788515184074640274e-03
7.601842284202575684e-03
7.794387172907590866e-03
7.556435186415910721e-03
7.848144508898258209e-03
7.772020529955625534e-03
7.631254848092794418e-03
7.777245249599218369e-03
7.714055944234132767e-03
7.796937134116888046e-03
7.788335904479026794e-03
7.725859992206096649e-03
7.848951034247875214e-03
7.762399036437273026e-03
7.856409065425395966e-03
7.639164105057716370e-03
7.837188430130481720e-03
7.827293127775192261e-03
7.740728557109832764e-03
7.665214594453573227e-03
7.719081360846757889e-03
7.964434102177619934e-03
7.852207869291305542e-03
7.848204113543033600e-03
7.634880486875772476e-03
7.687584031373262405e-03
7.872609421610832214e-03
7.884686812758445740e-03
7.895416580140590668e-03
8.208553306758403778e-03
7.749995682388544083e-03
7.683276664465665817e-03
7.471608463674783707e-03
7.963271811604499817e-03
7.771728560328483582e-03
7.661427371203899384e-03
7.575924508273601532e-03
7.671044208109378815e-03
7.740593049675226212e-03
7.863992825150489807e-03
7.713032420724630356e-03
7.863125763833522797e-03
7.919919677078723907e-03
7.759452331811189651e-03
7.703317794948816299e-03
8.031549863517284393e-03
7.715366315096616745e-03
7.833495736122131348e-03
7.997487671673297882e-03
8.018570952117443085e-03
7.839191704988479614e-03
7.722452282905578613e-03
8.317287079989910126e-03
7.787024602293968201e-03
7.580827921628952026e-03
7.559452205896377563e-03
7.765005342662334442e-03
7.937759160995483398e-03
7.560358848422765732e-03
7.850177586078643799e-03
8.003896102309226990e-03
7.892587222158908844e-03
7.944012060761451721e-03
7.920427247881889343e-03
7.674912922084331512e-03
7.635846268385648727e-03
7.707299664616584778e-03
7.698748260736465454e-03
7.597986143082380295e-03
7.871679961681365967e-03
7.821198552846908569e-03
7.773098535835742950e-03
7.654713466763496399e-03
7.708821445703506470e-03
7.935561239719390869e-03
7.635279558598995209e-03
7.787426002323627472e-03
8.132469840347766876e-03
7.610143162310123444e-03
7.651896215975284576e-03
7.652606349438428879e-03
7.825598120689392090e-03
7.771895267069339752e-03
7.853214628994464874e-03
7.914213463664054871e-03
7.779161911457777023e-03
7.751803845167160034e-03
7.783303037285804749e-03
7.603340316563844681e-03
7.644908968359231949e-03
7.769640069454908371e-03
7.684542331844568253e-03
8.077550679445266724e-03
7.776428945362567902e-03
7.583888247609138489e-03
7.622012868523597717e-03
7.649642415344715118e-03
7.914808578789234161e-03
7.966436445713043213e-03
7.728738244622945786e-03
7.763088680803775787e-03
7.624538615345954895e-03
7.676874287426471710e-03
7.861029356718063354e-03
7.770898751914501190e-03
7.735362276434898376e-03
7.708420976996421814e-03
7.664064411073923111e-03
7.718526292592287064e-03
7.464700844138860703e-03
7.943439297378063202e-03
7.907652296125888824e-03
7.673997431993484497e-03
7.541438564658164978e-03
7.989486679434776306e-03
7.460061926394701004e-03
7.765002083033323288e-03
8.170694112777709961e-03
7.755029480904340744e-03
7.697877474129199982e-03
7.600561715662479401e-03
7.655941415578126907e-03
7.951558567583560944e-03
7.827406749129295349e-03
7.642704062163829803e-03
7.716465741395950317e-03
7.649123668670654297e-03
7.555592805147171021e-03
7.953356951475143433e-03
7.734973449259996414e-03
7.903658784925937653e-03
8.085723966360092163e-03
7.714849896728992462e-03
7.439651060849428177e-03
7.699338253587484360e-03
7.728557102382183075e-03
7.444771472364664078e-03
7.764655631035566330e-03
7.619978394359350204e-03
7.836688309907913208e-03
7.646167650818824768e-03
7.701735943555831909e-03
7.659332361072301865e-03
7.594670634716749191e-03
7.816886529326438904e-03
7.685123477131128311e-03
7.579098455607891083e-03
7.836407050490379333e-03
7.604983635246753693e-03
7.730283774435520172e-03
7.691795472055673599e-03
7.632371969521045685e-03
7.397077046334743500e-03
7.533337455242872238e-03
7.677833549678325653e-03
7.891114801168441772e-03
7.691698148846626282e-03
7.543514482676982880e-03
7.770174648612737656e-03
7.827963680028915405e-03
7.766965311020612717e-03
7.713371887803077698e-03
7.635957561433315277e-03
7.753322832286357880e-03
7.581776473671197891e-03
7.703062612563371658e-03
7.798515260219573975e-03
7.701887749135494232e-03
7.597377058118581772e-03
8.434880524873733521e-03
7.551944814622402191e-03
7.681582588702440262e-03
7.551670540124177933e-03
7.649647537618875504e-03
7.545827422291040421e-03
7.638678885996341705e-03
7.798821199685335159e-03
7.866319268941879272e-03
7.899912074208259583e-03
7.576918229460716248e-03
7.447497453540563583e-03
7.899217307567596436e-03
7.743360009044408798e-03
7.591320201754570007e-03
7.760070730000734329e-03
7.563708815723657608e-03
7.657966110855340958e-03
7.659609895199537277e-03
7.916742004454135895e-03
7.656292524188756943e-03
7.582196500152349472e-03
7.703059352934360504e-03
7.719353307038545609e-03
7.852727547287940979e-03
7.503218483179807663e-03
7.381405681371688843e-03
7.633870001882314682e-03
7.879975251853466034e-03
7.905893959105014801e-03
7.625536061823368073e-03
7.642438169568777084e-03
7.669849321246147156e-03
7.550411857664585114e-03
7.648915052413940430e-03
7.595689967274665833e-03
7.510990370064973831e-03
7.452091202139854431e-03
7.633716799318790436e-03
7.573827169835567474e-03
7.729061879217624664e-03
7.680781185626983643e-03
7.670181337743997574e-03
7.571307476609945297e-03
7.562405895441770554e-03
7.615264039486646652e-03
7.666651625186204910e-03
7.649589329957962036e-03
7.513788063079118729e-03
7.621646393090486526e-03
7.725426461547613144e-03
7.481640670448541641e-03
7.508090231567621231e-03
7.606093306094408035e-03
7.906580343842506409e-03
7.735840510576963425e-03
8.016020990908145905e-03
7.666207849979400635e-03
7.447416428476572037e-03
7.655321620404720306e-03
7.680722046643495560e-03
7.678795605897903442e-03
7.560887839645147324e-03
7.601062767207622528e-03
7.594224996864795685e-03
7.598044816404581070e-03
7.546405773609876633e-03
7.764611393213272095e-03
7.673375308513641357e-03
7.639626972377300262e-03
7.477780804038047791e-03
7.494619581848382950e-03
7.548302412033081055e-03
7.671075407415628433e-03
7.540800608694553375e-03
7.826535962522029877e-03
7.592920213937759399e-03
7.530778180807828903e-03
7.720999419689178467e-03
7.642786484211683273e-03
7.723326329141855240e-03
7.806593552231788635e-03
7.523077540099620819e-03
7.536510005593299866e-03
7.838339544832706451e-03
7.870341651141643524e-03
7.503123022615909576e-03
7.902380079030990601e-03
7.761867716908454895e-03
7.704317104071378708e-03
7.694609463214874268e-03
7.624734658747911453e-03
7.468606811016798019e-03
7.832037284970283508e-03
7.550484500825405121e-03
7.655269466340541840e-03
7.597144227474927902e-03
7.453368976712226868e-03
7.669452577829360962e-03
7.533710449934005737e-03
7.394115440547466278e-03
7.448161952197551727e-03
7.573054172098636627e-03
7.589885499328374863e-03
7.633291184902191162e-03
7.535228040069341660e-03
7.879407145082950592e-03
7.656432688236236572e-03
7.501412648707628250e-03
7.608175277709960938e-03
7.721475791186094284e-03
7.526090834289789200e-03
7.497034035623073578e-03
7.857258431613445282e-03
7.525306660681962967e-03
7.866693660616874695e-03
7.613690569996833801e-03
7.522169966250658035e-03
7.525283843278884888e-03
7.763253990560770035e-03
7.606828119605779648e-03
7.274877745658159256e-03
7.655509747564792633e-03
7.596593815833330154e-03
7.517117075622081757e-03
7.803370244801044464e-03
7.933625951409339905e-03
7.558483164757490158e-03
7.670054677873849869e-03
7.545479573309421539e-03
7.533920928835868835e-03
7.732585072517395020e-03
7.709483616054058075e-03
7.710626814514398575e-03
7.748000323772430420e-03
7.525708992034196854e-03
7.567132823169231415e-03
7.532412651926279068e-03
7.739641703665256500e-03
7.509320043027400970e-03
7.532434538006782532e-03
7.633870933204889297e-03
7.627993822097778320e-03
7.854954339563846588e-03
7.455666083842515945e-03
7.835096679627895355e-03
7.679764647036790848e-03
7.357401307672262192e-03
7.496159058064222336e-03
7.675600238144397736e-03
7.376713212579488754e-03
7.705909665673971176e-03
8.040515705943107605e-03
7.717219181358814240e-03
7.655857130885124207e-03
7.652016356587409973e-03
7.712999824434518814e-03
7.513723336160182953e-03
7.444927934557199478e-03
7.732130121439695358e-03
7.429817691445350647e-03
7.521726191043853760e-03
7.534246891736984253e-03
7.587409112602472305e-03
7.500375621020793915e-03
7.873344235122203827e-03
7.428779732435941696e-03
7.413154002279043198e-03
7.709285244345664978e-03
7.367125712335109711e-03
7.774963509291410446e-03
7.428199984133243561e-03
7.758754305541515350e-03
7.405639160424470901e-03
7.323501165956258774e-03
7.671281229704618454e-03
7.499437779188156128e-03
7.375398185104131699e-03
7.561111357063055038e-03
7.582934107631444931e-03
7.645060773938894272e-03
7.515361066907644272e-03
7.527720183134078979e-03
7.411243394017219543e-03
7.388696540147066116e-03
7.815502583980560303e-03
7.734002545475959778e-03
7.631527725607156754e-03
7.651487831026315689e-03
7.810431998223066330e-03
7.773642893880605698e-03
7.551515474915504456e-03
7.291526999324560165e-03
7.368700113147497177e-03
7.370767183601856232e-03
7.465478032827377319e-03
7.691354956477880478e-03
7.598685566335916519e-03
7.477656472474336624e-03
7.679131347686052322e-03
7.307380903512239456e-03
7.463670801371335983e-03
7.613907568156719208e-03
7.789544295519590378e-03
7.471380289644002914e-03
7.516307756304740906e-03
7.401292677968740463e-03
7.436148822307586670e-03
7.418916095048189163e-03
7.536387536674737930e-03
7.575986441224813461e-03
7.442070636898279190e-03
7.497550453990697861e-03
7.544623222202062607e-03
7.401879411190748215e-03
8.054293692111968994e-03
7.470896467566490173e-03
7.667207159101963043e-03
7.579159457236528397e-03
7.339207455515861511e-03
7.328411564230918884e-03
7.851745933294296265e-03
7.560209836810827255e-03
7.550652604550123215e-03
7.464617490768432617e-03
7.409682497382164001e-03
7.492755074054002762e-03
7.552216760814189911e-03
7.450180128216743469e-03
7.455432787537574768e-03
7.520426530390977859e-03
7.419311441481113434e-03
7.622504606842994690e-03
7.612979970872402191e-03
7.336235139518976212e-03
7.634075824171304703e-03
7.619080133736133575e-03
7.555173709988594055e-03
7.418766617774963379e-03
7.398138754069805145e-03
7.352262269705533981e-03
7.439627777785062790e-03
7.489984389394521713e-03
7.557092234492301941e-03
7.678785361349582672e-03
7.530983071774244308e-03
7.299050223082304001e-03
7.453083060681819916e-03
7.712461054325103760e-03
7.464869879186153412e-03
7.358705624938011169e-03
7.378063164651393890e-03
7.485688664019107819e-03
7.608800660818815231e-03
7.325123529881238937e-03
7.417786866426467896e-03
7.646422833204269409e-03
7.478790823370218277e-03
7.547032553702592850e-03
7.461800239980220795e-03
7.500995416194200516e-03
7.440702989697456360e-03
7.339949253946542740e-03
7.629245985299348831e-03
7.356810849159955978e-03
7.429443299770355225e-03
7.436816580593585968e-03
7.685421034693717957e-03
7.504391949623823166e-03
7.396130822598934174e-03
7.704551797360181808e-03
7.462947629392147064e-03
7.425121963024139404e-03
7.542205043137073517e-03
7.455451413989067078e-03
8.055254817008972168e-03
7.649911101907491684e-03
7.407428696751594543e-03
7.278653327375650406e-03
7.388781756162643433e-03
7.369908038526773453e-03
7.698704488575458527e-03
7.561812642961740494e-03
7.394468411803245544e-03
7.477619685232639313e-03
7.469221949577331543e-03
7.362654898315668106e-03
7.373053114861249924e-03
7.351962849497795105e-03
7.356983143836259842e-03
7.564753759652376175e-03
7.470543030649423599e-03
7.395073771476745605e-03
7.451706100255250931e-03
7.640033494681119919e-03
7.442401722073554993e-03
7.460607681423425674e-03
7.598567288368940353e-03
7.509256247431039810e-03
7.402800023555755615e-03
7.615714333951473236e-03
7.580603472888469696e-03
7.439623586833477020e-03
7.966175675392150879e-03
7.458714768290519714e-03
7.315108086913824081e-03
7.401995826512575150e-03
7.332019042223691940e-03
7.380767259746789932e-03
7.688647601753473282e-03
7.564261090010404587e-03
7.290286943316459656e-03
7.464373949915170670e-03
7.399214431643486023e-03
7.499785628169775009e-03
7.485139183700084686e-03
7.712389808148145676e-03
7.545408327132463455e-03
7.249050308018922806e-03
7.160263601690530777e-03
7.343748584389686584e-03
7.583655882626771927e-03
7.617508992552757263e-03
7.735174614936113358e-03
7.406384684145450592e-03
7.499560713768005371e-03
7.471221499145030975e-03
7.447008974850177765e-03
7.831466384232044220e-03
7.539510261267423630e-03
7.328229490667581558e-03
7.530812639743089676e-03
7.640924304723739624e-03
7.462284527719020844e-03
7.442615926265716553e-03
7.406058721244335175e-03
7.458796259015798569e-03
7.487957831472158432e-03
7.333014626055955887e-03
7.277914788573980331e-03
7.490952964872121811e-03
7.385248318314552307e-03
7.437986321747303009e-03
