2.490110695362091064e-01
2.468333840370178223e-01
2.438814640045166016e-01
2.327423095703125000e-01
2.064764648675918579e-01
1.800583153963088989e-01
1.629680097103118896e-01
1.498506218194961548e-01
1.392578333616256714e-01
1.299640834331512451e-01
1.214777082204818726e-01
1.146163791418075562e-01
1.085796207189559937e-01
1.022792831063270569e-01
9.754459559917449951e-02
9.232514351606369019e-02
8.739230036735534668e-02
8.317478746175765991e-02
7.968535274267196655e-02
7.524561136960983276e-02
7.235549390316009521e-02
6.835577636957168579e-02
6.609174609184265137e-02
6.377546489238739014e-02
6.056796386837959290e-02
5.858672410249710083e-02
5.612365156412124634e-02
5.377027019858360291e-02
5.254722386598587036e-02
5.022512003779411316e-02
4.879475384950637817e-02
4.704711213707923889e-02
4.572756215929985046e-02
4.468146339058876038e-02
4.310857504606246948e-02
4.220080003142356873e-02
4.083594307303428650e-02
4.008448123931884766e-02
3.931548073887825012e-02
3.779964521527290344e-02
3.719576075673103333e-02
3.565440699458122253e-02
3.528667986392974854e-02
3.494331240653991699e-02
3.368860483169555664e-02
3.315159305930137634e-02
3.280239552259445190e-02
3.225710615515708923e-02
3.171432390809059143e-02
3.072234243154525757e-02
3.008501045405864716e-02
3.008107282221317291e-02
3.019586950540542603e-02
2.878679521381855011e-02
2.833423390984535217e-02
2.789184637367725372e-02
2.747030928730964661e-02
2.757063694298267365e-02
2.714028768241405487e-02
2.714361436665058136e-02
2.635985799133777618e-02
2.594607137143611908e-02
2.593294158577919006e-02
2.496320754289627075e-02
2.534214407205581665e-02
2.470623329281806946e-02
2.440628781914710999e-02
2.410790883004665375e-02
2.426440641283988953e-02
2.289319969713687897e-02
2.379278093576431274e-02
2.296680770814418793e-02
2.264804951846599579e-02
2.230361662805080414e-02
2.252697199583053589e-02
2.193270809948444366e-02
2.172021195292472839e-02
2.188411541283130646e-02
2.137073874473571777e-02
2.178543806076049805e-02
2.114261128008365631e-02
2.054609544575214386e-02
2.071249857544898987e-02
2.042039483785629272e-02
2.037800103425979614e-02
2.052462473511695862e-02
2.002323046326637268e-02
1.998984627425670624e-02
1.948467642068862915e-02
1.939876750111579895e-02
1.945737190544605255e-02
1.941076666116714478e-02
1.895697787404060364e-02
1.907104998826980591e-02
1.885084062814712524e-02
1.839622296392917633e-02
1.807728223502635956e-02
1.833486557006835938e-02
1.845194026827812195e-02
1.823404245078563690e-02
1.767714694142341614e-02
1.793624088168144226e-02
1.768023334443569183e-02
1.772053912281990051e-02
1.745204441249370575e-02
1.732885278761386871e-02
1.706499047577381134e-02
1.732054725289344788e-02
1.676137559115886688e-02
1.695929095149040222e-02
1.719924435019493103e-02
1.643307320773601532e-02
1.659589819610118866e-02
1.627399586141109467e-02
1.617904193699359894e-02
1.616099104285240173e-02
1.618853025138378143e-02
1.640577055513858795e-02
1.592250913381576538e-02
1.607462763786315918e-02
1.555689517408609390e-02
1.545048132538795471e-02
1.558954082429409027e-02
1.556335203349590302e-02
1.550302095711231232e-02
1.523396465927362442e-02
1.525079365819692612e-02
1.511699799448251724e-02
1.476627960801124573e-02
1.481948234140872955e-02
1.489874627441167831e-02
1.435479614883661270e-02
1.507282257080078125e-02
1.474834233522415161e-02
1.419758144766092300e-02
1.452206168323755264e-02
1.470964029431343079e-02
1.400868780910968781e-02
1.438815239816904068e-02
1.427710987627506256e-02
1.365496963262557983e-02
1.377531792968511581e-02
1.374101638793945312e-02
1.436812523752450943e-02
1.400295924395322800e-02
1.312457770109176636e-02
1.381356175988912582e-02
1.377823203802108765e-02
1.355687901377677917e-02
1.365122478455305099e-02
1.331152953207492828e-02
1.344819832593202591e-02
1.334975939244031906e-02
1.321778818964958191e-02
1.374407950788736343e-02
1.277284417301416397e-02
1.350387185811996460e-02
1.292645465582609177e-02
1.264900527894496918e-02
1.328832376748323441e-02
1.288018561899662018e-02
1.246817689388990402e-02
1.243693660944700241e-02
1.298951730132102966e-02
1.271698437631130219e-02
1.283151656389236450e-02
1.260573416948318481e-02
1.255809981375932693e-02
1.262543722987174988e-02
1.252075005322694778e-02
1.287750899791717529e-02
1.216951012611389160e-02
1.232196018099784851e-02
1.215283386409282684e-02
1.207526586949825287e-02
1.193385291844606400e-02
1.209658291190862656e-02
1.210839487612247467e-02
1.178409066051244736e-02
1.174172479659318924e-02
1.199417840689420700e-02
1.174554787576198578e-02
1.228578761219978333e-02
1.148638781160116196e-02
1.182993035763502121e-02
1.183143444359302521e-02
1.167382299900054932e-02
1.188480574637651443e-02
1.142278313636779785e-02
1.174915768206119537e-02
1.107238326221704483e-02
1.127568259835243225e-02
1.179194822907447815e-02
1.103477552533149719e-02
1.092183403670787811e-02
1.118606608361005783e-02
1.132519077509641647e-02
1.091206446290016174e-02
1.128477230668067932e-02
1.103109959512948990e-02
1.108857151120901108e-02
1.082231476902961731e-02
1.101421192288398743e-02
1.081356685608625412e-02
1.124168001115322113e-02
1.083458866924047470e-02
1.098795235157012939e-02
1.107602380216121674e-02
1.086263358592987061e-02
1.045734342187643051e-02
1.054937019944190979e-02
1.057274825870990753e-02
1.053581666201353073e-02
1.066487189382314682e-02
1.041710376739501953e-02
1.049410458654165268e-02
1.057935971766710281e-02
1.025588065385818481e-02
1.050548162311315536e-02
9.962694719433784485e-03
1.042303908616304398e-02
1.052528712898492813e-02
1.020553894340991974e-02
1.032892800867557526e-02
1.022491231560707092e-02
9.759876877069473267e-03
1.037426292896270752e-02
9.775610640645027161e-03
9.997071698307991028e-03
1.010783761739730835e-02
1.006219908595085144e-02
9.920599870383739471e-03
9.902771562337875366e-03
9.950266219675540924e-03
9.599898941814899445e-03
1.012964267283678055e-02
9.655207395553588867e-03
9.876970201730728149e-03
9.666554629802703857e-03
9.667394682765007019e-03
9.700474329292774200e-03
9.692614898085594177e-03
9.542075917124748230e-03
9.215828962624073029e-03
9.542899206280708313e-03
9.438180364668369293e-03
9.508279152214527130e-03
9.676198475062847137e-03
9.475369006395339966e-03
9.359730407595634460e-03
9.261079132556915283e-03
9.548204019665718079e-03
9.214053861796855927e-03
9.195684455335140228e-03
9.428947232663631439e-03
9.376080706715583801e-03
9.239870123565196991e-03
9.076254442334175110e-03
9.024892933666706085e-03
9.437267668545246124e-03
8.831815794110298157e-03
9.094421751797199249e-03
8.830166421830654144e-03
9.007167071104049683e-03
9.161783382296562195e-03
9.029546752572059631e-03
9.066935628652572632e-03
8.727847598493099213e-03
8.654258213937282562e-03
8.981770835816860199e-03
9.396051988005638123e-03
8.488598279654979706e-03
8.632323704659938812e-03
8.717646822333335876e-03
8.780018426477909088e-03
8.588362485170364380e-03
8.732253685593605042e-03
8.614696562290191650e-03
8.842140436172485352e-03
8.562620729207992554e-03
8.548202924430370331e-03
8.365013636648654938e-03
8.697466924786567688e-03
8.676813915371894836e-03
8.300523273646831512e-03
8.394966833293437958e-03
8.364025503396987915e-03
8.671984076499938965e-03
8.245918899774551392e-03
8.495136164128780365e-03
8.321939967572689056e-03
8.180373348295688629e-03
8.480896241962909698e-03
8.207256905734539032e-03
8.188018575310707092e-03
8.250703103840351105e-03
8.053469471633434296e-03
8.372957818210124969e-03
8.198964409530162811e-03
8.084524422883987427e-03
8.007433265447616577e-03
7.860504090785980225e-03
8.118277415633201599e-03
7.944744080305099487e-03
7.915988564491271973e-03
8.025222457945346832e-03
8.082158863544464111e-03
8.132652379572391510e-03
7.839201949536800385e-03
8.554814383387565613e-03
7.781696971505880356e-03
7.605090737342834473e-03
7.694407366216182709e-03
8.114384487271308899e-03
7.877327501773834229e-03
7.645907346159219742e-03
7.642549928277730942e-03
8.120966143906116486e-03
7.621950004249811172e-03
7.676448673009872437e-03
7.949012331664562225e-03
7.651954889297485352e-03
7.640814874321222305e-03
7.762532681226730347e-03
7.843551225960254669e-03
7.826434448361396790e-03
7.556378841400146484e-03
7.679880596697330475e-03
7.577634416520595551e-03
7.648247294127941132e-03
7.535343524068593979e-03
7.298272103071212769e-03
7.835615426301956177e-03
7.680719252675771713e-03
7.147355936467647552e-03
7.309813052415847778e-03
7.371643558144569397e-03
7.306900806725025177e-03
7.268123794347047806e-03
7.309832144528627396e-03
7.629927247762680054e-03
7.543795276433229446e-03
6.997662596404552460e-03
7.312665693461894989e-03
7.509388029575347900e-03
7.329528219997882843e-03
7.213666569441556931e-03
7.368990685790777206e-03
7.348235230892896652e-03
6.984803359955549240e-03
7.160592824220657349e-03
7.016716524958610535e-03
7.339570671319961548e-03
7.194387726485729218e-03
7.033061701804399490e-03
7.067390251904726028e-03
6.995961535722017288e-03
7.461536675691604614e-03
7.027783896774053574e-03
7.028132211416959763e-03
7.157548796385526657e-03
6.995912641286849976e-03
7.336224894970655441e-03
6.899568717926740646e-03
6.836213637143373489e-03
7.178994826972484589e-03
7.178131025284528732e-03
6.998010911047458649e-03
6.894044112414121628e-03
7.029557600617408752e-03
6.996049545705318451e-03
6.873487029224634171e-03
6.843393668532371521e-03
6.976722273975610733e-03
6.637780927121639252e-03
7.136442698538303375e-03
6.858309730887413025e-03
6.789711304008960724e-03
6.762198638170957565e-03
6.940689869225025177e-03
6.844932679086923599e-03
6.821772083640098572e-03
6.890867836773395538e-03
6.630795542150735855e-03
6.684172898530960083e-03
6.718509830534458160e-03
6.718259770423173904e-03
6.808512378484010696e-03
6.855968851596117020e-03
6.551280152052640915e-03
6.742141675204038620e-03
6.918428000062704086e-03
6.490229163318872452e-03
6.581214256584644318e-03
6.557174026966094971e-03
6.750340107828378677e-03
6.794373504817485809e-03
6.608251482248306274e-03
6.476015318185091019e-03
6.504993420094251633e-03
6.674492266029119492e-03
6.664155051112174988e-03
6.677711848169565201e-03
6.580487359315156937e-03
6.627771537750959396e-03
6.606447044759988785e-03
6.432506255805492401e-03
6.708694156259298325e-03
6.342041306197643280e-03
6.529591977596282959e-03
6.320949643850326538e-03
6.416938733309507370e-03
6.815522909164428711e-03
6.243020761758089066e-03
6.423772312700748444e-03
6.539173424243927002e-03
6.424590945243835449e-03
6.398144178092479706e-03
6.605186033993959427e-03
6.510416977107524872e-03
6.595156621187925339e-03
6.289819255471229553e-03
6.416184362024068832e-03
6.269287317991256714e-03
6.311033852398395538e-03
6.354611366987228394e-03
6.460429169237613678e-03
6.324106827378273010e-03
6.389406509697437286e-03
6.140635814517736435e-03
6.219280883669853210e-03
6.335589569061994553e-03
6.163934711366891861e-03
6.026865914463996887e-03
6.273201201111078262e-03
6.273020990192890167e-03
6.373567041009664536e-03
6.317090243101119995e-03
6.312637124210596085e-03
6.047573406249284744e-03
6.068048533052206039e-03
6.166215986013412476e-03
6.167181301862001419e-03
6.220452953130006790e-03
6.296604406088590622e-03
6.197851151227951050e-03
6.023470778018236160e-03
5.975458770990371704e-03
6.066459696739912033e-03
6.381062325090169907e-03
5.951318889856338501e-03
5.950225982815027237e-03
6.096534430980682373e-03
6.365261506289243698e-03
5.993758328258991241e-03
6.008626893162727356e-03
6.022998597472906113e-03
6.015201564878225327e-03
5.899435840547084808e-03
6.074452307075262070e-03
5.895116832107305527e-03
5.882230587303638458e-03
5.972980521619319916e-03
6.144484505057334900e-03
5.872932262718677521e-03
6.125542800873517990e-03
5.859597120434045792e-03
5.941261537373065948e-03
5.763992201536893845e-03
5.970456637442111969e-03
6.051755044609308243e-03
6.026681046932935715e-03
6.086488254368305206e-03
5.796090234071016312e-03
5.844569299370050430e-03
5.870938301086425781e-03
5.822723731398582458e-03
5.916242953389883041e-03
5.996502935886383057e-03
5.781040061265230179e-03
5.682441871613264084e-03
5.832612514495849609e-03
5.871505476534366608e-03
5.962545517832040787e-03
6.064403336495161057e-03
5.986391101032495499e-03
5.936819594353437424e-03
5.639139097183942795e-03
5.790648516267538071e-03
5.952339153736829758e-03
5.483125336468219757e-03
5.755445919930934906e-03
5.750838667154312134e-03
5.895924288779497147e-03
5.633758846670389175e-03
5.777705926448106766e-03
5.666206590831279755e-03
5.553682334721088409e-03
5.881805904209613800e-03
5.591094028204679489e-03
5.632739979773759842e-03
5.715125706046819687e-03
5.665189586579799652e-03
5.737873259931802750e-03
5.513853393495082855e-03
5.656615830957889557e-03
5.697047803550958633e-03
5.524402484297752380e-03
5.858919117599725723e-03
5.468694027513265610e-03
5.711263045668601990e-03
5.415933206677436829e-03
5.502500105649232864e-03
5.786087829619646072e-03
5.663238465785980225e-03
5.666872486472129822e-03
5.408959928900003433e-03
5.574136041104793549e-03
5.400224588811397552e-03
5.588781554251909256e-03
5.516549106687307358e-03
5.743104964494705200e-03
5.360973067581653595e-03
5.593718495219945908e-03
5.409831646829843521e-03
5.508379079401493073e-03
5.368808284401893616e-03
5.641885101795196533e-03
5.508427042514085770e-03
5.356023553758859634e-03
5.493078380823135376e-03
5.393054801970720291e-03
5.418073385953903198e-03
5.569968372583389282e-03
5.386264994740486145e-03
5.423473659902811050e-03
5.504663102328777313e-03
5.292529705911874771e-03
5.441222805529832840e-03
5.283938720822334290e-03
5.491039715707302094e-03
5.446382332593202591e-03
5.333655048161745071e-03
5.294467322528362274e-03
5.344673059880733490e-03
5.408086348325014114e-03
5.299597047269344330e-03
5.197161342948675156e-03
5.633098538964986801e-03
5.500228609889745712e-03
5.309872794896364212e-03
5.630026105791330338e-03
5.345129873603582382e-03
5.283788312226533890e-03
5.184447392821311951e-03
5.310295615345239639e-03
5.250765010714530945e-03
5.186341237276792526e-03
5.250788759440183640e-03
5.310622975230216980e-03
5.339877214282751083e-03
5.219057202339172363e-03
5.414785817265510559e-03
5.188924260437488556e-03
5.301307886838912964e-03
5.208440124988555908e-03
5.257969256490468979e-03
5.500737577676773071e-03
4.953740164637565613e-03
5.202460102736949921e-03
5.364825949072837830e-03
5.500240251421928406e-03
5.135212559252977371e-03
5.216326098889112473e-03
5.265286657959222794e-03
4.959349520504474640e-03
5.156072787940502167e-03
5.300614051520824432e-03
5.250061862170696259e-03
5.060533527284860611e-03
5.179490428417921066e-03
5.190305411815643311e-03
5.123327020555734634e-03
5.227682180702686310e-03
5.256101954728364944e-03
5.107608623802661896e-03
5.246419459581375122e-03
5.216778255999088287e-03
5.015118047595024109e-03
5.053669214248657227e-03
5.147218238562345505e-03
5.067268852144479752e-03
5.164407659322023392e-03
5.102302879095077515e-03
5.196482874453067780e-03
5.142074078321456909e-03
5.084780510514974594e-03
5.045211408287286758e-03
4.915935918688774109e-03
5.141084548085927963e-03
5.125379655510187149e-03
5.188825074583292007e-03
5.011010449379682541e-03
5.007952917367219925e-03
5.089664366096258163e-03
5.028761457651853561e-03
5.040542688220739365e-03
4.771512467414140701e-03
5.178992170840501785e-03
5.044760182499885559e-03
5.145994480699300766e-03
4.828446079045534134e-03
5.042809061706066132e-03
4.992702510207891464e-03
4.903051070868968964e-03
5.108444951474666595e-03
4.857482854276895523e-03
5.062734708189964294e-03
5.054278299212455750e-03
4.929530434310436249e-03
5.026475060731172562e-03
5.144185852259397507e-03
4.913047887384891510e-03
4.807683173567056656e-03
5.110632628202438354e-03
4.909020848572254181e-03
5.122115369886159897e-03
5.092730280011892319e-03
4.862294532358646393e-03
4.830838646739721298e-03
4.930957686156034470e-03
5.015646107494831085e-03
5.012199282646179199e-03
4.900770727545022964e-03
4.895743913948535919e-03
5.012435372918844223e-03
4.689637571573257446e-03
4.881773609668016434e-03
5.004705861210823059e-03
4.922935273498296738e-03
4.821960814297199249e-03
4.927206318825483322e-03
4.868550691753625870e-03
4.807922523468732834e-03
4.939051344990730286e-03
4.726137500256299973e-03
5.118790082633495331e-03
4.848175216466188431e-03
4.770027473568916321e-03
4.689524881541728973e-03
4.843548405915498734e-03
4.742968361824750900e-03
4.778153728693723679e-03
5.002810619771480560e-03
4.768994636833667755e-03
4.697620868682861328e-03
4.873809404671192169e-03
4.786626435816287994e-03
4.770542960613965988e-03
4.950410220772027969e-03
4.887074697762727737e-03
4.717570729553699493e-03
4.645827226340770721e-03
4.652441013604402542e-03
4.787825047969818115e-03
4.709164146333932877e-03
4.853704012930393219e-03
4.770342726260423660e-03
4.829078447073698044e-03
4.725499078631401062e-03
4.645634908229112625e-03
4.734700545668601990e-03
4.855245817452669144e-03
4.707812331616878510e-03
4.676281940191984177e-03
4.745003767311573029e-03
4.698944278061389923e-03
4.848626442253589630e-03
4.685170017182826996e-03
4.779177717864513397e-03
4.639393184334039688e-03
4.582329187542200089e-03
4.700807388871908188e-03
4.791599698364734650e-03
4.718939773738384247e-03
4.691855050623416901e-03
4.761699121445417404e-03
4.660862963646650314e-03
4.872344899922609329e-03
4.524685442447662354e-03
4.640167113393545151e-03
4.670262802392244339e-03
4.721185192465782166e-03
4.648180678486824036e-03
4.581577610224485397e-03
4.606855101883411407e-03
4.585468210279941559e-03
4.730849992483854294e-03
4.722123499959707260e-03
4.580425098538398743e-03
4.631607793271541595e-03
4.597363993525505066e-03
4.777544178068637848e-03
4.553097765892744064e-03
4.676815122365951538e-03
4.583237227052450180e-03
4.596867132931947708e-03
4.459787625819444656e-03
4.682254977524280548e-03
4.573632497340440750e-03
4.536419175565242767e-03
4.564491100609302521e-03
4.644212778657674789e-03
4.665315616875886917e-03
4.504671320319175720e-03
4.544343799352645874e-03
4.597332794219255447e-03
4.408309236168861389e-03
4.516970831900835037e-03
4.439156968146562576e-03
4.577646963298320770e-03
4.586279392242431641e-03
4.544499795883893967e-03
4.555919673293828964e-03
4.470238462090492249e-03
4.610667470842599869e-03
4.405659157782793045e-03
4.617742262780666351e-03
4.458460956811904907e-03
4.590163007378578186e-03
4.479102790355682373e-03
4.396586678922176361e-03
4.368397407233715057e-03
4.531959071755409241e-03
4.344209562987089157e-03
4.434484988451004028e-03
4.614835605025291443e-03
4.492959007620811462e-03
4.594840575009584427e-03
4.513641819357872009e-03
4.350028932094573975e-03
4.485125653445720673e-03
4.472781438380479813e-03
4.456865601241588593e-03
4.404667299240827560e-03
4.611741751432418823e-03
4.467159043997526169e-03
4.309765528887510300e-03
4.357933998107910156e-03
4.546257201582193375e-03
4.477755166590213776e-03
4.393395502120256424e-03
4.439868964254856110e-03
4.421219229698181152e-03
4.480084870010614395e-03
4.475678782910108566e-03
4.340864252299070358e-03
4.389342386275529861e-03
4.474652465432882309e-03
4.448473919183015823e-03
4.350503906607627869e-03
4.533792380243539810e-03
4.218144342303276062e-03
4.342016763985157013e-03
4.403216764330863953e-03
4.365533124655485153e-03
4.276571795344352722e-03
4.428711254149675369e-03
4.348934628069400787e-03
4.499929957091808319e-03
4.368910100311040878e-03
4.374006763100624084e-03
4.279346205294132233e-03
4.380273167043924332e-03
4.320092033594846725e-03
4.307939205318689346e-03
4.436829127371311188e-03
4.309623036533594131e-03
4.356204532086849213e-03
4.382075276225805283e-03
4.369278904050588608e-03
4.265098366886377335e-03
4.235215485095977783e-03
4.324647132307291031e-03
4.397818818688392639e-03
4.298280924558639526e-03
4.255415406078100204e-03
4.336551763117313385e-03
4.261727910488843918e-03
4.466873593628406525e-03
4.285027272999286652e-03
4.340576939284801483e-03
4.302753601223230362e-03
4.250421188771724701e-03
4.164189565926790237e-03
4.232821054756641388e-03
4.287154413759708405e-03
4.214101936668157578e-03
4.318814724683761597e-03
4.197282250970602036e-03
4.221221897751092911e-03
4.324069712311029434e-03
4.355873446911573410e-03
4.202806390821933746e-03
4.232768900692462921e-03
4.159284289926290512e-03
4.208523314446210861e-03
4.344676155596971512e-03
4.200325813144445419e-03
4.360525403171777725e-03
4.154377151280641556e-03
4.406346939504146576e-03
4.191878251731395721e-03
4.199547693133354187e-03
4.281892441213130951e-03
4.147426690906286240e-03
4.179810173809528351e-03
4.314956720918416977e-03
4.092910792678594589e-03
4.169167019426822662e-03
4.121737554669380188e-03
4.120547790080308914e-03
4.311443306505680084e-03
4.060415085405111313e-03
4.164419602602720261e-03
4.228816833347082138e-03
4.194435197860002518e-03
4.032397177070379257e-03
4.170501604676246643e-03
4.087641835212707520e-03
4.208080470561981201e-03
4.209790378808975220e-03
4.012587480247020721e-03
4.172964021563529968e-03
4.124431870877742767e-03
4.032022319734096527e-03
4.201987292617559433e-03
4.167562350630760193e-03
4.145347047597169876e-03
4.039953462779521942e-03
4.241677932441234589e-03
4.235672298818826675e-03
4.110316280275583267e-03
4.190114326775074005e-03
4.114230163395404816e-03
4.267100244760513306e-03
4.019094165414571762e-03
4.041939973831176758e-03
4.062759224325418472e-03
4.160870332270860672e-03
4.147333092987537384e-03
4.022945649921894073e-03
4.150828346610069275e-03
4.146891646087169647e-03
4.115794319659471512e-03
4.055353812873363495e-03
4.137759096920490265e-03
4.077413119375705719e-03
4.142926540225744247e-03
4.072456154972314835e-03
4.077899269759654999e-03
4.094404168426990509e-03
4.151220899075269699e-03
4.155141767114400864e-03
4.073378629982471466e-03
4.049960989505052567e-03
4.006612114608287811e-03
4.097929224371910095e-03
4.008133895695209503e-03
4.044246859848499298e-03
4.037139937281608582e-03
4.160137847065925598e-03
4.175285808742046356e-03
4.030497744679450989e-03
3.934515174478292465e-03
4.022590350359678268e-03
4.116056952625513077e-03
4.109194502234458923e-03
4.107818473130464554e-03
4.022446926683187485e-03
4.052530508488416672e-03
3.996415063738822937e-03
3.952392376959323883e-03
4.023615270853042603e-03
4.134847782552242279e-03
3.947529476135969162e-03
3.922760486602783203e-03
4.124992992728948593e-03
4.090589005500078201e-03
4.005587659776210785e-03
4.006999079138040543e-03
4.066614434123039246e-03
3.949063364416360855e-03
3.950572106987237930e-03
3.968609031289815903e-03
3.916454035788774490e-03
3.990899305790662766e-03
3.950499929487705231e-03
4.011097829788923264e-03
4.049625713378190994e-03
3.928280901163816452e-03
3.941059112548828125e-03
3.889902727678418159e-03
3.969512414187192917e-03
4.021180793642997742e-03
3.929287195205688477e-03
3.860246855765581131e-03
3.913548309355974197e-03
3.937476314604282379e-03
3.993876744061708450e-03
3.938232548534870148e-03
3.903009463101625443e-03
3.936952911317348480e-03
3.903027391061186790e-03
3.940580412745475769e-03
3.863654099404811859e-03
3.968247212469577789e-03
3.938200417906045914e-03
3.921726252883672714e-03
3.855562536045908928e-03
4.019034095108509064e-03
3.996301442384719849e-03
3.912508953362703323e-03
3.870658343657851219e-03
3.949142992496490479e-03
3.884425386786460876e-03
4.011511337012052536e-03
3.896797308698296547e-03
3.772680647671222687e-03
3.992618992924690247e-03
3.943358547985553741e-03
3.885850077494978905e-03
3.834292525425553322e-03
3.890775376930832863e-03
3.848228603601455688e-03
4.028073512017726898e-03
3.911109175533056259e-03
3.847941989079117775e-03
3.897699061781167984e-03
3.896376118063926697e-03
3.861075500026345253e-03
3.874841379001736641e-03
3.944031428545713425e-03
3.853037953376770020e-03
3.733191639184951782e-03
3.835224313661456108e-03
3.929397556930780411e-03
3.837770316749811172e-03
3.922178409993648529e-03
3.870657412335276604e-03
3.794150659814476967e-03
3.918045666068792343e-03
3.907622769474983215e-03
3.924618009477853775e-03
3.936085850000381470e-03
3.820252139121294022e-03
3.783714491873979568e-03
3.883582074195146561e-03
3.817409044131636620e-03
3.711940487846732140e-03
3.869632259011268616e-03
3.745745867490768433e-03
3.839687211439013481e-03
3.840674646198749542e-03
3.799000056460499763e-03
3.863775869831442833e-03
3.808323061093688011e-03
3.887434024363756180e-03
3.841311903670430183e-03
3.782373620197176933e-03
3.801561659201979637e-03
3.847207641229033470e-03
3.875182708725333214e-03
3.828236833214759827e-03
3.987404983490705490e-03
3.724291222169995308e-03
3.862623590975999832e-03
3.744118381291627884e-03
3.795770229771733284e-03
3.845164086669683456e-03
3.895531641319394112e-03
3.726105671375989914e-03
3.764577209949493408e-03
3.756517544388771057e-03
3.803422441706061363e-03
3.794420976191759109e-03
3.823713399469852448e-03
3.748403396457433701e-03
3.750506555661559105e-03
3.849582048133015633e-03
3.724388778209686279e-03
3.858353476971387863e-03
3.765682689845561981e-03
3.744091140106320381e-03
3.674182575196027756e-03
3.787445370107889175e-03
3.738315310329198837e-03
3.780225059017539024e-03
3.773515811190009117e-03
3.657993860542774200e-03
3.714222460985183716e-03
3.703932976350188255e-03
3.887153463438153267e-03
3.690942656248807907e-03
3.733376739546656609e-03
3.796709235757589340e-03
3.700162982568144798e-03
3.788110567256808281e-03
3.669530153274536133e-03
3.739276202395558357e-03
3.751930780708789825e-03
3.763094078749418259e-03
3.724088426679372787e-03
3.759732935577630997e-03
3.903107019141316414e-03
3.684005932882428169e-03
3.639162285253405571e-03
3.757358295843005180e-03
3.753993660211563110e-03
3.847790183499455452e-03
3.717331681400537491e-03
3.589549101889133453e-03
3.769148606806993484e-03
3.729203250259160995e-03
3.720303531736135483e-03
3.671653568744659424e-03
3.733404446393251419e-03
3.635475179180502892e-03
3.758715698495507240e-03
3.622419200837612152e-03
3.759511746466159821e-03
3.776662983000278473e-03
3.600544994696974754e-03
3.687819465994834900e-03
3.735553473234176636e-03
3.734255908057093620e-03
3.657199209555983543e-03
3.706622635945677757e-03
3.724688664078712463e-03
3.749705618247389793e-03
3.655117936432361603e-03
3.510916838422417641e-03
3.635185305029153824e-03
3.722371999174356461e-03
3.658028086647391319e-03
3.651440376415848732e-03
3.661676775664091110e-03
3.652212675660848618e-03
3.626964520663022995e-03
3.682551207020878792e-03
3.646404482424259186e-03
3.669801168143749237e-03
3.701005131006240845e-03
3.670509904623031616e-03
3.534514689818024635e-03
3.722599707543849945e-03
3.646695055067539215e-03
3.531244117766618729e-03
3.597727045416831970e-03
3.605191595852375031e-03
3.708463395014405251e-03
3.643807722255587578e-03
3.723246045410633087e-03
3.667445620521903038e-03
3.645346034318208694e-03
3.574759000912308693e-03
3.709875047206878662e-03
3.522494575008749962e-03
3.611930646002292633e-03
3.626518184319138527e-03
3.705410519614815712e-03
3.562714438885450363e-03
3.626233665272593498e-03
3.646692028269171715e-03
3.601184813305735588e-03
3.459253814071416855e-03
3.636366687715053558e-03
3.577921306714415550e-03
3.596645314246416092e-03
3.534767311066389084e-03
3.605303587391972542e-03
3.543471684679389000e-03
3.733083605766296387e-03
3.520459635183215141e-03
3.699895692989230156e-03
3.466833150014281273e-03
3.655598731711506844e-03
3.498780308291316032e-03
3.671772545203566551e-03
3.579458454623818398e-03
3.612238913774490356e-03
3.604002762585878372e-03
3.621236188337206841e-03
3.415913553908467293e-03
3.650244791060686111e-03
3.615390975028276443e-03
3.650115104392170906e-03
3.524909727275371552e-03
3.620839212089776993e-03
3.500488121062517166e-03
3.530718386173248291e-03
3.594553563743829727e-03
3.533829934895038605e-03
3.519750200212001801e-03
3.555716481059789658e-03
3.561359830200672150e-03
3.560885787010192871e-03
3.447572933509945869e-03
3.675624728202819824e-03
3.542546881362795830e-03
3.496986348181962967e-03
3.521052189171314240e-03
3.577454946935176849e-03
3.551533212885260582e-03
3.497805679216980934e-03
3.477344522252678871e-03
3.443282097578048706e-03
3.497719531878829002e-03
3.454467281699180603e-03
3.488251240924000740e-03
3.550797933712601662e-03
3.507198998704552650e-03
3.467237809672951698e-03
3.559621050953865051e-03
3.557446878403425217e-03
3.678402630612254143e-03
3.383546136319637299e-03
3.459110390394926071e-03
3.484287997707724571e-03
3.517037956044077873e-03
3.474315628409385681e-03
3.429103409871459007e-03
3.560370532795786858e-03
3.513327101245522499e-03
3.437294391915202141e-03
3.499164944514632225e-03
3.483789507299661636e-03
3.555317642167210579e-03
3.473639721050858498e-03
3.481126157566905022e-03
3.461739514023065567e-03
3.472035517916083336e-03
3.501326078549027443e-03
3.434384940192103386e-03
3.481717780232429504e-03
3.465712536126375198e-03
3.464422188699245453e-03
3.363728057593107224e-03
3.463600063696503639e-03
3.466886933892965317e-03
3.537977812811732292e-03
3.388959215953946114e-03
3.540133126080036163e-03
3.426108276471495628e-03
3.386740572750568390e-03
3.577817464247345924e-03
3.483330598101019859e-03
3.413001541048288345e-03
3.453311976045370102e-03
3.507755463942885399e-03
3.464501118287444115e-03
3.469704184681177139e-03
3.493822179734706879e-03
3.409506287425756454e-03
3.338272916153073311e-03
3.480547340586781502e-03
3.403222188353538513e-03
3.431898774579167366e-03
3.395015140995383263e-03
3.401338821277022362e-03
3.477512858808040619e-03
3.416082123294472694e-03
3.419557819142937660e-03
3.392911050468683243e-03
3.465988906100392342e-03
3.523837774991989136e-03
3.393664257600903511e-03
3.482690546661615372e-03
3.405518829822540283e-03
3.435814986005425453e-03
3.393325954675674438e-03
3.384873969480395317e-03
3.431886667385697365e-03
3.365175100043416023e-03
3.411147277802228928e-03
3.479981096461415291e-03
3.364923875778913498e-03
3.334227483719587326e-03
3.427091054618358612e-03
3.434290643781423569e-03
3.335892455652356148e-03
3.361166454851627350e-03
3.370908321812748909e-03
3.405878553166985512e-03
3.413415746763348579e-03
3.370497608557343483e-03
3.488450311124324799e-03
3.374114632606506348e-03
3.342001000419259071e-03
3.414029022678732872e-03
3.464915556833148003e-03
3.361298702657222748e-03
3.331248648464679718e-03
3.420770633965730667e-03
3.341812174767255783e-03
3.391596954315900803e-03
3.488062415271997452e-03
3.365411190316081047e-03
3.331061219796538353e-03
3.354267450049519539e-03
3.327212762087583542e-03
3.389865858480334282e-03
3.434746526181697845e-03
3.343944204971194267e-03
3.390408353880047798e-03
3.318654140457510948e-03
3.325169207528233528e-03
3.398390254005789757e-03
3.303386270999908447e-03
3.329238388687372208e-03
3.352368483319878578e-03
3.317720256745815277e-03
3.322405973449349403e-03
3.339302958920598030e-03
3.298369236290454865e-03
3.423329442739486694e-03
3.349975682795047760e-03
3.335010958835482597e-03
3.314261790364980698e-03
3.324980614706873894e-03
3.380051348358392715e-03
3.350298851728439331e-03
3.286007558926939964e-03
3.395395353436470032e-03
3.346977289766073227e-03
3.327339887619018555e-03
3.274401649832725525e-03
3.323211334645748138e-03
3.255027346312999725e-03
3.347257152199745178e-03
3.296176902949810028e-03
3.346795914694666862e-03
3.277525305747985840e-03
3.313448745757341385e-03
3.398723900318145752e-03
3.346838057041168213e-03
3.236285643652081490e-03
3.229526104405522346e-03
3.422238864004611969e-03
3.469843417406082153e-03
3.302741097286343575e-03
3.226319793611764908e-03
3.270299406722187996e-03
3.302457043901085854e-03
3.287506289780139923e-03
3.248899709433317184e-03
3.359840484336018562e-03
3.365660551935434341e-03
3.236762480810284615e-03
3.298330586403608322e-03
3.342781681567430496e-03
3.248655935749411583e-03
3.273871028795838356e-03
3.266639309003949165e-03
3.251343965530395508e-03
3.337752539664506912e-03
3.302477765828371048e-03
3.349082078784704208e-03
3.262837883085012436e-03
3.285147715359926224e-03
3.266515675932168961e-03
3.339556045830249786e-03
3.286218736320734024e-03
3.280371427536010742e-03
3.226995002478361130e-03
3.242122242227196693e-03
3.312843153253197670e-03
3.225367749109864235e-03
3.217908553779125214e-03
3.389078890904784203e-03
3.237515222281217575e-03
3.257390111684799194e-03
3.231289796531200409e-03
3.200149862095713615e-03
3.266041167080402374e-03
3.255170537158846855e-03
3.284544916823506355e-03
3.255336312577128410e-03
3.198527963832020760e-03
3.232373157516121864e-03
3.278815187513828278e-03
3.305404214188456535e-03
3.261166857555508614e-03
3.292049979791045189e-03
3.242647973820567131e-03
3.286660648882389069e-03
3.282136516645550728e-03
3.237166209146380424e-03
3.193673212081193924e-03
3.235164098441600800e-03
3.273166483268141747e-03
3.202373161911964417e-03
3.205116372555494308e-03
3.126536961644887924e-03
3.429254982620477676e-03
3.203293774276971817e-03
3.181214444339275360e-03
3.303781384602189064e-03
3.199626225978136063e-03
3.106388030573725700e-03
3.282915567979216576e-03
3.305012360215187073e-03
3.236740361899137497e-03
3.198978258296847343e-03
3.232939401641488075e-03
3.221482969820499420e-03
3.113375278189778328e-03
3.222674364224076271e-03
3.316273214295506477e-03
3.181274514645338058e-03
3.167396644130349159e-03
3.242551116272807121e-03
3.152290591970086098e-03
3.211132250726222992e-03
3.246855456382036209e-03
3.276213770732283592e-03
3.208964364603161812e-03
3.216034499928355217e-03
3.186313202604651451e-03
3.228781977668404579e-03
3.101382404565811157e-03
3.158340230584144592e-03
3.346088109537959099e-03
3.235871903598308563e-03
3.165207570418715477e-03
3.105889074504375458e-03
3.231394104659557343e-03
3.227966837584972382e-03
3.141778055578470230e-03
3.211993491277098656e-03
3.155976766720414162e-03
3.171678399667143822e-03
3.131570527330040932e-03
3.222940489649772644e-03
3.179487306624650955e-03
3.158665262162685394e-03
3.260044846683740616e-03
3.092630300670862198e-03
3.223802894353866577e-03
3.265743609517812729e-03
3.073189174756407738e-03
3.226848086342215538e-03
3.095299936830997467e-03
3.108368720859289169e-03
3.212373005226254463e-03
3.204482141882181168e-03
3.166460199281573296e-03
3.279471304267644882e-03
3.105146577581763268e-03
3.206937108188867569e-03
3.180987434461712837e-03
3.111639525741338730e-03
3.219928126782178879e-03
3.113898681476712227e-03
3.208321286365389824e-03
3.133174264803528786e-03
3.101829672232270241e-03
3.136578947305679321e-03
3.124732989817857742e-03
3.157092025503516197e-03
3.181103849783539772e-03
3.098237095400691032e-03
3.114501945674419403e-03
3.206186229363083839e-03
3.147464944049715996e-03
3.082256065681576729e-03
3.158570267260074615e-03
3.146616276353597641e-03
3.156047081574797630e-03
3.180535044521093369e-03
3.106913762167096138e-03
3.163937013596296310e-03
3.089718287810683250e-03
3.212064038962125778e-03
3.199255559593439102e-03
3.150068689137697220e-03
3.008525585755705833e-03
3.167129354551434517e-03
3.156990278512239456e-03
3.126576775684952736e-03
3.102307207882404327e-03
3.069366794079542160e-03
3.136895596981048584e-03
3.082929644733667374e-03
3.043865319341421127e-03
3.134441561996936798e-03
3.170584561303257942e-03
3.080130321905016899e-03
3.058106638491153717e-03
3.142851172015070915e-03
3.138690488412976265e-03
3.059972310438752174e-03
3.051835345104336739e-03
3.129749093204736710e-03
3.107255557551980019e-03
3.093035658821463585e-03
3.184075234457850456e-03
3.088027471676468849e-03
3.032749053090810776e-03
3.056750167161226273e-03
3.124352777376770973e-03
3.143839770928025246e-03
3.086963435634970665e-03
3.136147977784276009e-03
3.100921167060732841e-03
3.021244425326585770e-03
3.110759425908327103e-03
3.156883176416158676e-03
3.049135673791170120e-03
3.009822219610214233e-03
3.058379050344228745e-03
3.076065564528107643e-03
3.059729468077421188e-03
3.102848073467612267e-03
3.074948443099856377e-03
3.098667832091450691e-03
3.093750914558768272e-03
3.042893018573522568e-03
3.084874944761395454e-03
3.055353183299303055e-03
3.114076564088463783e-03
3.030217252671718597e-03
3.078481182456016541e-03
3.037899266928434372e-03
3.054371336475014687e-03
3.056206274777650833e-03
3.028416773304343224e-03
3.083731979131698608e-03
3.029742510989308357e-03
3.103949595242738724e-03
3.033479209989309311e-03
3.111737547442317009e-03
3.041492542251944542e-03
3.047337755560874939e-03
3.086961805820465088e-03
3.041613148525357246e-03
3.145915456116199493e-03
3.012757748365402222e-03
3.037743503227829933e-03
3.062187461182475090e-03
2.975841285660862923e-03
2.986003179103136063e-03
3.043328411877155304e-03
3.028365317732095718e-03
2.979412907734513283e-03
3.093803534284234047e-03
3.057587193325161934e-03
3.025720361620187759e-03
3.084910102188587189e-03
2.971838228404521942e-03
3.131472738459706306e-03
3.053829539567232132e-03
3.020866308361291885e-03
2.971803536638617516e-03
3.109434619545936584e-03
2.991737332195043564e-03
3.053465858101844788e-03
3.015535650774836540e-03
3.066727891564369202e-03
3.019049298018217087e-03
3.035361878573894501e-03
2.977789845317602158e-03
3.061149502173066139e-03
3.005382139235734940e-03
3.012541681528091431e-03
3.038279479369521141e-03
3.089659148827195168e-03
2.966090571135282516e-03
3.071330487728118896e-03
2.967993495985865593e-03
2.987750340253114700e-03
2.929141977801918983e-03
3.108847420662641525e-03
3.004859667271375656e-03
3.061846597120165825e-03
3.019892377778887749e-03
2.982101636007428169e-03
2.951007569208741188e-03
3.048237180337309837e-03
3.096197964623570442e-03
2.953618764877319336e-03
2.953739138320088387e-03
3.020269330590963364e-03
3.040277631953358650e-03
2.972588175907731056e-03
2.926660701632499695e-03
3.009867388755083084e-03
3.025830024853348732e-03
2.981862751767039299e-03
3.020087489858269691e-03
2.984704216942191124e-03
2.966385101899504662e-03
3.006160492077469826e-03
3.024776466190814972e-03
3.054548753425478935e-03
3.013420151546597481e-03
2.944913227111101151e-03
3.000285942107439041e-03
2.993032801896333694e-03
2.974414499476552010e-03
2.941840095445513725e-03
2.990879118442535400e-03
3.031944390386343002e-03
2.949728863313794136e-03
2.957011805847287178e-03
3.048254875466227531e-03
2.947216155007481575e-03
2.942909719422459602e-03
2.935766242444515228e-03
3.054490545764565468e-03
3.068882273510098457e-03
2.925485605373978615e-03
2.955798991024494171e-03
2.978313481435179710e-03
2.958935918286442757e-03
2.958266297355294228e-03
2.957353601232171059e-03
3.018388757482171059e-03
2.950286259874701500e-03
2.978639909997582436e-03
2.978339325636625290e-03
3.068180987611413002e-03
3.001730889081954956e-03
2.944500185549259186e-03
2.963342471048235893e-03
2.992617897689342499e-03
2.969840774312615395e-03
2.954676747322082520e-03
2.928924746811389923e-03
2.943126950412988663e-03
3.022963646799325943e-03
2.929284702986478806e-03
2.911271294578909874e-03
2.915963763371109962e-03
2.958882367238402367e-03
3.003290854394435883e-03
3.049782942980527878e-03
2.900152467191219330e-03
2.933365991339087486e-03
2.860245294868946075e-03
2.965424442663788795e-03
2.972688293084502220e-03
2.954299794510006905e-03
2.877115737646818161e-03
2.878998406231403351e-03
2.975482959300279617e-03
2.904497319832444191e-03
2.876559505239129066e-03
2.933189040049910545e-03
2.891005715355277061e-03
2.976997988298535347e-03
2.825967501848936081e-03
3.007715335115790367e-03
2.967636566609144211e-03
2.934957854449748993e-03
2.951739821583032608e-03
2.866286551579833031e-03
2.898054663091897964e-03
2.883706009015440941e-03
2.987287240102887154e-03
2.922302344813942909e-03
2.865953370928764343e-03
2.877610968425869942e-03
2.917302306741476059e-03
2.937482437118887901e-03
2.884860616177320480e-03
2.880432642996311188e-03
2.912208205088973045e-03
2.869954099878668785e-03
2.916205208748579025e-03
2.911730436608195305e-03
2.853921614587306976e-03
2.894976176321506500e-03
2.879689214751124382e-03
2.913769800215959549e-03
2.922038314864039421e-03
2.913571428507566452e-03
2.927998546510934830e-03
2.908694557845592499e-03
2.909273374825716019e-03
2.908225869759917259e-03
2.868972485885024071e-03
2.940207486972212791e-03
2.829912351444363594e-03
2.841226989403367043e-03
2.876501297578215599e-03
3.002459183335304260e-03
2.887441311031579971e-03
2.852842910215258598e-03
2.904783003032207489e-03
2.849229611456394196e-03
2.901439322158694267e-03
2.915602410212159157e-03
2.878412837162613869e-03
2.878881990909576416e-03
2.925137523561716080e-03
2.921587554737925529e-03
2.862087218090891838e-03
2.889029681682586670e-03
2.840928733348846436e-03
2.819566754624247551e-03
2.907937625423073769e-03
2.907409565523266792e-03
2.799336565658450127e-03
2.860929118469357491e-03
2.919386606663465500e-03
2.882855711504817009e-03
2.811857266351580620e-03
2.879048930481076241e-03
2.770990831777453423e-03
2.871694043278694153e-03
2.864527516067028046e-03
2.890802919864654541e-03
2.938683610409498215e-03
2.819242188706994057e-03
2.821536269038915634e-03
2.822004258632659912e-03
2.862006425857543945e-03
2.893373137339949608e-03
2.807996468618512154e-03
2.866801572963595390e-03
2.764889737591147423e-03
2.838325221091508865e-03
2.886084839701652527e-03
2.877909224480390549e-03
2.860946580767631531e-03
2.833756618201732635e-03
2.849721582606434822e-03
2.917926758527755737e-03
2.850779099389910698e-03
2.797080203890800476e-03
2.856697421520948410e-03
2.800586866214871407e-03
2.781263552606105804e-03
2.880988642573356628e-03
2.866021124646067619e-03
2.846322953701019287e-03
2.825790084898471832e-03
2.788432640954852104e-03
2.831086283549666405e-03
2.804993186146020889e-03
2.835786668583750725e-03
2.752281259745359421e-03
2.888136310502886772e-03
2.829202450811862946e-03
2.789585152640938759e-03
2.865459071472287178e-03
2.875760197639465332e-03
2.747672842815518379e-03
2.813149476423859596e-03
2.763019641861319542e-03
2.861488843336701393e-03
2.849662676453590393e-03
2.724104793742299080e-03
2.865071175619959831e-03
2.814504783600568771e-03
2.899653743952512741e-03
2.692747628316283226e-03
2.823715796694159508e-03
2.789889695122838020e-03
2.761554671451449394e-03
2.842783927917480469e-03
2.878150204196572304e-03
2.780257957056164742e-03
2.824084367603063583e-03
2.708226442337036133e-03
2.840772038325667381e-03
2.796156331896781921e-03
2.780920360237360001e-03
2.826763316988945007e-03
2.792426850646734238e-03
2.797696506604552269e-03
2.867119386792182922e-03
2.744170837104320526e-03
2.755256835371255875e-03
2.858318155631422997e-03
2.835633931681513786e-03
2.745115198194980621e-03
2.854346996173262596e-03
2.767666708678007126e-03
2.815576968714594841e-03
2.763772150501608849e-03
2.748256782069802284e-03
2.737469272688031197e-03
2.824658527970314026e-03
2.743734046816825867e-03
2.855040598660707474e-03
2.745653735473752022e-03
2.893896307796239853e-03
2.790389582514762878e-03
2.825760981068015099e-03
2.755728317424654961e-03
2.723843324929475784e-03
2.801315858960151672e-03
2.744846977293491364e-03
2.754736458882689476e-03
2.759877825155854225e-03
2.783195581287145615e-03
2.779318485409021378e-03
2.811318496242165565e-03
2.816338790580630302e-03
2.819429384544491768e-03
2.779560163617134094e-03
2.821412170305848122e-03
2.731522312387824059e-03
2.735220361500978470e-03
2.749038860201835632e-03
2.773595042526721954e-03
2.743104938417673111e-03
2.799458336085081100e-03
2.761041279882192612e-03
2.732622204348444939e-03
2.650439040735363960e-03
2.745510777458548546e-03
2.783233532682061195e-03
2.833899343386292458e-03
2.750269602984189987e-03
2.725440775975584984e-03
2.734386594966053963e-03
2.724932273849844933e-03
2.764387289062142372e-03
2.751699648797512054e-03
2.782685682177543640e-03
2.723853802308440208e-03
2.668564440682530403e-03
2.790286671370267868e-03
2.724754624068737030e-03
2.733507426455616951e-03
2.753669861704111099e-03
2.665900858119130135e-03
2.775936853140592575e-03
2.792759332805871964e-03
2.762514865025877953e-03
2.755111781880259514e-03
2.785983495414257050e-03
2.782830968499183655e-03
2.682785270735621452e-03
2.719987649470567703e-03
2.778879599645733833e-03
2.698794705793261528e-03
2.666956512257456779e-03
2.766120014712214470e-03
2.716063754633069038e-03
2.778979949653148651e-03
2.718271221965551376e-03
2.671121619641780853e-03
2.741605974733829498e-03
2.852290868759155273e-03
2.739264396950602531e-03
2.667072927579283714e-03
2.727252664044499397e-03
2.741769421845674515e-03
2.838983898982405663e-03
2.688654698431491852e-03
2.743910765275359154e-03
2.685944549739360809e-03
2.814351813867688179e-03
2.688054228201508522e-03
2.699092263355851173e-03
2.659759484231472015e-03
2.664401195943355560e-03
2.705029677599668503e-03
2.685800660401582718e-03
2.703685779124498367e-03
2.714793430641293526e-03
2.764985430985689163e-03
2.651613904163241386e-03
2.723951125517487526e-03
2.685508457943797112e-03
2.745788544416427612e-03
2.708858111873269081e-03
2.732584718614816666e-03
2.729585394263267517e-03
2.675337018445134163e-03
2.670849906280636787e-03
2.693146932870149612e-03
2.717529423534870148e-03
2.680900273844599724e-03
2.737584291025996208e-03
2.647050190716981888e-03
2.766601275652647018e-03
2.618756145238876343e-03
2.649899339303374290e-03
2.768575446680188179e-03
2.696907846257090569e-03
2.725197002291679382e-03
2.694587921723723412e-03
2.739621326327323914e-03
2.692885231226682663e-03
2.644629217684268951e-03
2.760208211839199066e-03
2.651095390319824219e-03
2.688052831217646599e-03
2.655226970091462135e-03
2.645263215526938438e-03
2.725938102230429649e-03
2.741506556048989296e-03
2.651462098583579063e-03
2.688425825908780098e-03
2.651653485372662544e-03
2.710014814510941505e-03
2.666602376848459244e-03
2.667896216735243797e-03
2.666341140866279602e-03
2.709709340706467628e-03
2.713323570787906647e-03
2.647488843649625778e-03
2.602174179628491402e-03
2.650053007528185844e-03
2.695911331102252007e-03
2.657728968188166618e-03
2.680919598788022995e-03
2.672736532986164093e-03
2.745391800999641418e-03
2.635871525853872299e-03
2.674120711162686348e-03
2.641537459567189217e-03
2.696457784622907639e-03
2.640503924340009689e-03
2.662806073203682899e-03
2.656482625752687454e-03
2.687789965420961380e-03
2.638430800288915634e-03
2.618570113554596901e-03
2.690442837774753571e-03
2.663248917087912560e-03
2.630847971886396408e-03
2.627944806590676308e-03
2.712079556658864021e-03
2.696523908525705338e-03
2.638575853779911995e-03
2.653746400028467178e-03
2.631612354889512062e-03
2.613689750432968140e-03
2.647633664309978485e-03
2.645012224093079567e-03
2.660141792148351669e-03
2.728356281295418739e-03
2.606077818199992180e-03
2.651701448485255241e-03
2.631208626553416252e-03
2.674936782568693161e-03
2.632101532071828842e-03
2.702225698158144951e-03
2.642691833898425102e-03
2.663371153175830841e-03
2.662776969373226166e-03
2.642913954332470894e-03
2.624569693580269814e-03
2.609668066725134850e-03
2.597200684249401093e-03
2.666581887751817703e-03
2.617176854982972145e-03
2.739989664405584335e-03
2.594540826976299286e-03
2.653285162523388863e-03
2.600015373900532722e-03
2.650229260325431824e-03
2.643001265823841095e-03
2.657937351614236832e-03
2.612236421555280685e-03
2.638521138578653336e-03
2.590501448139548302e-03
2.528808079659938812e-03
2.632302232086658478e-03
2.619990380480885506e-03
2.610360505059361458e-03
2.626663306728005409e-03
2.611127449199557304e-03
2.534668426960706711e-03
2.629510592669248581e-03
2.611377509310841560e-03
2.601961372420191765e-03
2.682960126549005508e-03
2.614108612760901451e-03
2.568205120041966438e-03
2.568964613601565361e-03
2.655822550877928734e-03
2.693274989724159241e-03
2.578833373263478279e-03
2.670862479135394096e-03
2.564130583778023720e-03
2.598975086584687233e-03
2.643544692546129227e-03
2.654529642313718796e-03
2.599239116534590721e-03
2.567877992987632751e-03
2.646826673299074173e-03
2.566674724221229553e-03
2.591712167486548424e-03
2.569273579865694046e-03
2.653322648257017136e-03
2.653258386999368668e-03
2.649107016623020172e-03
2.622029045596718788e-03
2.587503753602504730e-03
2.583894412964582443e-03
2.594510791823267937e-03
2.570260781794786453e-03
2.613821532577276230e-03
2.573837293311953545e-03
2.597811631858348846e-03
2.590106334537267685e-03
2.572450321167707443e-03
2.718980191275477409e-03
2.566136419773101807e-03
2.559337299317121506e-03
2.590204821899533272e-03
2.586791757494211197e-03
2.584704430773854256e-03
2.564697526395320892e-03
2.557311905547976494e-03
2.535312203690409660e-03
2.555496990680694580e-03
2.635471522808074951e-03
2.590982476249337196e-03
2.622072584927082062e-03
2.508418634533882141e-03
2.572272438555955887e-03
2.584633650258183479e-03
2.621235558763146400e-03
2.568381838500499725e-03
2.549732103943824768e-03
2.567539690062403679e-03
2.544591436162590981e-03
2.564637223258614540e-03
2.645699540153145790e-03
2.588464412838220596e-03
2.538188593462109566e-03
2.586786868050694466e-03
2.587962895631790161e-03
2.583347493782639503e-03
2.580426866188645363e-03
2.659776248037815094e-03
2.591782016679644585e-03
2.552660880610346794e-03
2.621182706207036972e-03
2.593114972114562988e-03
2.530492609366774559e-03
2.560945693403482437e-03
2.588450908660888672e-03
2.604072913527488708e-03
2.551370766013860703e-03
2.536348300054669380e-03
2.518240362405776978e-03
2.558085601776838303e-03
2.537712454795837402e-03
2.549474127590656281e-03
2.594868419691920280e-03
2.569526433944702148e-03
2.568138064816594124e-03
2.582242479547858238e-03
2.573125297203660011e-03
2.575426595285534859e-03
2.462046220898628235e-03
2.592209726572036743e-03
2.556407125666737556e-03
2.577188424766063690e-03
2.573508536443114281e-03
2.540478250011801720e-03
2.548738149926066399e-03
2.574527636170387268e-03
2.573130419477820396e-03
2.536941319704055786e-03
2.571674529463052750e-03
2.564905909821391106e-03
2.486177487298846245e-03
2.532279584556818008e-03
2.539864508435130119e-03
2.509689424186944962e-03
2.540876157581806183e-03
2.564006019383668900e-03
2.534622559323906898e-03
2.567893825471401215e-03
2.483161631971597672e-03
2.537074266001582146e-03
2.550941659137606621e-03
2.532439539209008217e-03
2.578192157670855522e-03
2.506230724975466728e-03
2.518477384001016617e-03
2.542062196880578995e-03
2.616649260744452477e-03
2.552859252318739891e-03
2.504753647372126579e-03
2.493940293788909912e-03
2.533295191824436188e-03
2.560309600085020065e-03
2.515957690775394440e-03
2.577076666057109833e-03
2.598210470750927925e-03
2.503469353541731834e-03
2.513100625947117805e-03
2.522337483242154121e-03
2.503818599507212639e-03
2.509672660380601883e-03
2.556365448981523514e-03
2.494688844308257103e-03
2.575744176283478737e-03
2.588720526546239853e-03
2.518270397558808327e-03
2.493776381015777588e-03
2.523466246202588081e-03
2.532577840611338615e-03
2.521419664844870567e-03
2.481669187545776367e-03
2.536998596042394638e-03
2.527988748624920845e-03
2.540847286581993103e-03
2.508971607312560081e-03
2.516142092645168304e-03
2.514175605028867722e-03
2.533232793211936951e-03
2.475347369909286499e-03
2.485796809196472168e-03
2.516848267987370491e-03
2.575088525190949440e-03
2.455049892887473106e-03
2.544236835092306137e-03
2.594731282442808151e-03
2.572278492152690887e-03
2.480206312611699104e-03
2.535900566726922989e-03
2.504292177036404610e-03
2.428959822282195091e-03
2.557005966082215309e-03
2.427710220217704773e-03
2.595173427835106850e-03
2.436517970636487007e-03
2.475159941241145134e-03
2.544870832934975624e-03
2.515988191589713097e-03
2.498216461390256882e-03
2.567293355241417885e-03
2.495357301086187363e-03
2.496214816346764565e-03
2.453463384881615639e-03
2.483019838109612465e-03
2.481249626725912094e-03
2.530670026317238808e-03
2.487944206222891808e-03
2.457018708810210228e-03
2.533935941755771637e-03
2.514656167477369308e-03
2.454511821269989014e-03
2.505223732441663742e-03
2.475749235600233078e-03
2.623177133500576019e-03
2.463207812979817390e-03
2.460860880091786385e-03
2.393064554780721664e-03
2.486717654392123222e-03
2.584819216281175613e-03
2.450369531288743019e-03
2.461616182699799538e-03
2.512970706447958946e-03
2.463552402332425117e-03
2.443185774609446526e-03
2.461599186062812805e-03
2.463400596752762794e-03
2.514962572604417801e-03
2.471902407705783844e-03
2.486538141965866089e-03
2.511892700567841530e-03
2.414285205304622650e-03
2.502427203580737114e-03
2.455840120092034340e-03
2.511860104277729988e-03
2.454068046063184738e-03
2.477350179105997086e-03
2.425905317068099976e-03
2.502440009266138077e-03
2.432501874864101410e-03
2.383443061262369156e-03
2.489316742867231369e-03
2.478487323969602585e-03
2.499656053259968758e-03
2.471186919137835503e-03
2.419981407001614571e-03
2.439778996631503105e-03
2.488453639671206474e-03
2.414301037788391113e-03
2.456715796142816544e-03
2.480621449649333954e-03
2.460435265675187111e-03
2.560965949669480324e-03
2.411781111732125282e-03
2.446176717057824135e-03
2.496138913556933403e-03
2.429094165563583374e-03
2.478350652381777763e-03
2.424943959340453148e-03
2.419465919956564903e-03
2.484188880771398544e-03
2.465954516083002090e-03
2.440908923745155334e-03
2.462447853758931160e-03
2.418114338070154190e-03
2.467968268319964409e-03
2.478793729096651077e-03
2.450585598126053810e-03
2.425658283755183220e-03
2.436708193272352219e-03
2.457030583173036575e-03
2.394958864897489548e-03
2.503782277926802635e-03
2.419657539576292038e-03
2.493222476914525032e-03
2.439383883029222488e-03
2.384764375165104866e-03
2.430771710351109505e-03
2.450045663863420486e-03
2.480294322595000267e-03
2.392018213868141174e-03
2.452174667268991470e-03
2.435640897601842880e-03
2.481062896549701691e-03
2.392936730757355690e-03
2.457849448546767235e-03
2.462315140292048454e-03
2.448672195896506310e-03
2.443850971758365631e-03
2.442549681290984154e-03
2.456561429426074028e-03
2.496088622137904167e-03
2.393345581367611885e-03
2.405987586826086044e-03
2.393135102465748787e-03
2.444036304950714111e-03
2.460435731336474419e-03
2.430996159091591835e-03
2.438043942674994469e-03
2.361214486882090569e-03
2.364216372370719910e-03
2.407147083431482315e-03
2.441506600007414818e-03
2.457107417285442352e-03
2.418875461444258690e-03
2.399461576715111732e-03
2.422546036541461945e-03
2.375293057411909103e-03
2.464869059622287750e-03
2.364196814596652985e-03
2.458997070789337158e-03
2.397604752331972122e-03
2.434397814795374870e-03
2.392417518422007561e-03
2.436197828501462936e-03
2.430548891425132751e-03
2.463375451043248177e-03
2.365151420235633850e-03
2.454239642247557640e-03
2.433616435155272484e-03
2.397987991571426392e-03
2.441425109282135963e-03
2.405960811302065849e-03
2.463279990479350090e-03
2.459476934745907784e-03
2.417458454146981239e-03
2.373377559706568718e-03
2.386509906500577927e-03
2.388232154771685600e-03
2.356526907533407211e-03
2.438733354210853577e-03
2.446941565722227097e-03
2.399079268798232079e-03
2.433478599414229393e-03
2.415308728814125061e-03
2.404497703537344933e-03
2.360160462558269501e-03
2.417217940092086792e-03
2.401608042418956757e-03
2.433915855363011360e-03
2.358095487579703331e-03
2.474446082487702370e-03
2.407895866781473160e-03
2.389262197539210320e-03
2.368403365835547447e-03
2.463938901200890541e-03
2.415599301457405090e-03
2.366093918681144714e-03
2.431517234072089195e-03
2.363971667364239693e-03
2.391156973317265511e-03
2.359338803216814995e-03
2.371269743889570236e-03
2.431323053315281868e-03
2.379353623837232590e-03
2.385939471423625946e-03
2.409084234386682510e-03
2.394090639427304268e-03
2.372529823333024979e-03
2.392625203356146812e-03
2.380478428676724434e-03
2.412281231954693794e-03
2.340124920010566711e-03
2.366814762353897095e-03
2.367353532463312149e-03
2.357516437768936157e-03
2.420746255666017532e-03
2.384854247793555260e-03
2.378724515438079834e-03
2.365223364904522896e-03
2.394506474956870079e-03
2.400716301053762436e-03
2.399656921625137329e-03
2.394258743152022362e-03
2.362943952903151512e-03
2.359642880037426949e-03
2.352989278733730316e-03
2.341014565899968147e-03
2.365184249356389046e-03
2.376433694735169411e-03
2.356029348447918892e-03
2.353727351874113083e-03
2.385927131399512291e-03
2.380835125222802162e-03
2.391122747212648392e-03
2.356198150664567947e-03
2.408585743978619576e-03
2.366979373618960381e-03
2.368893707171082497e-03
2.383278217166662216e-03
2.384878229349851608e-03
2.387258922681212425e-03
2.336528385058045387e-03
2.465682569891214371e-03
2.338936319574713707e-03
2.349591348320245743e-03
2.358998870477080345e-03
2.271362114697694778e-03
2.402220619842410088e-03
2.368474146351218224e-03
2.388957422226667404e-03
2.327376278117299080e-03
2.386647742241621017e-03
2.391150454059243202e-03
2.331900177523493767e-03
2.374155446887016296e-03
2.358085941523313522e-03
2.366702537983655930e-03
2.295271493494510651e-03
2.335337921977043152e-03
2.394770737737417221e-03
2.290076809003949165e-03
2.351472154259681702e-03
2.413292415440082550e-03
2.416389063000679016e-03
2.365486696362495422e-03
2.380453515797853470e-03
2.302672248333692551e-03
2.328275470063090324e-03
2.364120911806821823e-03
2.324758563190698624e-03
2.415199298411607742e-03
2.312693279236555099e-03
2.360379090532660484e-03
2.359356498345732689e-03
2.362067578360438347e-03
2.341383835300803185e-03
2.380649559199810028e-03
2.362564904615283012e-03
2.307194517925381660e-03
2.410711720585823059e-03
2.381811151280999184e-03
2.344796201214194298e-03
2.337004989385604858e-03
2.330928109586238861e-03
2.405072096735239029e-03
2.311528660356998444e-03
2.302017761394381523e-03
2.366720465943217278e-03
2.395782386884093285e-03
2.341429004445672035e-03
2.299128798767924309e-03
2.343059284612536430e-03
2.332965144887566566e-03
2.340079750865697861e-03
2.324798377230763435e-03
2.283049747347831726e-03
2.330492483451962471e-03
2.361775841563940048e-03
2.322948537766933441e-03
2.340343082323670387e-03
2.358645200729370117e-03
2.318458165973424911e-03
2.302491804584860802e-03
2.350072143599390984e-03
2.338517224416136742e-03
2.336210338398814201e-03
2.351294970139861107e-03
2.270545111969113350e-03
2.364256419241428375e-03
2.322471234947443008e-03
2.338175429031252861e-03
2.329081762582063675e-03
2.338180551305413246e-03
2.365680877119302750e-03
2.325154142454266548e-03
2.262047957628965378e-03
2.317742211744189262e-03
2.362669212743639946e-03
2.362402388826012611e-03
2.320910105481743813e-03
2.300641732290387154e-03
2.331657800823450089e-03
2.329405862838029861e-03
2.280198968946933746e-03
2.333227079361677170e-03
2.278704894706606865e-03
2.319603227078914642e-03
2.275188453495502472e-03
2.310662996023893356e-03
2.326321322470903397e-03
2.356441225856542587e-03
2.266032621264457703e-03
2.302831737324595451e-03
2.304589608684182167e-03
2.324448432773351669e-03
2.259463304653763771e-03
2.308590570464730263e-03
2.352125477045774460e-03
2.284486312419176102e-03
2.316494705155491829e-03
2.344013890251517296e-03
2.283252542838454247e-03
2.341730520129203796e-03
2.235814463347196579e-03
2.305997069925069809e-03
2.340435050427913666e-03
2.350009046494960785e-03
2.317224163562059402e-03
2.272634068503975868e-03
2.294219797477126122e-03
2.326447749510407448e-03
2.351045375689864159e-03
2.293129451572895050e-03
2.299217972904443741e-03
2.315390622243285179e-03
2.273573307320475578e-03
2.308006631210446358e-03
2.273825695738196373e-03
2.281663008034229279e-03
2.302772598341107368e-03
2.307853195816278458e-03
2.270323690026998520e-03
2.293853787705302238e-03
2.325106179341673851e-03
2.334218006581068039e-03
2.297856612130999565e-03
2.290067961439490318e-03
2.342394553124904633e-03
2.289952244609594345e-03
2.268341835588216782e-03
2.243424998596310616e-03
2.311386400833725929e-03
2.281475113704800606e-03
2.274332568049430847e-03
2.297818427905440331e-03
2.265047049149870872e-03
2.336973324418067932e-03
2.251802245154976845e-03
2.336869481950998306e-03
2.318840706720948219e-03
2.325373701751232147e-03
2.347968285903334618e-03
2.242655493319034576e-03
2.335545606911182404e-03
2.268329728394746780e-03
2.243900671601295471e-03
2.285894704982638359e-03
2.301992615684866905e-03
2.276452491059899330e-03
2.346632536500692368e-03
2.267029834911227226e-03
2.252250444144010544e-03
2.258390653878450394e-03
2.326350891962647438e-03
2.219501417130231857e-03
2.293009776622056961e-03
2.249177312478423119e-03
2.242807764559984207e-03
2.298179315403103828e-03
2.313268603757023811e-03
2.234776737168431282e-03
2.297126222401857376e-03
2.290041884407401085e-03
2.288126619532704353e-03
2.302196575328707695e-03
2.296924358233809471e-03
2.229955513030290604e-03
2.297941129654645920e-03
2.274421975016593933e-03
2.226141048595309258e-03
2.286848844960331917e-03
2.233347855508327484e-03
2.278592204675078392e-03
2.268287818878889084e-03
2.221342641860246658e-03
2.275847597047686577e-03
2.307870192453265190e-03
2.286943141371011734e-03
2.210841048508882523e-03
2.288422780111432076e-03
2.317541977390646935e-03
2.212886931374669075e-03
2.289219759404659271e-03
2.288762480020523071e-03
2.265367889776825905e-03
2.243472961708903313e-03
2.295886399224400520e-03
2.309527946636080742e-03
2.243921160697937012e-03
2.215335844084620476e-03
2.199487062171101570e-03
2.278830390423536301e-03
2.306708134710788727e-03
2.279789885506033897e-03
2.238171873614192009e-03
2.274195896461606026e-03
2.238826127722859383e-03
2.253483282402157784e-03
2.240219851955771446e-03
2.229978796094655991e-03
2.246079267933964729e-03
2.234295476227998734e-03
2.246115822345018387e-03
2.246348652988672256e-03
2.301119035109877586e-03
2.236262196674942970e-03
2.210294594988226891e-03
2.298050327226519585e-03
2.213342115283012390e-03
2.235269639641046524e-03
2.276090672239661217e-03
2.214063890278339386e-03
2.273843623697757721e-03
2.250518416985869408e-03
2.232066355645656586e-03
2.240512287244200706e-03
2.260555978864431381e-03
2.247898373752832413e-03
2.309253904968500137e-03
2.236569300293922424e-03
2.226928947493433952e-03
2.230305690318346024e-03
2.240763511508703232e-03
2.218342153355479240e-03
2.285546157509088516e-03
2.276734448969364166e-03
2.215220592916011810e-03
2.248848322778940201e-03
2.240489702671766281e-03
2.230657730251550674e-03
2.255094004794955254e-03
2.260504523292183876e-03
2.184950048103928566e-03
2.213484840467572212e-03
2.303969580680131912e-03
2.242157468572258949e-03
2.213026396930217743e-03
2.225074917078018188e-03
2.246770076453685760e-03
2.312802476808428764e-03
2.215458545833826065e-03
2.242744434624910355e-03
2.245797775685787201e-03
2.262814203277230263e-03
2.253133105114102364e-03
2.305188449099659920e-03
2.183819189667701721e-03
2.200996037572622299e-03
2.209748607128858566e-03
2.206919016316533089e-03
2.245306270197033882e-03
2.259216504171490669e-03
2.247552387416362762e-03
2.194340806454420090e-03
2.212643390521407127e-03
2.231739228591322899e-03
2.189926337450742722e-03
2.184335840865969658e-03
2.234757645055651665e-03
2.288448391482234001e-03
2.246913500130176544e-03
2.227266551926732063e-03
2.179308794438838959e-03
2.259045606479048729e-03
2.228848170489072800e-03
2.219984540715813637e-03
2.225460018962621689e-03
2.181906718760728836e-03
2.205608412623405457e-03
2.228602068498730659e-03
2.209882251918315887e-03
2.227558754384517670e-03
2.250884193927049637e-03
2.208500867709517479e-03
2.214698120951652527e-03
2.228818368166685104e-03
2.225932665169239044e-03
2.244599163532257080e-03
2.217532601207494736e-03
2.207205863669514656e-03
2.158575924113392830e-03
2.233604434877634048e-03
2.254208549857139587e-03
2.178544877097010612e-03
2.217645524069666862e-03
2.196698915213346481e-03
2.186924451962113380e-03
2.244172850623726845e-03
2.199960639700293541e-03
2.255955711007118225e-03
2.166726160794496536e-03
2.224218565970659256e-03
2.176775364205241203e-03
2.192195272073149681e-03
2.206772100180387497e-03
2.238042885437607765e-03
2.177916001528501511e-03
2.205913886427879333e-03
2.265048213303089142e-03
2.207376295700669289e-03
2.173565095290541649e-03
2.207719488069415092e-03
2.164288191124796867e-03
2.220316324383020401e-03
2.222153590992093086e-03
2.196998102590441704e-03
2.172502223402261734e-03
2.188240410760045052e-03
2.177341142669320107e-03
2.283568028360605240e-03
2.198590664193034172e-03
2.200964605435729027e-03
2.164630917832255363e-03
2.238004701212048531e-03
2.201051684096455574e-03
2.154718851670622826e-03
2.148253144696354866e-03
2.234783722087740898e-03
2.183906733989715576e-03
2.194812986999750137e-03
2.200656803324818611e-03
2.215937944129109383e-03
2.233600476756691933e-03
2.173690591007471085e-03
2.216350520029664040e-03
2.185031538829207420e-03
2.175356959924101830e-03
2.197251655161380768e-03
2.178571885451674461e-03
2.163590397685766220e-03
2.201377414166927338e-03
2.210690174251794815e-03
2.182600321248173714e-03
2.167430240660905838e-03
2.201945288106799126e-03
2.151787513867020607e-03
2.180309034883975983e-03
2.227189484983682632e-03
2.179146045818924904e-03
2.167057478800415993e-03
2.184532117098569870e-03
2.209209604188799858e-03
2.183222211897373199e-03
2.150699030607938766e-03
2.174129243940114975e-03
2.200583694502711296e-03
2.170026535168290138e-03
2.200284041464328766e-03
2.190884668380022049e-03
2.160845790058374405e-03
2.179964911192655563e-03
2.202638657763600349e-03
2.183868084102869034e-03
2.186028752475976944e-03
2.185082528740167618e-03
2.234739949926733971e-03
2.163985976949334145e-03
2.201753435656428337e-03
2.177115064114332199e-03
2.166948514059185982e-03
2.204962074756622314e-03
2.164308447390794754e-03
2.162691904231905937e-03
2.191961277276277542e-03
2.162632299587130547e-03
2.143583726137876511e-03
2.217616420239210129e-03
2.159663708880543709e-03
2.144591184332966805e-03
2.221723552793264389e-03
2.153561683371663094e-03
2.189941471442580223e-03
2.135135699063539505e-03
2.141081029549241066e-03
2.170289633795619011e-03
2.237974898889660835e-03
2.152171684429049492e-03
2.155511872842907906e-03
2.197024179622530937e-03
2.188278362154960632e-03
2.120802644640207291e-03
2.158097457140684128e-03
2.145255682989954948e-03
2.190614817664027214e-03
2.147733699530363083e-03
2.131811575964093208e-03
2.145434496924281120e-03
2.125930506736040115e-03
2.165209036320447922e-03
2.160158241167664528e-03
2.212636172771453857e-03
2.166703576222062111e-03
2.148610539734363556e-03
2.153401728719472885e-03
2.174924127757549286e-03
2.157757524400949478e-03
2.095644362270832062e-03
2.156687434762716293e-03
2.179400995373725891e-03
2.164459088817238808e-03
2.162679564207792282e-03
2.216872991994023323e-03
2.156620845198631287e-03
2.135426271706819534e-03
2.182711381465196609e-03
2.177891787141561508e-03
2.142357639968395233e-03
2.148915780708193779e-03
2.154677873477339745e-03
2.166621387004852295e-03
2.192365005612373352e-03
2.159387804567813873e-03
2.120886463671922684e-03
2.114814706146717072e-03
2.144422614946961403e-03
2.149166306480765343e-03
2.145117847248911858e-03
2.140910131856799126e-03
2.164845587685704231e-03
2.122853882610797882e-03
2.160589210689067841e-03
2.154427347704768181e-03
2.122614998370409012e-03
2.119737910106778145e-03
2.128684427589178085e-03
2.153728157281875610e-03
2.100226702168583870e-03
2.142998855561017990e-03
2.142840530723333359e-03
2.189940074458718300e-03
2.155323978513479233e-03
2.153736073523759842e-03
2.145403530448675156e-03
2.127278596162796021e-03
2.097815508022904396e-03
2.140008378773927689e-03
2.171919681131839752e-03
2.123177284374833107e-03
2.112219808623194695e-03
2.101671881973743439e-03
2.173719927668571472e-03
2.115544164553284645e-03
2.141368342563509941e-03
2.166266785934567451e-03
2.098456490784883499e-03
2.107645850628614426e-03
2.151947235688567162e-03
2.122203586623072624e-03
2.146554412320256233e-03
2.146819839254021645e-03
2.100857207551598549e-03
2.202971605584025383e-03
2.157294191420078278e-03
2.104063751175999641e-03
2.130130771547555923e-03
2.112129237502813339e-03
2.088154433295130730e-03
2.166076796129345894e-03
2.098074881359934807e-03
2.109831664711236954e-03
2.120843855664134026e-03
2.104752929881215096e-03
2.071490976959466934e-03
2.082603052258491516e-03
2.148684812709689140e-03
2.144736004993319511e-03
2.164019737392663956e-03
2.116840565577149391e-03
2.123176585882902145e-03
2.181117655709385872e-03
2.103654667735099792e-03
2.102733124047517776e-03
2.128457650542259216e-03
2.093448769301176071e-03
2.119660843163728714e-03
2.108112210407853127e-03
2.173195593059062958e-03
2.125311875715851784e-03
2.114753006026148796e-03
2.174213062971830368e-03
2.134537557139992714e-03
2.124504651874303818e-03
2.085682470351457596e-03
2.156370552256703377e-03
2.113341819494962692e-03
2.135774120688438416e-03
2.103152219206094742e-03
2.117902506142854691e-03
2.095441333949565887e-03
2.135487506166100502e-03
2.098185010254383087e-03
2.123046666383743286e-03
2.141563687473535538e-03
2.151299035176634789e-03
2.147628925740718842e-03
2.078985329717397690e-03
2.107290783897042274e-03
2.140240045264363289e-03
2.079127123579382896e-03
2.101504476740956306e-03
2.136720344424247742e-03
2.104659331962466240e-03
2.113172784447669983e-03
2.127763116732239723e-03
2.162322634831070900e-03
2.113143214955925941e-03
2.138632582500576973e-03
2.147495280951261520e-03
2.073025330901145935e-03
2.105392515659332275e-03
2.155351452529430389e-03
2.098468830808997154e-03
2.119650132954120636e-03
2.093629678711295128e-03
2.090060617774724960e-03
2.185543067753314972e-03
2.120362827554345131e-03
2.117082243785262108e-03
2.124811755493283272e-03
2.093221526592969894e-03
2.104282611981034279e-03
2.066567074507474899e-03
2.093086950480937958e-03
2.114937640726566315e-03
2.065971260890364647e-03
2.102047437801957130e-03
2.132248831912875175e-03
2.108100103214383125e-03
2.079010475426912308e-03
2.100737532600760460e-03
2.110950881615281105e-03
2.092262031510472298e-03
2.114133443683385849e-03
2.072807401418685913e-03
2.077975310385227203e-03
2.115490380674600601e-03
2.098654396831989288e-03
2.082765800878405571e-03
2.108535263687372208e-03
2.063205698505043983e-03
2.100550336763262749e-03
2.116362564265727997e-03
2.090675756335258484e-03
2.096188720315694809e-03
2.091906033456325531e-03
2.134290290996432304e-03
2.120357705280184746e-03
2.121339552104473114e-03
2.037853468209505081e-03
2.049002097919583321e-03
2.058997284621000290e-03
2.083544852212071419e-03
2.088953042402863503e-03
2.105008345097303391e-03
2.085082698613405228e-03
2.111542271450161934e-03
2.082779072225093842e-03
2.073235344141721725e-03
2.101710299029946327e-03
2.033794997259974480e-03
2.088166074827313423e-03
2.151313703507184982e-03
2.089760499075055122e-03
2.107122913002967834e-03
2.096472075209021568e-03
2.125015715137124062e-03
2.097065327689051628e-03
2.096958458423614502e-03
2.080484293401241302e-03
2.039066283032298088e-03
2.067088382318615913e-03
2.027885988354682922e-03
2.096475800499320030e-03
2.041419968008995056e-03
2.052875701338052750e-03
2.069819718599319458e-03
2.079375088214874268e-03
2.111661015078425407e-03
2.095608739182353020e-03
2.099104691296815872e-03
2.083898289129137993e-03
2.058844780549407005e-03
2.080405596643686295e-03
2.066605724394321442e-03
2.093816874548792839e-03
2.041144529357552528e-03
2.068991307169198990e-03
2.056556055322289467e-03
2.105850260704755783e-03
2.067699097096920013e-03
2.050318056717514992e-03
2.062095096334815025e-03
2.051874995231628418e-03
2.085492014884948730e-03
2.117570722475647926e-03
2.079752739518880844e-03
2.031559823080897331e-03
2.054919954389333725e-03
2.090814756229519844e-03
2.081712242215871811e-03
2.075935481116175652e-03
2.086304361000657082e-03
2.056073397397994995e-03
2.068005502223968506e-03
2.060861326754093170e-03
2.008761512115597725e-03
2.093754243105649948e-03
2.093142829835414886e-03
2.066819230094552040e-03
2.062594285234808922e-03
2.075747586786746979e-03
2.114604692906141281e-03
2.119824988767504692e-03
2.061468316242098808e-03
2.099864650517702103e-03
2.084051957353949547e-03
2.029428957030177116e-03
2.040015999227762222e-03
2.039059763774275780e-03
2.044547116383910179e-03
2.041984815150499344e-03
2.080189064145088196e-03
2.031411509960889816e-03
2.052929485216736794e-03
2.095157513394951820e-03
2.071028575301170349e-03
2.045270055532455444e-03
2.039767336100339890e-03
2.061328152194619179e-03
2.030163304880261421e-03
2.063425024971365929e-03
2.090780530124902725e-03
2.028044778853654861e-03
2.052506664767861366e-03
2.074089832603931427e-03
2.031257608905434608e-03
2.063059480860829353e-03
2.072986681014299393e-03
2.040682593360543251e-03
2.034560777246952057e-03
2.057443372905254364e-03
2.034703036770224571e-03
2.055594464763998985e-03
2.068159636110067368e-03
2.026296686381101608e-03
2.097325865179300308e-03
2.111171837896108627e-03
2.061194740235805511e-03
1.996242441236972809e-03
2.049617469310760498e-03
2.023596083745360374e-03
2.044566208496689796e-03
2.018046798184514046e-03
2.075389493256807327e-03
2.045257482677698135e-03
2.044141059741377831e-03
2.043431159108877182e-03
2.020026324316859245e-03
2.054579323157668114e-03
2.036239719018340111e-03
2.009812975302338600e-03
2.023506909608840942e-03
2.047525718808174133e-03
2.068922854959964752e-03
2.006083261221647263e-03
2.057659439742565155e-03
2.037100261077284813e-03
2.034283941611647606e-03
2.033890457823872566e-03
2.012821612879633904e-03
2.080486156046390533e-03
2.015642123296856880e-03
2.047446556389331818e-03
2.011922420933842659e-03
2.045577857643365860e-03
2.001967281103134155e-03
2.048146212473511696e-03
2.059510443359613419e-03
2.004190348088741302e-03
2.026037545874714851e-03
2.049861010164022446e-03
2.048454945906996727e-03
2.035894198343157768e-03
2.011401345953345299e-03
2.046090085059404373e-03
2.052058232948184013e-03
2.048087306320667267e-03
2.062915125861763954e-03
2.035052515566349030e-03
2.020961837843060493e-03
2.043435582891106606e-03
2.001145156100392342e-03
2.039997372776269913e-03
1.990303164348006248e-03
2.024636371061205864e-03
2.016595564782619476e-03
2.040195744484663010e-03
2.033896278589963913e-03
2.039232756942510605e-03
2.010513329878449440e-03
1.996778650209307671e-03
2.032806631177663803e-03
2.048362977802753448e-03
1.989693846553564072e-03
2.062304178252816200e-03
1.973010599613189697e-03
2.028381219133734703e-03
2.025664318352937698e-03
2.001838991418480873e-03
2.095087198540568352e-03
2.024822402745485306e-03
2.066188259050250053e-03
2.022159984335303307e-03
2.027522539719939232e-03
1.995749771595001221e-03
2.025934867560863495e-03
2.027190057560801506e-03
1.985327806323766708e-03
1.999223604798316956e-03
2.023393753916025162e-03
2.062201034277677536e-03
2.060525352135300636e-03
2.057120669633150101e-03
1.983514754101634026e-03
2.059387741610407829e-03
1.992747187614440918e-03
2.001423621550202370e-03
2.015657257288694382e-03
2.033039927482604980e-03
2.045559464022517204e-03
1.991632394492626190e-03
1.998674590140581131e-03
1.982389716431498528e-03
2.014570636674761772e-03
2.030199160799384117e-03
2.028433373197913170e-03
1.991129247471690178e-03
1.988395582884550095e-03
2.010392956435680389e-03
2.038454171270132065e-03
1.989545533433556557e-03
1.990258926525712013e-03
2.030293690040707588e-03
2.030088566243648529e-03
1.995627069845795631e-03
1.968756318092346191e-03
1.983044436201453209e-03
2.039769664406776428e-03
1.995421713218092918e-03
2.009574556723237038e-03
1.970230834558606148e-03
2.017133403569459915e-03
1.998837338760495186e-03
1.966866664588451385e-03
2.038676058873534203e-03
2.008392941206693649e-03
1.993958605453372002e-03
2.025830326601862907e-03
2.060091122984886169e-03
1.972051104530692101e-03
2.005675109103322029e-03
1.963162096217274666e-03
1.980302156880497932e-03
2.036609686911106110e-03
2.022629836574196815e-03
1.992183737456798553e-03
