2.522705495357513428e-01
2.474474012851715088e-01
1.833575069904327393e-01
1.527774482965469360e-01
1.436374038457870483e-01
1.385892182588577271e-01
1.350490152835845947e-01
1.320728212594985962e-01
1.291727721691131592e-01
1.266804486513137817e-01
1.243829280138015747e-01
1.224248632788658142e-01
1.197473555803298950e-01
1.174193546175956726e-01
1.151548326015472412e-01
1.129670888185501099e-01
1.109480485320091248e-01
1.085983365774154663e-01
1.067353636026382446e-01
1.044300049543380737e-01
1.024870797991752625e-01
1.007871329784393311e-01
9.943827986717224121e-02
9.738754481077194214e-02
9.559208899736404419e-02
9.415719658136367798e-02
9.261918812990188599e-02
9.117126464843750000e-02
8.975756913423538208e-02
8.839809149503707886e-02
8.709337562322616577e-02
8.593895286321640015e-02
8.449818193912506104e-02
8.366902172565460205e-02
8.222997933626174927e-02
8.148677647113800049e-02
8.050119876861572266e-02
7.885941118001937866e-02
7.803467661142349243e-02
7.658343017101287842e-02
7.604251056909561157e-02
7.552666217088699341e-02
7.387778908014297485e-02
7.402038574218750000e-02
7.286828756332397461e-02
7.191585004329681396e-02
7.113745808601379395e-02
7.057509571313858032e-02
6.951460242271423340e-02
6.918702274560928345e-02
6.804428994655609131e-02
6.729812175035476685e-02
6.682283431291580200e-02
6.644571572542190552e-02
6.601163744926452637e-02
6.497666239738464355e-02
6.479369848966598511e-02
6.401156634092330933e-02
6.350780278444290161e-02
6.325668096542358398e-02
6.265666335821151733e-02
6.240993365645408630e-02
6.187847256660461426e-02
6.111721321940422058e-02
6.063723936676979065e-02
6.060928851366043091e-02
6.020918115973472595e-02
5.933863297104835510e-02
5.938592180609703064e-02
5.886892601847648621e-02
5.884184315800666809e-02
5.784151330590248108e-02
5.784374848008155823e-02
5.756239220499992371e-02
5.706521123647689819e-02
5.662338808178901672e-02
5.636311694979667664e-02
5.609137937426567078e-02
5.570872500538825989e-02
5.563165619969367981e-02
5.498824641108512878e-02
5.417955666780471802e-02
5.430864542722702026e-02
5.370867997407913208e-02
5.376641824841499329e-02
5.343090742826461792e-02
5.353721976280212402e-02
5.281752347946166992e-02
5.311422795057296753e-02
5.224112793803215027e-02
5.218690633773803711e-02
5.206273868680000305e-02
5.162470042705535889e-02
5.177639797329902649e-02
5.114105716347694397e-02
5.097030475735664368e-02
5.087470635771751404e-02
5.043511092662811279e-02
5.019671469926834106e-02
5.030661448836326599e-02
5.012303590774536133e-02
4.976829513907432556e-02
4.994365945458412170e-02
4.953505098819732666e-02
4.932165518403053284e-02
4.920417442917823792e-02
4.861411079764366150e-02
4.856550693511962891e-02
4.826142266392707825e-02
4.848049581050872803e-02
4.817585274577140808e-02
4.800177365541458130e-02
4.781075939536094666e-02
4.776664078235626221e-02
4.741561412811279297e-02
4.738438874483108521e-02
4.737098142504692078e-02
4.746828600764274597e-02
4.715839773416519165e-02
4.699315503239631653e-02
4.663067683577537537e-02
4.645170643925666809e-02
4.661159217357635498e-02
4.631103575229644775e-02
4.592524841427803040e-02
4.567230120301246643e-02
4.558281973004341125e-02
4.568210989236831665e-02
4.520782828330993652e-02
4.537288844585418701e-02
4.498944059014320374e-02
4.511668905615806580e-02
4.521869495511054993e-02
4.481496661901473999e-02
4.473189264535903931e-02
4.432877153158187866e-02
4.461311921477317810e-02
4.405546560883522034e-02
4.441914334893226624e-02
4.444420710206031799e-02
4.379107803106307983e-02
4.402383416891098022e-02
4.349382966756820679e-02
4.380671679973602295e-02
4.354297742247581482e-02
4.346787557005882263e-02
4.285659268498420715e-02
4.288998991250991821e-02
4.256406426429748535e-02
4.260521382093429565e-02
4.294879734516143799e-02
4.314633831381797791e-02
4.225721582770347595e-02
4.232367873191833496e-02
4.232341423630714417e-02
4.202172905206680298e-02
4.195618256926536560e-02
4.232940450310707092e-02
4.198642075061798096e-02
4.163444042205810547e-02
4.194815456867218018e-02
4.157843440771102905e-02
4.119416326284408569e-02
4.165422543883323669e-02
4.152401909232139587e-02
4.120284691452980042e-02
4.132608696818351746e-02
4.105823487043380737e-02
4.088840261101722717e-02
4.099368676543235779e-02
4.086659103631973267e-02
4.047472029924392700e-02
4.042162746191024780e-02
4.063501954078674316e-02
4.065047577023506165e-02
4.005019739270210266e-02
4.058554023504257202e-02
3.971039503812789917e-02
4.005905240774154663e-02
3.992966189980506897e-02
3.988678380846977234e-02
4.008838161826133728e-02
3.996071219444274902e-02
3.958546742796897888e-02
3.965782746672630310e-02
3.963103517889976501e-02
3.947777673602104187e-02
3.967167809605598450e-02
3.885904327034950256e-02
3.915565833449363708e-02
3.943713754415512085e-02
3.886997327208518982e-02
3.896981850266456604e-02
3.885536640882492065e-02
3.883092105388641357e-02
3.840918838977813721e-02
3.900167718529701233e-02
3.862005472183227539e-02
3.842115029692649841e-02
3.847380727529525757e-02
3.860393166542053223e-02
3.822157159447669983e-02
3.810767084360122681e-02
3.808247298002243042e-02
3.798600658774375916e-02
3.790584951639175415e-02
3.750117123126983643e-02
3.797440230846405029e-02
3.782445192337036133e-02
3.757473826408386230e-02
3.769518435001373291e-02
3.786303848028182983e-02
3.768162056803703308e-02
3.749650716781616211e-02
3.707596287131309509e-02
3.737954422831535339e-02
3.736834973096847534e-02
3.694882616400718689e-02
3.686745837330818176e-02
3.679947927594184875e-02
3.673971071839332581e-02
3.748489543795585632e-02
3.682032227516174316e-02
3.680783882737159729e-02
3.673939406871795654e-02
3.699649125337600708e-02
3.669743239879608154e-02
3.646766766905784607e-02
3.643266484141349792e-02
3.646587207913398743e-02
3.642767667770385742e-02
3.624371811747550964e-02
3.642901778221130371e-02
3.626732155680656433e-02
3.633731603622436523e-02
3.625961393117904663e-02
3.619147092103958130e-02
3.598839417099952698e-02
3.561436384916305542e-02
3.587049245834350586e-02
3.584196045994758606e-02
3.549886494874954224e-02
3.560316190123558044e-02
3.625743463635444641e-02
3.537141159176826477e-02
3.546744585037231445e-02
3.539150580763816833e-02
3.528895229101181030e-02
3.545723110437393188e-02
3.536367043852806091e-02
3.539646416902542114e-02
3.520400077104568481e-02
3.508511185646057129e-02
3.499780595302581787e-02
3.494284674525260925e-02
3.491112589836120605e-02
3.510354831814765930e-02
3.454704955220222473e-02
3.463181480765342712e-02
3.501200675964355469e-02
3.484851494431495667e-02
3.502414375543594360e-02
3.453703969717025757e-02
3.463224694132804871e-02
3.473792225122451782e-02
3.469176217913627625e-02
3.415458276867866516e-02
3.436739742755889893e-02
3.434531018137931824e-02
3.423150628805160522e-02
3.436983376741409302e-02
3.447399288415908813e-02
3.402960672974586487e-02
3.411286696791648865e-02
3.405184298753738403e-02
3.399492055177688599e-02
3.408903628587722778e-02
3.426221385598182678e-02
3.385424986481666565e-02
3.367976844310760498e-02
3.381867334246635437e-02
3.374104574322700500e-02
3.384733200073242188e-02
3.362607583403587341e-02
3.337946906685829163e-02
3.350752592086791992e-02
3.361864387989044189e-02
3.369473665952682495e-02
3.328930586576461792e-02
3.352446854114532471e-02
3.323422372341156006e-02
3.351247310638427734e-02
3.315594792366027832e-02
3.342054411768913269e-02
3.321810066699981689e-02
3.306868672370910645e-02
3.317609429359436035e-02
3.309413790702819824e-02
3.302668407559394836e-02
3.288747742772102356e-02
3.313041105866432190e-02
3.298230096697807312e-02
3.283404186367988586e-02
3.287620469927787781e-02
3.267247602343559265e-02
3.234080597758293152e-02
3.273368254303932190e-02
3.264646977186203003e-02
3.244169801473617554e-02
3.262688964605331421e-02
3.289946913719177246e-02
3.239138051867485046e-02
3.288339078426361084e-02
3.240677341818809509e-02
3.218176960945129395e-02
3.215321898460388184e-02
3.228730335831642151e-02
3.250418230891227722e-02
3.237672895193099976e-02
3.246891871094703674e-02
3.229076415300369263e-02
3.228386491537094116e-02
3.221225738525390625e-02
3.215642645955085754e-02
3.214571252465248108e-02
3.210625052452087402e-02
3.206032142043113708e-02
3.191516548395156860e-02
3.185891732573509216e-02
3.196768835186958313e-02
3.177648037672042847e-02
3.167621791362762451e-02
3.173807635903358459e-02
3.161451220512390137e-02
3.169109299778938293e-02
3.167720884084701538e-02
3.156119212508201599e-02
3.154803067445755005e-02
3.167727217078208923e-02
3.157234564423561096e-02
3.150723874568939209e-02
3.149504214525222778e-02
3.154743090271949768e-02
3.163764998316764832e-02
3.153238072991371155e-02
3.149944171309471130e-02
3.120435029268264771e-02
3.144015371799468994e-02
3.121997602283954620e-02
3.110932186245918274e-02
3.139395266771316528e-02
3.117107972502708435e-02
3.113294951617717743e-02
3.124383836984634399e-02
3.099925443530082703e-02
3.107314370572566986e-02
3.108446672558784485e-02
3.103418648242950439e-02
3.099645674228668213e-02
3.076243400573730469e-02
3.090429864823818207e-02
3.083709441125392914e-02
3.063912689685821533e-02
3.054585494101047516e-02
3.093515336513519287e-02
3.083816356956958771e-02
3.069621324539184570e-02
3.079007938504219055e-02
3.087137080729007721e-02
3.067142702639102936e-02
3.069996647536754608e-02
3.055205754935741425e-02
3.041440807282924652e-02
3.058730252087116241e-02
3.057356551289558411e-02
3.035872988402843475e-02
3.024224005639553070e-02
3.049993142485618591e-02
3.027011826634407043e-02
3.044273704290390015e-02
3.020063787698745728e-02
3.012515604496002197e-02
3.037270531058311462e-02
3.035908006131649017e-02
3.029555268585681915e-02
2.996736951172351837e-02
3.014843724668025970e-02
2.980241179466247559e-02
2.995559759438037872e-02
3.026624210178852081e-02
3.015727177262306213e-02
2.991466969251632690e-02
2.979812584817409515e-02
2.991631999611854553e-02
3.017301112413406372e-02
2.985583245754241943e-02
2.983453124761581421e-02
2.989808656275272369e-02
2.960448712110519409e-02
2.992735616862773895e-02
2.954993769526481628e-02
2.998310327529907227e-02
2.958348020911216736e-02
2.973563037812709808e-02
2.964764833450317383e-02
2.960443310439586639e-02
2.986460179090499878e-02
2.966485358774662018e-02
2.948246523737907410e-02
2.948130108416080475e-02
2.942267805337905884e-02
2.939437329769134521e-02
2.940029092133045197e-02
2.959137782454490662e-02
2.948737516999244690e-02
2.915522456169128418e-02
2.923249267041683197e-02
2.929805964231491089e-02
2.935649082064628601e-02
2.934217266738414764e-02
2.902685850858688354e-02
2.923031151294708252e-02
2.904339507222175598e-02
2.926381677389144897e-02
2.927298657596111298e-02
2.918131463229656219e-02
2.923840284347534180e-02
2.905645780265331268e-02
2.902628295123577118e-02
2.912313304841518402e-02
2.899841032922267914e-02
2.889991551637649536e-02
2.893968485295772552e-02
2.889986149966716766e-02
2.932642586529254913e-02
2.893722988665103912e-02
2.900532819330692291e-02
2.881506085395812988e-02
2.896551042795181274e-02
2.883959747850894928e-02
2.901443280279636383e-02
2.897922508418560028e-02
2.858964353799819946e-02
2.864235267043113708e-02
2.890379913151264191e-02
2.858990058302879333e-02
2.858663909137248993e-02
2.882946282625198364e-02
2.877923287451267242e-02
2.875124290585517883e-02
2.857646718621253967e-02
2.840289287269115448e-02
2.852500975131988525e-02
2.854070067405700684e-02
2.858496643602848053e-02
2.864897064864635468e-02
2.822180092334747314e-02
2.877034246921539307e-02
2.842454612255096436e-02
2.876139245927333832e-02
2.844782732427120209e-02
2.839125320315361023e-02
2.870640903711318970e-02
2.817342430353164673e-02
2.844421379268169403e-02
2.832444012165069580e-02
2.838841825723648071e-02
2.827516011893749237e-02
2.811402641236782074e-02
2.853196486830711365e-02
2.818793430924415588e-02
2.820326574146747589e-02
2.823104336857795715e-02
2.830744720995426178e-02
2.810608968138694763e-02
2.820886671543121338e-02
2.842947095632553101e-02
2.800219133496284485e-02
2.812739275395870209e-02
2.819706127047538757e-02
2.848830632865428925e-02
2.814218960702419281e-02
2.782101370394229889e-02
2.783245034515857697e-02
2.785361185669898987e-02
2.778284437954425812e-02
2.796104177832603455e-02
2.795784734189510345e-02
2.808052860200405121e-02
2.785557322204113007e-02
2.779737673699855804e-02
2.777795679867267609e-02
2.818553708493709564e-02
2.756881155073642731e-02
2.772202342748641968e-02
2.761963382363319397e-02
2.767697721719741821e-02
2.766905725002288818e-02
2.772068604826927185e-02
2.775009162724018097e-02
