2.430282831192016602e-01
1.619944125413894653e-01
1.155310571193695068e-01
9.303896874189376831e-02
7.999754697084426880e-02
7.156606763601303101e-02
6.502214074134826660e-02
6.072708219289779663e-02
5.756438523530960083e-02
5.497426167130470276e-02
5.208444595336914062e-02
4.979032278060913086e-02
4.823700338602066040e-02
4.617493227124214172e-02
4.483491554856300354e-02
4.356911778450012207e-02
4.303792864084243774e-02
4.130091145634651184e-02
4.073110595345497131e-02
3.996667265892028809e-02
3.878769651055335999e-02
3.756098821759223938e-02
3.720410540699958801e-02
3.647777065634727478e-02
3.624211251735687256e-02
3.598438575863838196e-02
3.530499339103698730e-02
3.521810472011566162e-02
3.439177572727203369e-02
3.372322022914886475e-02
3.388937935233116150e-02
3.326220810413360596e-02
3.279324993491172791e-02
3.236403688788414001e-02
3.223926573991775513e-02
3.190561756491661072e-02
3.166865929961204529e-02
3.160477802157402039e-02
3.079696744680404663e-02
3.116193413734436035e-02
3.079967014491558075e-02
3.049478679895401001e-02
3.010493516921997070e-02
2.965041808784008026e-02
2.967794798314571381e-02
2.905362471938133240e-02
2.870586141943931580e-02
2.929040975868701935e-02
2.888331003487110138e-02
2.874989248812198639e-02
2.815795876085758209e-02
2.819088287651538849e-02
2.808226831257343292e-02
2.784773707389831543e-02
2.759939804673194885e-02
2.733729220926761627e-02
2.739230357110500336e-02
2.728885412216186523e-02
2.744607999920845032e-02
2.693410031497478485e-02
2.720101922750473022e-02
2.667059749364852905e-02
2.681083418428897858e-02
2.640601806342601776e-02
2.642617002129554749e-02
2.642979472875595093e-02
2.644735760986804962e-02
2.596878260374069214e-02
2.605533599853515625e-02
2.572862245142459869e-02
2.565555088222026825e-02
2.533246949315071106e-02
2.564813941717147827e-02
2.570300735533237457e-02
2.555537596344947815e-02
2.518409304320812225e-02
2.489862404763698578e-02
2.542620897293090820e-02
2.492901682853698730e-02
2.455690503120422363e-02
2.475171908736228943e-02
2.456826344132423401e-02
2.468459494411945343e-02
2.455678023397922516e-02
2.466815151274204254e-02
2.427221648395061493e-02
2.446805313229560852e-02
2.431321889162063599e-02
2.418452128767967224e-02
2.423711679875850677e-02
2.406552433967590332e-02
2.383321709930896759e-02
2.402823418378829956e-02
2.388548292219638824e-02
2.377952821552753448e-02
2.366065420210361481e-02
2.360017597675323486e-02
2.358538471162319183e-02
2.350915037095546722e-02
2.382634207606315613e-02
2.342428825795650482e-02
2.342257462441921234e-02
2.354288473725318909e-02
2.342263050377368927e-02
2.329852245748043060e-02
2.308773063123226166e-02
2.316617593169212341e-02
2.303649485111236572e-02
2.316148206591606140e-02
2.281636372208595276e-02
2.309670858085155487e-02
2.310441620647907257e-02
2.300237491726875305e-02
2.275134809315204620e-02
2.269861660897731781e-02
2.280861325562000275e-02
2.269430086016654968e-02
2.292283065617084503e-02
2.253519929945468903e-02
2.265715785324573517e-02
2.264041081070899963e-02
2.280410192906856537e-02
2.211065590381622314e-02
2.246885374188423157e-02
2.226617746055126190e-02
2.259212546050548553e-02
2.217810042202472687e-02
2.232925407588481903e-02
2.216587029397487640e-02
2.219292707741260529e-02
2.204437181353569031e-02
2.195955999195575714e-02
2.201833575963973999e-02
2.210686914622783661e-02
2.225958742201328278e-02
2.205363661050796509e-02
2.216069586575031281e-02
2.192145958542823792e-02
2.200471796095371246e-02
2.201041951775550842e-02
2.182520553469657898e-02
2.195588126778602600e-02
2.211378701031208038e-02
2.185911871492862701e-02
2.164743468165397644e-02
2.172970585525035858e-02
2.181134000420570374e-02
2.212934382259845734e-02
2.164100110530853271e-02
2.160232886672019958e-02
2.157916501164436340e-02
2.155394665896892548e-02
2.190549671649932861e-02
2.164516970515251160e-02
2.159709669649600983e-02
2.142519876360893250e-02
2.141749300062656403e-02
2.141474746167659760e-02
2.174971997737884521e-02
2.152730897068977356e-02
2.108644694089889526e-02
2.119750343263149261e-02
2.116513252258300781e-02
2.109638042747974396e-02
2.111681550741195679e-02
2.119450271129608154e-02
2.134704031050205231e-02
2.119813300669193268e-02
2.118377387523651123e-02
2.128937281668186188e-02
2.094662375748157501e-02
2.114081755280494690e-02
2.113242633640766144e-02
2.111242339015007019e-02
2.094991877675056458e-02
2.099879086017608643e-02
2.082924172282218933e-02
2.100495621562004089e-02
2.093699946999549866e-02
2.102874591946601868e-02
2.085937187075614929e-02
2.060865424573421478e-02
2.088302001357078552e-02
2.096695080399513245e-02
2.080010063946247101e-02
2.094964310526847839e-02
2.085404470562934875e-02
2.066157571971416473e-02
2.074312046170234680e-02
2.099470980465412140e-02
2.054676599800586700e-02
2.084984071552753448e-02
2.058558724820613861e-02
2.056792750954627991e-02
2.051765285432338715e-02
2.078803069889545441e-02
2.095824852585792542e-02
2.069479040801525116e-02
2.049868926405906677e-02
2.057732827961444855e-02
2.032047510147094727e-02
2.050665579736232758e-02
2.052985504269599915e-02
2.031196467578411102e-02
2.050419896841049194e-02
2.060607075691223145e-02
2.024644427001476288e-02
2.039347030222415924e-02
2.065565064549446106e-02
2.041959576308727264e-02
2.042324095964431763e-02
2.050063014030456543e-02
2.015975303947925568e-02
2.011138200759887695e-02
2.040648460388183594e-02
2.004524320363998413e-02
2.039998397231101990e-02
2.048920840024948120e-02
2.030369825661182404e-02
2.032929286360740662e-02
2.028418146073818207e-02
2.026863396167755127e-02
2.027022279798984528e-02
2.037355862557888031e-02
2.022479660809040070e-02
1.990427821874618530e-02
2.023506164550781250e-02
2.015521749854087830e-02
2.004208602011203766e-02
2.016835100948810577e-02
1.992741227149963379e-02
2.012519165873527527e-02
2.018650434911251068e-02
2.038360014557838440e-02
1.984062045812606812e-02
2.017802000045776367e-02
2.030365541577339172e-02
1.982084102928638458e-02
2.009900473058223724e-02
2.011208981275558472e-02
1.995323225855827332e-02
1.992239058017730713e-02
2.001389861106872559e-02
1.968797110021114349e-02
1.991696469485759735e-02
1.966341957449913025e-02
1.977756805717945099e-02
1.992512866854667664e-02
2.024981006979942322e-02
1.977511867880821228e-02
1.990487799048423767e-02
1.997119002044200897e-02
1.964716240763664246e-02
1.993984915316104889e-02
2.000671811401844025e-02
1.978805102407932281e-02
1.966104097664356232e-02
1.984356157481670380e-02
2.000756375491619110e-02
1.961346343159675598e-02
1.980196498334407806e-02
1.980925351381301880e-02
1.977058500051498413e-02
1.954179443418979645e-02
1.978092640638351440e-02
1.988951861858367920e-02
1.968291588127613068e-02
1.975673623383045197e-02
1.965454779565334320e-02
1.960492506623268127e-02
1.977532915771007538e-02
1.958187669515609741e-02
1.952670328319072723e-02
1.958826556801795959e-02
1.945926249027252197e-02
1.999143138527870178e-02
1.954791694879531860e-02
1.985114067792892456e-02
1.960717700421810150e-02
1.980695687234401703e-02
1.942658796906471252e-02
1.958341337740421295e-02
1.941168867051601410e-02
1.972406543791294098e-02
1.922303438186645508e-02
1.951893791556358337e-02
1.942471228539943695e-02
1.956485956907272339e-02
1.960220001637935638e-02
1.935031078755855560e-02
1.955485343933105469e-02
1.943254284560680389e-02
1.961914077401161194e-02
1.940328814089298248e-02
1.947510056197643280e-02
1.946493983268737793e-02
1.939750462770462036e-02
1.932242885231971741e-02
1.953162625432014465e-02
1.930444128811359406e-02
1.953529566526412964e-02
1.931842975318431854e-02
1.938785240054130554e-02
1.945178024470806122e-02
1.948465034365653992e-02
1.929965242743492126e-02
1.931354962289333344e-02
1.926801539957523346e-02
1.929359138011932373e-02
1.929288543760776520e-02
1.933144219219684601e-02
1.947128400206565857e-02
1.906242035329341888e-02
1.925727538764476776e-02
1.909028552472591400e-02
1.914967410266399384e-02
1.925736106932163239e-02
1.928496733307838440e-02
1.922167465090751648e-02
1.920183748006820679e-02
1.925337687134742737e-02
1.905587688088417053e-02
1.920785941183567047e-02
1.909731887280941010e-02
1.937155611813068390e-02
1.931712776422500610e-02
1.931394264101982117e-02
1.917906105518341064e-02
1.897825859487056732e-02
1.895660348236560822e-02
1.930159330368041992e-02
1.899330690503120422e-02
1.888924464583396912e-02
1.916536316275596619e-02
1.914516277611255646e-02
1.878285221755504608e-02
1.912103593349456787e-02
1.914123632013797760e-02
1.904690079391002655e-02
1.910780742764472961e-02
1.917966082692146301e-02
1.908612996339797974e-02
1.907626725733280182e-02
1.923215575516223907e-02
1.902747154235839844e-02
1.916437223553657532e-02
1.917328685522079468e-02
1.904562674462795258e-02
1.906152628362178802e-02
1.889522746205329895e-02
1.882092468440532684e-02
1.920351013541221619e-02
1.917343959212303162e-02
1.893762499094009399e-02
1.901067793369293213e-02
1.897464320063591003e-02
1.886576600372791290e-02
1.887987181544303894e-02
1.885509863495826721e-02
1.902808994054794312e-02
1.892463117837905884e-02
1.905574463307857513e-02
1.884135231375694275e-02
1.899757608771324158e-02
1.900282502174377441e-02
1.908977888524532318e-02
1.899504289031028748e-02
1.890044473111629486e-02
1.881021820008754730e-02
1.902169175446033478e-02
1.877471432089805603e-02
1.909318566322326660e-02
1.876295544207096100e-02
1.886828802525997162e-02
1.917564496397972107e-02
1.886080205440521240e-02
1.872705295681953430e-02
1.882975734770298004e-02
1.876291073858737946e-02
1.879324018955230713e-02
1.883927918970584869e-02
1.888124458491802216e-02
1.879085972905158997e-02
1.876383833587169647e-02
1.902821473777294159e-02
1.891594007611274719e-02
1.856607012450695038e-02
1.897126436233520508e-02
1.891122385859489441e-02
1.885475590825080872e-02
1.887499727308750153e-02
1.891733333468437195e-02
1.840058900415897369e-02
1.872423849999904633e-02
1.876230910420417786e-02
1.869289204478263855e-02
1.863363571465015411e-02
1.889726333320140839e-02
1.890566572546958923e-02
1.854240708053112030e-02
1.864654198288917542e-02
1.857270859181880951e-02
1.869755424559116364e-02
1.882200315594673157e-02
1.894887350499629974e-02
1.845253072679042816e-02
1.868801936507225037e-02
1.868279650807380676e-02
1.851489953696727753e-02
1.871859282255172729e-02
1.853937096893787384e-02
1.881878264248371124e-02
1.860359869897365570e-02
1.852197200059890747e-02
1.861478947103023529e-02
1.863509975373744965e-02
1.855908147990703583e-02
1.874072477221488953e-02
1.849105395376682281e-02
1.865234784781932831e-02
1.862462423741817474e-02
1.841596327722072601e-02
1.848441548645496368e-02
1.878702268004417419e-02
1.854865066707134247e-02
1.842812262475490570e-02
1.848918199539184570e-02
1.852208375930786133e-02
1.855805888772010803e-02
1.884811185300350189e-02
1.871453598141670227e-02
1.876087859272956848e-02
1.846043579280376434e-02
1.883154734969139099e-02
1.874283328652381897e-02
1.847053132951259613e-02
1.854607090353965759e-02
1.853607967495918274e-02
1.852505095303058624e-02
1.853024587035179138e-02
1.858764514327049255e-02
1.870249211788177490e-02
1.839080266654491425e-02
1.849157921969890594e-02
1.875171624124050140e-02
1.857480965554714203e-02
1.841891743242740631e-02
1.842975430190563202e-02
1.865660771727561951e-02
1.866017468273639679e-02
1.830989494919776917e-02
1.838009804487228394e-02
1.832333393394947052e-02
1.836241595447063446e-02
1.836720481514930725e-02
1.841614209115505219e-02
1.833146996796131134e-02
1.867537759244441986e-02
1.835804805159568787e-02
1.832561753690242767e-02
1.844325475394725800e-02
1.836142316460609436e-02
1.852205209434032440e-02
1.826444827020168304e-02
1.829829625785350800e-02
1.853642612695693970e-02
1.853797957301139832e-02
1.832194812595844269e-02
1.833923161029815674e-02
1.833718642592430115e-02
1.830400153994560242e-02
1.858810707926750183e-02
1.819529756903648376e-02
1.857143454253673553e-02
1.828870177268981934e-02
1.833350956439971924e-02
1.848215796053409576e-02
1.830914244055747986e-02
1.821730658411979675e-02
1.840722188353538513e-02
1.832354813814163208e-02
1.852176152169704437e-02
1.855390705168247223e-02
1.819989830255508423e-02
1.847813278436660767e-02
1.847033947706222534e-02
1.814107038080692291e-02
1.824055053293704987e-02
1.831664703786373138e-02
1.820214837789535522e-02
1.804822310805320740e-02
1.843969896435737610e-02
1.829808950424194336e-02
1.820684596896171570e-02
1.822189800441265106e-02
1.839297823607921600e-02
1.830363087356090546e-02
1.809308864176273346e-02
1.833859458565711975e-02
1.835705526173114777e-02
1.838478259742259979e-02
1.820448413491249084e-02
1.820233091711997986e-02
1.837848871946334839e-02
1.810158602893352509e-02
1.831972785294055939e-02
1.798781938850879669e-02
1.846236735582351685e-02
1.826059818267822266e-02
1.817351765930652618e-02
1.839466765522956848e-02
1.823375187814235687e-02
1.812187023460865021e-02
1.812877133488655090e-02
1.812634989619255066e-02
1.801491715013980865e-02
1.841057278215885162e-02
1.818484067916870117e-02
1.814501173794269562e-02
1.811769418418407440e-02
1.798767596483230591e-02
1.817478612065315247e-02
1.823473535478115082e-02
1.809221133589744568e-02
1.807937584817409515e-02
1.816614344716072083e-02
1.820011436939239502e-02
1.808843575417995453e-02
1.828055456280708313e-02
1.809076219797134399e-02
1.818742789328098297e-02
1.833256706595420837e-02
1.816244795918464661e-02
1.780774816870689392e-02
1.813253201544284821e-02
1.810683496296405792e-02
1.812641695141792297e-02
1.807090453803539276e-02
1.824453100562095642e-02
1.790149882435798645e-02
1.816320605576038361e-02
1.795240119099617004e-02
1.791456900537014008e-02
1.793216913938522339e-02
1.800747402012348175e-02
1.793452911078929901e-02
1.796478591859340668e-02
1.813730411231517792e-02
1.797304488718509674e-02
1.793667301535606384e-02
1.805544830858707428e-02
1.790436357259750366e-02
1.802745833992958069e-02
1.809068769216537476e-02
1.806358806788921356e-02
1.802949048578739166e-02
1.786428131163120270e-02
1.807799190282821655e-02
1.795333623886108398e-02
1.796326786279678345e-02
1.795603707432746887e-02
1.796179451048374176e-02
1.798796840012073517e-02
1.807578653097152710e-02
1.788153871893882751e-02
1.803641207516193390e-02
1.811982691287994385e-02
1.807077229022979736e-02
1.815503463149070740e-02
1.800206676125526428e-02
1.783866435289382935e-02
1.784020289778709412e-02
1.800126582384109497e-02
1.803052425384521484e-02
1.788520626723766327e-02
1.795289292931556702e-02
1.788767427206039429e-02
1.800809055566787720e-02
1.795408315956592560e-02
1.815808005630970001e-02
1.788518205285072327e-02
1.780009455978870392e-02
1.793109439313411713e-02
1.783829927444458008e-02
1.826201565563678741e-02
1.792357675731182098e-02
1.783403195440769196e-02
1.780411787331104279e-02
1.788936927914619446e-02
1.781007461249828339e-02
1.775355450809001923e-02
1.788925379514694214e-02
1.792597025632858276e-02
1.798532530665397644e-02
1.797935925424098969e-02
1.786753907799720764e-02
1.780200935900211334e-02
1.776037551462650299e-02
1.767974346876144409e-02
1.772718876600265503e-02
1.771737076342105865e-02
1.779087074100971222e-02
1.797324419021606445e-02
1.777408085763454437e-02
1.793575473129749298e-02
1.802021637558937073e-02
1.777841150760650635e-02
1.789064146578311920e-02
1.770018227398395538e-02
1.782741211354732513e-02
1.758662983775138855e-02
1.787203177809715271e-02
1.785250566899776459e-02
1.800332590937614441e-02
1.766666583716869354e-02
1.796184480190277100e-02
1.790104620158672333e-02
1.776831224560737610e-02
1.779157295823097229e-02
1.776917278766632080e-02
1.782652176916599274e-02
1.779471896588802338e-02
1.746771670877933502e-02
1.793199218809604645e-02
1.779853552579879761e-02
1.764532551169395447e-02
1.771625690162181854e-02
1.799307949841022491e-02
1.789979636669158936e-02
1.808354072272777557e-02
1.793036051094532013e-02
1.782151870429515839e-02
1.793906278908252716e-02
1.784369722008705139e-02
1.765166223049163818e-02
1.779707521200180054e-02
1.786145567893981934e-02
1.799764484167098999e-02
1.781021058559417725e-02
1.758973859250545502e-02
1.758251525461673737e-02
1.793742738664150238e-02
1.779552176594734192e-02
1.780124753713607788e-02
1.763696223497390747e-02
1.785281486809253693e-02
1.774846017360687256e-02
1.798957400023937225e-02
1.774297840893268585e-02
1.770898886024951935e-02
1.739835739135742188e-02
1.764559373259544373e-02
1.760268956422805786e-02
1.754846051335334778e-02
1.767239160835742950e-02
1.752345077693462372e-02
1.768510602414608002e-02
1.769348606467247009e-02
1.743736304342746735e-02
1.778841204941272736e-02
1.762663014233112335e-02
1.770469360053539276e-02
1.767730526626110077e-02
1.771434955298900604e-02
1.786903105676174164e-02
1.783631183207035065e-02
1.758359745144844055e-02
1.766145415604114532e-02
1.758086495101451874e-02
1.774982362985610962e-02
1.765596307814121246e-02
1.768468879163265228e-02
1.769911497831344604e-02
1.779960840940475464e-02
1.781134493649005890e-02
1.774972490966320038e-02
1.771778799593448639e-02
1.756006479263305664e-02
1.772940531373023987e-02
1.753451116383075714e-02
1.753241196274757385e-02
1.766774058341979980e-02
1.753721758723258972e-02
1.752400398254394531e-02
1.751618646085262299e-02
1.766812428832054138e-02
1.740378700196743011e-02
1.762893237173557281e-02
1.735776662826538086e-02
1.780702173709869385e-02
1.764778420329093933e-02
1.758386008441448212e-02
1.756979711353778839e-02
1.772536896169185638e-02
1.755464635789394379e-02
1.756650023162364960e-02
1.753487251698970795e-02
1.761183701455593109e-02
1.757000945508480072e-02
1.750134304165840149e-02
1.774444058537483215e-02
1.768730953335762024e-02
1.765715517103672028e-02
1.770200952887535095e-02
1.766186580061912537e-02
1.776101626455783844e-02
1.761897467076778412e-02
1.776241324841976166e-02
1.739876903593540192e-02
1.767545752227306366e-02
1.763796061277389526e-02
1.741933450102806091e-02
1.738617010414600372e-02
1.740796864032745361e-02
1.767398789525032043e-02
1.762188412249088287e-02
1.760180480778217316e-02
1.751520298421382904e-02
1.769007928669452667e-02
1.754637807607650757e-02
1.750860922038555145e-02
1.743610948324203491e-02
1.764916256070137024e-02
1.777379028499126434e-02
1.774322055280208588e-02
1.757255010306835175e-02
1.753988862037658691e-02
1.742571406066417694e-02
1.753782108426094055e-02
1.741456612944602966e-02
1.768288761377334595e-02
1.759011112153530121e-02
1.733974367380142212e-02
1.777354627847671509e-02
1.763017848134040833e-02
1.745236106216907501e-02
1.746111363172531128e-02
1.750736869871616364e-02
1.746580936014652252e-02
1.736615598201751709e-02
1.747409813106060028e-02
1.763547584414482117e-02
1.750270277261734009e-02
1.757647655904293060e-02
1.744589395821094513e-02
1.759494096040725708e-02
1.753923483192920685e-02
1.745404116809368134e-02
1.759840175509452820e-02
1.747567951679229736e-02
1.768399775028228760e-02
1.758445613086223602e-02
1.735387742519378662e-02
1.728623546659946442e-02
1.754993759095668793e-02
1.745552755892276764e-02
1.746097393333911896e-02
1.749809272587299347e-02
1.737737283110618591e-02
1.766886748373508453e-02
1.745405979454517365e-02
1.745262928307056427e-02
1.757304556667804718e-02
1.748705282807350159e-02
1.742204837501049042e-02
1.730590313673019409e-02
1.750355213880538940e-02
1.735910214483737946e-02
1.734247803688049316e-02
1.738614588975906372e-02
1.735074818134307861e-02
1.747284457087516785e-02
1.751218922436237335e-02
1.742135919630527496e-02
1.734998263418674469e-02
1.738710701465606689e-02
1.733106747269630432e-02
1.723015867173671722e-02
1.752758771181106567e-02
1.727493107318878174e-02
1.770186424255371094e-02
1.729729026556015015e-02
1.737426407635211945e-02
1.746304519474506378e-02
1.733477227389812469e-02
1.743288338184356689e-02
1.751488074660301208e-02
1.755432970821857452e-02
1.734987646341323853e-02
1.710004359483718872e-02
1.747305132448673248e-02
1.745478995144367218e-02
1.732434891164302826e-02
1.738342829048633575e-02
1.727998256683349609e-02
1.725351437926292419e-02
1.750605367124080658e-02
1.748158968985080719e-02
1.742966845631599426e-02
1.737283542752265930e-02
1.716617122292518616e-02
1.725750043988227844e-02
1.745072379708290100e-02
1.752313412725925446e-02
1.721451617777347565e-02
1.747160404920578003e-02
1.737414859235286713e-02
1.751673035323619843e-02
1.756937243044376373e-02
1.758707500994205475e-02
1.739745028316974640e-02
1.740406081080436707e-02
1.725753583014011383e-02
1.750484108924865723e-02
1.711163669824600220e-02
1.717467792332172394e-02
1.744151860475540161e-02
1.743499189615249634e-02
1.749100163578987122e-02
1.748751476407051086e-02
1.727846264839172363e-02
1.738573238253593445e-02
1.719227060675621033e-02
1.753466017544269562e-02
1.748519577085971832e-02
1.729824393987655640e-02
1.743590459227561951e-02
1.729726418852806091e-02
1.729262620210647583e-02
1.738734543323516846e-02
1.740988716483116150e-02
1.740967482328414917e-02
1.744339056313037872e-02
1.747317425906658173e-02
1.724926941096782684e-02
1.738204993307590485e-02
1.747508533298969269e-02
1.750354282557964325e-02
1.755901984870433807e-02
1.731526665389537811e-02
1.745490729808807373e-02
1.757725141942501068e-02
1.751317270100116730e-02
1.706427335739135742e-02
1.740950345993041992e-02
1.724446751177310944e-02
1.713439263403415680e-02
1.725185103714466095e-02
1.725506037473678589e-02
1.726240850985050201e-02
1.736871153116226196e-02
1.732119172811508179e-02
1.731480471789836884e-02
1.738710701465606689e-02
1.724513806402683258e-02
1.744554564356803894e-02
1.728875376284122467e-02
1.750788651406764984e-02
1.716411300003528595e-02
1.745844632387161255e-02
1.721100322902202606e-02
1.723622344434261322e-02
1.719983480870723724e-02
1.756470836699008942e-02
1.721099205315113068e-02
1.730529963970184326e-02
1.731806248426437378e-02
1.718290895223617554e-02
1.716574653983116150e-02
1.725298725068569183e-02
1.732840389013290405e-02
1.736906357109546661e-02
1.738043315708637238e-02
1.700546033680438995e-02
1.723205856978893280e-02
1.732128858566284180e-02
1.733314245939254761e-02
1.718088611960411072e-02
1.765502989292144775e-02
1.737788692116737366e-02
1.747645065188407898e-02
1.719796471297740936e-02
1.733325421810150146e-02
1.712406799197196960e-02
1.741401106119155884e-02
1.743465289473533630e-02
1.730191893875598907e-02
1.732243411242961884e-02
1.738378405570983887e-02
1.728770881891250610e-02
1.718027517199516296e-02
1.739634759724140167e-02
1.718912646174430847e-02
1.736561022698879242e-02
1.740107685327529907e-02
1.750264689326286316e-02
1.758545264601707458e-02
1.748625561594963074e-02
1.720673963427543640e-02
1.719350367784500122e-02
1.713725738227367401e-02
1.718750223517417908e-02
1.734948344528675079e-02
1.706629619002342224e-02
1.731775701045989990e-02
1.734197326004505157e-02
1.719922572374343872e-02
1.717194542288780212e-02
1.723232306540012360e-02
1.703366078436374664e-02
1.750239171087741852e-02
1.727407984435558319e-02
1.731687970459461212e-02
1.717280782759189606e-02
1.706570573151111603e-02
1.718266494572162628e-02
1.701975986361503601e-02
1.730403304100036621e-02
1.728987507522106171e-02
1.722266152501106262e-02
1.736684888601303101e-02
1.733736880123615265e-02
1.735795475542545319e-02
1.721709221601486206e-02
1.713406294584274292e-02
1.735905557870864868e-02
1.713948883116245270e-02
1.731853373348712921e-02
1.726420968770980835e-02
1.728499308228492737e-02
1.721728779375553131e-02
1.718167588114738464e-02
1.718913204967975616e-02
1.713145896792411804e-02
1.706235297024250031e-02
1.715111359953880310e-02
1.732881553471088409e-02
1.704894937574863434e-02
1.744676940143108368e-02
1.714426465332508087e-02
1.712774112820625305e-02
1.712850481271743774e-02
1.721241883933544159e-02
1.720941998064517975e-02
1.721106655895709991e-02
1.733059063553810120e-02
1.715732365846633911e-02
1.723102852702140808e-02
1.704172044992446899e-02
1.721268706023693085e-02
1.700619980692863464e-02
1.720047555863857269e-02
1.720643043518066406e-02
1.706737838685512543e-02
1.722462661564350128e-02
1.736322976648807526e-02
1.719091273844242096e-02
1.732458733022212982e-02
1.717628352344036102e-02
1.738754473626613617e-02
1.730938628315925598e-02
1.720789447426795959e-02
1.733476296067237854e-02
1.712109707295894623e-02
1.727156154811382294e-02
1.703428477048873901e-02
1.707636192440986633e-02
1.725353486835956573e-02
1.732900179922580719e-02
1.701655797660350800e-02
1.719311252236366272e-02
1.730710454285144806e-02
1.733651943504810333e-02
1.730511523783206940e-02
1.718231663107872009e-02
1.718934811651706696e-02
1.714623719453811646e-02
1.699111983180046082e-02
1.688594743609428406e-02
1.715431176126003265e-02
1.709420420229434967e-02
1.699373871088027954e-02
1.719253882765769958e-02
1.716416329145431519e-02
1.710136234760284424e-02
1.703917793929576874e-02
1.699712313711643219e-02
1.701210439205169678e-02
1.729789748787879944e-02
1.743537746369838715e-02
1.714986748993396759e-02
1.720140501856803894e-02
1.717212982475757599e-02
1.710712723433971405e-02
1.719093695282936096e-02
1.704416982829570770e-02
1.701444573700428009e-02
1.710651814937591553e-02
1.712208427488803864e-02
1.700557582080364227e-02
1.700508408248424530e-02
1.693646423518657684e-02
1.723457127809524536e-02
1.716390997171401978e-02
1.707515306770801544e-02
1.698711141943931580e-02
1.715666428208351135e-02
1.705719530582427979e-02
1.715031452476978302e-02
1.719602011144161224e-02
1.701018586754798889e-02
1.711588352918624878e-02
1.696554012596607208e-02
1.710901223123073578e-02
1.699175313115119934e-02
1.707542501389980316e-02
1.712895371019840240e-02
1.693822816014289856e-02
1.719632372260093689e-02
1.737012527883052826e-02
1.726662367582321167e-02
1.701151207089424133e-02
1.692443527281284332e-02
1.712464354932308197e-02
1.739860698580741882e-02
1.707821711897850037e-02
1.691321656107902527e-02
1.705885864794254303e-02
1.705565303564071655e-02
1.704596355557441711e-02
1.713907532393932343e-02
1.735232956707477570e-02
1.705340854823589325e-02
1.696044206619262695e-02
1.693759486079216003e-02
1.707528159022331238e-02
1.720010675489902496e-02
1.696280017495155334e-02
1.708391867578029633e-02
1.718453690409660339e-02
1.702403463423252106e-02
1.708408631384372711e-02
1.717854477465152740e-02
1.726960949599742889e-02
1.718547940254211426e-02
1.692250557243824005e-02
1.704675704240798950e-02
1.686112210154533386e-02
1.711664907634258270e-02
1.711727678775787354e-02
1.693871803581714630e-02
1.694127731025218964e-02
1.701321080327033997e-02
1.702832244336605072e-02
1.704981736838817596e-02
1.708361878991127014e-02
1.718468777835369110e-02
1.704760268330574036e-02
1.724333316087722778e-02
1.699706725776195526e-02
1.716302335262298584e-02
1.687470078468322754e-02
1.718242652714252472e-02
1.716885156929492950e-02
1.710342802107334137e-02
1.700688339769840240e-02
1.737344637513160706e-02
1.713274233043193817e-02
1.710106246173381805e-02
1.690641976892948151e-02
1.690621674060821533e-02
1.691941171884536743e-02
1.705167070031166077e-02
1.698620058596134186e-02
1.686215773224830627e-02
1.698962226510047913e-02
1.709259860217571259e-02
1.691772416234016418e-02
1.692441292107105255e-02
1.709195412695407867e-02
1.715651527047157288e-02
1.693532988429069519e-02
1.701184175908565521e-02
1.720085553824901581e-02
1.710251159965991974e-02
1.676465943455696106e-02
1.701332814991474152e-02
1.681443490087985992e-02
1.681116409599781036e-02
1.710436120629310608e-02
1.702670566737651825e-02
1.704034022986888885e-02
1.686312444508075714e-02
1.710299775004386902e-02
1.723481714725494385e-02
1.727197691798210144e-02
1.715610548853874207e-02
1.685641333460807800e-02
1.697658747434616089e-02
1.704555191099643707e-02
1.678895950317382812e-02
1.695435866713523865e-02
1.695577800273895264e-02
1.692445017397403717e-02
1.671794056892395020e-02
1.690693944692611694e-02
1.688580960035324097e-02
1.685591787099838257e-02
1.691696606576442719e-02
1.692921482026576996e-02
1.705037988722324371e-02
1.711570098996162415e-02
1.684053055942058563e-02
1.696067117154598236e-02
1.703666523098945618e-02
1.699027419090270996e-02
1.689171418547630310e-02
1.688479259610176086e-02
1.694754324853420258e-02
1.708711311221122742e-02
1.687652431428432465e-02
1.685864478349685669e-02
1.700287312269210815e-02
1.705147512257099152e-02
1.708298176527023315e-02
1.694243773818016052e-02
1.700315438210964203e-02
1.699716411530971527e-02
1.686779595911502838e-02
1.688878983259201050e-02
1.690705120563507080e-02
1.679702289402484894e-02
1.705500856041908264e-02
1.673216931521892548e-02
1.699984073638916016e-02
1.684329286217689514e-02
1.692482829093933105e-02
1.699213683605194092e-02
1.708030141890048981e-02
1.705430448055267334e-02
1.695876941084861755e-02
1.693416759371757507e-02
1.712164469063282013e-02
1.697621308267116547e-02
1.693500950932502747e-02
1.706582866609096527e-02
1.682686433196067810e-02
1.695943623781204224e-02
1.682366617023944855e-02
1.698284596204757690e-02
1.704674586653709412e-02
1.683993451297283173e-02
1.691173762083053589e-02
1.699030771851539612e-02
1.693983748555183411e-02
1.704601943492889404e-02
1.702599227428436279e-02
1.705945655703544617e-02
1.680702716112136841e-02
1.674261316657066345e-02
1.694561727344989777e-02
1.665757969021797180e-02
1.717929914593696594e-02
1.688023842871189117e-02
1.687175035476684570e-02
1.696269027888774872e-02
1.696898601949214935e-02
1.674621552228927612e-02
1.689133234322071075e-02
1.696734689176082611e-02
1.694855839014053345e-02
1.671825908124446869e-02
1.699507050216197968e-02
1.708686165511608124e-02
1.691203005611896515e-02
1.665528118610382080e-02
1.705805771052837372e-02
1.674643158912658691e-02
1.710090041160583496e-02
1.680065505206584930e-02
1.687124185264110565e-02
1.688249409198760986e-02
1.716169901192188263e-02
1.681756600737571716e-02
1.682870276272296906e-02
1.696156896650791168e-02
1.706090196967124939e-02
1.701835170388221741e-02
1.696040853857994080e-02
1.688034273684024811e-02
1.672160625457763672e-02
1.698582246899604797e-02
1.676823943853378296e-02
1.699186116456985474e-02
1.679724827408790588e-02
1.688028126955032349e-02
1.689050160348415375e-02
1.696063578128814697e-02
1.684453152120113373e-02
1.687951199710369110e-02
1.696295849978923798e-02
1.679460704326629639e-02
1.675379090011119843e-02
1.678710617125034332e-02
1.711699366569519043e-02
1.680894009768962860e-02
1.715490780770778656e-02
1.698883622884750366e-02
1.686517149209976196e-02
1.676279120147228241e-02
1.670601032674312592e-02
1.679905690252780914e-02
1.680868491530418396e-02
1.704831607639789581e-02
1.691596210002899170e-02
1.674694754183292389e-02
1.696790754795074463e-02
1.669492945075035095e-02
1.684113778173923492e-02
1.688644662499427795e-02
1.683665812015533447e-02
1.689816080033779144e-02
1.695654727518558502e-02
1.675130426883697510e-02
1.685491390526294708e-02
1.675003021955490112e-02
1.692342199385166168e-02
1.680761389434337616e-02
1.685990765690803528e-02
1.694617792963981628e-02
1.673708669841289520e-02
1.684659533202648163e-02
1.683020219206809998e-02
1.723920367658138275e-02
1.681884191930294037e-02
1.663292758166790009e-02
1.678838022053241730e-02
1.698981598019599915e-02
1.677884906530380249e-02
1.690431684255599976e-02
1.687602326273918152e-02
1.680518314242362976e-02
1.683036237955093384e-02
1.662904024124145508e-02
1.683088205754756927e-02
1.678822189569473267e-02
1.679470762610435486e-02
1.672639138996601105e-02
1.675216294825077057e-02
1.698068529367446899e-02
1.690496876835823059e-02
1.697353459894657135e-02
1.670501567423343658e-02
1.686567254364490509e-02
1.666433736681938171e-02
1.668023131787776947e-02
1.679775491356849670e-02
1.679373718798160553e-02
1.699058338999748230e-02
1.693844608962535858e-02
1.690008863806724548e-02
1.688141375780105591e-02
1.693828403949737549e-02
1.678072661161422729e-02
1.708982698619365692e-02
1.696848869323730469e-02
1.667191646993160248e-02
1.690476946532726288e-02
1.696454733610153198e-02
1.680736802518367767e-02
1.674782484769821167e-02
1.690248772501945496e-02
1.688863895833492279e-02
1.682751812040805817e-02
1.693047024309635162e-02
1.679334603250026703e-02
1.693387143313884735e-02
1.684095710515975952e-02
1.672657020390033722e-02
1.656730100512504578e-02
1.695854775607585907e-02
1.683147624135017395e-02
1.674092747271060944e-02
1.661160029470920563e-02
1.670173741877079010e-02
1.673655211925506592e-02
1.689798384904861450e-02
1.675599999725818634e-02
1.674212515354156494e-02
1.665556058287620544e-02
1.656528562307357788e-02
1.674804277718067169e-02
1.693607307970523834e-02
1.669847778975963593e-02
1.689180545508861542e-02
1.692311652004718781e-02
1.700726896524429321e-02
1.681145466864109039e-02
1.666079089045524597e-02
1.668299920856952667e-02
1.676136441528797150e-02
1.671876385807991028e-02
1.677265577018260956e-02
1.685984246432781219e-02
1.671633496880531311e-02
1.668721437454223633e-02
1.644548028707504272e-02
1.707114838063716888e-02
1.687790825963020325e-02
1.676990836858749390e-02
1.669640280306339264e-02
1.670254394412040710e-02
1.694908365607261658e-02
1.671435683965682983e-02
1.682660542428493500e-02
1.680952124297618866e-02
1.691259071230888367e-02
1.673119142651557922e-02
1.698871701955795288e-02
1.666305959224700928e-02
1.679187454283237457e-02
1.657448150217533112e-02
1.692265085875988007e-02
1.677435263991355896e-02
1.672603189945220947e-02
1.670292951166629791e-02
1.685892790555953979e-02
1.663849130272865295e-02
1.660310290753841400e-02
1.692862249910831451e-02
1.685652323067188263e-02
1.687992550432682037e-02
1.681398227810859680e-02
1.663584820926189423e-02
1.685814745724201202e-02
1.707743108272552490e-02
1.666518114507198334e-02
1.647700741887092590e-02
1.677991449832916260e-02
1.700711995363235474e-02
1.659084483981132507e-02
1.683726720511913300e-02
1.682194322347640991e-02
1.667742244899272919e-02
1.678614877164363861e-02
1.663772016763687134e-02
1.677696034312248230e-02
1.676269248127937317e-02
1.673270016908645630e-02
1.684621348977088928e-02
1.678975857794284821e-02
1.672469079494476318e-02
1.673340238630771637e-02
1.668588630855083466e-02
1.676559075713157654e-02
1.672588102519512177e-02
1.664381660521030426e-02
1.671949215233325958e-02
1.676652207970619202e-02
1.690207049250602722e-02
1.714075356721878052e-02
1.681861095130443573e-02
1.668358221650123596e-02
1.674795895814895630e-02
1.663701981306076050e-02
1.660102419555187225e-02
1.656567119061946869e-02
1.684436947107315063e-02
1.676230691373348236e-02
1.658436283469200134e-02
1.653772406280040741e-02
1.652238517999649048e-02
1.677793078124523163e-02
1.655415818095207214e-02
1.700065843760967255e-02
1.654170081019401550e-02
1.668645441532135010e-02
1.665059849619865417e-02
1.672293432056903839e-02
1.691736653447151184e-02
1.673743687570095062e-02
1.681884191930294037e-02
1.674492284655570984e-02
1.680118218064308167e-02
1.684401743113994598e-02
1.679230108857154846e-02
1.655576750636100769e-02
1.660642214119434357e-02
1.669396460056304932e-02
1.662563346326351166e-02
1.663736626505851746e-02
1.663633063435554504e-02
1.673120632767677307e-02
1.668867282569408417e-02
1.672164723277091980e-02
1.665119640529155731e-02
1.676017232239246368e-02
1.685010455548763275e-02
1.700117811560630798e-02
1.668309234082698822e-02
1.682558842003345490e-02
1.662336662411689758e-02
1.671515591442584991e-02
1.657448336482048035e-02
1.674359478056430817e-02
1.674395427107810974e-02
1.663465052843093872e-02
1.683611609041690826e-02
1.671681180596351624e-02
1.663673669099807739e-02
1.664664037525653839e-02
1.645970530807971954e-02
1.662236452102661133e-02
1.660533808171749115e-02
1.674622483551502228e-02
1.673364825546741486e-02
1.708047650754451752e-02
1.682402566075325012e-02
1.685976237058639526e-02
1.673089340329170227e-02
1.691550947725772858e-02
1.684226281940937042e-02
1.664647087454795837e-02
1.652516424655914307e-02
1.652202755212783813e-02
1.675617881119251251e-02
1.671580038964748383e-02
1.692671142518520355e-02
1.677942462265491486e-02
1.683224178850650787e-02
1.655126176774501801e-02
1.688576489686965942e-02
1.687602512538433075e-02
1.673251017928123474e-02
1.681007817387580872e-02
1.673579029738903046e-02
1.678026653826236725e-02
1.676189713180065155e-02
1.639446429908275604e-02
1.674616523087024689e-02
1.675770804286003113e-02
1.677266880869865417e-02
1.670936495065689087e-02
1.674149185419082642e-02
1.661800965666770935e-02
1.652237027883529663e-02
1.657904312014579773e-02
1.656100712716579437e-02
1.691534370183944702e-02
1.666443608701229095e-02
1.677472889423370361e-02
1.666180603206157684e-02
1.689737476408481598e-02
1.685487665235996246e-02
1.679802313446998596e-02
1.674952544271945953e-02
1.660991832613945007e-02
1.675635948777198792e-02
1.672736741602420807e-02
1.664590090513229370e-02
1.659984327852725983e-02
1.683131046593189240e-02
1.666741445660591125e-02
1.689204201102256775e-02
1.689495518803596497e-02
1.678202860057353973e-02
1.652884855866432190e-02
1.681190542876720428e-02
1.660837605595588684e-02
1.701635308563709259e-02
1.689446717500686646e-02
1.676086150109767914e-02
1.668889448046684265e-02
1.668772287666797638e-02
1.689110137522220612e-02
1.660827174782752991e-02
1.667905040085315704e-02
1.654043607413768768e-02
1.652528345584869385e-02
1.671739481389522552e-02
1.693468727171421051e-02
1.685996726155281067e-02
1.669388264417648315e-02
1.656742766499519348e-02
1.683712378144264221e-02
1.685047335922718048e-02
1.678395643830299377e-02
1.675463654100894928e-02
1.670082658529281616e-02
1.672176085412502289e-02
1.682396791875362396e-02
1.656369306147098541e-02
1.661366969347000122e-02
1.667365059256553650e-02
1.665727794170379639e-02
1.675471290946006775e-02
1.681841723620891571e-02
1.655494607985019684e-02
1.688574999570846558e-02
1.671408675611019135e-02
1.670686155557632446e-02
1.666175387799739838e-02
1.654063351452350616e-02
1.676144823431968689e-02
1.680767163634300232e-02
1.668293587863445282e-02
1.631812192499637604e-02
1.685170829296112061e-02
1.694369688630104065e-02
1.651768013834953308e-02
1.683394983410835266e-02
1.666660048067569733e-02
1.655977405607700348e-02
1.648386940360069275e-02
1.667571254074573517e-02
1.667832396924495697e-02
1.664442755281925201e-02
1.646992936730384827e-02
1.663222536444664001e-02
1.671775244176387787e-02
1.641324907541275024e-02
1.667451672255992889e-02
1.665419153869152069e-02
1.662309654057025909e-02
1.669624261558055878e-02
1.678818091750144958e-02
1.640181243419647217e-02
1.654748246073722839e-02
1.652155257761478424e-02
1.661357842385768890e-02
1.659774407744407654e-02
1.636515744030475616e-02
1.664701476693153381e-02
1.685144379734992981e-02
1.655889302492141724e-02
1.651549711823463440e-02
1.639169268310070038e-02
1.635782234370708466e-02
1.653664372861385345e-02
1.663501933217048645e-02
1.651848107576370239e-02
1.668171770870685577e-02
1.665138080716133118e-02
1.678674481809139252e-02
1.664345897734165192e-02
1.656217686831951141e-02
1.654589548707008362e-02
1.677251607179641724e-02
1.667109876871109009e-02
1.662319526076316833e-02
1.650041714310646057e-02
1.660905219614505768e-02
1.652194559574127197e-02
1.663673110306262970e-02
1.669104024767875671e-02
1.663061790168285370e-02
1.639834418892860413e-02
1.676059328019618988e-02
1.655295677483081818e-02
1.663121581077575684e-02
1.646314188838005066e-02
1.658921875059604645e-02
1.686878129839897156e-02
1.668228767812252045e-02
1.663354225456714630e-02
1.654445193707942963e-02
1.661658659577369690e-02
1.665350981056690216e-02
1.651743240654468536e-02
1.655133254826068878e-02
1.671800017356872559e-02
1.627570390701293945e-02
1.668826676905155182e-02
1.670107431709766388e-02
1.640600152313709259e-02
1.656094565987586975e-02
1.649707369506359100e-02
1.661062613129615784e-02
1.653078570961952209e-02
1.649675145745277405e-02
1.660077460110187531e-02
1.665244996547698975e-02
1.652642898261547089e-02
1.658060401678085327e-02
1.660452596843242645e-02
1.659855432808399200e-02
1.646690070629119873e-02
1.664890348911285400e-02
1.663914322853088379e-02
1.647331938147544861e-02
1.660935394465923309e-02
1.644946075975894928e-02
1.662684045732021332e-02
1.655803248286247253e-02
1.657326705753803253e-02
1.671629771590232849e-02
1.656798645853996277e-02
1.661639660596847534e-02
1.649099402129650116e-02
1.667583547532558441e-02
1.665437966585159302e-02
1.671822555363178253e-02
1.667979545891284943e-02
1.648235507309436798e-02
1.647660136222839355e-02
1.662885770201683044e-02
1.682166755199432373e-02
1.653934270143508911e-02
1.659222692251205444e-02
1.644794084131717682e-02
1.683635078370571136e-02
1.661138981580734253e-02
1.660938747227191925e-02
1.650884188711643219e-02
1.640479266643524170e-02
1.677225157618522644e-02
1.657824218273162842e-02
1.682441867887973785e-02
1.660553924739360809e-02
1.662401668727397919e-02
1.647152751684188843e-02
1.655619964003562927e-02
1.650476269423961639e-02
1.658952049911022186e-02
1.679715141654014587e-02
1.691873744130134583e-02
1.642799377441406250e-02
1.672962307929992676e-02
1.648393832147121429e-02
1.651512458920478821e-02
1.656389795243740082e-02
1.641781441867351532e-02
1.647718437016010284e-02
1.654495671391487122e-02
1.657414808869361877e-02
1.660254970192909241e-02
1.663773320615291595e-02
1.670630089938640594e-02
1.659616455435752869e-02
1.666670292615890503e-02
1.644844375550746918e-02
1.643334887921810150e-02
1.668094471096992493e-02
1.645091921091079712e-02
1.664847880601882935e-02
1.654076203703880310e-02
1.649522222578525543e-02
1.671409793198108673e-02
1.640724018216133118e-02
1.663510687649250031e-02
1.655985787510871887e-02
1.663329638540744781e-02
1.667421311140060425e-02
1.640619151294231415e-02
1.639736630022525787e-02
1.663479954004287720e-02
1.659047976136207581e-02
1.657873392105102539e-02
1.642792858183383942e-02
1.660030707716941833e-02
1.662022992968559265e-02
1.627048291265964508e-02
1.631218381226062775e-02
1.638653129339218140e-02
1.685753650963306427e-02
1.665069907903671265e-02
1.632224023342132568e-02
1.677273213863372803e-02
1.629368402063846588e-02
1.677971333265304565e-02
1.659913547337055206e-02
1.655745878815650940e-02
1.661804132163524628e-02
1.658362895250320435e-02
1.654179207980632782e-02
1.680918037891387939e-02
1.667399704456329346e-02
1.653648167848587036e-02
1.666437089443206787e-02
1.659993827342987061e-02
1.651950180530548096e-02
1.649909280240535736e-02
1.651998423039913177e-02
1.664172299206256866e-02
1.638989150524139404e-02
1.660755462944507599e-02
1.650451496243476868e-02
1.647069863975048065e-02
1.662507839500904083e-02
1.638499647378921509e-02
1.651240885257720947e-02
1.659252122044563293e-02
1.642862521111965179e-02
1.640729047358036041e-02
1.647806726396083832e-02
1.644147932529449463e-02
1.651541702449321747e-02
1.653932221233844757e-02
1.665221899747848511e-02
1.658092066645622253e-02
1.664456538856029510e-02
1.653018780052661896e-02
1.649734191596508026e-02
1.640673168003559113e-02
1.638182625174522400e-02
1.649982109665870667e-02
1.630430482327938080e-02
1.645246520638465881e-02
1.647251471877098083e-02
1.654781401157379150e-02
1.646264642477035522e-02
1.654447428882122040e-02
1.652429625391960144e-02
1.650547236204147339e-02
1.655721291899681091e-02
1.664933003485202789e-02
1.647366769611835480e-02
1.656277291476726532e-02
1.664953492581844330e-02
1.658096536993980408e-02
1.650430075824260712e-02
1.649241708219051361e-02
1.638130657374858856e-02
1.627912186086177826e-02
1.641660742461681366e-02
1.649744994938373566e-02
1.662353053689002991e-02
1.679038442671298981e-02
1.667522452771663666e-02
1.653859578073024750e-02
1.644214801490306854e-02
1.654601097106933594e-02
1.659787446260452271e-02
1.659853197634220123e-02
1.639755070209503174e-02
1.665505021810531616e-02
1.652127876877784729e-02
1.618305034935474396e-02
1.647328771650791168e-02
1.634594798088073730e-02
1.654707640409469604e-02
1.641289331018924713e-02
1.665304601192474365e-02
1.663438230752944946e-02
1.631439290940761566e-02
1.644197665154933929e-02
1.673656888306140900e-02
1.659656129777431488e-02
1.646758988499641418e-02
1.667859964072704315e-02
1.639890111982822418e-02
1.658408530056476593e-02
1.654190756380558014e-02
1.643158681690692902e-02
1.673735119402408600e-02
1.654878072440624237e-02
1.650825142860412598e-02
1.652925275266170502e-02
1.664237491786479950e-02
1.658044010400772095e-02
1.642475649714469910e-02
1.644179970026016235e-02
1.651312038302421570e-02
1.641911081969738007e-02
1.641559414565563202e-02
1.663898862898349762e-02
1.644463464617729187e-02
1.648767665028572083e-02
1.636754535138607025e-02
1.647211797535419464e-02
1.631313189864158630e-02
1.634834706783294678e-02
1.631733961403369904e-02
1.637347228825092316e-02
1.659973524510860443e-02
1.667075045406818390e-02
1.644845120608806610e-02
1.649834215641021729e-02
1.638502068817615509e-02
1.656989939510822296e-02
1.657986640930175781e-02
1.641458831727504730e-02
1.656485907733440399e-02
1.618409901857376099e-02
1.629897579550743103e-02
1.665643043816089630e-02
1.649214141070842743e-02
1.645101048052310944e-02
1.658121310174465179e-02
1.665185205638408661e-02
1.658567786216735840e-02
1.659143902361392975e-02
1.636585779488086700e-02
1.646586693823337555e-02
1.637921482324600220e-02
1.636265590786933899e-02
1.640892587602138519e-02
1.644464209675788879e-02
1.649445481598377228e-02
1.647974178194999695e-02
1.659116148948669434e-02
1.631478592753410339e-02
1.630183495581150055e-02
1.643141917884349823e-02
1.671084389090538025e-02
1.647097058594226837e-02
1.635261997580528259e-02
1.649641618132591248e-02
1.639879681169986725e-02
1.655697450041770935e-02
1.653556898236274719e-02
1.651545427739620209e-02
1.658302731812000275e-02
1.648507639765739441e-02
1.661389507353305817e-02
1.651014387607574463e-02
1.644194871187210083e-02
1.644330099225044250e-02
1.662864536046981812e-02
1.631374284625053406e-02
1.651003956794738770e-02
1.647356525063514709e-02
1.640819571912288666e-02
1.645967923104763031e-02
1.656701229512691498e-02
1.662918925285339355e-02
1.640537567436695099e-02
1.638107374310493469e-02
1.642535626888275146e-02
1.677051559090614319e-02
1.658796705305576324e-02
1.615892723202705383e-02
1.629280671477317810e-02
1.645056717097759247e-02
1.656580530107021332e-02
1.632934994995594025e-02
1.629808358848094940e-02
1.654832623898983002e-02
1.641332171857357025e-02
1.638907380402088165e-02
1.618723757565021515e-02
1.638304814696311951e-02
1.668034866452217102e-02
1.636558957397937775e-02
1.655735075473785400e-02
1.615366712212562561e-02
1.630692742764949799e-02
1.649667695164680481e-02
1.645745150744915009e-02
1.632473058998584747e-02
1.632875576615333557e-02
1.626567915081977844e-02
1.641486212611198425e-02
1.647945493459701538e-02
1.631657779216766357e-02
1.640658266842365265e-02
1.644320972263813019e-02
1.648209430277347565e-02
1.648269407451152802e-02
1.649312302470207214e-02
1.647060178220272064e-02
1.653373986482620239e-02
1.626775972545146942e-02
1.645963825285434723e-02
1.644794642925262451e-02
1.655599661171436310e-02
1.652514189481735229e-02
1.637081429362297058e-02
1.648190990090370178e-02
1.614850014448165894e-02
1.632708311080932617e-02
1.619426161050796509e-02
1.654602028429508209e-02
1.646270044147968292e-02
1.646179333329200745e-02
1.634390279650688171e-02
1.638499274849891663e-02
1.667587272822856903e-02
1.626555994153022766e-02
1.656460016965866089e-02
1.645479537546634674e-02
1.651200279593467712e-02
1.632761396467685699e-02
1.642082445323467255e-02
1.657254993915557861e-02
1.653844490647315979e-02
1.647648215293884277e-02
1.654470153152942657e-02
1.644876413047313690e-02
1.630960218608379364e-02
1.647548936307430267e-02
1.632217317819595337e-02
1.641759462654590607e-02
1.646858267486095428e-02
1.660824567079544067e-02
1.648860611021518707e-02
1.637581177055835724e-02
1.662612892687320709e-02
1.652866229414939880e-02
1.639085821807384491e-02
1.632962562143802643e-02
1.669998839497566223e-02
1.656052097678184509e-02
1.635025441646575928e-02
1.635838299989700317e-02
1.649199798703193665e-02
1.656193099915981293e-02
1.631460525095462799e-02
1.630081608891487122e-02
1.644268445670604706e-02
1.645427010953426361e-02
1.639203354716300964e-02
1.639535464346408844e-02
1.649607159197330475e-02
1.660146377980709076e-02
1.629166863858699799e-02
1.660481281578540802e-02
1.656357757747173309e-02
1.669824495911598206e-02
1.646654494106769562e-02
1.654607988893985748e-02
1.629280112683773041e-02
1.636849530041217804e-02
1.632071845233440399e-02
1.635974645614624023e-02
1.655832119286060333e-02
1.646256074309349060e-02
1.647763513028621674e-02
1.644559390842914581e-02
1.640331558883190155e-02
1.664620451629161835e-02
1.636785268783569336e-02
1.645481958985328674e-02
1.631329022347927094e-02
1.638063602149486542e-02
1.641247048974037170e-02
1.638094522058963776e-02
1.654103025794029236e-02
1.631462201476097107e-02
1.633592881262302399e-02
1.628093048930168152e-02
1.640414632856845856e-02
1.623555086553096771e-02
1.664306595921516418e-02
1.646925136446952820e-02
1.627166010439395905e-02
1.644946634769439697e-02
1.646190322935581207e-02
1.639658026397228241e-02
1.642535999417304993e-02
1.632908545434474945e-02
1.670259982347488403e-02
1.643091998994350433e-02
1.657408848404884338e-02
1.619252189993858337e-02
1.639857701957225800e-02
1.644656248390674591e-02
1.613577455282211304e-02
1.656738482415676117e-02
1.647598855197429657e-02
1.636778004467487335e-02
1.654562912881374359e-02
1.642725430428981781e-02
1.628270186483860016e-02
1.646545529365539551e-02
1.650777645409107208e-02
1.636460237205028534e-02
1.656015962362289429e-02
1.648208685219287872e-02
1.627521216869354248e-02
1.627855375409126282e-02
1.653705723583698273e-02
1.628512144088745117e-02
1.629663445055484772e-02
1.631078682839870453e-02
1.651708036661148071e-02
1.641237922012805939e-02
1.648271083831787109e-02
1.621259003877639771e-02
1.621227525174617767e-02
1.632260903716087341e-02
1.626013591885566711e-02
1.636216230690479279e-02
1.639023050665855408e-02
1.638328842818737030e-02
1.656749099493026733e-02
1.630025915801525116e-02
1.650230213999748230e-02
1.645383983850479126e-02
1.631287299096584320e-02
1.631244085729122162e-02
1.639578305184841156e-02
1.647472754120826721e-02
1.643322594463825226e-02
1.633126102387905121e-02
1.610564254224300385e-02
1.627365127205848694e-02
1.641940698027610779e-02
1.654561422765254974e-02
1.639529131352901459e-02
1.647888123989105225e-02
1.652421988546848297e-02
1.630166731774806976e-02
1.634897105395793915e-02
1.659962534904479980e-02
1.668724790215492249e-02
1.629162393510341644e-02
1.640475913882255554e-02
1.631971821188926697e-02
1.644710451364517212e-02
1.633831486105918884e-02
1.631060801446437836e-02
1.633757539093494415e-02
1.636895537376403809e-02
1.645576767623424530e-02
1.631503924727439880e-02
1.645148731768131256e-02
1.628882065415382385e-02
1.646179147064685822e-02
1.658820733428001404e-02
1.646134257316589355e-02
1.667831465601921082e-02
1.635243743658065796e-02
1.634332910180091858e-02
1.638343371450901031e-02
1.642285473644733429e-02
1.636243611574172974e-02
1.654305309057235718e-02
1.637795940041542053e-02
1.626756601035594940e-02
1.655682921409606934e-02
1.632594689726829529e-02
1.630604639649391174e-02
1.642260327935218811e-02
1.632875017821788788e-02
1.630831137299537659e-02
1.645291596651077271e-02
1.632487028837203979e-02
1.644220575690269470e-02
1.657449640333652496e-02
1.637589000165462494e-02
1.623156666755676270e-02
1.612561754882335663e-02
1.645128801465034485e-02
1.626791618764400482e-02
1.647466607391834259e-02
1.636710949242115021e-02
1.641375198960304260e-02
1.632998138666152954e-02
1.615830138325691223e-02
1.621454395353794098e-02
1.650283858180046082e-02
1.638530008494853973e-02
1.646231487393379211e-02
1.636470481753349304e-02
1.636873930692672729e-02
1.630894653499126434e-02
1.621815748512744904e-02
1.627716235816478729e-02
1.632989197969436646e-02
1.636807061731815338e-02
1.636202633380889893e-02
1.641040854156017303e-02
1.628222130239009857e-02
1.634102314710617065e-02
1.648576185107231140e-02
1.624418422579765320e-02
1.646118238568305969e-02
1.653445139527320862e-02
1.616695336997509003e-02
1.655917800962924957e-02
1.643461920320987701e-02
1.633988134562969208e-02
1.616149954497814178e-02
1.644460484385490417e-02
1.645429059863090515e-02
1.641320623457431793e-02
1.633340306580066681e-02
1.618171483278274536e-02
1.640821620821952820e-02
1.644374988973140717e-02
1.641029678285121918e-02
1.630897074937820435e-02
1.628216914832592010e-02
1.629579253494739532e-02
1.623852737247943878e-02
1.634290441870689392e-02
1.631923019886016846e-02
1.627383753657341003e-02
1.623910479247570038e-02
1.622238382697105408e-02
1.623545214533805847e-02
1.619434542953968048e-02
1.626040600240230560e-02
1.649246178567409515e-02
1.624668017029762268e-02
1.636720076203346252e-02
1.651726849377155304e-02
1.622222736477851868e-02
1.627860218286514282e-02
1.627751253545284271e-02
1.650414988398551941e-02
1.644556038081645966e-02
1.616819761693477631e-02
1.618788205087184906e-02
1.623879559338092804e-02
1.645456068217754364e-02
1.625145412981510162e-02
1.629090681672096252e-02
1.632354035973548889e-02
1.633741147816181183e-02
1.640813611447811127e-02
1.636519841849803925e-02
1.628371700644493103e-02
1.617985963821411133e-02
1.638734899461269379e-02
1.641940884292125702e-02
1.636749133467674255e-02
1.638699695467948914e-02
1.631165482103824615e-02
1.622678339481353760e-02
1.626680232584476471e-02
1.610893197357654572e-02
1.632122881710529327e-02
1.632189378142356873e-02
1.652157865464687347e-02
1.619331352412700653e-02
1.628542505204677582e-02
1.657041721045970917e-02
1.629462465643882751e-02
1.654694974422454834e-02
1.636898517608642578e-02
1.642453111708164215e-02
1.624234579503536224e-02
1.627522706985473633e-02
1.615614630281925201e-02
1.632155105471611023e-02
1.647905632853507996e-02
1.644962094724178314e-02
1.632201299071311951e-02
1.615059189498424530e-02
1.638180576264858246e-02
1.634061709046363831e-02
1.635294221341609955e-02
1.641349866986274719e-02
1.630569249391555786e-02
1.608294062316417694e-02
1.636006496846675873e-02
1.617465168237686157e-02
1.620931364595890045e-02
1.641990058124065399e-02
1.650785282254219055e-02
1.632295548915863037e-02
1.609883084893226624e-02
1.608444936573505402e-02
1.636290177702903748e-02
1.628215983510017395e-02
1.633834093809127808e-02
1.653819717466831207e-02
1.634489744901657104e-02
1.622768864035606384e-02
1.634075865149497986e-02
1.638261973857879639e-02
1.626428402960300446e-02
1.612382195889949799e-02
1.628836989402770996e-02
1.620222628116607666e-02
1.627455279231071472e-02
1.647839136421680450e-02
1.669026911258697510e-02
1.633667573332786560e-02
1.627213880419731140e-02
1.630289666354656219e-02
1.638720184564590454e-02
1.614019460976123810e-02
1.620911806821823120e-02
1.637759990990161896e-02
1.642227172851562500e-02
1.628289185464382172e-02
1.634984649717807770e-02
1.628667116165161133e-02
1.619469560682773590e-02
1.641289331018924713e-02
1.623053848743438721e-02
1.617348939180374146e-02
1.636712066829204559e-02
1.618465781211853027e-02
1.631750911474227905e-02
1.636925712227821350e-02
1.607205905020236969e-02
1.635317876935005188e-02
1.636982522904872894e-02
1.635148748755455017e-02
1.634315215051174164e-02
1.620411500334739685e-02
1.614348031580448151e-02
1.619943976402282715e-02
1.623052544891834259e-02
1.626475714147090912e-02
1.633317396044731140e-02
1.639715023338794708e-02
1.640196703374385834e-02
1.623061858117580414e-02
1.636024937033653259e-02
1.634336262941360474e-02
1.627466268837451935e-02
1.631231978535652161e-02
1.631399430334568024e-02
1.621335931122303009e-02
1.634897850453853607e-02
1.631017215549945831e-02
1.615379378199577332e-02
1.646249182522296906e-02
1.633165404200553894e-02
1.605164818465709686e-02
1.612362265586853027e-02
1.621943339705467224e-02
1.629103906452655792e-02
1.634515821933746338e-02
1.643554866313934326e-02
1.616063527762889862e-02
1.645389944314956665e-02
1.600585505366325378e-02
1.617580093443393707e-02
1.609588600695133209e-02
1.631662808358669281e-02
1.629859209060668945e-02
1.646909117698669434e-02
1.622645184397697449e-02
1.626523025333881378e-02
1.646243780851364136e-02
1.626021787524223328e-02
1.634611748158931732e-02
1.638033613562583923e-02
1.623782701790332794e-02
1.623326353728771210e-02
1.644880697131156921e-02
1.630185358226299286e-02
1.613314263522624969e-02
1.627579703927040100e-02
1.615912094712257385e-02
1.630839332938194275e-02
1.634700968861579895e-02
1.638179831206798553e-02
1.638692989945411682e-02
1.630977541208267212e-02
1.626844517886638641e-02
1.627710275352001190e-02
1.632412336766719818e-02
1.626496575772762299e-02
1.621531881392002106e-02
1.627053134143352509e-02
1.638817414641380310e-02
1.656483672559261322e-02
1.639854535460472107e-02
1.638542860746383667e-02
1.635042950510978699e-02
1.635032333433628082e-02
1.628021709620952606e-02
1.626708172261714935e-02
1.638402231037616730e-02
1.633032783865928650e-02
1.643460057675838470e-02
1.646649092435836792e-02
1.615884341299533844e-02
1.635109633207321167e-02
1.630254462361335754e-02
1.630569621920585632e-02
1.618735864758491516e-02
1.627902314066886902e-02
1.629428751766681671e-02
1.623297668993473053e-02
1.630746386945247650e-02
1.626433990895748138e-02
1.602244190871715546e-02
1.624587737023830414e-02
1.614063978195190430e-02
1.630249992012977600e-02
1.622907072305679321e-02
1.621353067457675934e-02
1.621991395950317383e-02
1.609594933688640594e-02
1.605593040585517883e-02
1.623450778424739838e-02
1.619747653603553772e-02
1.637957431375980377e-02
1.657863892614841461e-02
1.628814637660980225e-02
1.603427901864051819e-02
1.615246385335922241e-02
1.638083159923553467e-02
1.616848073899745941e-02
1.630279794335365295e-02
1.631491817533969879e-02
1.610804907977581024e-02
1.645320467650890350e-02
1.622934080660343170e-02
1.625926978886127472e-02
1.608258672058582306e-02
1.622402295470237732e-02
1.623830199241638184e-02
1.603302359580993652e-02
1.627878099679946899e-02
1.634203642606735229e-02
1.630912907421588898e-02
1.614524796605110168e-02
1.620743609964847565e-02
1.614724285900592804e-02
1.626281440258026123e-02
1.619914919137954712e-02
1.619810797274112701e-02
1.642545498907566071e-02
1.651319488883018494e-02
1.626319438219070435e-02
1.601281017065048218e-02
1.612482964992523193e-02
1.635332033038139343e-02
1.633121445775032043e-02
1.631838642060756683e-02
1.631637476384639740e-02
1.639816351234912872e-02
1.624297723174095154e-02
1.614339277148246765e-02
1.611927337944507599e-02
1.639193855226039886e-02
1.645584963262081146e-02
1.628351770341396332e-02
1.611218228936195374e-02
1.633295603096485138e-02
1.613689586520195007e-02
1.612273789942264557e-02
1.628377288579940796e-02
1.612674258649349213e-02
1.628948003053665161e-02
1.636729575693607330e-02
1.615677587687969208e-02
1.630464009940624237e-02
1.627744548022747040e-02
1.625018566846847534e-02
1.631108857691287994e-02
1.621813513338565826e-02
1.613399200141429901e-02
1.628888025879859924e-02
1.619710773229598999e-02
1.615524478256702423e-02
1.622769609093666077e-02
1.645134575664997101e-02
1.643362455070018768e-02
1.636659540235996246e-02
1.616506651043891907e-02
1.621178910136222839e-02
1.640567183494567871e-02
1.640343293547630310e-02
1.618866808712482452e-02
1.617338508367538452e-02
1.625957898795604706e-02
1.604986563324928284e-02
1.600699312984943390e-02
1.601170934736728668e-02
1.648423075675964355e-02
1.605682075023651123e-02
1.652061007916927338e-02
1.619690284132957458e-02
1.607189886271953583e-02
1.623903959989547729e-02
1.622202433645725250e-02
1.627793163061141968e-02
1.604346930980682373e-02
1.634580828249454498e-02
1.641349308192729950e-02
1.628254540264606476e-02
1.627732440829277039e-02
1.606268808245658875e-02
1.617896743118762970e-02
1.620060391724109650e-02
1.642279885709285736e-02
1.622279360890388489e-02
1.620940119028091431e-02
1.612596586346626282e-02
1.636008359491825104e-02
1.623711921274662018e-02
1.620545797049999237e-02
1.610103808343410492e-02
1.619647257030010223e-02
1.622529141604900360e-02
1.632458530366420746e-02
1.605727337300777435e-02
1.587299257516860962e-02
1.595569774508476257e-02
1.600800082087516785e-02
1.635323092341423035e-02
1.615176722407341003e-02
1.619567908346652985e-02
1.629419438540935516e-02
1.626304909586906433e-02
1.621336862444877625e-02
1.624538004398345947e-02
1.630865037441253662e-02
1.616062596440315247e-02
1.623669639229774475e-02
1.619082875549793243e-02
1.617117226123809814e-02
1.631921716034412384e-02
1.619602367281913757e-02
1.624467782676219940e-02
1.627881266176700592e-02
1.600944995880126953e-02
1.620942354202270508e-02
1.630984246730804443e-02
1.616261713206768036e-02
1.628564111888408661e-02
1.613730005919933319e-02
1.611909642815589905e-02
1.645981706678867340e-02
1.608132757246494293e-02
1.635541021823883057e-02
1.621439680457115173e-02
1.618199609220027924e-02
1.623550802469253540e-02
1.638002507388591766e-02
1.622201129794120789e-02
1.621747575700283051e-02
1.605026796460151672e-02
1.608975045382976532e-02
1.614646613597869873e-02
1.610223203897476196e-02
1.623773388564586639e-02
1.625128462910652161e-02
1.597451232373714447e-02
1.636305823922157288e-02
1.641668006777763367e-02
1.612691767513751984e-02
1.608471013605594635e-02
1.633704826235771179e-02
1.623869128525257111e-02
1.634741388261318207e-02
1.615641824901103973e-02
1.612160913646221161e-02
1.617415249347686768e-02
1.622217893600463867e-02
1.622841879725456238e-02
1.612748205661773682e-02
1.625512354075908661e-02
1.609897986054420471e-02
1.624016463756561279e-02
1.627654023468494415e-02
1.616314612329006195e-02
1.650280877947807312e-02
1.621219702064990997e-02
1.620899140834808350e-02
1.616764627397060394e-02
1.606989465653896332e-02
1.629295013844966888e-02
1.633088476955890656e-02
1.604046672582626343e-02
1.633436232805252075e-02
1.602388173341751099e-02
1.615395024418830872e-02
1.631307788193225861e-02
1.622653380036354065e-02
1.602052152156829834e-02
1.626257598400115967e-02
1.624310575425624847e-02
1.615318097174167633e-02
1.612701080739498138e-02
1.591696217656135559e-02
1.638475246727466583e-02
1.609682105481624603e-02
1.621514372527599335e-02
1.646966114640235901e-02
1.627543941140174866e-02
1.611678116023540497e-02
1.616698503494262695e-02
1.618899218738079071e-02
1.627332344651222229e-02
1.625786721706390381e-02
1.612464711070060730e-02
1.615173555910587311e-02
1.628728397190570831e-02
1.598969846963882446e-02
1.638642884790897369e-02
1.626130752265453339e-02
1.634011417627334595e-02
1.619530096650123596e-02
1.618103496730327606e-02
1.615995727479457855e-02
1.629779487848281860e-02
1.612040959298610687e-02
1.600766368210315704e-02
1.604986749589443207e-02
1.610726490616798401e-02
1.629925146698951721e-02
1.608218252658843994e-02
1.652326993644237518e-02
1.621517352759838104e-02
1.654430478811264038e-02
1.644388027489185333e-02
1.642526872456073761e-02
1.613573543727397919e-02
1.626097410917282104e-02
1.596659421920776367e-02
1.615486480295658112e-02
1.628610119223594666e-02
1.611138693988323212e-02
1.641433686017990112e-02
1.615431345999240875e-02
1.610887795686721802e-02
1.611477695405483246e-02
1.620005443692207336e-02
1.612355001270771027e-02
1.632513478398323059e-02
1.615658216178417206e-02
1.634482108056545258e-02
1.613965444266796112e-02
1.619817502796649933e-02
1.613556966185569763e-02
1.635597273707389832e-02
1.615985669195652008e-02
1.617163792252540588e-02
1.607153750956058502e-02
1.604650542140007019e-02
1.615160331130027771e-02
1.606186293065547943e-02
1.597221568226814270e-02
1.631481200456619263e-02
1.628273166716098785e-02
1.625974103808403015e-02
1.617630012333393097e-02
1.628665253520011902e-02
1.638157479465007782e-02
1.621151342988014221e-02
1.595533452928066254e-02
1.617822982370853424e-02
1.610712520778179169e-02
1.607866771519184113e-02
1.640243269503116608e-02
1.612949930131435394e-02
1.611420884728431702e-02
1.621414907276630402e-02
1.632754690945148468e-02
1.619072817265987396e-02
1.622460782527923584e-02
1.615689694881439209e-02
1.624692603945732117e-02
1.623341813683509827e-02
1.621126756072044373e-02
1.622891612350940704e-02
1.603376679122447968e-02
1.614331267774105072e-02
1.634599827229976654e-02
1.638983190059661865e-02
1.620914228260517120e-02
1.622781716287136078e-02
1.602798141539096832e-02
1.619313471019268036e-02
1.615782827138900757e-02
1.604896038770675659e-02
1.623772643506526947e-02
1.599314622581005096e-02
1.611701399087905884e-02
1.615143008530139923e-02
1.618232578039169312e-02
1.619494333863258362e-02
1.617844775319099426e-02
1.619093865156173706e-02
1.630201376974582672e-02
1.634267717599868774e-02
1.613207533955574036e-02
1.616491377353668213e-02
1.611106283962726593e-02
1.600508578121662140e-02
1.638610288500785828e-02
1.615854911506175995e-02
1.629697903990745544e-02
1.607741788029670715e-02
1.615764945745468140e-02
1.613821461796760559e-02
1.627846993505954742e-02
1.615569554269313812e-02
1.614980958402156830e-02
1.619508862495422363e-02
1.613678038120269775e-02
1.617390103638172150e-02
1.613655872642993927e-02
1.617112569510936737e-02
1.620479859411716461e-02
1.611862890422344208e-02
1.614389009773731232e-02
1.599712111055850983e-02
1.603370718657970428e-02
1.614912599325180054e-02
1.615716516971588135e-02
1.626711152493953705e-02
1.611203327775001526e-02
1.622290723025798798e-02
1.609055511653423309e-02
1.629236526787281036e-02
1.612531580030918121e-02
1.602219603955745697e-02
1.614114828407764435e-02
1.598210074007511139e-02
1.600554957985877991e-02
1.626637205481529236e-02
1.596819236874580383e-02
1.616736128926277161e-02
1.625559292733669281e-02
1.617514528334140778e-02
1.630491018295288086e-02
1.604427769780158997e-02
1.615238934755325317e-02
1.595864631235599518e-02
1.610038056969642639e-02
1.597961038351058960e-02
1.625203527510166168e-02
1.625314727425575256e-02
1.608762703835964203e-02
1.603314653038978577e-02
1.606744714081287384e-02
1.608266495168209076e-02
1.616783998906612396e-02
1.629560068249702454e-02
1.592908427119255066e-02
1.623346470296382904e-02
1.609368808567523956e-02
1.619195379316806793e-02
1.615098491311073303e-02
1.603875495493412018e-02
1.599412411451339722e-02
1.618510484695434570e-02
1.601290330290794373e-02
1.638162136077880859e-02
1.636761054396629333e-02
1.597511768341064453e-02
1.633346267044544220e-02
1.620697975158691406e-02
1.632080972194671631e-02
1.596124283969402313e-02
1.623210310935974121e-02
1.629188843071460724e-02
1.610434427857398987e-02
1.607554405927658081e-02
1.609234139323234558e-02
1.622192189097404480e-02
1.616458594799041748e-02
1.619703136384487152e-02
1.623760350048542023e-02
1.615565270185470581e-02
1.600070483982563019e-02
1.612780243158340454e-02
1.610051840543746948e-02
1.593729481101036072e-02
1.591889746487140656e-02
1.612180471420288086e-02
1.630226708948612213e-02
1.615511253476142883e-02
1.630941592156887054e-02
1.606474630534648895e-02
1.596275158226490021e-02
1.590046286582946777e-02
1.606153696775436401e-02
1.615023985505104065e-02
1.618918590247631073e-02
1.632663048803806305e-02
1.625042036175727844e-02
1.613340154290199280e-02
1.614905148744583130e-02
1.607606187462806702e-02
1.615378446877002716e-02
1.605675928294658661e-02
1.611134223639965057e-02
1.620577834546566010e-02
1.629503071308135986e-02
1.595400273799896240e-02
1.627112738788127899e-02
1.608558557927608490e-02
1.632854901254177094e-02
1.604960858821868896e-02
1.626391895115375519e-02
1.643570512533187866e-02
1.601496711373329163e-02
1.635540835559368134e-02
1.601358689367771149e-02
1.611008867621421814e-02
1.613473333418369293e-02
1.614470966160297394e-02
1.614182256162166595e-02
1.610445417463779449e-02
1.636292040348052979e-02
1.621673256158828735e-02
1.602251641452312469e-02
1.607025973498821259e-02
1.626385562121868134e-02
1.619558781385421753e-02
1.607177406549453735e-02
1.609017886221408844e-02
1.620703190565109253e-02
1.607429422438144684e-02
1.611093431711196899e-02
1.609850302338600159e-02
1.606961525976657867e-02
1.616443693637847900e-02
1.617051661014556885e-02
1.585993357002735138e-02
1.611153222620487213e-02
1.600906066596508026e-02
1.631307788193225861e-02
1.618560776114463806e-02
1.623630337417125702e-02
1.619546301662921906e-02
1.601183228194713593e-02
1.619473844766616821e-02
1.589189283549785614e-02
1.613225601613521576e-02
1.612975634634494781e-02
1.621690578758716583e-02
1.609038189053535461e-02
1.621684059500694275e-02
1.621552556753158569e-02
1.619667746126651764e-02
1.617728732526302338e-02
1.605161651968955994e-02
1.616591587662696838e-02
1.633048057556152344e-02
1.632562838494777679e-02
1.605455391108989716e-02
1.610010862350463867e-02
1.611143536865711212e-02
1.606433652341365814e-02
1.614191383123397827e-02
1.606010831892490387e-02
1.617139205336570740e-02
1.614500768482685089e-02
1.618069969117641449e-02
1.612877473235130310e-02
1.592936553061008453e-02
1.614733599126338959e-02
1.618830673396587372e-02
1.601598598062992096e-02
1.615527458488941193e-02
1.609601825475692749e-02
1.615749672055244446e-02
1.617726683616638184e-02
1.598166860640048981e-02
1.617524400353431702e-02
1.617521047592163086e-02
1.631566695868968964e-02
1.607146486639976501e-02
1.614390499889850616e-02
1.630588620901107788e-02
1.621484011411666870e-02
1.602118089795112610e-02
1.623661071062088013e-02
1.607220806181430817e-02
1.613838970661163330e-02
1.605913229286670685e-02
1.596099883317947388e-02
1.589518412947654724e-02
1.617656834423542023e-02
1.604177244007587433e-02
1.602795533835887909e-02
1.582636311650276184e-02
1.619886234402656555e-02
1.608525030314922333e-02
1.627837121486663818e-02
1.615234464406967163e-02
1.611192338168621063e-02
1.631548255681991577e-02
1.600251346826553345e-02
1.601218990981578827e-02
1.584165357053279877e-02
1.623931340873241425e-02
1.623593643307685852e-02
1.607101783156394958e-02
1.602156832814216614e-02
1.611286588013172150e-02
1.616896502673625946e-02
1.626696996390819550e-02
1.617382466793060303e-02
1.621199212968349457e-02
1.624405570328235626e-02
1.635693758726119995e-02
1.606286317110061646e-02
1.611258462071418762e-02
1.637697406113147736e-02
1.592819020152091980e-02
1.606810092926025391e-02
1.598680950701236725e-02
1.611237414181232452e-02
1.597649417817592621e-02
1.603266224265098572e-02
1.614572852849960327e-02
1.625743694603443146e-02
1.613361015915870667e-02
1.618526503443717957e-02
1.607474312186241150e-02
1.643601432442665100e-02
1.602580212056636810e-02
1.620514318346977234e-02
1.597149670124053955e-02
1.614330522716045380e-02
1.611160114407539368e-02
1.633220724761486053e-02
1.626302488148212433e-02
1.613637991249561310e-02
1.604446768760681152e-02
1.602279208600521088e-02
1.609429717063903809e-02
1.604340039193630219e-02
1.610766910016536713e-02
1.605704240500926971e-02
1.597617007791996002e-02
1.620825193822383881e-02
1.619712822139263153e-02
1.606435701251029968e-02
1.626424863934516907e-02
1.583597250282764435e-02
1.596100814640522003e-02
1.611237786710262299e-02
1.615587063133716583e-02
1.594472117722034454e-02
1.623744517564773560e-02
1.595609076321125031e-02
1.613344624638557434e-02
1.623704470694065094e-02
1.607655547559261322e-02
1.611201465129852295e-02
1.635808497667312622e-02
1.621705107390880585e-02
1.600376330316066742e-02
1.619340665638446808e-02
1.603155769407749176e-02
1.612566784024238586e-02
1.593913510441780090e-02
1.610140129923820496e-02
1.597718894481658936e-02
1.623360626399517059e-02
1.622659899294376373e-02
1.615976542234420776e-02
1.586661674082279205e-02
1.629148051142692566e-02
1.623265817761421204e-02
1.622269116342067719e-02
1.614848896861076355e-02
1.614379696547985077e-02
1.588463410735130310e-02
1.605798490345478058e-02
1.596865989267826080e-02
1.598928123712539673e-02
1.606743037700653076e-02
1.618568226695060730e-02
1.624379679560661316e-02
1.608829386532306671e-02
1.581421494483947754e-02
1.593258976936340332e-02
1.585209369659423828e-02
1.588478684425354004e-02
1.588919758796691895e-02
1.616678945720195770e-02
1.598234288394451141e-02
1.619627326726913452e-02
1.606502197682857513e-02
1.605914160609245300e-02
1.606409437954425812e-02
1.609154231846332550e-02
1.604349724948406219e-02
1.598504558205604553e-02
1.606424525380134583e-02
1.618636772036552429e-02
1.606466993689537048e-02
1.606071554124355316e-02
1.621411181986331940e-02
1.592385582625865936e-02
1.593752577900886536e-02
1.598208583891391754e-02
1.602927595376968384e-02
1.631454378366470337e-02
1.588077098131179810e-02
1.590422354638576508e-02
1.585646905004978180e-02
1.621534302830696106e-02
1.609341241419315338e-02
1.609700359404087067e-02
1.585103943943977356e-02
1.608319394290447235e-02
1.617635786533355713e-02
1.599256694316864014e-02
1.612155325710773468e-02
1.590948924422264099e-02
1.612449064850807190e-02
1.630642637610435486e-02
1.610425487160682678e-02
1.613671705126762390e-02
1.594043336808681488e-02
1.608852855861186981e-02
1.608366891741752625e-02
1.594439893960952759e-02
1.596799306571483612e-02
1.618939824402332306e-02
1.614746265113353729e-02
1.590548083186149597e-02
1.619800366461277008e-02
1.600819081068038940e-02
1.598789915442466736e-02
1.611229777336120605e-02
1.619236171245574951e-02
1.598538272082805634e-02
1.609592139720916748e-02
1.606604829430580139e-02
1.583451591432094574e-02
1.609171368181705475e-02
1.590232923626899719e-02
1.608505658805370331e-02
1.623739302158355713e-02
1.597326621413230896e-02
1.596612669527530670e-02
1.599719747900962830e-02
1.586598530411720276e-02
1.600011996924877167e-02
1.611772552132606506e-02
1.607273146510124207e-02
1.601067744195461273e-02
1.607913337647914886e-02
1.588010974228382111e-02
1.625995337963104248e-02
1.609895378351211548e-02
1.588237471878528595e-02
1.604739576578140259e-02
1.590944826602935791e-02
1.607695408165454865e-02
1.601633429527282715e-02
1.619668304920196533e-02
1.596148498356342316e-02
1.610461622476577759e-02
1.600154303014278412e-02
1.601354777812957764e-02
1.594523340463638306e-02
1.603846065700054169e-02
1.599283516407012939e-02
1.600210182368755341e-02
1.588390953838825226e-02
1.611354202032089233e-02
1.598117500543594360e-02
1.610667631030082703e-02
1.598099432885646820e-02
1.592775434255599976e-02
1.589238829910755157e-02
1.580302976071834564e-02
1.604907587170600891e-02
1.595573686063289642e-02
1.593739911913871765e-02
1.605665124952793121e-02
1.640225946903228760e-02
1.599167659878730774e-02
1.596017368137836456e-02
1.602477207779884338e-02
1.622274890542030334e-02
1.610776782035827637e-02
1.584243960678577423e-02
1.610606536269187927e-02
1.590008661150932312e-02
1.595271565020084381e-02
1.596587523818016052e-02
1.604398898780345917e-02
1.586906425654888153e-02
1.611225493252277374e-02
1.612588018178939819e-02
1.588059216737747192e-02
1.609435863792896271e-02
1.613188721239566803e-02
1.601659506559371948e-02
1.608517393469810486e-02
1.585646159946918488e-02
1.604021340608596802e-02
1.584534160792827606e-02
1.593812555074691772e-02
1.592654921114444733e-02
1.604128256440162659e-02
1.597968302667140961e-02
1.598898321390151978e-02
1.588657684624195099e-02
1.614117436110973358e-02
1.611784845590591431e-02
1.593859307467937469e-02
1.607052423059940338e-02
1.600122824311256409e-02
1.595049723982810974e-02
1.604969240725040436e-02
1.592607796192169189e-02
1.608161814510822296e-02
1.585022360086441040e-02
1.651722751557826996e-02
1.585084944963455200e-02
1.605054177343845367e-02
1.599222794175148010e-02
1.585894450545310974e-02
1.574267260730266571e-02
1.598354615271091461e-02
1.588825695216655731e-02
1.599068753421306610e-02
1.589659415185451508e-02
