2.470357269048690796e-01
1.789558976888656616e-01
1.562823206186294556e-01
1.488154977560043335e-01
1.421216279268264771e-01
1.383785456418991089e-01
1.362524777650833130e-01
1.334179937839508057e-01
1.321725249290466309e-01
1.307623088359832764e-01
1.288413256406784058e-01
1.276264041662216187e-01
1.261973679065704346e-01
1.253519952297210693e-01
1.244211345911026001e-01
1.223288550972938538e-01
1.214070320129394531e-01
1.197431460022926331e-01
1.182522177696228027e-01
1.169783845543861389e-01
1.163144633173942566e-01
1.159438788890838623e-01
1.137786284089088440e-01
1.130823194980621338e-01
1.116274595260620117e-01
1.102811694145202637e-01
1.095098778605461121e-01
1.085610315203666687e-01
1.078231334686279297e-01
1.066047698259353638e-01
1.068202182650566101e-01
1.048477813601493835e-01
1.048909425735473633e-01
1.039549037814140320e-01
1.034830808639526367e-01
1.027003079652786255e-01
1.020334810018539429e-01
1.011415943503379822e-01
1.000879108905792236e-01
9.941409528255462646e-02
9.880210459232330322e-02
9.792046993970870972e-02
9.788733720779418945e-02
9.655898064374923706e-02
9.648936986923217773e-02
9.540992230176925659e-02
9.504136443138122559e-02
9.432438015937805176e-02
9.405784308910369873e-02
9.405582398176193237e-02
9.341207146644592285e-02
9.316836297512054443e-02
9.267023950815200806e-02
9.265429526567459106e-02
9.212544560432434082e-02
9.208501875400543213e-02
9.119372814893722534e-02
9.099273383617401123e-02
9.100709855556488037e-02
9.023566544055938721e-02
8.961898088455200195e-02
8.890601247549057007e-02
8.951462060213088989e-02
8.828626573085784912e-02
8.841877430677413940e-02
8.818238973617553711e-02
8.781905472278594971e-02
8.716011792421340942e-02
8.644473552703857422e-02
8.660988509654998779e-02
8.696760982275009155e-02
8.584494888782501221e-02
8.532556891441345215e-02
8.522275090217590332e-02
8.516506105661392212e-02
8.532904833555221558e-02
8.464451879262924194e-02
8.453240245580673218e-02
8.453862369060516357e-02
8.429376035928726196e-02
8.375881612300872803e-02
8.337056636810302734e-02
8.316546678543090820e-02
8.294768631458282471e-02
8.205265551805496216e-02
8.234499394893646240e-02
8.287672698497772217e-02
8.181666582822799683e-02
8.136929571628570557e-02
8.126551657915115356e-02
8.095403760671615601e-02
8.084370940923690796e-02
8.051498234272003174e-02
8.121018111705780029e-02
8.011831343173980713e-02
7.989961653947830200e-02
7.944249361753463745e-02
7.932567596435546875e-02
7.905595749616622925e-02
7.911215722560882568e-02
7.871085405349731445e-02
7.881695777177810669e-02
7.857480645179748535e-02
7.815223187208175659e-02
7.817763090133666992e-02
7.763231545686721802e-02
7.737485319375991821e-02
7.691447436809539795e-02
7.666426897048950195e-02
7.610156387090682983e-02
7.676251977682113647e-02
7.687766849994659424e-02
7.628408074378967285e-02
7.598938792943954468e-02
7.626631855964660645e-02
7.610871642827987671e-02
7.553109526634216309e-02
7.532157748937606812e-02
7.517159730195999146e-02
7.538742572069168091e-02
7.451228052377700806e-02
7.486747205257415771e-02
7.474052906036376953e-02
7.469867169857025146e-02
7.469408959150314331e-02
7.429372519254684448e-02
7.405521720647811890e-02
7.442338764667510986e-02
7.401115447282791138e-02
7.377491146326065063e-02
7.333193719387054443e-02
7.309734821319580078e-02
7.403520494699478149e-02
7.316630333662033081e-02
7.284127920866012573e-02
7.275135070085525513e-02
7.215586304664611816e-02
7.248975336551666260e-02
7.146410644054412842e-02
7.218028604984283447e-02
7.185449451208114624e-02
7.122973352670669556e-02
7.211921364068984985e-02
7.183430343866348267e-02
7.169906795024871826e-02
7.124290615320205688e-02
7.035814225673675537e-02
7.073566317558288574e-02
7.098284363746643066e-02
7.033668458461761475e-02
7.079292833805084229e-02
7.081387192010879517e-02
7.045289129018783569e-02
6.986252218484878540e-02
6.987687945365905762e-02
6.985719501972198486e-02
7.012891769409179688e-02
6.974413245916366577e-02
6.951348483562469482e-02
6.930984556674957275e-02
6.944352388381958008e-02
6.985013931989669800e-02
6.915084272623062134e-02
6.928001344203948975e-02
6.866640597581863403e-02
6.888914108276367188e-02
6.875000149011611938e-02
6.834887713193893433e-02
6.842739135026931763e-02
6.751396507024765015e-02
6.896901130676269531e-02
6.822625547647476196e-02
6.872155517339706421e-02
6.792937219142913818e-02
6.757523119449615479e-02
6.772208213806152344e-02
6.808854639530181885e-02
6.756986677646636963e-02
6.805871427059173584e-02
6.766843050718307495e-02
6.745901703834533691e-02
6.733258813619613647e-02
6.759005784988403320e-02
6.744082272052764893e-02
6.715132296085357666e-02
6.746494770050048828e-02
6.728379428386688232e-02
6.703700870275497437e-02
6.685988605022430420e-02
6.724247336387634277e-02
6.657455116510391235e-02
6.617225706577301025e-02
6.698468327522277832e-02
6.670247018337249756e-02
6.612188369035720825e-02
6.607431173324584961e-02
6.616097688674926758e-02
6.653886288404464722e-02
6.648674607276916504e-02
6.625913828611373901e-02
6.599630415439605713e-02
6.627789139747619629e-02
6.615086644887924194e-02
6.641636788845062256e-02
6.555431336164474487e-02
6.564550101757049561e-02
6.553022563457489014e-02
6.577715277671813965e-02
6.591687351465225220e-02
6.530316174030303955e-02
6.574991345405578613e-02
6.611998379230499268e-02
6.568499654531478882e-02
6.506272405385971069e-02
6.538484245538711548e-02
6.557147204875946045e-02
6.508360058069229126e-02
6.536015868186950684e-02
6.482934206724166870e-02
6.497240811586380005e-02
6.451345235109329224e-02
6.488910317420959473e-02
6.483653932809829712e-02
6.465476751327514648e-02
6.477025151252746582e-02
6.402516365051269531e-02
6.436207890510559082e-02
6.489321589469909668e-02
6.434860080480575562e-02
6.435346603393554688e-02
6.473878026008605957e-02
6.377124786376953125e-02
6.445722281932830811e-02
6.399378180503845215e-02
6.382825970649719238e-02
6.418427824974060059e-02
6.357667595148086548e-02
6.360029429197311401e-02
6.354737281799316406e-02
6.382521241903305054e-02
6.377650797367095947e-02
6.325440108776092529e-02
6.373061984777450562e-02
6.349573284387588501e-02
6.356535106897354126e-02
6.365708261728286743e-02
6.290934979915618896e-02
6.302308291196823120e-02
6.313037127256393433e-02
6.277642399072647095e-02
6.310839951038360596e-02
6.266735494136810303e-02
6.299102306365966797e-02
6.324860453605651855e-02
6.299031525850296021e-02
6.265570968389511108e-02
6.349723786115646362e-02
6.282016634941101074e-02
6.277954578399658203e-02
6.289701908826828003e-02
6.242113187909126282e-02
6.198600307106971741e-02
6.238964200019836426e-02
6.304417550563812256e-02
6.252080947160720825e-02
6.302426010370254517e-02
6.224099546670913696e-02
6.203687191009521484e-02
6.196324527263641357e-02
6.246922910213470459e-02
6.258723139762878418e-02
6.252332776784896851e-02
6.242905557155609131e-02
6.227918341755867004e-02
6.245475262403488159e-02
6.223653256893157959e-02
6.197873502969741821e-02
6.181324645876884460e-02
6.209703162312507629e-02
6.156145408749580383e-02
6.205990538001060486e-02
6.193285807967185974e-02
6.162457913160324097e-02
6.149784848093986511e-02
6.147754937410354614e-02
6.171367317438125610e-02
6.176851317286491394e-02
6.163819506764411926e-02
6.171157211065292358e-02
6.115580722689628601e-02
6.105048209428787231e-02
6.171632558107376099e-02
6.114651635289192200e-02
6.112439557909965515e-02
6.142449006438255310e-02
6.069514900445938110e-02
6.095566973090171814e-02
6.132056191563606262e-02
6.083192303776741028e-02
6.048672646284103394e-02
6.126070022583007812e-02
6.120198592543601990e-02
6.113195791840553284e-02
6.147438660264015198e-02
6.128509342670440674e-02
6.103494390845298767e-02
6.091712042689323425e-02
6.058260425925254822e-02
6.036572903394699097e-02
6.061377003788948059e-02
6.037922576069831848e-02
6.062083318829536438e-02
6.039932742714881897e-02
6.044684350490570068e-02
6.008369475603103638e-02
6.064664572477340698e-02
6.097060814499855042e-02
6.040045246481895447e-02
6.053978577256202698e-02
6.047552078962326050e-02
5.964108929038047791e-02
6.007245555520057678e-02
6.045792624354362488e-02
6.002188101410865784e-02
6.026570498943328857e-02
6.021909415721893311e-02
6.032813340425491333e-02
6.022717431187629700e-02
5.945868417620658875e-02
5.915614217519760132e-02
5.950695648789405823e-02
6.009262427687644958e-02
6.003821641206741333e-02
5.970793217420578003e-02
5.988310649991035461e-02
5.983164533972740173e-02
5.931965634226799011e-02
6.014777719974517822e-02
5.986987426877021790e-02
5.948590114712715149e-02
5.931391566991806030e-02
5.945382267236709595e-02
5.933994054794311523e-02
5.978152528405189514e-02
5.911689624190330505e-02
5.891631171107292175e-02
5.934535712003707886e-02
5.895696952939033508e-02
5.907556042075157166e-02
5.931733548641204834e-02
5.909643694758415222e-02
5.919986963272094727e-02
5.945173650979995728e-02
5.892152339220046997e-02
5.963149666786193848e-02
5.874165892601013184e-02
5.883631482720375061e-02
5.837417766451835632e-02
5.858780443668365479e-02
5.913509055972099304e-02
5.913455039262771606e-02
5.926819518208503723e-02
5.877627059817314148e-02
5.871210247278213501e-02
5.813290923833847046e-02
5.923403427004814148e-02
5.925912037491798401e-02
5.854991078376770020e-02
5.865079164505004883e-02
5.845529213547706604e-02
5.886283889412879944e-02
5.852034687995910645e-02
5.851955339312553406e-02
5.840784311294555664e-02
5.826988816261291504e-02
5.888299643993377686e-02
5.841755494475364685e-02
5.818261206150054932e-02
5.836620554327964783e-02
5.841062963008880615e-02
5.824151262640953064e-02
5.808642134070396423e-02
5.858386307954788208e-02
5.863890424370765686e-02
5.791430547833442688e-02
5.816028267145156860e-02
5.839439854025840759e-02
5.865210294723510742e-02
5.786186829209327698e-02
5.825861170887947083e-02
5.796073377132415771e-02
5.813734978437423706e-02
5.825152248144149780e-02
5.801574885845184326e-02
5.798804387450218201e-02
5.791296437382698059e-02
5.879618972539901733e-02
5.739753693342208862e-02
5.792971700429916382e-02
5.748698487877845764e-02
5.743690952658653259e-02
5.776069313287734985e-02
5.794594436883926392e-02
5.810218304395675659e-02
5.744200572371482849e-02
5.782472342252731323e-02
5.777183920145034790e-02
5.730548501014709473e-02
5.787072703242301941e-02
5.781080573797225952e-02
5.780362337827682495e-02
5.775516852736473083e-02
5.738138407468795776e-02
5.754080042243003845e-02
5.781773477792739868e-02
5.780264735221862793e-02
5.728713050484657288e-02
5.731672048568725586e-02
5.729080736637115479e-02
5.752107128500938416e-02
5.731936171650886536e-02
5.760724842548370361e-02
5.732861161231994629e-02
5.781196430325508118e-02
5.719091370701789856e-02
5.724506080150604248e-02
5.714882910251617432e-02
5.779845640063285828e-02
5.784865468740463257e-02
5.742224305868148804e-02
5.757415667176246643e-02
5.711337178945541382e-02
5.708384886384010315e-02
5.685773864388465881e-02
5.718581750988960266e-02
5.730642750859260559e-02
5.709807947278022766e-02
5.751860141754150391e-02
5.687465518712997437e-02
5.691614747047424316e-02
5.721900984644889832e-02
5.737824365496635437e-02
5.746275186538696289e-02
5.698875337839126587e-02
5.711597576737403870e-02
5.659456551074981689e-02
5.690247565507888794e-02
5.708912014961242676e-02
5.684104561805725098e-02
5.763471499085426331e-02
5.715350434184074402e-02
5.717903003096580505e-02
5.680414289236068726e-02
5.716365203261375427e-02
5.655994638800621033e-02
5.706898495554924011e-02
5.686974525451660156e-02
5.688291415572166443e-02
5.694379657506942749e-02
5.674338340759277344e-02
5.695152282714843750e-02
5.696190521121025085e-02
5.613749101758003235e-02
5.639737471938133240e-02
5.644617229700088501e-02
5.658406391739845276e-02
5.625918135046958923e-02
5.647758394479751587e-02
5.624515190720558167e-02
5.631158500909805298e-02
5.610659345984458923e-02
5.625388026237487793e-02
5.618023127317428589e-02
5.666247010231018066e-02
5.570659041404724121e-02
5.645675212144851685e-02
5.622727796435356140e-02
5.644581466913223267e-02
5.676535889506340027e-02
5.703685432672500610e-02
5.621840432286262512e-02
5.645753815770149231e-02
5.611081048846244812e-02
5.612799152731895447e-02
5.606644600629806519e-02
5.609442293643951416e-02
5.633856728672981262e-02
5.686314031481742859e-02
5.651188641786575317e-02
5.610467866063117981e-02
5.658031627535820007e-02
5.638474598526954651e-02
5.586756393313407898e-02
5.606878548860549927e-02
5.588753148913383484e-02
5.603578686714172363e-02
5.670684948563575745e-02
5.614685639739036560e-02
5.626739561557769775e-02
5.634690821170806885e-02
