8.418501913547515869e-02
3.415147215127944946e-02
2.019158750772476196e-02
1.777425780892372131e-02
1.663744077086448669e-02
1.555438339710235596e-02
1.509163342416286469e-02
1.464992854744195938e-02
1.416143495589494705e-02
1.386620476841926575e-02
1.356814429163932800e-02
1.315182168036699295e-02
1.271240506321191788e-02
1.241436786949634552e-02
1.191803812980651855e-02
1.224137004464864731e-02
1.200632378458976746e-02
1.179624628275632858e-02
1.163659244775772095e-02
1.144693791866302490e-02
1.103274989873170853e-02
1.111819874495267868e-02
1.092084590345621109e-02
1.091912575066089630e-02
1.070304028689861298e-02
1.050807721912860870e-02
1.057983655482530594e-02
1.020503137260675430e-02
1.026444137096405029e-02
1.018064469099044800e-02
1.009767036885023117e-02
1.019551511853933334e-02
1.005173381417989731e-02
1.008142530918121338e-02
9.757188148796558380e-03
9.479219093918800354e-03
9.760174900293350220e-03
9.261906147003173828e-03
9.427594952285289764e-03
9.558595716953277588e-03
9.435091167688369751e-03
9.385320357978343964e-03
9.395811706781387329e-03
9.171399287879467010e-03
9.334594011306762695e-03
9.086460806429386139e-03
8.821308612823486328e-03
9.255274198949337006e-03
8.925693109631538391e-03
9.002976119518280029e-03
8.776653558015823364e-03
9.001217782497406006e-03
8.745273575186729431e-03
8.432111702859401703e-03
8.683792315423488617e-03
8.823165670037269592e-03
8.543248288333415985e-03
8.532258681952953339e-03
8.611437864601612091e-03
8.479022420942783356e-03
8.324858732521533966e-03
8.433687500655651093e-03
8.133675903081893921e-03
8.397755213081836700e-03
8.162062615156173706e-03
8.343514986336231232e-03
8.243634365499019623e-03
8.105564862489700317e-03
8.015145547688007355e-03
8.021086454391479492e-03
7.928269915282726288e-03
7.890671491622924805e-03
8.295780979096889496e-03
7.838259451091289520e-03
7.920198142528533936e-03
7.903244346380233765e-03
7.824439555406570435e-03
7.804685272276401520e-03
7.871042937040328979e-03
7.849924266338348389e-03
7.791587151587009430e-03
7.714184001088142395e-03
7.707766722887754440e-03
7.518052589148283005e-03
7.475360296666622162e-03
7.622729521244764328e-03
7.510916329920291901e-03
7.571157999336719513e-03
7.644052151590585709e-03
7.191275246441364288e-03
7.435377687215805054e-03
7.385755889117717743e-03
7.316189352422952652e-03
7.519885897636413574e-03
7.315865252166986465e-03
7.154920138418674469e-03
7.234627380967140198e-03
7.460978813469409943e-03
7.507781032472848892e-03
7.173723541200160980e-03
7.197079248726367950e-03
7.303831633180379868e-03
7.144022267311811447e-03
7.387358229607343674e-03
7.367062382400035858e-03
7.164817769080400467e-03
7.163517177104949951e-03
7.168693002313375473e-03
7.187025621533393860e-03
7.067430764436721802e-03
7.124339230358600616e-03
6.896511651575565338e-03
6.991423666477203369e-03
7.003766484558582306e-03
7.300589699298143387e-03
6.934646517038345337e-03
7.082484662532806396e-03
7.301229052245616913e-03
7.239285856485366821e-03
7.067324128001928329e-03
7.130395621061325073e-03
6.724212784320116043e-03
6.921241991221904755e-03
6.833314429968595505e-03
6.841685622930526733e-03
6.905147340148687363e-03
7.071497384458780289e-03
6.799286697059869766e-03
6.924862507730722427e-03
6.731433328241109848e-03
6.877366453409194946e-03
6.795516237616539001e-03
7.049106061458587646e-03
6.692154798656702042e-03
6.920706015080213547e-03
6.463678088039159775e-03
6.539505906403064728e-03
6.809507962316274643e-03
6.590985227376222610e-03
6.705661769956350327e-03
6.637607701122760773e-03
6.691662594676017761e-03
6.861483678221702576e-03
6.795543711632490158e-03
6.576158106327056885e-03
6.563317030668258667e-03
6.557403597980737686e-03
6.628371309489011765e-03
6.684975232928991318e-03
6.822372321039438248e-03
6.772977299988269806e-03
6.654879078269004822e-03
6.581924390047788620e-03
6.879736203700304031e-03
6.796048022806644440e-03
6.606937386095523834e-03
6.265648175030946732e-03
6.438210140913724899e-03
6.512867752462625504e-03
6.490858271718025208e-03
6.288877688348293304e-03
6.771406624466180801e-03
6.240423768758773804e-03
6.332240067422389984e-03
6.448795087635517120e-03
6.331415381282567978e-03
6.475084461271762848e-03
6.497874390333890915e-03
6.295089144259691238e-03
6.324910093098878860e-03
6.333363242447376251e-03
6.317099556326866150e-03
6.439560092985630035e-03
6.354267708957195282e-03
6.489146966487169266e-03
6.135672330856323242e-03
6.172911264002323151e-03
6.234032101929187775e-03
6.300906650722026825e-03
6.559287197887897491e-03
6.398165132850408554e-03
6.453058682382106781e-03
6.314333528280258179e-03
6.164969410747289658e-03
6.102628074586391449e-03
6.264035589993000031e-03
6.229369901120662689e-03
6.311705335974693298e-03
6.083692423999309540e-03
6.157469470053911209e-03
6.157433614134788513e-03
5.924647208303213120e-03
6.300806999206542969e-03
6.171938963234424591e-03
6.606088951230049133e-03
6.463072262704372406e-03
5.969304125756025314e-03
6.318755913525819778e-03
6.081837695091962814e-03
5.933592561632394791e-03
5.977611523121595383e-03
6.136354058980941772e-03
5.963106639683246613e-03
6.217671092599630356e-03
5.832802504301071167e-03
6.160490214824676514e-03
6.075927056372165680e-03
6.014074664562940598e-03
6.225927267223596573e-03
5.746753420680761337e-03
6.141867022961378098e-03
6.006194278597831726e-03
5.982313770800828934e-03
6.052026525139808655e-03
5.942936521023511887e-03
6.013680715113878250e-03
6.101127248257398605e-03
5.931767169386148453e-03
6.178893148899078369e-03
5.738127976655960083e-03
5.911075975745916367e-03
5.919601768255233765e-03
6.005883216857910156e-03
6.114042829722166061e-03
6.036303937435150146e-03
5.820998921990394592e-03
5.863074213266372681e-03
6.226380355656147003e-03
5.683199502527713776e-03
5.998473148792982101e-03
6.253257859498262405e-03
6.125667132437229156e-03
6.043499801307916641e-03
5.882171448320150375e-03
5.948457401245832443e-03
6.007119547575712204e-03
6.117180455476045609e-03
6.069920491427183151e-03
5.683606024831533432e-03
5.952875595539808273e-03
6.112021859735250473e-03
5.836892873048782349e-03
5.929749924689531326e-03
5.951182916760444641e-03
5.808040034025907516e-03
5.924922879785299301e-03
6.087015382945537567e-03
5.930141080170869827e-03
5.931131541728973389e-03
5.772391334176063538e-03
6.020150147378444672e-03
5.856411531567573547e-03
5.949233658611774445e-03
6.146381143480539322e-03
5.741771310567855835e-03
5.721507128328084946e-03
5.659807473421096802e-03
5.819264333695173264e-03
5.856631323695182800e-03
5.733581725507974625e-03
5.915085319429636002e-03
5.845077335834503174e-03
5.965337157249450684e-03
5.784557200968265533e-03
5.748509895056486130e-03
5.977541673928499222e-03
5.875236354768276215e-03
5.652786698192358017e-03
5.697169806808233261e-03
5.679089576005935669e-03
5.850716494023799896e-03
5.776031408458948135e-03
5.879147909581661224e-03
5.677482578903436661e-03
5.661592818796634674e-03
6.028931587934494019e-03
5.750847049057483673e-03
5.982215516269207001e-03
5.813882220536470413e-03
5.965178832411766052e-03
5.787498317658901215e-03
5.686045624315738678e-03
5.664824508130550385e-03
5.607812665402889252e-03
5.514504387974739075e-03
5.513118114322423935e-03
5.675188265740871429e-03
5.562226288020610809e-03
5.517013836652040482e-03
5.946544464677572250e-03
5.659994669258594513e-03
5.597896408289670944e-03
5.643583834171295166e-03
5.703214090317487717e-03
5.575104150921106339e-03
5.327599123120307922e-03
5.665041040629148483e-03
5.662952084094285965e-03
5.822607316076755524e-03
5.938662681728601456e-03
6.107332184910774231e-03
5.503362510353326797e-03
5.660606548190116882e-03
5.586922634392976761e-03
5.608798004686832428e-03
5.589433945715427399e-03
5.630344152450561523e-03
5.505420733243227005e-03
5.679323337972164154e-03
5.544270388782024384e-03
5.520442500710487366e-03
5.549522116780281067e-03
5.628021433949470520e-03
5.483106710016727448e-03
5.539667326956987381e-03
5.456743296235799789e-03
5.417202599346637726e-03
5.374405067414045334e-03
5.606971681118011475e-03
5.570876877754926682e-03
5.269241519272327423e-03
5.577669478952884674e-03
5.418047774583101273e-03
5.443104542791843414e-03
5.556134972721338272e-03
5.625276826322078705e-03
5.380756687372922897e-03
5.589133128523826599e-03
5.293866153806447983e-03
5.410648416727781296e-03
5.140251945704221725e-03
5.469660274684429169e-03
5.307521671056747437e-03
5.532546434551477432e-03
5.227587651461362839e-03
5.496588069945573807e-03
5.370530299842357635e-03
5.426267627626657486e-03
5.616052076220512390e-03
5.202746018767356873e-03
5.433900281786918640e-03
5.258108954876661301e-03
5.272349342703819275e-03
5.318103358149528503e-03
5.605926737189292908e-03
5.269126966595649719e-03
5.765458103269338608e-03
5.667344201356172562e-03
5.618809722363948822e-03
5.556299816817045212e-03
5.704855546355247498e-03
5.530259571969509125e-03
5.303299520164728165e-03
5.516211036592721939e-03
5.572325084358453751e-03
5.248450208455324173e-03
5.570168141275644302e-03
5.325584672391414642e-03
5.553953815251588821e-03
5.482758861035108566e-03
5.270455498248338699e-03
5.505266133695840836e-03
5.384682677686214447e-03
5.303670186549425125e-03
5.349356681108474731e-03
5.485649220645427704e-03
5.394373554736375809e-03
5.499326158314943314e-03
5.456213373690843582e-03
5.218956619501113892e-03
5.394754931330680847e-03
5.389179103076457977e-03
5.371000152081251144e-03
5.404475610703229904e-03
5.482154432684183121e-03
5.228322930634021759e-03
5.289641208946704865e-03
5.402497015893459320e-03
5.610093474388122559e-03
5.574525799602270126e-03
5.695723928511142731e-03
5.501457490026950836e-03
5.599978845566511154e-03
5.378783214837312698e-03
5.611385684460401535e-03
5.451854784041643143e-03
5.446021445095539093e-03
5.415898747742176056e-03
5.292767193168401718e-03
5.318379029631614685e-03
5.427782889455556870e-03
5.526468157768249512e-03
5.284637212753295898e-03
5.240183789283037186e-03
5.374858621507883072e-03
5.508179310709238052e-03
5.363694857805967331e-03
5.360435694456100464e-03
5.308216903358697891e-03
5.395564716309309006e-03
5.223917309194803238e-03
5.053743254393339157e-03
5.453413818031549454e-03
5.288137588649988174e-03
5.245273932814598083e-03
5.022117402404546738e-03
5.174941848963499069e-03
5.369284655898809433e-03
5.346530117094516754e-03
5.646679084748029709e-03
5.757842678576707840e-03
5.454655736684799194e-03
5.530874710530042648e-03
5.469937808811664581e-03
5.398071836680173874e-03
5.342725198715925217e-03
5.253684706985950470e-03
5.358932074159383774e-03
5.271685775369405746e-03
5.407648626714944839e-03
5.590949207544326782e-03
5.372166633605957031e-03
5.366998258978128433e-03
5.179325118660926819e-03
5.423070397228002548e-03
5.421388428658246994e-03
5.535006523132324219e-03
5.458809435367584229e-03
5.332589615136384964e-03
5.588572472333908081e-03
5.247139837592840195e-03
5.393333267420530319e-03
5.343499593436717987e-03
5.121163092553615570e-03
5.456373561173677444e-03
5.329080391675233841e-03
5.532412324100732803e-03
5.277463700622320175e-03
5.419823341071605682e-03
5.459051579236984253e-03
5.417799111455678940e-03
5.528578534722328186e-03
5.327864550054073334e-03
5.491916090250015259e-03
5.708178505301475525e-03
5.485331173986196518e-03
5.370987579226493835e-03
5.269944202154874802e-03
5.170536693185567856e-03
5.426521878689527512e-03
5.324952770024538040e-03
5.092775914818048477e-03
5.264230538159608841e-03
5.029985681176185608e-03
5.270897876471281052e-03
5.206366069614887238e-03
5.522760562598705292e-03
5.300483666360378265e-03
5.220605991780757904e-03
5.597813520580530167e-03
5.235208198428153992e-03
5.228450987488031387e-03
5.118686705827713013e-03
5.041125230491161346e-03
5.232179071754217148e-03
5.475957412272691727e-03
4.952533170580863953e-03
5.427558906376361847e-03
5.150138400495052338e-03
5.168215371668338776e-03
5.535201169550418854e-03
5.416804924607276917e-03
5.303934682160615921e-03
5.288015585392713547e-03
5.150498356670141220e-03
5.286260973662137985e-03
5.259648896753787994e-03
5.337026435881853104e-03
5.268468055874109268e-03
5.367648322135210037e-03
5.226789508014917374e-03
5.490027833729982376e-03
5.559457466006278992e-03
5.262467544525861740e-03
5.504418630152940750e-03
5.139302462339401245e-03
5.563964135944843292e-03
5.067446269094944000e-03
5.317767150700092316e-03
5.297742318361997604e-03
5.305365193635225296e-03
5.115092266350984573e-03
5.275312811136245728e-03
5.469794850796461105e-03
5.183415021747350693e-03
5.208090413361787796e-03
5.248220171779394150e-03
5.272151436656713486e-03
5.029608029872179031e-03
5.369236692786216736e-03
5.450159311294555664e-03
5.315568763762712479e-03
5.174539051949977875e-03
5.215743556618690491e-03
5.047455895692110062e-03
5.421805195510387421e-03
5.242789629846811295e-03
5.203243810683488846e-03
5.206276662647724152e-03
5.074402783066034317e-03
5.194596014916896820e-03
5.159595515578985214e-03
5.262729246169328690e-03
5.233909003436565399e-03
5.437949206680059433e-03
5.389519035816192627e-03
5.096848122775554657e-03
5.232688505202531815e-03
5.320589989423751831e-03
5.069864913821220398e-03
5.247173830866813660e-03
5.091334693133831024e-03
5.179875064641237259e-03
5.075546447187662125e-03
5.273126531392335892e-03
5.212812218815088272e-03
5.126158706843852997e-03
5.118253175169229507e-03
5.089001264423131943e-03
5.109498742967844009e-03
5.188321694731712341e-03
5.082652904093265533e-03
5.253570154309272766e-03
5.195585079491138458e-03
5.313318222761154175e-03
4.938730504363775253e-03
5.065156146883964539e-03
5.338144488632678986e-03
5.068684462457895279e-03
5.023246631026268005e-03
5.369309801608324051e-03
5.062441341578960419e-03
5.196960177272558212e-03
5.215168464928865433e-03
5.236134864389896393e-03
5.196958314627408981e-03
5.182718858122825623e-03
5.503079388290643692e-03
5.185015499591827393e-03
5.350633990019559860e-03
5.162437912076711655e-03
5.133244208991527557e-03
4.954371601343154907e-03
5.423162132501602173e-03
5.563979502767324448e-03
5.262070335447788239e-03
5.162242799997329712e-03
5.117704160511493683e-03
5.314079113304615021e-03
5.070526618510484695e-03
5.195749923586845398e-03
5.139643326401710510e-03
5.209379829466342926e-03
5.241957493126392365e-03
5.120773334056138992e-03
5.174694582819938660e-03
5.036422517150640488e-03
4.940810147672891617e-03
5.241273902356624603e-03
5.278767552226781845e-03
5.049324594438076019e-03
4.998938180506229401e-03
5.052020773291587830e-03
5.016858223825693130e-03
5.097823217511177063e-03
4.960833583027124405e-03
5.103007424622774124e-03
5.261311307549476624e-03
4.976178519427776337e-03
5.191509146243333817e-03
4.984343890100717545e-03
5.075225606560707092e-03
5.060071125626564026e-03
5.079673137515783310e-03
4.813186358660459518e-03
4.835363943129777908e-03
5.042108241468667984e-03
5.224200431257486343e-03
5.147872958332300186e-03
5.113963503390550613e-03
5.199127364903688431e-03
5.122713744640350342e-03
4.946802742779254913e-03
5.170534364879131317e-03
5.016610957682132721e-03
5.146970506757497787e-03
5.054298788309097290e-03
5.249098408967256546e-03
5.303256213665008545e-03
5.183829925954341888e-03
5.065917968750000000e-03
5.196592770516872406e-03
5.384460091590881348e-03
5.341197829693555832e-03
5.041826516389846802e-03
4.951897542923688889e-03
4.843068309128284454e-03
5.134175531566143036e-03
5.063587799668312073e-03
5.168667528778314590e-03
5.034639500081539154e-03
5.198087543249130249e-03
5.159828346222639084e-03
4.767879843711853027e-03
5.249422043561935425e-03
5.289876833558082581e-03
5.097014363855123520e-03
4.872199147939682007e-03
4.978881217539310455e-03
5.108477547764778137e-03
5.107945762574672699e-03
4.950415808707475662e-03
4.903525114059448242e-03
5.125228315591812134e-03
5.237977486103773117e-03
5.112694110721349716e-03
5.007657222449779510e-03
4.998071119189262390e-03
5.270758178085088730e-03
5.177488550543785095e-03
5.112115759402513504e-03
4.928721580654382706e-03
5.046795587986707687e-03
5.338418297469615936e-03
4.997313488274812698e-03
5.295158829540014267e-03
5.206722300499677658e-03
4.865200258791446686e-03
4.918997641652822495e-03
5.127521231770515442e-03
5.093631334602832794e-03
5.047414917498826981e-03
4.888687748461961746e-03
5.094439722597599030e-03
4.945838358253240585e-03
5.130899604409933090e-03
4.943314474076032639e-03
5.224565509706735611e-03
4.792561288923025131e-03
4.809463862329721451e-03
4.802692215889692307e-03
5.296610295772552490e-03
5.124206654727458954e-03
4.957979544997215271e-03
4.753588233143091202e-03
5.098669324070215225e-03
4.956734366714954376e-03
4.871677607297897339e-03
4.839334636926651001e-03
4.760683979839086533e-03
4.995985887944698334e-03
5.090285558253526688e-03
5.094092804938554764e-03
5.264976061880588531e-03
4.939770326018333435e-03
5.155638325959444046e-03
5.035573616623878479e-03
4.896357189863920212e-03
4.782518371939659119e-03
5.082595162093639374e-03
4.713874775916337967e-03
5.062787793576717377e-03
4.913816228508949280e-03
4.957287572324275970e-03
5.032591056078672409e-03
5.095141474157571793e-03
5.067348014563322067e-03
5.244825966656208038e-03
4.876537714153528214e-03
5.052008666098117828e-03
4.956800024956464767e-03
4.838135093450546265e-03
5.072527099400758743e-03
5.147550720721483231e-03
4.817475099116563797e-03
4.898107610642910004e-03
4.954779054969549179e-03
4.948822781443595886e-03
4.860974382609128952e-03
4.804723430424928665e-03
4.916217643767595291e-03
5.079541355371475220e-03
5.131844896823167801e-03
5.054409150034189224e-03
4.866168834269046783e-03
4.909702111035585403e-03
5.104030016809701920e-03
4.940615966916084290e-03
5.030286498367786407e-03
4.913333337754011154e-03
4.855988081544637680e-03
4.861235618591308594e-03
4.991430323570966721e-03
5.005801096558570862e-03
4.899619147181510925e-03
5.009254906326532364e-03
5.350087303668260574e-03
4.900016356259584427e-03
5.096270237118005753e-03
5.333434324711561203e-03
4.880226217210292816e-03
5.151143763214349747e-03
5.106312688440084457e-03
4.913097713142633438e-03
4.838620778173208237e-03
5.039846058934926987e-03
4.971257410943508148e-03
5.100106820464134216e-03
4.750909283757209778e-03
4.950057715177536011e-03
4.868454299867153168e-03
4.791497252881526947e-03
4.893046338111162186e-03
4.992616828531026840e-03
4.859482869505882263e-03
5.295950919389724731e-03
4.852312617003917694e-03
4.946553613990545273e-03
5.265149753540754318e-03
5.031816661357879639e-03
4.848993849009275436e-03
5.144315306097269058e-03
5.073926877230405807e-03
4.912062082439661026e-03
5.121177062392234802e-03
4.978748969733715057e-03
5.220890045166015625e-03
4.749245941638946533e-03
5.006262101233005524e-03
4.994600545614957809e-03
4.953841213136911392e-03
4.872935824096202850e-03
5.220028571784496307e-03
4.821303300559520721e-03
4.850392229855060577e-03
4.976220428943634033e-03
5.266591440886259079e-03
5.040260963141918182e-03
4.703955724835395813e-03
4.834883846342563629e-03
4.914850927889347076e-03
4.685347899794578552e-03
4.707487765699625015e-03
4.738703835755586624e-03
4.749337211251258850e-03
4.918314516544342041e-03
4.933191463351249695e-03
5.138808395713567734e-03
4.953896626830101013e-03
4.658747464418411255e-03
5.196726415306329727e-03
4.987527616322040558e-03
4.823198541998863220e-03
4.972236696630716324e-03
4.963061306625604630e-03
5.209384486079216003e-03
4.862297326326370239e-03
4.785451106727123260e-03
4.879591055214405060e-03
5.013744812458753586e-03
4.984615370631217957e-03
5.115382373332977295e-03
5.064871627837419510e-03
4.984245635569095612e-03
5.028035491704940796e-03
5.128419026732444763e-03
5.228556692600250244e-03
4.830935969948768616e-03
4.904547706246376038e-03
4.970679525285959244e-03
4.767182748764753342e-03
4.779864568263292313e-03
4.741756711155176163e-03
4.897292237728834152e-03
4.722103942185640335e-03
5.016604438424110413e-03
5.261602811515331268e-03
4.920314997434616089e-03
4.958011209964752197e-03
5.109131801873445511e-03
4.951582290232181549e-03
4.824688192456960678e-03
4.774376749992370605e-03
4.823355469852685928e-03
4.829814191907644272e-03
4.842691589146852493e-03
4.919277969747781754e-03
4.653526470065116882e-03
4.740541335195302963e-03
4.979073069989681244e-03
4.919433500617742538e-03
5.012557841837406158e-03
5.106686614453792572e-03
4.958840552717447281e-03
4.816736094653606415e-03
4.847642965614795685e-03
4.924213979393243790e-03
4.726021550595760345e-03
4.883427172899246216e-03
4.982653539627790451e-03
5.334075540304183960e-03
5.268971901386976242e-03
4.735464695841073990e-03
4.589863587170839310e-03
4.703958053141832352e-03
5.021769553422927856e-03
4.948903806507587433e-03
5.002311896532773972e-03
4.995942581444978714e-03
4.731848835945129395e-03
4.817455075681209564e-03
4.755140282213687897e-03
4.912803880870342255e-03
4.893462639302015305e-03
5.118688102811574936e-03
4.749606829136610031e-03
5.061604082584381104e-03
5.061300471425056458e-03
4.746388178318738937e-03
4.957673605531454086e-03
4.828067030757665634e-03
4.980220459401607513e-03
4.795808345079421997e-03
4.826915916055440903e-03
4.700554069131612778e-03
4.877752158790826797e-03
4.643655847758054733e-03
4.563896916806697845e-03
5.017872434109449387e-03
4.593660123646259308e-03
4.847590811550617218e-03
4.744623322039842606e-03
4.731455817818641663e-03
4.715288523584604263e-03
4.752006847411394119e-03
4.800746217370033264e-03
5.046175792813301086e-03
4.755670204758644104e-03
4.764273297041654587e-03
4.914754070341587067e-03
5.090030841529369354e-03
4.943934269249439240e-03
4.552394151687622070e-03
4.619000945240259171e-03
4.589475225657224655e-03
4.612219985574483871e-03
5.088881589472293854e-03
5.099545698612928391e-03
5.282721016556024551e-03
4.884778987616300583e-03
4.796510096639394760e-03
4.677056334912776947e-03
4.738212097436189651e-03
4.976803436875343323e-03
4.810403566807508469e-03
5.166674964129924774e-03
4.964234773069620132e-03
4.751344211399555206e-03
4.599327687174081802e-03
4.942072089761495590e-03
4.693669732660055161e-03
4.922116175293922424e-03
4.825454205274581909e-03
4.756879527121782303e-03
4.573050886392593384e-03
4.681009333580732346e-03
4.480046685785055161e-03
4.618010483682155609e-03
4.500163253396749496e-03
4.838767927139997482e-03
4.596813581883907318e-03
4.702449776232242584e-03
4.872798919677734375e-03
4.817377775907516479e-03
4.911183379590511322e-03
5.189104005694389343e-03
5.057901609688997269e-03
4.757358692586421967e-03
4.980077501386404037e-03
5.178950726985931396e-03
5.157959181815385818e-03
5.034806672483682632e-03
4.896763712167739868e-03
4.746471997350454330e-03
4.817205481231212616e-03
4.966302309185266495e-03
4.773408640176057816e-03
4.655028227716684341e-03
4.760260228067636490e-03
4.783752374351024628e-03
4.807335324585437775e-03
4.956664517521858215e-03
4.982911050319671631e-03
4.977545700967311859e-03
4.915172234177589417e-03
4.770915489643812180e-03
4.690688103437423706e-03
4.796891473233699799e-03
4.785226657986640930e-03
4.891132935881614685e-03
5.235230084508657455e-03
4.866593051701784134e-03
4.739407915621995926e-03
5.111995618790388107e-03
4.797888919711112976e-03
4.859041422605514526e-03
4.770303145051002502e-03
4.845444578677415848e-03
4.915514960885047913e-03
4.876429215073585510e-03
5.226444453001022339e-03
5.331047810614109039e-03
4.927790723741054535e-03
4.867934621870517731e-03
4.775071516633033752e-03
4.629073664546012878e-03
5.143232643604278564e-03
4.821354523301124573e-03
5.055633373558521271e-03
5.017482675611972809e-03
4.896664991974830627e-03
5.038060247898101807e-03
4.881422966718673706e-03
4.652930423617362976e-03
4.913513083010911942e-03
4.925435874611139297e-03
4.896884318441152573e-03
5.015078932046890259e-03
4.916220903396606445e-03
5.036342423409223557e-03
4.686059430241584778e-03
4.844710696488618851e-03
5.396378692239522934e-03
4.987411666661500931e-03
4.788857419043779373e-03
4.753634799271821976e-03
4.803115967661142349e-03
4.879043903201818466e-03
5.222249776124954224e-03
4.890206735581159592e-03
4.991884808987379074e-03
4.813950974494218826e-03
4.627062939107418060e-03
4.858296830207109451e-03
5.082342308014631271e-03
4.962475970387458801e-03
4.807505290955305099e-03
4.923727829009294510e-03
4.641262348741292953e-03
4.599397070705890656e-03
4.747172817587852478e-03
4.798898473381996155e-03
4.830651450902223587e-03
4.920692648738622665e-03
5.211280193179845810e-03
4.650979768484830856e-03
4.794948734343051910e-03
4.890308249741792679e-03
4.766298457980155945e-03
5.001313984394073486e-03
4.859497770667076111e-03
4.819124005734920502e-03
5.118455737829208374e-03
4.799951333552598953e-03
4.636716097593307495e-03
4.804024472832679749e-03
4.723723046481609344e-03
4.901478067040443420e-03
4.864125978201627731e-03
4.829485900700092316e-03
4.751024302095174789e-03
4.648805130273103714e-03
4.792808555066585541e-03
4.922107327729463577e-03
4.779983777552843094e-03
4.911661148071289062e-03
4.764131270349025726e-03
4.581837449222803116e-03
5.036674439907073975e-03
5.046240054070949554e-03
4.879060201346874237e-03
5.082367919385433197e-03
5.141166504472494125e-03
4.659563302993774414e-03
4.840849433094263077e-03
4.884062800556421280e-03
4.938247147947549820e-03
4.759388044476509094e-03
4.664557054638862610e-03
4.935393575578927994e-03
4.848069977015256882e-03
4.606479313224554062e-03
4.640877712517976761e-03
4.846492782235145569e-03
4.724591504782438278e-03
4.791836719959974289e-03
4.810069222003221512e-03
5.017737392336130142e-03
4.887605085968971252e-03
4.919601604342460632e-03
4.738523624837398529e-03
4.676824435591697693e-03
4.690807312726974487e-03
4.567812196910381317e-03
4.591828677803277969e-03
4.729723092168569565e-03
4.865889903157949448e-03
4.931766539812088013e-03
4.762368276715278625e-03
4.834507126361131668e-03
5.103331990540027618e-03
4.612226970493793488e-03
4.793207626789808273e-03
5.070718936622142792e-03
4.858645144850015640e-03
5.153414327651262283e-03
4.853589460253715515e-03
4.949422087520360947e-03
4.649741109460592270e-03
4.540525376796722412e-03
4.545339848846197128e-03
4.608826246112585068e-03
4.537583328783512115e-03
4.573194310069084167e-03
4.798206966370344162e-03
4.789353348314762115e-03
4.911573603749275208e-03
4.684976302087306976e-03
4.487397614866495132e-03
4.530447535216808319e-03
5.003548227250576019e-03
5.017353221774101257e-03
4.973850678652524948e-03
4.927372559905052185e-03
5.041169002652168274e-03
4.778199829161167145e-03
5.033224821090698242e-03
4.824041388928890228e-03
4.773312248289585114e-03
4.873089026659727097e-03
4.957168828696012497e-03
4.808116238564252853e-03
4.955684766173362732e-03
4.793040920048952103e-03
4.912337288260459900e-03
4.902550950646400452e-03
4.781110212206840515e-03
4.881352651864290237e-03
4.808641504496335983e-03
4.766110796481370926e-03
4.791759885847568512e-03
5.055621266365051270e-03
4.931815899908542633e-03
5.080907605588436127e-03
5.195928271859884262e-03
5.108469165861606598e-03
4.673011600971221924e-03
4.721763078123331070e-03
4.763741977512836456e-03
4.908532835543155670e-03
4.892920143902301788e-03
5.067574791610240936e-03
4.909864161163568497e-03
4.959974437952041626e-03
5.209594964981079102e-03
4.979804158210754395e-03
4.589920397847890854e-03
5.018724594265222549e-03
4.918486811220645905e-03
4.953862167894840240e-03
4.836240783333778381e-03
4.927731119096279144e-03
4.625146742910146713e-03
4.807864315807819366e-03
4.610922653228044510e-03
4.694716539233922958e-03
4.846748895943164825e-03
4.735814407467842102e-03
4.635802470147609711e-03
5.108324345201253891e-03
5.030005238950252533e-03
4.873979371041059494e-03
4.616774152964353561e-03
4.691002424806356430e-03
4.682246595621109009e-03
4.975368734449148178e-03
4.860014189034700394e-03
5.013297311961650848e-03
4.984116647392511368e-03
4.959238227456808090e-03
4.761775955557823181e-03
5.129149649292230606e-03
4.837500397115945816e-03
4.656333010643720627e-03
4.674334079027175903e-03
4.905943293124437332e-03
4.728071391582489014e-03
4.676749929785728455e-03
4.887314047664403915e-03
4.946671891957521439e-03
5.001910962164402008e-03
4.715960472822189331e-03
4.599691368639469147e-03
4.963457584381103516e-03
4.931270144879817963e-03
4.642800427973270416e-03
5.116271320730447769e-03
5.243571940809488297e-03
4.616776946932077408e-03
5.005300045013427734e-03
4.678329452872276306e-03
4.835505504161119461e-03
4.916049540042877197e-03
4.582012537866830826e-03
4.887811839580535889e-03
5.042851902544498444e-03
4.750778432935476303e-03
4.960331134498119354e-03
4.818686284124851227e-03
4.826503340154886246e-03
4.873367026448249817e-03
4.985506646335124969e-03
4.648964852094650269e-03
4.781008232384920120e-03
4.827774129807949066e-03
4.796149674803018570e-03
4.907540511339902878e-03
5.179654341191053391e-03
4.864044021815061569e-03
4.867251962423324585e-03
5.121881607919931412e-03
4.952841904014348984e-03
4.855664446949958801e-03
5.002821795642375946e-03
4.870183765888214111e-03
4.822760820388793945e-03
4.794339183717966080e-03
4.834977909922599792e-03
4.817918408662080765e-03
4.958868958055973053e-03
4.937054589390754700e-03
5.170876625925302505e-03
5.040819756686687469e-03
4.860099405050277710e-03
5.211497657001018524e-03
4.939082544296979904e-03
4.996124189347028732e-03
4.785896744579076767e-03
5.005590617656707764e-03
4.722357727587223053e-03
5.069936159998178482e-03
4.811864346265792847e-03
4.967191722244024277e-03
4.872301593422889709e-03
4.961987491697072983e-03
4.755126778036355972e-03
4.690494388341903687e-03
4.854117520153522491e-03
4.968503490090370178e-03
4.798894748091697693e-03
4.631716292351484299e-03
4.849937278777360916e-03
4.580668639391660690e-03
4.780679475516080856e-03
4.940544720739126205e-03
4.798014182597398758e-03
4.799136891961097717e-03
4.647443536669015884e-03
4.667867906391620636e-03
4.804379772394895554e-03
4.786777310073375702e-03
4.930767230689525604e-03
4.725196398794651031e-03
4.750263411551713943e-03
4.679712466895580292e-03
4.835874773561954498e-03
4.876901395618915558e-03
4.677664954215288162e-03
4.913221113383769989e-03
4.757647868245840073e-03
4.684377927333116531e-03
4.817454144358634949e-03
5.005931016057729721e-03
4.688263870775699615e-03
4.853627178817987442e-03
4.877790808677673340e-03
4.980374593287706375e-03
4.537979606539011002e-03
4.662327002733945847e-03
4.769104998558759689e-03
5.141417961567640305e-03
5.174583289772272110e-03
4.725564736872911453e-03
5.109544377774000168e-03
4.926896654069423676e-03
4.757914692163467407e-03
4.793140571564435959e-03
4.819839261472225189e-03
5.039838608354330063e-03
4.799597896635532379e-03
4.709850531071424484e-03
5.256431642919778824e-03
4.939476959407329559e-03
4.993150942027568817e-03
5.086804740130901337e-03
5.186930764466524124e-03
4.897015169262886047e-03
4.907503724098205566e-03
4.910128656774759293e-03
4.867392126470804214e-03
4.854564089328050613e-03
4.864044953137636185e-03
4.852966405451297760e-03
4.865356255322694778e-03
4.901821725070476532e-03
4.597080405801534653e-03
4.880669526755809784e-03
4.733521025627851486e-03
4.945055115967988968e-03
4.736465867608785629e-03
4.912315402179956436e-03
4.541771020740270615e-03
4.748492967337369919e-03
4.866569302976131439e-03
4.653832409530878067e-03
4.874745383858680725e-03
5.305535160005092621e-03
4.947325680404901505e-03
4.583778325468301773e-03
4.551922436803579330e-03
4.961866419762372971e-03
4.997321870177984238e-03
4.592235665768384933e-03
4.612045828253030777e-03
4.573395941406488419e-03
4.639296326786279678e-03
4.843251779675483704e-03
4.896399099379777908e-03
4.760684911161661148e-03
4.555183462798595428e-03
4.811425227671861649e-03
4.520117770880460739e-03
4.522008821368217468e-03
4.729180131107568741e-03
4.622957203537225723e-03
4.592030774801969528e-03
4.588832613080739975e-03
4.841102752834558487e-03
4.706908948719501495e-03
4.742780234664678574e-03
4.787958692759275436e-03
4.854768980294466019e-03
4.817040637135505676e-03
4.765094257891178131e-03
4.599883686751127243e-03
4.433247260749340057e-03
4.725728183984756470e-03
4.595982842147350311e-03
4.576027393341064453e-03
4.910171031951904297e-03
5.083849187940359116e-03
4.845884162932634354e-03
4.779204260557889938e-03
4.946891218423843384e-03
4.696295130997896194e-03
4.767161328345537186e-03
4.830602090805768967e-03
4.905238281935453415e-03
4.900407511740922928e-03
4.799767397344112396e-03
4.762990865856409073e-03
4.821391310542821884e-03
4.704114980995655060e-03
4.725157748907804489e-03
4.919496830552816391e-03
4.819573368877172470e-03
4.618222359567880630e-03
4.682089667767286301e-03
4.635343793779611588e-03
4.731231369078159332e-03
4.678898025304079056e-03
4.815349355340003967e-03
4.783296026289463043e-03
4.921387415379285812e-03
4.949141759425401688e-03
4.662171006202697754e-03
4.860768560320138931e-03
4.624369554221630096e-03
4.840751644223928452e-03
4.704603925347328186e-03
4.715879913419485092e-03
4.890220239758491516e-03
4.888100549578666687e-03
4.660422913730144501e-03
4.443174228072166443e-03
4.872006829828023911e-03
4.630401730537414551e-03
4.833828192204236984e-03
4.690886475145816803e-03
4.992926493287086487e-03
4.862470552325248718e-03
4.790463950484991074e-03
4.797736182808876038e-03
4.704026971012353897e-03
4.914775956422090530e-03
4.540778696537017822e-03
4.857925232499837875e-03
4.772448912262916565e-03
4.900230094790458679e-03
4.666987806558609009e-03
4.763229750096797943e-03
4.725127015262842178e-03
4.622596781700849533e-03
4.821521230041980743e-03
4.611692391335964203e-03
4.865384660661220551e-03
4.702582489699125290e-03
4.808128345757722855e-03
4.762013908475637436e-03
4.716173280030488968e-03
4.637191537767648697e-03
4.822327289730310440e-03
4.469662439078092575e-03
4.715938586741685867e-03
4.781357012689113617e-03
4.496677312999963760e-03
4.838167689740657806e-03
4.982597194612026215e-03
4.839743953198194504e-03
4.587993025779724121e-03
4.770690109580755234e-03
4.691923037171363831e-03
4.614520352333784103e-03
4.760527517646551132e-03
4.796062130481004715e-03
4.903671331703662872e-03
5.090476945042610168e-03
4.695344716310501099e-03
4.944749642163515091e-03
5.129960831254720688e-03
5.041179247200489044e-03
4.812010563910007477e-03
4.977671429514884949e-03
4.742404446005821228e-03
4.860056098550558090e-03
4.551331512629985809e-03
4.757110029458999634e-03
4.707340616732835770e-03
4.920927342027425766e-03
5.081414245069026947e-03
4.788066260516643524e-03
5.067137535661458969e-03
4.759953822940587997e-03
5.022481083869934082e-03
5.312325432896614075e-03
5.111061036586761475e-03
4.992839414626359940e-03
4.892165306955575943e-03
5.026077385991811752e-03
4.986451938748359680e-03
4.702736623585224152e-03
4.701660946011543274e-03
4.865842405706644058e-03
4.923535045236349106e-03
4.520470742136240005e-03
4.737617913633584976e-03
4.815175663679838181e-03
4.664333071559667587e-03
4.737334791570901871e-03
4.641862120479345322e-03
4.799019079655408859e-03
4.965590313076972961e-03
4.901016596704721451e-03
4.855927079916000366e-03
5.061228759586811066e-03
4.865164402872323990e-03
4.804160911589860916e-03
4.619887564331293106e-03
4.869920201599597931e-03
4.895098041743040085e-03
4.899318329989910126e-03
4.736930597573518753e-03
4.612599965184926987e-03
4.949109163135290146e-03
4.737030714750289917e-03
4.871446173638105392e-03
4.906778689473867416e-03
4.823082126677036285e-03
4.719547461718320847e-03
4.569035023450851440e-03
4.692550282925367355e-03
4.691359587013721466e-03
4.875154234468936920e-03
4.734871443361043930e-03
4.946024622768163681e-03
4.767488222569227219e-03
4.672665148973464966e-03
4.767377860844135284e-03
4.643624182790517807e-03
4.742035176604986191e-03
4.728009458631277084e-03
4.814170300960540771e-03
4.901626147329807281e-03
4.851060453802347183e-03
4.741515964269638062e-03
4.693505354225635529e-03
4.881469067186117172e-03
4.673900082707405090e-03
4.508930724114179611e-03
4.824238363653421402e-03
4.777635913342237473e-03
4.715521819889545441e-03
5.006801337003707886e-03
4.985602572560310364e-03
5.316183902323246002e-03
4.840125795453786850e-03
4.814633633941411972e-03
4.791136831045150757e-03
4.955574404448270798e-03
4.961970727890729904e-03
4.705976694822311401e-03
5.010141525417566299e-03
4.746710881590843201e-03
5.187280476093292236e-03
4.981683101505041122e-03
4.787365905940532684e-03
4.656675737351179123e-03
4.777606576681137085e-03
4.835815168917179108e-03
4.919525235891342163e-03
4.999695811420679092e-03
4.574283026158809662e-03
4.871209152042865753e-03
5.011632572859525681e-03
5.131730809807777405e-03
5.052502267062664032e-03
4.647657275199890137e-03
4.656220786273479462e-03
4.842472262680530548e-03
4.967788234353065491e-03
4.704240243881940842e-03
4.791024606674909592e-03
4.835081752389669418e-03
4.730971995741128922e-03
4.752078093588352203e-03
4.763498902320861816e-03
4.900940228253602982e-03
4.695743788033723831e-03
4.760663025081157684e-03
4.487089347094297409e-03
4.813720472157001495e-03
4.761320538818836212e-03
4.654583986848592758e-03
4.925988614559173584e-03
4.486570600420236588e-03
4.832960199564695358e-03
4.609240684658288956e-03
4.652859643101692200e-03
4.964670632034540176e-03
4.518640693277120590e-03
4.634864162653684616e-03
4.926335532218217850e-03
4.973518196493387222e-03
4.677862860262393951e-03
4.787637386471033096e-03
4.652231000363826752e-03
4.858091939240694046e-03
4.797811619937419891e-03
4.824788309633731842e-03
4.867600742727518082e-03
4.664478823542594910e-03
4.569214303046464920e-03
4.519706126302480698e-03
4.556930623948574066e-03
4.701552912592887878e-03
4.776543471962213516e-03
5.026118364185094833e-03
4.792170133441686630e-03
4.642654210329055786e-03
5.038909614086151123e-03
4.710308276116847992e-03
4.711281973868608475e-03
4.601452033966779709e-03
4.975316580384969711e-03
5.144759546965360641e-03
5.255586002022027969e-03
4.878304433077573776e-03
4.674126394093036652e-03
4.746501334011554718e-03
4.838469903916120529e-03
4.888066556304693222e-03
4.871167708188295364e-03
4.910520743578672409e-03
4.898909945040941238e-03
4.643445368856191635e-03
4.828548058867454529e-03
4.652501549571752548e-03
4.947878420352935791e-03
4.882530774921178818e-03
5.247834604233503342e-03
4.800439346581697464e-03
5.194266326725482941e-03
4.807023797184228897e-03
4.529958125203847885e-03
4.663627129048109055e-03
5.180750507861375809e-03
4.713680595159530640e-03
4.585936199873685837e-03
4.743296187371015549e-03
4.801124799996614456e-03
4.822746384888887405e-03
5.041668657213449478e-03
4.746053367853164673e-03
4.402612335979938507e-03
4.809344653040170670e-03
4.825262352824211121e-03
4.753497894853353500e-03
4.808915778994560242e-03
4.877810366451740265e-03
5.033348221331834793e-03
5.066446494311094284e-03
4.738612566143274307e-03
4.753262270241975784e-03
4.871864803135395050e-03
4.881636239588260651e-03
4.849360324442386627e-03
4.655506461858749390e-03
4.905472509562969208e-03
4.614866804331541061e-03
4.764919634908437729e-03
4.829420242458581924e-03
4.638084210455417633e-03
4.590102937072515488e-03
4.846202209591865540e-03
4.777660593390464783e-03
4.916309844702482224e-03
4.612173885107040405e-03
4.558973945677280426e-03
4.588434007018804550e-03
4.740967880934476852e-03
4.622325301170349121e-03
4.845959134399890900e-03
4.672549199312925339e-03
4.718566313385963440e-03
4.717607982456684113e-03
4.753322806209325790e-03
4.772836342453956604e-03
4.843670874834060669e-03
5.061751231551170349e-03
4.724896047264337540e-03
4.893985111266374588e-03
4.560247994959354401e-03
4.827753175050020218e-03
4.580875858664512634e-03
4.637578036636114120e-03
4.497640766203403473e-03
4.690555855631828308e-03
4.345398861914873123e-03
4.945519845932722092e-03
4.966437816619873047e-03
4.868173971772193909e-03
4.678060300648212433e-03
4.940690938383340836e-03
5.007817409932613373e-03
4.961158148944377899e-03
4.835580475628376007e-03
4.729654174298048019e-03
5.052928347140550613e-03
5.255691707134246826e-03
4.956011660397052765e-03
4.519042558968067169e-03
5.229433998465538025e-03
4.913204815238714218e-03
4.655743483453989029e-03
4.747265949845314026e-03
4.717533010989427567e-03
5.076217930763959885e-03
5.014378577470779419e-03
4.937004763633012772e-03
4.679744131863117218e-03
4.741066135466098785e-03
4.966627340763807297e-03
4.982790909707546234e-03
4.827312659472227097e-03
5.133256316184997559e-03
5.049864761531352997e-03
4.959364421665668488e-03
4.736983682960271835e-03
4.914748948067426682e-03
4.978183191269636154e-03
4.683476407080888748e-03
4.800071939826011658e-03
4.947399254888296127e-03
4.757546354085206985e-03
4.884168040007352829e-03
4.764339886605739594e-03
4.856157116591930389e-03
5.004497710615396500e-03
4.794071894139051437e-03
4.942527972161769867e-03
4.651680588722229004e-03
4.957357421517372131e-03
4.566828720271587372e-03
4.548497498035430908e-03
4.806632641702890396e-03
4.702691454440355301e-03
4.631459247320890427e-03
4.836569074541330338e-03
4.770935978740453720e-03
4.734654445201158524e-03
4.820041358470916748e-03
4.806945566087961197e-03
4.801945295184850693e-03
5.415850784629583359e-03
5.137200932949781418e-03
4.811604041606187820e-03
4.889901261776685715e-03
4.851191770285367966e-03
4.757089074701070786e-03
4.737922921776771545e-03
4.837456159293651581e-03
5.090598016977310181e-03
5.121042951941490173e-03
4.614624660462141037e-03
4.925297107547521591e-03
4.525423981249332428e-03
4.692994523793458939e-03
4.987483378499746323e-03
4.908866714686155319e-03
4.785980097949504852e-03
4.853819031268358231e-03
4.820013418793678284e-03
4.636708647012710571e-03
4.977887496352195740e-03
4.701771773397922516e-03
4.986633080989122391e-03
4.697232041507959366e-03
4.616409540176391602e-03
4.767154809087514877e-03
4.806463606655597687e-03
5.096531473100185394e-03
4.945678170770406723e-03
4.635864868760108948e-03
4.706309642642736435e-03
4.790570586919784546e-03
4.729556851089000702e-03
4.748271778225898743e-03
4.699825309216976166e-03
5.059342831373214722e-03
4.960419144481420517e-03
4.965283442288637161e-03
4.775327164679765701e-03
4.815642256289720535e-03
5.115282256156206131e-03
4.768779035657644272e-03
4.877072758972644806e-03
4.794486798346042633e-03
4.923698958009481430e-03
4.946915898472070694e-03
4.886921960860490799e-03
4.798717331141233444e-03
4.940985236316919327e-03
4.652903880923986435e-03
4.841643385589122772e-03
4.693592898547649384e-03
4.372234921902418137e-03
4.990628454834222794e-03
4.857255145907402039e-03
4.778368864208459854e-03
4.823882132768630981e-03
5.169031210243701935e-03
5.114105995744466782e-03
5.313152447342872620e-03
4.965639207512140274e-03
4.643392283469438553e-03
4.651697818189859390e-03
4.664190113544464111e-03
5.036907736212015152e-03
5.036013200879096985e-03
5.009481683373451233e-03
4.655967466533184052e-03
4.850659985095262527e-03
4.865074064582586288e-03
4.724124912172555923e-03
4.860263317823410034e-03
4.806476645171642303e-03
4.800610709935426712e-03
4.700873978435993195e-03
4.710657987743616104e-03
4.757078830152750015e-03
4.623063374310731888e-03
4.841273650527000427e-03
4.744457080960273743e-03
4.493511747568845749e-03
4.790432285517454147e-03
4.889304284006357193e-03
4.776186309754848480e-03
4.663852043449878693e-03
4.707798361778259277e-03
4.687717650085687637e-03
5.062066484242677689e-03
4.833573941141366959e-03
4.688601940870285034e-03
4.574763122946023941e-03
4.624587018042802811e-03
4.625216126441955566e-03
4.853921942412853241e-03
4.573361016809940338e-03
4.528506658971309662e-03
4.827883560210466385e-03
4.749787971377372742e-03
4.735784139484167099e-03
4.694651346653699875e-03
4.653843119740486145e-03
4.580896813422441483e-03
4.606513306498527527e-03
4.464580677449703217e-03
4.653720650821924210e-03
4.563922993838787079e-03
4.570767749100923538e-03
4.740500822663307190e-03
4.614930134266614914e-03
4.592378158122301102e-03
4.485165234655141830e-03
4.619626794010400772e-03
4.812727216631174088e-03
4.737071227282285690e-03
4.562933929264545441e-03
4.733883310109376907e-03
5.069993901997804642e-03
4.871878772974014282e-03
4.634108860045671463e-03
4.493555985391139984e-03
4.790677223354578018e-03
4.721417557448148727e-03
4.885062109678983688e-03
4.733383189886808395e-03
4.618401173502206802e-03
4.699110053479671478e-03
4.532650578767061234e-03
5.022049881517887115e-03
4.797677043825387955e-03
4.648827947676181793e-03
4.720179364085197449e-03
4.537447821348905563e-03
4.563195630908012390e-03
4.570231772959232330e-03
4.441514145582914352e-03
4.740351345390081406e-03
4.790802486240863800e-03
4.844083450734615326e-03
4.466272424906492233e-03
4.597818944603204727e-03
4.847131203860044479e-03
5.046404432505369186e-03
4.843993578106164932e-03
4.558655899018049240e-03
4.746580496430397034e-03
4.500261042267084122e-03
4.661067388951778412e-03
4.684896674007177353e-03
4.679603502154350281e-03
4.859027452766895294e-03
4.848062060773372650e-03
4.613157827407121658e-03
4.847053438425064087e-03
4.806837998330593109e-03
4.654237534850835800e-03
4.897764418274164200e-03
4.926254041492938995e-03
4.764513112604618073e-03
4.435152281075716019e-03
4.630203824490308762e-03
4.750945139676332474e-03
4.552360158413648605e-03
5.105826538056135178e-03
4.843102302402257919e-03
4.866507835686206818e-03
4.838268738240003586e-03
4.896549973636865616e-03
4.870985634624958038e-03
4.820648115128278732e-03
4.593960940837860107e-03
4.804811906069517136e-03
4.924217239022254944e-03
4.824642091989517212e-03
4.650504328310489655e-03
4.699373152107000351e-03
4.743490368127822876e-03
4.605480935424566269e-03
4.473052453249692917e-03
4.731738474220037460e-03
4.592882003635168076e-03
4.603086970746517181e-03
4.876206628978252411e-03
4.971087444573640823e-03
4.780682269483804703e-03
4.530892241746187210e-03
4.643083084374666214e-03
4.520433023571968079e-03
4.894987680017948151e-03
4.947433248162269592e-03
4.970656707882881165e-03
4.725486505776643753e-03
4.823517054319381714e-03
4.771496169269084930e-03
5.016206298023462296e-03
5.009265150874853134e-03
4.667424596846103668e-03
4.648850299417972565e-03
4.879075102508068085e-03
5.066242069005966187e-03
4.825776442885398865e-03
4.575244151055812836e-03
4.912660922855138779e-03
4.710971843451261520e-03
4.809867590665817261e-03
4.629456438124179840e-03
4.695602227002382278e-03
4.747097380459308624e-03
4.906199872493743896e-03
4.786435514688491821e-03
4.676394164562225342e-03
4.799549933522939682e-03
4.686247091740369797e-03
4.564221482723951340e-03
4.562699701637029648e-03
5.073186475783586502e-03
4.825888667255640030e-03
4.730185493826866150e-03
4.926627501845359802e-03
5.013964604586362839e-03
4.657017532736063004e-03
4.735370166599750519e-03
5.023553501814603806e-03
5.106957629323005676e-03
4.822978284209966660e-03
4.950208123773336411e-03
4.971146583557128906e-03
5.026594270020723343e-03
4.880067892372608185e-03
4.758565686643123627e-03
4.659977275878190994e-03
5.073584150522947311e-03
4.725735634565353394e-03
4.693016875535249710e-03
4.649783484637737274e-03
4.935725126415491104e-03
4.657336045056581497e-03
4.519967827945947647e-03
4.571965429931879044e-03
4.663854371756315231e-03
4.939565435051918030e-03
4.528501071035861969e-03
4.727744497358798981e-03
4.751643165946006775e-03
4.433696623891592026e-03
4.843673203140497208e-03
4.679386503994464874e-03
4.626676905900239944e-03
4.485758952796459198e-03
4.564051516354084015e-03
4.480974748730659485e-03
5.086380057036876678e-03
4.827589262276887894e-03
4.658958408981561661e-03
4.373627249151468277e-03
4.711529240012168884e-03
5.042890552431344986e-03
4.799623508006334305e-03
5.182887427508831024e-03
4.767566453665494919e-03
4.687374923378229141e-03
4.629678558558225632e-03
4.761542193591594696e-03
4.825491458177566528e-03
4.848373588174581528e-03
4.577699583023786545e-03
4.883427172899246216e-03
5.177278071641921997e-03
4.965009633451700211e-03
4.761833231896162033e-03
4.737853072583675385e-03
4.772938322275876999e-03
4.697256255894899368e-03
4.773641470819711685e-03
4.779477603733539581e-03
5.063126794993877411e-03
4.709162749350070953e-03
4.736123140901327133e-03
5.276468116790056229e-03
5.040425807237625122e-03
5.320292431861162186e-03
5.150572396814823151e-03
4.824776668101549149e-03
5.078998394310474396e-03
4.654767457395792007e-03
4.593508318066596985e-03
4.738524556159973145e-03
4.770995583385229111e-03
4.631841555237770081e-03
5.041876807808876038e-03
5.059117451310157776e-03
4.996118601411581039e-03
4.845678806304931641e-03
4.694990813732147217e-03
4.558838438242673874e-03
4.896915983408689499e-03
4.855370149016380310e-03
5.163952242583036423e-03
4.799122456461191177e-03
4.844433628022670746e-03
4.763697274029254913e-03
4.651282448321580887e-03
4.655350465327501297e-03
4.804276861250400543e-03
4.417971242219209671e-03
4.570119082927703857e-03
4.561140667647123337e-03
4.849041346460580826e-03
4.564866423606872559e-03
4.794438835233449936e-03
4.464849829673767090e-03
4.725325386971235275e-03
4.604784771800041199e-03
4.360001534223556519e-03
4.602391738444566727e-03
4.585850983858108521e-03
4.603927489370107651e-03
4.692867398262023926e-03
4.618372302502393723e-03
4.784892778843641281e-03
4.949879832565784454e-03
4.790644627064466476e-03
4.443464335054159164e-03
4.539001733064651489e-03
4.861885216087102890e-03
5.007443018257617950e-03
4.664818756282329559e-03
4.908775910735130310e-03
4.724151454865932465e-03
4.681579768657684326e-03
4.704270046204328537e-03
4.785979632288217545e-03
4.786789882928133011e-03
4.773825872689485550e-03
4.604373127222061157e-03
4.994122311472892761e-03
4.733775276690721512e-03
4.936496727168560028e-03
4.821719601750373840e-03
5.013546906411647797e-03
4.974541254341602325e-03
4.780773539096117020e-03
4.403084050863981247e-03
4.693274851888418198e-03
5.019486416131258011e-03
4.850368481129407883e-03
5.010022781789302826e-03
4.770390689373016357e-03
5.234900861978530884e-03
4.842742346227169037e-03
4.580201115459203720e-03
5.044064950197935104e-03
4.814847838133573532e-03
4.719737917184829712e-03
4.747488535940647125e-03
4.621420055627822876e-03
4.791711457073688507e-03
4.913116339594125748e-03
4.918769467622041702e-03
4.932095296680927277e-03
4.819696769118309021e-03
4.900122992694377899e-03
4.731587599962949753e-03
4.888291005045175552e-03
4.739172291010618210e-03
4.745733924210071564e-03
5.100759211927652359e-03
4.697937984019517899e-03
4.894236102700233459e-03
4.813009873032569885e-03
5.171901546418666840e-03
4.897511098533868790e-03
4.670212976634502411e-03
4.953263793140649796e-03
4.708385095000267029e-03
4.488118924200534821e-03
4.664654843509197235e-03
4.539644811302423477e-03
