2.514317333698272705e-01
1.725347638130187988e-01
1.230185106396675110e-01
1.102374643087387085e-01
1.018466055393218994e-01
9.538707137107849121e-02
9.020126610994338989e-02
8.608616143465042114e-02
8.190857619047164917e-02
7.889273017644882202e-02
7.656165212392807007e-02
7.440496981143951416e-02
7.270259410142898560e-02
7.096165418624877930e-02
6.999157369136810303e-02
6.876712292432785034e-02
6.768802553415298462e-02
6.656409054994583130e-02
6.610797345638275146e-02
6.466654688119888306e-02
6.474529951810836792e-02
6.368505954742431641e-02
6.307794898748397827e-02
6.277112662792205811e-02
6.179253756999969482e-02
6.228935346007347107e-02
6.084686890244483948e-02
6.089798361063003540e-02
6.033436581492424011e-02
5.998104438185691833e-02
5.934571847319602966e-02
5.910123139619827271e-02
5.968976393342018127e-02
5.823728814721107483e-02
5.827802419662475586e-02
5.793817713856697083e-02
5.802240595221519470e-02
5.762576684355735779e-02
5.712481588125228882e-02
5.732048675417900085e-02
5.714873597025871277e-02
5.688684433698654175e-02
5.682067200541496277e-02
5.651281774044036865e-02
5.598036572337150574e-02
5.594604089856147766e-02
5.607176199555397034e-02
5.588907003402709961e-02
5.578488111495971680e-02
5.524965748190879822e-02
5.516582354903221130e-02
5.478232726454734802e-02
5.470206215977668762e-02
5.479936301708221436e-02
5.445182323455810547e-02
5.427361652255058289e-02
5.421438440680503845e-02
5.386411398649215698e-02
5.423780158162117004e-02
5.363989248871803284e-02
5.423279851675033569e-02
5.406863987445831299e-02
5.345797911286354065e-02
5.327238515019416809e-02
5.351082980632781982e-02
5.282497778534889221e-02
5.319057032465934753e-02
5.294370651245117188e-02
5.287702009081840515e-02
5.297356843948364258e-02
5.265289172530174255e-02
5.244793370366096497e-02
5.260769277811050415e-02
5.245496705174446106e-02
5.258797109127044678e-02
5.220234021544456482e-02
5.264892056584358215e-02
5.232364311814308167e-02
5.223082005977630615e-02
5.168935284018516541e-02
5.208537355065345764e-02
5.185073241591453552e-02
5.150429904460906982e-02
5.196940526366233826e-02
5.197182297706604004e-02
5.146753415465354919e-02
5.188352987170219421e-02
5.142223462462425232e-02
5.096452683210372925e-02
5.157310143113136292e-02
5.158867314457893372e-02
5.093240737915039062e-02
5.157572031021118164e-02
5.176259949803352356e-02
5.116349831223487854e-02
5.008349567651748657e-02
5.096240714192390442e-02
5.130977928638458252e-02
5.082698166370391846e-02
5.052082985639572144e-02
5.060521885752677917e-02
5.083656683564186096e-02
5.084078013896942139e-02
5.112287774682044983e-02
5.038558319211006165e-02
5.103395506739616394e-02
5.080479010939598083e-02
5.014777183532714844e-02
5.007823556661605835e-02
4.991820827126502991e-02
5.000685527920722961e-02
4.975207895040512085e-02
5.041168257594108582e-02
5.071219056844711304e-02
4.971600323915481567e-02
5.013162642717361450e-02
4.952523857355117798e-02
4.995109140872955322e-02
5.092180892825126648e-02
4.982768371701240540e-02
4.966992139816284180e-02
4.966118186712265015e-02
4.921412095427513123e-02
4.984139651060104370e-02
4.984087124466896057e-02
4.973205551505088806e-02
4.966011643409729004e-02
5.030510574579238892e-02
4.924757406115531921e-02
4.929098114371299744e-02
4.938831180334091187e-02
5.000410974025726318e-02
4.905385896563529968e-02
4.940255358815193176e-02
5.010098218917846680e-02
4.904280975461006165e-02
4.897784814238548279e-02
4.951351881027221680e-02
4.892509058117866516e-02
4.879295825958251953e-02
4.866494238376617432e-02
4.901538416743278503e-02
4.948040843009948730e-02
4.916944354772567749e-02
4.841715097427368164e-02
4.794720560312271118e-02
4.912871122360229492e-02
4.841364175081253052e-02
4.864478483796119690e-02
4.840615391731262207e-02
4.830376058816909790e-02
4.848046973347663879e-02
4.811039194464683533e-02
4.901521280407905579e-02
4.845212772488594055e-02
4.883662238717079163e-02
4.894821718335151672e-02
4.853200912475585938e-02
4.824695736169815063e-02
4.786160960793495178e-02
4.812187701463699341e-02
4.790256917476654053e-02
4.766342788934707642e-02
4.857540875673294067e-02
4.808167368173599243e-02
4.943304881453514099e-02
4.839431867003440857e-02
4.780706763267517090e-02
4.826710000634193420e-02
4.856837540864944458e-02
4.826224595308303833e-02
4.783024638891220093e-02
4.776228964328765869e-02
4.781550541520118713e-02
4.781824350357055664e-02
4.845045879483222961e-02
4.784358292818069458e-02
4.790559783577919006e-02
4.789546877145767212e-02
4.773571714758872986e-02
4.826392605900764465e-02
4.748884588479995728e-02
4.775228723883628845e-02
4.728428274393081665e-02
4.789506644010543823e-02
4.832543805241584778e-02
4.777302592992782593e-02
4.754236713051795959e-02
4.704524576663970947e-02
4.727150127291679382e-02
4.826732352375984192e-02
4.721920192241668701e-02
4.762143269181251526e-02
4.724595695734024048e-02
4.664113745093345642e-02
4.786451160907745361e-02
4.736887291073799133e-02
4.669306427240371704e-02
4.779708757996559143e-02
4.719955474138259888e-02
4.785669595003128052e-02
4.737439379096031189e-02
4.735203459858894348e-02
4.734685271978378296e-02
4.713908210396766663e-02
4.732426628470420837e-02
4.708470031619071960e-02
4.709104821085929871e-02
4.749143496155738831e-02
4.670587554574012756e-02
4.689478501677513123e-02
4.757661372423171997e-02
4.707719758152961731e-02
4.707924276590347290e-02
4.700060561299324036e-02
4.669963195919990540e-02
4.734831303358078003e-02
4.668597877025604248e-02
4.687662795186042786e-02
4.703902080655097961e-02
4.716917872428894043e-02
4.724849388003349304e-02
4.701943323016166687e-02
4.693565890192985535e-02
4.675871878862380981e-02
4.698053374886512756e-02
4.650116339325904846e-02
4.615252837538719177e-02
4.696595668792724609e-02
4.697136953473091125e-02
4.651484638452529907e-02
4.682195931673049927e-02
4.639762267470359802e-02
4.744691029191017151e-02
4.721940681338310242e-02
4.622776433825492859e-02
4.607006162405014038e-02
4.645492881536483765e-02
4.649158194661140442e-02
4.682254418730735779e-02
4.723327606916427612e-02
4.657139256596565247e-02
4.642511904239654541e-02
4.656150192022323608e-02
4.639356583356857300e-02
4.668373242020606995e-02
4.664529487490653992e-02
4.615467414259910583e-02
4.602826386690139771e-02
4.595476388931274414e-02
4.706570506095886230e-02
4.650963470339775085e-02
4.582712426781654358e-02
4.588292911648750305e-02
4.643688350915908813e-02
4.655504226684570312e-02
4.631131887435913086e-02
4.687708988785743713e-02
4.638116061687469482e-02
4.650925844907760620e-02
4.631120711565017700e-02
4.607814177870750427e-02
4.592270031571388245e-02
4.601262509822845459e-02
4.639990255236625671e-02
4.577721282839775085e-02
4.660255089402198792e-02
4.617978259921073914e-02
4.617008566856384277e-02
4.594353586435317993e-02
4.587177559733390808e-02
4.594236612319946289e-02
4.609341919422149658e-02
4.632419720292091370e-02
4.588467255234718323e-02
4.591285809874534607e-02
4.613034054636955261e-02
4.603660106658935547e-02
4.582206904888153076e-02
4.586680233478546143e-02
4.619908705353736877e-02
4.582853615283966064e-02
4.587230458855628967e-02
4.579910635948181152e-02
4.569339007139205933e-02
4.790740087628364563e-02
4.621823504567146301e-02
4.648389667272567749e-02
4.559627920389175415e-02
4.559014365077018738e-02
4.562983289361000061e-02
4.572410508990287781e-02
4.619568958878517151e-02
4.567188397049903870e-02
4.575991258025169373e-02
4.559469968080520630e-02
4.578054696321487427e-02
4.552393034100532532e-02
4.545024037361145020e-02
4.571953788399696350e-02
4.565360024571418762e-02
4.572727531194686890e-02
4.571918398141860962e-02
4.557460546493530273e-02
4.501643776893615723e-02
4.551007971167564392e-02
4.563316702842712402e-02
4.575527831912040710e-02
4.588045179843902588e-02
4.557392001152038574e-02
4.613305628299713135e-02
4.577362537384033203e-02
4.481596872210502625e-02
4.556275531649589539e-02
4.548453912138938904e-02
4.545455053448677063e-02
4.590274021029472351e-02
4.502851888537406921e-02
4.582814127206802368e-02
4.531444981694221497e-02
4.500395804643630981e-02
4.536429792642593384e-02
4.521364346146583557e-02
4.491276666522026062e-02
4.577343165874481201e-02
4.525756463408470154e-02
4.519239440560340881e-02
4.522258043289184570e-02
4.497385025024414062e-02
4.496565088629722595e-02
4.510287940502166748e-02
4.556491971015930176e-02
4.511266201734542847e-02
4.515727609395980835e-02
4.529117420315742493e-02
4.571427777409553528e-02
4.502953961491584778e-02
4.527052864432334900e-02
4.501319304108619690e-02
4.486059024930000305e-02
4.517137631773948669e-02
4.602078348398208618e-02
4.510699585080146790e-02
4.467289149761199951e-02
4.501115530729293823e-02
4.516118019819259644e-02
4.526736587285995483e-02
4.473489895462989807e-02
4.482110589742660522e-02
4.476218670606613159e-02
4.470112174749374390e-02
4.457129538059234619e-02
4.495812952518463135e-02
4.492108151316642761e-02
4.527855291962623596e-02
4.462510719895362854e-02
4.478340223431587219e-02
4.505042359232902527e-02
4.509291425347328186e-02
4.518964141607284546e-02
4.473191872239112854e-02
4.447263106703758240e-02
4.473685845732688904e-02
4.448494315147399902e-02
4.475563392043113708e-02
4.499509558081626892e-02
4.511579871177673340e-02
4.466975852847099304e-02
4.429554194211959839e-02
4.495263844728469849e-02
4.474052786827087402e-02
4.423202946782112122e-02
4.443407058715820312e-02
4.422729834914207458e-02
4.454928264021873474e-02
4.464870318770408630e-02
4.484527185559272766e-02
4.537472873926162720e-02
4.466173425316810608e-02
4.516579583287239075e-02
4.423631355166435242e-02
4.463528841733932495e-02
4.504162445664405823e-02
4.452678561210632324e-02
4.475275054574012756e-02
4.523124545812606812e-02
4.478827491402626038e-02
4.440144822001457214e-02
4.392471164464950562e-02
4.515076801180839539e-02
4.492776468396186829e-02
4.432154446840286255e-02
4.440350830554962158e-02
4.404801502823829651e-02
4.420652613043785095e-02
4.491868242621421814e-02
4.494804888963699341e-02
4.486432299017906189e-02
4.475428164005279541e-02
4.437588900327682495e-02
4.459333419799804688e-02
4.419023543596267700e-02
4.410086199641227722e-02
4.427362233400344849e-02
4.515868797898292542e-02
4.437467455863952637e-02
4.394631460309028625e-02
4.440748691558837891e-02
4.460280388593673706e-02
4.383992403745651245e-02
4.404048621654510498e-02
4.424230381846427917e-02
4.429547488689422607e-02
4.388334229588508606e-02
4.428505897521972656e-02
4.393367469310760498e-02
4.434883594512939453e-02
4.428726062178611755e-02
4.405760020017623901e-02
4.417306557297706604e-02
4.450332745909690857e-02
4.440837725996971130e-02
4.382102936506271362e-02
4.433554038405418396e-02
4.387549310922622681e-02
4.455656558275222778e-02
4.423056542873382568e-02
4.430159181356430054e-02
4.378006607294082642e-02
4.404323920607566833e-02
4.419824108481407166e-02
4.385388642549514771e-02
4.446560144424438477e-02
4.432909563183784485e-02
4.368804022669792175e-02
4.399792850017547607e-02
4.386705160140991211e-02
4.387729242444038391e-02
4.403686895966529846e-02
4.397254064679145813e-02
4.430434107780456543e-02
4.405491054058074951e-02
4.413256794214248657e-02
4.358837008476257324e-02
4.416719451546669006e-02
4.400999844074249268e-02
4.412558674812316895e-02
4.407092928886413574e-02
4.412565007805824280e-02
4.399230331182479858e-02
4.377773031592369080e-02
4.440073296427726746e-02
4.386157914996147156e-02
4.397585615515708923e-02
4.376720637083053589e-02
4.385796934366226196e-02
4.439259320497512817e-02
4.344372078776359558e-02
4.350246861577033997e-02
4.384041950106620789e-02
4.385926201939582825e-02
4.406506195664405823e-02
4.414398595690727234e-02
4.370225593447685242e-02
4.443746060132980347e-02
4.452009126543998718e-02
4.369520395994186401e-02
4.361499100923538208e-02
4.393820837140083313e-02
4.362507164478302002e-02
4.428200423717498779e-02
4.364829137921333313e-02
4.316338524222373962e-02
4.381138086318969727e-02
4.418490454554557800e-02
4.405794665217399597e-02
4.404091835021972656e-02
4.343787208199501038e-02
4.506024718284606934e-02
4.321261122822761536e-02
4.402401670813560486e-02
4.306148737668991089e-02
4.388339072465896606e-02
4.363608732819557190e-02
4.393245279788970947e-02
4.349173977971076965e-02
4.352337494492530823e-02
4.302160814404487610e-02
4.342130571603775024e-02
4.374935477972030640e-02
4.371276497840881348e-02
4.383487999439239502e-02
4.333932325243949890e-02
4.384380578994750977e-02
4.391168802976608276e-02
4.396246373653411865e-02
4.335745796561241150e-02
4.325780645012855530e-02
4.338793084025382996e-02
4.311000928282737732e-02
4.363651573657989502e-02
4.422022029757499695e-02
4.357898980379104614e-02
4.327330365777015686e-02
4.374407604336738586e-02
4.435995593667030334e-02
4.353671893477439880e-02
4.381096363067626953e-02
4.362612962722778320e-02
4.379985481500625610e-02
4.338747635483741760e-02
4.342724755406379700e-02
4.381253570318222046e-02
4.362366721034049988e-02
4.331630840897560120e-02
4.336245730519294739e-02
4.363958910107612610e-02
4.340227320790290833e-02
4.369320347905158997e-02
4.397479072213172913e-02
4.357056319713592529e-02
4.378209263086318970e-02
4.427508637309074402e-02
4.327396303415298462e-02
4.378843307495117188e-02
4.341017827391624451e-02
4.343724995851516724e-02
4.338354617357254028e-02
4.348483681678771973e-02
4.316899180412292480e-02
4.331190139055252075e-02
4.422314092516899109e-02
4.301035031676292419e-02
4.318333044648170471e-02
4.317042604088783264e-02
4.338518902659416199e-02
4.341948032379150391e-02
4.295537993311882019e-02
4.313520342111587524e-02
4.329800978302955627e-02
4.288347437977790833e-02
4.338374733924865723e-02
4.350884631276130676e-02
4.361590743064880371e-02
4.325343295931816101e-02
4.403174296021461487e-02
4.353914782404899597e-02
4.290548712015151978e-02
4.258808121085166931e-02
4.315691068768501282e-02
4.338694736361503601e-02
4.298484697937965393e-02
4.324655234813690186e-02
4.322681203484535217e-02
4.306817799806594849e-02
4.300139471888542175e-02
4.324446991086006165e-02
4.337358102202415466e-02
4.331001639366149902e-02
4.333165660500526428e-02
4.277178272604942322e-02
4.348897933959960938e-02
4.277203232049942017e-02
4.335601627826690674e-02
4.358267039060592651e-02
4.284789413213729858e-02
4.314611852169036865e-02
4.400376230478286743e-02
4.351443052291870117e-02
4.296408221125602722e-02
4.318014159798622131e-02
4.359731450676918030e-02
4.367614910006523132e-02
4.359449073672294617e-02
4.390221089124679565e-02
4.294501617550849915e-02
4.281010478734970093e-02
4.274894297122955322e-02
4.317783936858177185e-02
4.461082071065902710e-02
4.285030439496040344e-02
4.296185448765754700e-02
4.301230236887931824e-02
4.294826090335845947e-02
4.252232238650321960e-02
4.291321337223052979e-02
4.303415864706039429e-02
4.249602183699607849e-02
4.311626777052879333e-02
4.307815432548522949e-02
4.312122240662574768e-02
4.283205792307853699e-02
4.264013841748237610e-02
4.261981695890426636e-02
4.293593019247055054e-02
4.334785044193267822e-02
4.280673712491989136e-02
4.336621239781379700e-02
4.300559312105178833e-02
4.289928078651428223e-02
4.360456764698028564e-02
4.317916184663772583e-02
4.241611436009407043e-02
4.267188906669616699e-02
4.294993728399276733e-02
4.358991980552673340e-02
4.277563467621803284e-02
4.293292760848999023e-02
4.249123483896255493e-02
4.328695684671401978e-02
4.298196360468864441e-02
4.263165965676307678e-02
4.250784218311309814e-02
4.307267814874649048e-02
4.306829348206520081e-02
4.274144396185874939e-02
4.255873709917068481e-02
4.289415478706359863e-02
4.341142252087593079e-02
4.262136667966842651e-02
4.285777732729911804e-02
4.307591915130615234e-02
4.246956110000610352e-02
4.249880090355873108e-02
4.244672507047653198e-02
4.278983548283576965e-02
4.265918582677841187e-02
4.307596758008003235e-02
4.287948459386825562e-02
4.304900020360946655e-02
4.332325235009193420e-02
4.261703416705131531e-02
4.294068738818168640e-02
4.274461790919303894e-02
4.237385466694831848e-02
4.270323738455772400e-02
4.263308271765708923e-02
4.313335195183753967e-02
4.266716167330741882e-02
4.291179031133651733e-02
4.306647181510925293e-02
4.289706051349639893e-02
4.268620163202285767e-02
4.282266274094581604e-02
4.313639178872108459e-02
4.247507452964782715e-02
4.212184995412826538e-02
4.241131618618965149e-02
4.246573522686958313e-02
4.246101528406143188e-02
4.238723590970039368e-02
4.274358600378036499e-02
4.292922466993331909e-02
4.324622079730033875e-02
4.282593354582786560e-02
4.276213049888610840e-02
4.239824414253234863e-02
4.256098344922065735e-02
4.262454062700271606e-02
4.253130033612251282e-02
4.277553781867027283e-02
4.235941171646118164e-02
4.258511587977409363e-02
4.290369525551795959e-02
4.286698251962661743e-02
4.200392216444015503e-02
4.284960404038429260e-02
4.201371595263481140e-02
4.244791343808174133e-02
4.247148707509040833e-02
4.214927554130554199e-02
4.226608946919441223e-02
4.234025999903678894e-02
4.251475632190704346e-02
4.260657355189323425e-02
4.209183529019355774e-02
4.274610802531242371e-02
4.278951138257980347e-02
4.248011857271194458e-02
4.265013709664344788e-02
4.198363423347473145e-02
4.273433610796928406e-02
4.259198904037475586e-02
4.233758524060249329e-02
4.222450405359268188e-02
4.213738068938255310e-02
4.281906038522720337e-02
4.251806810498237610e-02
4.236754775047302246e-02
4.226455837488174438e-02
4.292099550366401672e-02
4.222160205245018005e-02
4.184226691722869873e-02
4.219406470656394958e-02
4.253703728318214417e-02
4.272991791367530823e-02
4.284386709332466125e-02
4.225786775350570679e-02
4.168367385864257812e-02
4.207076877355575562e-02
4.213496297597885132e-02
4.289539158344268799e-02
4.260001331567764282e-02
4.248419031500816345e-02
4.179864004254341125e-02
4.271638020873069763e-02
4.244917631149291992e-02
4.258540272712707520e-02
4.236197844147682190e-02
4.213160276412963867e-02
4.210698977112770081e-02
4.219599440693855286e-02
4.189335927367210388e-02
4.203140363097190857e-02
4.217565059661865234e-02
4.281376302242279053e-02
4.223351925611495972e-02
4.245451837778091431e-02
4.200490936636924744e-02
4.199007526040077209e-02
4.259428381919860840e-02
4.227493330836296082e-02
4.210126772522926331e-02
4.271398857235908508e-02
4.228077083826065063e-02
4.211246222257614136e-02
4.262036457657814026e-02
4.228639975190162659e-02
4.241971299052238464e-02
4.208526015281677246e-02
4.250479489564895630e-02
4.221022129058837891e-02
4.193641245365142822e-02
4.209795221686363220e-02
4.251247271895408630e-02
4.223082587122917175e-02
4.208521917462348938e-02
4.197569191455841064e-02
4.174812510609626770e-02
4.225194081664085388e-02
4.209443554282188416e-02
4.241716861724853516e-02
4.246347397565841675e-02
4.242030158638954163e-02
4.165950044989585876e-02
4.188929125666618347e-02
4.185070469975471497e-02
4.251970723271369934e-02
4.239016398787498474e-02
4.285484924912452698e-02
4.269917309284210205e-02
4.235260188579559326e-02
4.208644479513168335e-02
4.221287369728088379e-02
4.243290051817893982e-02
4.190067946910858154e-02
4.199090227484703064e-02
4.258218035101890564e-02
4.206080734729766846e-02
4.283034801483154297e-02
4.167190939188003540e-02
4.205966740846633911e-02
4.188457131385803223e-02
4.260333627462387085e-02
4.213105142116546631e-02
4.212934523820877075e-02
4.197105020284652710e-02
4.199576377868652344e-02
4.216855019330978394e-02
4.276073351502418518e-02
4.217165336012840271e-02
4.202396422624588013e-02
4.227969795465469360e-02
4.180851206183433533e-02
4.174502938985824585e-02
4.209987074136734009e-02
4.259933158755302429e-02
4.224633798003196716e-02
4.198954254388809204e-02
4.201331362128257751e-02
4.247909411787986755e-02
4.230684787034988403e-02
4.197111725807189941e-02
4.229970648884773254e-02
4.240205883979797363e-02
4.221471771597862244e-02
4.219600930809974670e-02
4.229462519288063049e-02
4.192880913615226746e-02
4.233334586024284363e-02
4.236242175102233887e-02
4.183943942189216614e-02
4.176513478159904480e-02
4.173730686306953430e-02
4.283190891146659851e-02
4.223893582820892334e-02
4.240569844841957092e-02
4.169197008013725281e-02
4.163658991456031799e-02
4.216197878122329712e-02
4.184488579630851746e-02
4.151891916990280151e-02
4.150041192770004272e-02
4.202295839786529541e-02
4.194363206624984741e-02
4.202257469296455383e-02
4.195060580968856812e-02
4.230507835745811462e-02
4.242320358753204346e-02
4.163897037506103516e-02
4.176906868815422058e-02
4.174972698092460632e-02
4.173839464783668518e-02
4.170585423707962036e-02
4.174701869487762451e-02
4.164867475628852844e-02
4.148867726325988770e-02
4.183603078126907349e-02
4.222180321812629700e-02
4.190434888005256653e-02
4.231552034616470337e-02
4.219664633274078369e-02
4.196270182728767395e-02
4.193009063601493835e-02
4.188609495759010315e-02
4.172202944755554199e-02
4.175985231995582581e-02
4.185935854911804199e-02
4.181995987892150879e-02
4.142020642757415771e-02
4.178798943758010864e-02
4.164040833711624146e-02
4.154849424958229065e-02
4.181516543030738831e-02
4.149916023015975952e-02
4.188536852598190308e-02
4.147937893867492676e-02
4.157513380050659180e-02
4.130587354302406311e-02
4.153456911444664001e-02
4.144698008894920349e-02
4.135152325034141541e-02
4.173574224114418030e-02
4.199356958270072937e-02
4.204528406262397766e-02
4.149032011628150940e-02
4.183112084865570068e-02
4.258155450224876404e-02
4.161283001303672791e-02
4.198252037167549133e-02
4.175663366913795471e-02
4.182787612080574036e-02
4.132857173681259155e-02
4.230119660496711731e-02
4.154245927929878235e-02
4.159119725227355957e-02
4.180762916803359985e-02
4.134542867541313171e-02
4.169340431690216064e-02
4.243166744709014893e-02
4.160466417670249939e-02
4.206335544586181641e-02
4.218218475580215454e-02
4.116554930806159973e-02
4.188990965485572815e-02
4.201671481132507324e-02
4.171057417988777161e-02
4.165918380022048950e-02
4.127602279186248779e-02
4.152514785528182983e-02
4.194405302405357361e-02
4.221548885107040405e-02
4.221766814589500427e-02
4.118343815207481384e-02
4.168314114212989807e-02
4.145127162337303162e-02
4.172120243310928345e-02
4.181317612528800964e-02
4.260919243097305298e-02
4.169253632426261902e-02
4.214269667863845825e-02
4.125925526022911072e-02
4.127931222319602966e-02
4.229296371340751648e-02
4.137847572565078735e-02
4.158971831202507019e-02
4.208024218678474426e-02
4.198801144957542419e-02
4.207500070333480835e-02
4.168790578842163086e-02
4.130232706665992737e-02
4.158092662692070007e-02
4.192930087447166443e-02
4.197419807314872742e-02
4.217848181724548340e-02
4.154396802186965942e-02
4.149448499083518982e-02
4.086597636342048645e-02
4.169581457972526550e-02
4.191609844565391541e-02
4.161283001303672791e-02
4.148812964558601379e-02
4.102890565991401672e-02
4.135712236166000366e-02
4.161772131919860840e-02
4.224557057023048401e-02
4.181098565459251404e-02
4.138736799359321594e-02
4.134216532111167908e-02
4.131114110350608826e-02
4.158990085124969482e-02
4.091912135481834412e-02
4.097514599561691284e-02
4.115004837512969971e-02
4.146981611847877502e-02
4.136968404054641724e-02
4.228173941373825073e-02
4.217522591352462769e-02
4.205392673611640930e-02
4.215934500098228455e-02
4.144426807761192322e-02
4.095602780580520630e-02
4.108317196369171143e-02
4.198108986020088196e-02
4.134354367852210999e-02
4.178782552480697632e-02
4.135759174823760986e-02
4.137611761689186096e-02
4.229320958256721497e-02
4.159981012344360352e-02
4.187586903572082520e-02
4.112670570611953735e-02
4.174941405653953552e-02
4.126991704106330872e-02
4.164214804768562317e-02
4.116381704807281494e-02
4.109733179211616516e-02
4.125903174281120300e-02
4.169110208749771118e-02
4.127191752195358276e-02
4.186749830842018127e-02
4.129289835691452026e-02
4.118638858199119568e-02
4.121977090835571289e-02
4.166543483734130859e-02
4.119854047894477844e-02
4.125945642590522766e-02
4.168716818094253540e-02
4.112542793154716492e-02
4.097423329949378967e-02
4.154157638549804688e-02
4.192638769745826721e-02
4.161659628152847290e-02
4.161734506487846375e-02
4.096676781773567200e-02
4.137022048234939575e-02
4.182605072855949402e-02
4.189689084887504578e-02
4.139067605137825012e-02
4.136973991990089417e-02
4.151858761906623840e-02
4.182515665888786316e-02
4.137794300913810730e-02
4.244686663150787354e-02
4.160481691360473633e-02
4.110153764486312866e-02
4.155067726969718933e-02
4.160301759839057922e-02
4.219192266464233398e-02
4.168613255023956299e-02
4.178848117589950562e-02
4.116550832986831665e-02
4.124186560511589050e-02
4.117324575781822205e-02
4.137829318642616272e-02
4.167834669351577759e-02
4.157724604010581970e-02
4.073677211999893188e-02
4.153848066926002502e-02
4.121629148721694946e-02
4.140169918537139893e-02
4.115071147680282593e-02
4.151400178670883179e-02
4.139063134789466858e-02
4.139357432723045349e-02
4.144123941659927368e-02
4.147471114993095398e-02
4.180150106549263000e-02
4.102893546223640442e-02
4.120963439345359802e-02
4.099013656377792358e-02
4.146089404821395874e-02
4.196545481681823730e-02
4.123630374670028687e-02
4.121137410402297974e-02
4.136701300740242004e-02
4.117040336132049561e-02
4.168606176972389221e-02
4.196355864405632019e-02
4.103722423315048218e-02
4.145817086100578308e-02
4.155051708221435547e-02
4.089761152863502502e-02
4.097604751586914062e-02
4.132828488945960999e-02
4.112387448549270630e-02
4.133346304297447205e-02
4.128555953502655029e-02
4.169907793402671814e-02
4.131365194916725159e-02
4.134020581841468811e-02
4.167120903730392456e-02
4.159811139106750488e-02
4.121378436684608459e-02
4.145616665482521057e-02
4.099581018090248108e-02
4.112531617283821106e-02
4.149055853486061096e-02
4.178252071142196655e-02
4.120216518640518188e-02
4.084326326847076416e-02
4.219784215092658997e-02
4.196297749876976013e-02
4.103090614080429077e-02
4.114811122417449951e-02
4.146072268486022949e-02
4.155272617936134338e-02
4.096809029579162598e-02
4.137867316603660583e-02
4.107139632105827332e-02
4.159699380397796631e-02
4.128575697541236877e-02
4.090796783566474915e-02
4.105349630117416382e-02
4.130903631448745728e-02
4.145141318440437317e-02
4.081054031848907471e-02
4.132540151476860046e-02
4.168178513646125793e-02
4.079175740480422974e-02
4.139444604516029358e-02
4.083074629306793213e-02
4.102449119091033936e-02
4.187545552849769592e-02
4.123147577047348022e-02
4.131884127855300903e-02
4.124695062637329102e-02
4.102503135800361633e-02
4.107885062694549561e-02
4.134619608521461487e-02
4.114786535501480103e-02
4.092871025204658508e-02
4.109112173318862915e-02
4.133042320609092712e-02
4.139080643653869629e-02
4.156261682510375977e-02
4.136090353131294250e-02
4.129591211676597595e-02
4.108651354908943176e-02
4.147491231560707092e-02
4.179035872220993042e-02
4.125400632619857788e-02
4.103478789329528809e-02
4.133604839444160461e-02
4.081925377249717712e-02
4.091719537973403931e-02
4.174804687500000000e-02
4.109400510787963867e-02
4.194599390029907227e-02
4.183358326554298401e-02
4.112162813544273376e-02
4.116943851113319397e-02
4.065994545817375183e-02
4.208537936210632324e-02
4.186268523335456848e-02
4.091854020953178406e-02
4.108681902289390564e-02
4.081955179572105408e-02
4.171108826994895935e-02
4.162165150046348572e-02
4.158717393875122070e-02
4.083615541458129883e-02
4.178383573889732361e-02
4.126422852277755737e-02
4.075506329536437988e-02
4.064897820353507996e-02
4.085662961006164551e-02
4.073356837034225464e-02
4.074228182435035706e-02
4.109654575586318970e-02
4.127753525972366333e-02
4.195885732769966125e-02
4.179962724447250366e-02
4.167611524462699890e-02
4.067237675189971924e-02
4.134907945990562439e-02
4.139328375458717346e-02
4.079512134194374084e-02
4.150512814521789551e-02
4.143357276916503906e-02
4.083832725882530212e-02
4.133768379688262939e-02
4.099875316023826599e-02
4.135332629084587097e-02
4.095325618982315063e-02
4.129103943705558777e-02
4.157420992851257324e-02
4.146156460046768188e-02
4.136333987116813660e-02
4.139495640993118286e-02
4.064422473311424255e-02
4.082628339529037476e-02
4.052558168768882751e-02
4.086039587855339050e-02
4.128265753388404846e-02
4.099872335791587830e-02
4.076892510056495667e-02
4.120736569166183472e-02
4.065703600645065308e-02
4.114584624767303467e-02
4.167962819337844849e-02
4.128795117139816284e-02
4.085084423422813416e-02
4.130969569087028503e-02
4.093426838517189026e-02
4.111792147159576416e-02
4.073514416813850403e-02
4.053128883242607117e-02
4.164876043796539307e-02
4.084489867091178894e-02
4.078575596213340759e-02
4.140949621796607971e-02
4.112798720598220825e-02
4.211499169468879700e-02
4.135818034410476685e-02
4.113408178091049194e-02
4.024854674935340881e-02
4.140250757336616516e-02
4.071976616978645325e-02
4.073857143521308899e-02
4.083358868956565857e-02
4.144595935940742493e-02
4.069952294230461121e-02
4.090589284896850586e-02
4.104978218674659729e-02
4.089470952749252319e-02
4.049103334546089172e-02
4.060929268598556519e-02
4.146663844585418701e-02
4.182817041873931885e-02
4.098645597696304321e-02
4.207170382142066956e-02
4.052831977605819702e-02
4.127742722630500793e-02
4.108702763915061951e-02
4.056664556264877319e-02
4.044345766305923462e-02
4.057532176375389099e-02
4.138324782252311707e-02
4.078074917197227478e-02
4.145065322518348694e-02
4.111221060156822205e-02
4.064683243632316589e-02
4.109602048993110657e-02
4.106527566909790039e-02
4.083737358450889587e-02
4.103758558630943298e-02
4.136224091053009033e-02
4.070862382650375366e-02
4.076927527785301208e-02
4.136205837130546570e-02
4.101942852139472961e-02
4.076213017106056213e-02
4.104069992899894714e-02
4.058837890625000000e-02
4.057743027806282043e-02
4.098419845104217529e-02
4.100126028060913086e-02
4.148541390895843506e-02
4.088349267840385437e-02
4.056218266487121582e-02
4.087869077920913696e-02
4.061881825327873230e-02
4.095244035124778748e-02
4.063148424029350281e-02
4.114754125475883484e-02
4.094213619828224182e-02
4.083611071109771729e-02
4.071154072880744934e-02
4.101250693202018738e-02
4.118146747350692749e-02
4.128551483154296875e-02
4.067270830273628235e-02
4.107050970196723938e-02
4.160690680146217346e-02
4.051160439848899841e-02
4.066753387451171875e-02
4.090360179543495178e-02
4.085072129964828491e-02
4.044044390320777893e-02
4.025508835911750793e-02
4.081074893474578857e-02
4.084545001387596130e-02
4.113155230879783630e-02
4.041441902518272400e-02
4.116109013557434082e-02
4.152512550354003906e-02
4.040071740746498108e-02
4.061562567949295044e-02
4.102192819118499756e-02
4.092097282409667969e-02
4.139767587184906006e-02
4.101715236902236938e-02
4.238699749112129211e-02
4.052182659506797791e-02
4.050404578447341919e-02
4.098205640912055969e-02
4.106627032160758972e-02
4.081033915281295776e-02
4.062417149543762207e-02
4.051327332854270935e-02
4.124213382601737976e-02
4.127554967999458313e-02
4.140080139040946960e-02
4.042317345738410950e-02
4.040152579545974731e-02
4.047202318906784058e-02
4.146056622266769409e-02
4.095304757356643677e-02
4.086343199014663696e-02
4.104216396808624268e-02
4.034218192100524902e-02
4.076454043388366699e-02
4.103071987628936768e-02
4.031309857964515686e-02
4.093052074313163757e-02
4.089434444904327393e-02
4.095473140478134155e-02
4.081730917096138000e-02
4.078028723597526550e-02
4.050951823592185974e-02
4.131056368350982666e-02
4.045896604657173157e-02
4.119779169559478760e-02
4.053232073783874512e-02
4.056790098547935486e-02
4.102241620421409607e-02
4.055277258157730103e-02
4.153620824217796326e-02
4.096074774861335754e-02
4.074625670909881592e-02
4.062286019325256348e-02
4.073455929756164551e-02
4.038541018962860107e-02
4.066565260291099548e-02
4.072825238108634949e-02
4.089029878377914429e-02
4.057180508971214294e-02
4.053650796413421631e-02
4.037491232156753540e-02
4.097090288996696472e-02
4.039536416530609131e-02
4.063744843006134033e-02
4.089303314685821533e-02
4.074863716959953308e-02
4.092251509428024292e-02
4.011175408959388733e-02
4.080389812588691711e-02
4.087555781006813049e-02
4.076599702239036560e-02
4.044247418642044067e-02
4.101771116256713867e-02
4.049314558506011963e-02
4.015798866748809814e-02
4.095650836825370789e-02
4.059324041008949280e-02
4.062626510858535767e-02
4.040131717920303345e-02
4.080239683389663696e-02
4.065632447600364685e-02
4.063766077160835266e-02
4.048272594809532166e-02
4.078719764947891235e-02
4.045857489109039307e-02
4.054459556937217712e-02
4.090633988380432129e-02
4.069549217820167542e-02
4.071806371212005615e-02
4.023757949471473694e-02
4.062961414456367493e-02
4.108054190874099731e-02
4.029352217912673950e-02
4.070646315813064575e-02
4.091762378811836243e-02
4.044007882475852966e-02
4.018959403038024902e-02
4.040756449103355408e-02
4.124335572123527527e-02
4.029569774866104126e-02
4.044077917933464050e-02
4.022514447569847107e-02
4.111535474658012390e-02
4.040474072098731995e-02
3.980566933751106262e-02
4.035567119717597961e-02
4.040149971842765808e-02
4.152255877852439880e-02
4.094432294368743896e-02
4.049492254853248596e-02
4.022539407014846802e-02
4.098757356405258179e-02
4.101553186774253845e-02
4.102229326963424683e-02
4.032403975725173950e-02
4.121842607855796814e-02
4.059341177344322205e-02
4.096120595932006836e-02
4.054043814539909363e-02
4.118862748146057129e-02
4.022793471813201904e-02
4.074620455503463745e-02
4.042723029851913452e-02
4.104685038328170776e-02
4.106178507208824158e-02
4.063161835074424744e-02
4.045111313462257385e-02
4.078929126262664795e-02
4.023481160402297974e-02
4.091630131006240845e-02
4.040527343750000000e-02
4.000276327133178711e-02
4.063957557082176208e-02
4.041173681616783142e-02
4.076739028096199036e-02
4.030582681298255920e-02
4.059445112943649292e-02
4.028884693980216980e-02
4.096255078911781311e-02
4.036507382988929749e-02
4.015839472413063049e-02
4.068994149565696716e-02
4.032367467880249023e-02
4.059823229908943176e-02
4.067194834351539612e-02
3.999039158225059509e-02
4.036313295364379883e-02
4.050575196743011475e-02
4.012425616383552551e-02
4.026516899466514587e-02
4.014647379517555237e-02
4.055832326412200928e-02
4.102265089750289917e-02
4.036949574947357178e-02
4.049552232027053833e-02
4.038940370082855225e-02
4.041676223278045654e-02
4.075508192181587219e-02
4.070729017257690430e-02
4.009357094764709473e-02
4.036681726574897766e-02
4.145808890461921692e-02
4.049418494105339050e-02
4.009718447923660278e-02
4.007680341601371765e-02
4.013453796505928040e-02
4.016975313425064087e-02
4.010672122240066528e-02
4.015512764453887939e-02
4.038548469543457031e-02
4.035806655883789062e-02
4.056622833013534546e-02
4.063288494944572449e-02
4.078877344727516174e-02
4.116056859493255615e-02
4.076818749308586121e-02
3.984308615326881409e-02
4.036220908164978027e-02
3.985766693949699402e-02
4.037427157163619995e-02
4.041715711355209351e-02
4.042901843786239624e-02
4.060035571455955505e-02
4.008062556385993958e-02
4.022565111517906189e-02
4.080384597182273865e-02
4.040264710783958435e-02
4.017252847552299500e-02
4.050684720277786255e-02
4.000419378280639648e-02
4.049227759242057800e-02
4.147784784436225891e-02
4.045633599162101746e-02
4.019374400377273560e-02
4.029439762234687805e-02
4.017589613795280457e-02
4.006420820951461792e-02
4.139921814203262329e-02
3.998952358961105347e-02
4.097942262887954712e-02
3.993290290236473083e-02
4.021693766117095947e-02
4.038861766457557678e-02
4.003249481320381165e-02
4.036659747362136841e-02
4.027982428669929504e-02
4.130896925926208496e-02
4.048655554652214050e-02
4.030049592256546021e-02
4.078481346368789673e-02
4.139182344079017639e-02
4.005568847060203552e-02
4.032981023192405701e-02
4.074727743864059448e-02
4.033489152789115906e-02
4.163500294089317322e-02
4.027693346142768860e-02
4.018412157893180847e-02
4.028760641813278198e-02
4.030455276370048523e-02
4.037494212388992310e-02
4.029105976223945618e-02
3.990912809967994690e-02
3.993778303265571594e-02
4.016456380486488342e-02
4.038710519671440125e-02
4.070483893156051636e-02
4.053191468119621277e-02
4.036649689078330994e-02
4.050165787339210510e-02
4.051559045910835266e-02
4.037365317344665527e-02
4.022290185093879700e-02
3.984105214476585388e-02
4.090850055217742920e-02
4.019701108336448669e-02
4.039691761136054993e-02
4.060286656022071838e-02
4.009265452623367310e-02
4.035897925496101379e-02
4.058379679918289185e-02
4.018836840987205505e-02
3.989851474761962891e-02
4.020891338586807251e-02
4.023851454257965088e-02
4.025900736451148987e-02
4.030809924006462097e-02
4.034568741917610168e-02
4.023709148168563843e-02
4.028983414173126221e-02
4.041771590709686279e-02
4.092798754572868347e-02
4.023461788892745972e-02
3.987161070108413696e-02
4.022032767534255981e-02
4.011294990777969360e-02
4.064984992146492004e-02
4.030840843915939331e-02
4.051044583320617676e-02
3.965437412261962891e-02
4.012184217572212219e-02
4.076527804136276245e-02
4.042803123593330383e-02
3.965158760547637939e-02
3.983687981963157654e-02
4.025304317474365234e-02
4.027383774518966675e-02
4.039340838789939880e-02
4.054923355579376221e-02
4.002746939659118652e-02
4.015300422906875610e-02
4.073034599423408508e-02
4.028685390949249268e-02
4.041173681616783142e-02
3.972833603620529175e-02
4.028562083840370178e-02
4.090061411261558533e-02
4.049052298069000244e-02
4.015341401100158691e-02
4.023323208093643188e-02
4.006607085466384888e-02
4.050075262784957886e-02
4.012040048837661743e-02
3.985963389277458191e-02
4.042641818523406982e-02
3.993235155940055847e-02
4.031985625624656677e-02
3.985436260700225830e-02
4.040070623159408569e-02
4.006129875779151917e-02
3.995941206812858582e-02
4.046759381890296936e-02
4.054581373929977417e-02
4.074788838624954224e-02
3.997054323554039001e-02
4.005603864789009094e-02
4.016572982072830200e-02
4.019621387124061584e-02
4.019340500235557556e-02
4.081041738390922546e-02
4.026846960186958313e-02
3.987208381295204163e-02
3.986662253737449646e-02
4.008681327104568481e-02
3.967032209038734436e-02
3.985895961523056030e-02
4.021598398685455322e-02
3.948241099715232849e-02
3.986533731222152710e-02
3.997822478413581848e-02
4.018195718526840210e-02
4.006997495889663696e-02
4.034807160496711731e-02
4.016726091504096985e-02
4.011882841587066650e-02
3.981501981616020203e-02
3.982230275869369507e-02
4.041241109371185303e-02
4.009884595870971680e-02
4.018174111843109131e-02
4.021696373820304871e-02
4.018862172961235046e-02
4.044130817055702209e-02
4.028855264186859131e-02
4.141608253121376038e-02
4.033238813281059265e-02
3.987884894013404846e-02
4.046446830034255981e-02
3.991722315549850464e-02
3.999548032879829407e-02
4.026063159108161926e-02
4.009744524955749512e-02
4.061464220285415649e-02
4.035025462508201599e-02
4.020766913890838623e-02
4.005754366517066956e-02
4.090315476059913635e-02
4.014872387051582336e-02
4.032113030552864075e-02
3.948774188756942749e-02
3.947794437408447266e-02
4.017816856503486633e-02
4.008894413709640503e-02
4.026364907622337341e-02
4.028147086501121521e-02
4.008433967828750610e-02
4.026036709547042847e-02
3.997115045785903931e-02
3.971162810921669006e-02
4.065301641821861267e-02
3.990365937352180481e-02
3.983770683407783508e-02
4.032120853662490845e-02
3.974762931466102600e-02
3.993106633424758911e-02
3.985236585140228271e-02
3.953627124428749084e-02
4.039246216416358948e-02
4.066805541515350342e-02
4.035048559308052063e-02
4.008701071143150330e-02
3.985483944416046143e-02
3.959819674491882324e-02
4.008684679865837097e-02
3.996409103274345398e-02
3.994883596897125244e-02
4.043779522180557251e-02
4.047018289566040039e-02
4.007949680089950562e-02
4.005357250571250916e-02
4.041620716452598572e-02
3.980277478694915771e-02
3.989532589912414551e-02
4.013772308826446533e-02
4.050411656498908997e-02
3.984432294964790344e-02
4.019798710942268372e-02
3.983305767178535461e-02
4.041021317243576050e-02
3.978500142693519592e-02
4.082792997360229492e-02
3.993359208106994629e-02
3.973319381475448608e-02
4.010421037673950195e-02
3.962919488549232483e-02
3.982545435428619385e-02
4.027982056140899658e-02
4.059797152876853943e-02
3.969620168209075928e-02
3.979972004890441895e-02
3.972263261675834656e-02
4.080759361386299133e-02
4.075891152024269104e-02
4.019312933087348938e-02
3.996491804718971252e-02
4.014201089739799500e-02
3.947682306170463562e-02
3.969166800379753113e-02
4.011890664696693420e-02
3.994289040565490723e-02
3.956169262528419495e-02
3.983603790402412415e-02
4.004529491066932678e-02
4.016489535570144653e-02
4.054723307490348816e-02
3.988188132643699646e-02
4.003307595849037170e-02
4.046135395765304565e-02
4.003611952066421509e-02
4.015038534998893738e-02
4.020496830344200134e-02
3.989405557513237000e-02
4.023910313844680786e-02
4.043180122971534729e-02
3.970892727375030518e-02
4.090534523129463196e-02
3.976922482252120972e-02
3.990306332707405090e-02
3.985898196697235107e-02
4.025854542851448059e-02
3.977957740426063538e-02
4.009101167321205139e-02
3.991643339395523071e-02
4.025487229228019714e-02
4.049243405461311340e-02
3.996776416897773743e-02
3.996014222502708435e-02
4.005578160285949707e-02
4.008875042200088501e-02
4.020912572741508484e-02
3.966821357607841492e-02
4.021411016583442688e-02
3.997768089175224304e-02
4.021985828876495361e-02
4.020267724990844727e-02
4.001504927873611450e-02
3.974765166640281677e-02
3.983877971768379211e-02
3.994558379054069519e-02
4.071057960391044617e-02
3.953405097126960754e-02
3.960696980357170105e-02
4.012449458241462708e-02
3.992014750838279724e-02
4.016745835542678833e-02
3.986336290836334229e-02
3.989813849329948425e-02
3.961466252803802490e-02
4.033988341689109802e-02
4.047585651278495789e-02
4.009301587939262390e-02
3.949721530079841614e-02
3.996109962463378906e-02
3.933586552739143372e-02
4.009055718779563904e-02
4.034096747636795044e-02
3.994394466280937195e-02
4.020650312304496765e-02
4.001442342996597290e-02
3.983812034130096436e-02
3.975300863385200500e-02
4.019559174776077271e-02
3.952542692422866821e-02
3.952885046601295471e-02
3.992385789752006531e-02
4.024799168109893799e-02
3.984990343451499939e-02
3.941216692328453064e-02
3.977284952998161316e-02
3.971543535590171814e-02
3.953327238559722900e-02
4.025217518210411072e-02
4.007584601640701294e-02
3.996373340487480164e-02
3.976443409919738770e-02
4.035936668515205383e-02
3.981378301978111267e-02
4.060922190546989441e-02
3.948756679892539978e-02
3.980386257171630859e-02
3.971491381525993347e-02
3.991351276636123657e-02
4.036965593695640564e-02
3.959302604198455811e-02
3.962095454335212708e-02
4.000080004334449768e-02
3.978371992707252502e-02
3.982269018888473511e-02
3.991449624300003052e-02
3.997885063290596008e-02
3.973218426108360291e-02
3.997144848108291626e-02
3.958959504961967468e-02
3.995406255125999451e-02
3.966507688164710999e-02
3.977276757359504700e-02
3.948356583714485168e-02
3.949233144521713257e-02
3.956412896513938904e-02
3.960074484348297119e-02
3.985735401511192322e-02
4.002631828188896179e-02
3.954087942838668823e-02
3.975808247923851013e-02
4.050137847661972046e-02
3.979182988405227661e-02
4.027667641639709473e-02
4.037829115986824036e-02
3.987769037485122681e-02
4.012182727456092834e-02
3.982661664485931396e-02
4.045935347676277161e-02
3.946789726614952087e-02
3.959946706891059875e-02
3.973091766238212585e-02
3.980681300163269043e-02
4.066337645053863525e-02
3.984604775905609131e-02
3.985364362597465515e-02
4.023103788495063782e-02
3.976673260331153870e-02
3.959399089217185974e-02
3.999147936701774597e-02
4.070136696100234985e-02
3.965404629707336426e-02
3.985772654414176941e-02
3.977059572935104370e-02
3.962698951363563538e-02
3.990055248141288757e-02
3.993638604879379272e-02
4.004170373082160950e-02
3.955766186118125916e-02
3.966560959815979004e-02
4.016155749559402466e-02
3.960199654102325439e-02
3.966769576072692871e-02
3.958988934755325317e-02
3.981657326221466064e-02
3.988648951053619385e-02
3.952694311738014221e-02
4.018516466021537781e-02
3.963063657283782959e-02
3.944002464413642883e-02
4.001905769109725952e-02
3.992470726370811462e-02
3.950408846139907837e-02
3.974589332938194275e-02
3.994064033031463623e-02
3.976807743310928345e-02
4.077642038464546204e-02
3.952015191316604614e-02
3.968366980552673340e-02
3.958947211503982544e-02
3.972692042589187622e-02
3.953905031085014343e-02
3.948741406202316284e-02
3.999464213848114014e-02
3.937660530209541321e-02
3.980636596679687500e-02
4.060352221131324768e-02
4.035792872309684753e-02
3.967388346791267395e-02
3.962034732103347778e-02
4.004174470901489258e-02
3.930798172950744629e-02
3.924629837274551392e-02
3.941575065255165100e-02
3.966382145881652832e-02
3.973571211099624634e-02
3.924910724163055420e-02
3.947618976235389709e-02
4.014127701520919800e-02
3.933146595954895020e-02
4.037654772400856018e-02
4.039081931114196777e-02
4.116679728031158447e-02
4.018017277121543884e-02
4.006168246269226074e-02
4.018205776810646057e-02
3.966908156871795654e-02
3.972617164254188538e-02
4.019144549965858459e-02
3.930007293820381165e-02
3.949563950300216675e-02
4.002254828810691833e-02
4.046120122075080872e-02
3.972994536161422729e-02
3.981539234519004822e-02
3.983946889638900757e-02
3.956274688243865967e-02
3.950949758291244507e-02
3.954993188381195068e-02
3.967729955911636353e-02
3.944643214344978333e-02
3.967423364520072937e-02
4.035751521587371826e-02
3.936296701431274414e-02
4.008875414729118347e-02
3.937252983450889587e-02
3.975065797567367554e-02
4.009225219488143921e-02
3.952600434422492981e-02
3.959698602557182312e-02
4.028811305761337280e-02
3.991519287228584290e-02
3.961822018027305603e-02
4.021774977445602417e-02
3.942380100488662720e-02
3.996187448501586914e-02
3.933544456958770752e-02
3.925135731697082520e-02
4.027682170271873474e-02
4.002508893609046936e-02
3.977642953395843506e-02
3.932016342878341675e-02
3.954227268695831299e-02
3.927724435925483704e-02
4.000091552734375000e-02
3.908549249172210693e-02
4.022137820720672607e-02
3.966056555509567261e-02
3.910277411341667175e-02
3.982497751712799072e-02
3.966969624161720276e-02
3.935505077242851257e-02
3.945268690586090088e-02
3.912749886512756348e-02
3.933630511164665222e-02
3.926488384604454041e-02
3.941568732261657715e-02
3.917604684829711914e-02
3.945394232869148254e-02
3.975788131356239319e-02
3.987037762999534607e-02
3.955208510160446167e-02
3.992011398077011108e-02
3.955172747373580933e-02
3.928920254111289978e-02
3.980738669633865356e-02
4.011653736233711243e-02
3.946642950177192688e-02
3.912956640124320984e-02
3.957589343190193176e-02
3.953928127884864807e-02
3.925144672393798828e-02
3.995154425501823425e-02
3.961705788969993591e-02
3.921173512935638428e-02
3.956738859415054321e-02
3.926276043057441711e-02
3.944599255919456482e-02
4.012991487979888916e-02
3.918017819523811340e-02
3.961299732327461243e-02
3.931291401386260986e-02
3.972461819648742676e-02
3.924590721726417542e-02
3.947879001498222351e-02
3.944101184606552124e-02
3.946335986256599426e-02
3.921891376376152039e-02
3.936318680644035339e-02
3.928915411233901978e-02
3.922604769468307495e-02
3.905653953552246094e-02
3.934581950306892395e-02
3.968702629208564758e-02
3.993906825780868530e-02
3.930944204330444336e-02
3.969116136431694031e-02
3.943767398595809937e-02
3.955067321658134460e-02
3.997177258133888245e-02
3.933202475309371948e-02
3.929999843239784241e-02
3.944287821650505066e-02
3.921575844287872314e-02
3.969500586390495300e-02
3.941188007593154907e-02
3.934147208929061890e-02
3.970375284552574158e-02
3.974974155426025391e-02
3.941749408841133118e-02
4.009959474205970764e-02
4.046337306499481201e-02
3.931093215942382812e-02
3.935882821679115295e-02
3.948498144745826721e-02
3.925774991512298584e-02
3.946549072861671448e-02
3.939743340015411377e-02
3.926592692732810974e-02
3.967637196183204651e-02
4.023281857371330261e-02
3.990184143185615540e-02
3.967163339257240295e-02
3.968446701765060425e-02
3.956312686204910278e-02
3.949091956019401550e-02
3.936425596475601196e-02
3.923482075333595276e-02
3.921256214380264282e-02
3.972192481160163879e-02
4.011449590325355530e-02
3.963476046919822693e-02
4.014652594923973083e-02
3.932907059788703918e-02
3.895592316985130310e-02
3.960982337594032288e-02
3.917828202247619629e-02
3.954051062464714050e-02
3.947335481643676758e-02
3.885718435049057007e-02
3.932609409093856812e-02
3.966785967350006104e-02
3.956965729594230652e-02
3.992010653018951416e-02
3.955854848027229309e-02
3.918145596981048584e-02
3.933692350983619690e-02
3.920286893844604492e-02
3.932010009884834290e-02
3.947620466351509094e-02
3.996326029300689697e-02
3.992626070976257324e-02
3.962791711091995239e-02
3.922149911522865295e-02
3.928546607494354248e-02
3.952563181519508362e-02
3.975573554635047913e-02
3.987280279397964478e-02
3.944735229015350342e-02
3.951276466250419617e-02
3.923216834664344788e-02
3.985093533992767334e-02
3.952959924936294556e-02
3.982925787568092346e-02
3.903718665242195129e-02
4.006532207131385803e-02
3.906008973717689514e-02
3.946059569716453552e-02
3.950447589159011841e-02
3.914121165871620178e-02
3.915539383888244629e-02
3.948882594704627991e-02
3.897138312458992004e-02
3.979140147566795349e-02
3.996483236551284790e-02
3.979572281241416931e-02
3.943374380469322205e-02
3.883546590805053711e-02
3.935836255550384521e-02
3.957379609346389771e-02
3.933728113770484924e-02
3.904958441853523254e-02
3.920832276344299316e-02
3.965611383318901062e-02
4.058946296572685242e-02
3.920668363571166992e-02
3.926578164100646973e-02
3.906158730387687683e-02
3.970730304718017578e-02
4.001427069306373596e-02
3.909536451101303101e-02
3.978127613663673401e-02
3.930188342928886414e-02
3.929274529218673706e-02
3.950116038322448730e-02
3.917191177606582642e-02
3.974366188049316406e-02
3.912873566150665283e-02
3.964509442448616028e-02
3.964812308549880981e-02
3.906017169356346130e-02
3.968487307429313660e-02
3.961928933858871460e-02
3.958408534526824951e-02
3.931920975446701050e-02
3.930525854229927063e-02
3.933485224843025208e-02
3.950878605246543884e-02
3.949088975787162781e-02
3.932220488786697388e-02
3.951645269989967346e-02
3.944838047027587891e-02
3.948178887367248535e-02
3.962920978665351868e-02
3.993483632802963257e-02
3.919548913836479187e-02
3.963228315114974976e-02
3.906350582838058472e-02
4.012443870306015015e-02
3.942368924617767334e-02
3.900974243879318237e-02
3.887680917978286743e-02
3.922796249389648438e-02
3.891878575086593628e-02
3.938556462526321411e-02
3.904468193650245667e-02
3.948369249701499939e-02
3.972741588950157166e-02
