8.440047502517700195e-02
8.410487323999404907e-02
8.402705192565917969e-02
7.709282636642456055e-02
5.490513518452644348e-02
4.869455099105834961e-02
4.542755708098411560e-02
3.894557431340217590e-02
3.473327308893203735e-02
3.219940140843391418e-02
3.000284917652606964e-02
2.830457314848899841e-02
2.651870250701904297e-02
2.494738250970840454e-02
2.347860671579837799e-02
2.214345335960388184e-02
2.078852802515029907e-02
1.973550207912921906e-02
1.876034401357173920e-02
1.776146329939365387e-02
1.716855727136135101e-02
1.616128534078598022e-02
1.544493716210126877e-02
1.485531590878963470e-02
1.415414642542600632e-02
1.356935780495405197e-02
1.281446311622858047e-02
1.215205341577529907e-02
1.159939169883728027e-02
1.102256402373313904e-02
1.037364825606346130e-02
1.001067180186510086e-02
9.389868006110191345e-03
8.997080847620964050e-03
8.474863134324550629e-03
7.987922988831996918e-03
7.690622936934232712e-03
7.356151007115840912e-03
6.937796715646982193e-03
6.690930109471082687e-03
6.253793835639953613e-03
6.105689797550439835e-03
5.755337886512279510e-03
5.524671636521816254e-03
5.246373359113931656e-03
5.106582771986722946e-03
4.982301034033298492e-03
4.614903591573238373e-03
4.554575774818658829e-03
4.389750305563211441e-03
4.214485641568899155e-03
4.076044540852308273e-03
3.944138064980506897e-03
3.762288950383663177e-03
3.702272195369005203e-03
3.528307657688856125e-03
3.492650110274553299e-03
3.365430748090147972e-03
3.188272239640355110e-03
3.166355658322572708e-03
3.065614029765129089e-03
2.984972903504967690e-03
2.917337464168667793e-03
2.817699220031499863e-03
2.767149591818451881e-03
2.696017269045114517e-03
2.612445270642638206e-03
2.520112786442041397e-03
2.593940822407603264e-03
2.396825700998306274e-03
2.408476080745458603e-03
2.385650761425495148e-03
2.296115038916468620e-03
2.214787527918815613e-03
2.148002851754426956e-03
2.132843481376767159e-03
2.114000264555215836e-03
2.106849336996674538e-03
2.021942753344774246e-03
2.005991293117403984e-03
1.925816643051803112e-03
1.950997160747647285e-03
1.854852889664471149e-03
1.880960306152701378e-03
1.760664628818631172e-03
1.729119801893830299e-03
1.745915273204445839e-03
1.702329958789050579e-03
1.663216273300349712e-03
1.674159662798047066e-03
1.708879484795033932e-03
1.568406587466597557e-03
1.519003184512257576e-03
1.541143632493913174e-03
1.525658881291747093e-03
1.512476592324674129e-03
1.429981086403131485e-03
1.406131777912378311e-03
1.501127262599766254e-03
1.467722235247492790e-03
1.390777411870658398e-03
1.356210559606552124e-03
1.305688172578811646e-03
1.303506316617131233e-03
1.308355829678475857e-03
1.309504848904907703e-03
1.332360086962580681e-03
1.236637355759739876e-03
1.222714432515203953e-03
1.189587055705487728e-03
1.268367050215601921e-03
1.293988432735204697e-03
1.217614975757896900e-03
1.112658763304352760e-03
1.126512885093688965e-03
1.119994209147989750e-03
1.111181685701012611e-03
1.095371670089662075e-03
1.175968209281563759e-03
1.049234764650464058e-03
1.080715446732938290e-03
1.086986041627824306e-03
1.063399831764400005e-03
1.048654085025191307e-03
1.003306824713945389e-03
1.016215188428759575e-03
1.032328698784112930e-03
1.022783806547522545e-03
9.752798941917717457e-04
9.784438880160450935e-04
9.458279819227755070e-04
1.026495709083974361e-03
9.602801292203366756e-04
9.427196346223354340e-04
9.224350214935839176e-04
9.964839555323123932e-04
8.843623800203204155e-04
8.643748587928712368e-04
8.573436643928289413e-04
9.566654334776103497e-04
8.352214354090392590e-04
8.563012233935296535e-04
8.711637929081916809e-04
9.036199189722537994e-04
8.323633810505270958e-04
8.296681917272508144e-04
8.451794274151325226e-04
8.242228650487959385e-04
8.259750320576131344e-04
8.467286243103444576e-04
7.794122793711721897e-04
8.216591668315231800e-04
8.017675136215984821e-04
7.809796370565891266e-04
7.882837671786546707e-04
7.902461802586913109e-04
7.641657721251249313e-04
7.205629954114556313e-04
7.537865894846618176e-04
8.132106740958988667e-04
7.322063320316374302e-04
7.326989434659481049e-04
7.457804167643189430e-04
7.329061627388000488e-04
7.123283576220273972e-04
7.827777299098670483e-04
8.042780682444572449e-04
6.931353127583861351e-04
6.658158381469547749e-04
6.925005000084638596e-04
6.863021990284323692e-04
7.489126292057335377e-04
6.784024881199002266e-04
7.110536098480224609e-04
6.550758844241499901e-04
6.666116532869637012e-04
6.686553824692964554e-04
6.598803447559475899e-04
6.887722993269562721e-04
6.666335393674671650e-04
6.280108937062323093e-04
7.094646571204066277e-04
6.658003549091517925e-04
6.121193291619420052e-04
6.333601195365190506e-04
6.160797784104943275e-04
6.190302083268761635e-04
6.268026190809905529e-04
6.899607251398265362e-04
6.273933104239404202e-04
6.038323044776916504e-04
5.902716075070202351e-04
5.944592412561178207e-04
5.947445752099156380e-04
6.340046529658138752e-04
6.044919718988239765e-04
6.273964536376297474e-04
5.991306970827281475e-04
5.748594994656741619e-04
5.775020108558237553e-04
7.615404902026057243e-04
5.814441246911883354e-04
5.248029483482241631e-04
5.389951984398066998e-04
5.614535184577107430e-04
5.808618734590709209e-04
5.607391940429806709e-04
5.563554586842656136e-04
5.615464760921895504e-04
5.455351783894002438e-04
5.467801820486783981e-04
5.537218530662357807e-04
5.853691836819052696e-04
5.358448252081871033e-04
5.267279339022934437e-04
5.757889593951404095e-04
5.426901625469326973e-04
5.964565207250416279e-04
5.084337899461388588e-04
5.087081808596849442e-04
5.345014506019651890e-04
5.121936555951833725e-04
4.909940762445330620e-04
5.336544709280133247e-04
5.302785430103540421e-04
5.002239486202597618e-04
6.009867065586149693e-04
4.784150514751672745e-04
4.786125791724771261e-04
6.703739054501056671e-04
5.059132818132638931e-04
4.417118616402149200e-04
4.588950541801750660e-04
4.748550127260386944e-04
4.998120130039751530e-04
5.999515997245907784e-04
4.781447642017155886e-04
4.388104716781526804e-04
4.816517175640910864e-04
4.997366922907531261e-04
4.708421765826642513e-04
6.158743053674697876e-04
4.635760269593447447e-04
4.223181749694049358e-04
4.377148288767784834e-04
4.640426777768880129e-04
4.661625134758651257e-04
4.792438412550836802e-04
4.585262213367968798e-04
4.551361780613660812e-04
4.753986140713095665e-04
4.387516237329691648e-04
4.495857865549623966e-04
5.057196831330657005e-04
4.350706294644623995e-04
4.750128719024360180e-04
4.291012010071426630e-04
4.292050143703818321e-04
4.929820424877107143e-04
4.348293005023151636e-04
4.529118887148797512e-04
4.440400225576013327e-04
4.165119607932865620e-04
4.239229892846196890e-04
4.407176456879824400e-04
4.136343486607074738e-04
4.920165520161390305e-04
6.249460275284945965e-04
3.991069388575851917e-04
4.279495042283087969e-04
4.184339486528187990e-04
3.672683669719845057e-04
4.499561910051852465e-04
4.388084926176816225e-04
4.036297032143920660e-04
3.858468553517013788e-04
4.020558553747832775e-04
5.926334997639060020e-04
5.904412828385829926e-04
3.772734780795872211e-04
3.605988458730280399e-04
3.786906308960169554e-04
3.793086507357656956e-04
3.924728662241250277e-04
4.201559349894523621e-04
4.028085968457162380e-04
6.678461213596165180e-04
3.776896337512880564e-04
3.520476166158914566e-04
3.505255735944956541e-04
3.803755389526486397e-04
3.877535928040742874e-04
4.061858344357460737e-04
5.498871905729174614e-04
3.620550560299307108e-04
3.953028935939073563e-04
3.612433210946619511e-04
3.843696904368698597e-04
3.823022416327148676e-04
3.999225737061351538e-04
4.152987094130367041e-04
3.592155699152499437e-04
3.688785945996642113e-04
3.826345200650393963e-04
3.931637620553374290e-04
4.030060663353651762e-04
3.755014040507376194e-04
3.940433962270617485e-04
3.780399565584957600e-04
3.672326274681836367e-04
3.996553714387118816e-04
3.703643742483109236e-04
3.590784908737987280e-04
3.577497263904660940e-04
3.628752892836928368e-04
3.598988405428826809e-04
3.597300965338945389e-04
3.656045300886034966e-04
3.715034399647265673e-04
3.522452025208622217e-04
3.602987562771886587e-04
3.951323160436004400e-04
3.574935544747859240e-04
3.356014785822480917e-04
3.586231614463031292e-04
3.455027763266116381e-04
3.560149634722620249e-04
3.602079814299941063e-04
3.316460351925343275e-04
3.587504907045513391e-04
3.633616433944553137e-04
3.504961787257343531e-04
3.385235613677650690e-04
3.581025521270930767e-04
3.397682448849081993e-04
3.514622512739151716e-04
3.593479923438280821e-04
4.554116749204695225e-04
3.279424563515931368e-04
3.021450538653880358e-04
3.176502068527042866e-04
3.397965920157730579e-04
3.268688451498746872e-04
3.774012729991227388e-04
3.234246978536248207e-04
3.529741370584815741e-04
3.290227905381470919e-04
3.120983601547777653e-04
3.178264014422893524e-04
3.170076815877109766e-04
3.228338027838617563e-04
3.557959862519055605e-04
3.640363865997642279e-04
3.059946757275611162e-04
3.141271590720862150e-04
3.360898408573120832e-04
3.256200870964676142e-04
3.079652960877865553e-04
3.177213075105100870e-04
3.728426818270236254e-04
3.090756363235414028e-04
2.967875625472515821e-04
3.385924792382866144e-04
3.187695401720702648e-04
3.154218138661235571e-04
3.258044016547501087e-04
3.145070804748684168e-04
3.513261035550385714e-04
2.893694618251174688e-04
3.061086463276296854e-04
2.962687867693603039e-04
3.384017036296427250e-04
3.394763916730880737e-04
2.979788114316761494e-04
2.950391208287328482e-04
2.973473747260868549e-04
2.999726566486060619e-04
3.122514463029801846e-04
3.540121251717209816e-04
3.276896604802459478e-04
2.863646077457815409e-04
2.843498659785836935e-04
2.864057605620473623e-04
2.927891327999532223e-04
3.125667280983179808e-04
2.924398868344724178e-04
3.004977770615369081e-04
3.260710509493947029e-04
3.677450877148658037e-04
2.731108397711068392e-04
2.886945731006562710e-04
2.854444901458919048e-04
2.828331198543310165e-04
2.887995797209441662e-04
3.465100890025496483e-04
4.422735655680298805e-04
2.676851290743798018e-04
2.575313556008040905e-04
2.801528025884181261e-04
2.768309495877474546e-04
2.678815217223018408e-04
3.167698450852185488e-04
2.853480982594192028e-04
2.903540153056383133e-04
2.932621864601969719e-04
2.907974994741380215e-04
3.206444962415844202e-04
2.837165084201842546e-04
3.855765971820801497e-04
2.582817396614700556e-04
2.511444326955825090e-04
3.185018140356987715e-04
3.575981827452778816e-04
2.632424293551594019e-04
2.569175849203020334e-04
5.635159905068576336e-04
2.766597608570009470e-04
4.006153321824967861e-04
2.602350432425737381e-04
2.355315518798306584e-04
2.435956412227824330e-04
3.521456674207001925e-04
3.199665807187557220e-04
2.650336537044495344e-04
2.582130255177617073e-04
2.565913600847125053e-04
2.672025293577462435e-04
2.875993959605693817e-04
2.708093379624187946e-04
2.666237414814531803e-04
2.967880573123693466e-04
2.790553844533860683e-04
2.563392044976353645e-04
2.664167841430753469e-04
2.956447133328765631e-04
2.686435182113200426e-04
2.721247146837413311e-04
4.881729255430400372e-04
2.455050707794725895e-04
2.454922068864107132e-04
2.334608288947492838e-04
2.385893312748521566e-04
3.644625830929726362e-04
2.939451078418642282e-04
2.518798282835632563e-04
2.333884476684033871e-04
3.085913776885718107e-04
2.617190766613930464e-04
2.623087493702769279e-04
2.528885670471936464e-04
2.600387379061430693e-04
2.551443467382341623e-04
2.759534982033073902e-04
2.702972269617021084e-04
2.561817236710339785e-04
3.038666327483952045e-04
5.400341469794511795e-04
2.349446003790944815e-04
2.289687836309894919e-04
2.276450395584106445e-04
2.681888581719249487e-04
2.508112520445138216e-04
2.329927228856831789e-04
2.583864552434533834e-04
3.067718644160777330e-04
2.497237583156675100e-04
2.381891536060720682e-04
2.451171749271452427e-04
2.615061239339411259e-04
2.664854109752923250e-04
3.158774634357541800e-04
2.404009865131229162e-04
2.349417045479640365e-04
2.553060476202517748e-04
4.447234096005558968e-04
2.546841569710522890e-04
2.186811325373128057e-04
2.113117807311937213e-04
2.154859539587050676e-04
2.439561503706499934e-04
2.575961407274007797e-04
3.093850973527878523e-04
2.368605346418917179e-04
2.312230935785919428e-04
2.224287745775654912e-04
4.369587986730039120e-04
5.122207221575081348e-04
2.284030779264867306e-04
2.125538449035957456e-04
2.181021118303760886e-04
2.235547872260212898e-04
2.271202392876148224e-04
2.413483016425743699e-04
2.586755435913801193e-04
4.033884615637362003e-04
5.840510712005198002e-04
2.483192074578255415e-04
2.193753171013668180e-04
2.105021703755483031e-04
2.085059677483513951e-04
2.652026596479117870e-04
2.289738185936585069e-04
2.374898758716881275e-04
2.387311396887525916e-04
2.643839397933334112e-04
2.379740471951663494e-04
2.292141871294006705e-04
2.290033444296568632e-04
3.556703450158238411e-04
2.373042516410350800e-04
2.163762110285460949e-04
2.184313780162483454e-04
2.280703774886205792e-04
2.464215212967246771e-04
2.421116805635392666e-04
2.380378573434427381e-04
4.091912414878606796e-04
2.337861078558489680e-04
2.081060374621301889e-04
2.142561279470100999e-04
2.228936500614508986e-04
2.287486568093299866e-04
2.352245501242578030e-04
2.414561313344165683e-04
2.417743817204609513e-04
2.368715795455500484e-04
2.359795180382207036e-04
2.281269262311980128e-04
2.860908571165055037e-04
2.559062559157609940e-04
2.120728750014677644e-04
2.142325101885944605e-04
2.111586800310760736e-04
2.334647433599457145e-04
2.441150281811133027e-04
2.826066920533776283e-04
2.212184481322765350e-04
2.030123869189992547e-04
2.289896074216812849e-04
2.198839210905134678e-04
2.211624523624777794e-04
2.193526015616953373e-04
2.419154479866847396e-04
2.282911882502958179e-04
2.253245329484343529e-04
2.220680325990542769e-04
2.131052606273442507e-04
2.413469337625429034e-04
2.896504302043467760e-04
2.184876066166907549e-04
1.952528546098619699e-04
2.080582198686897755e-04
2.247250813525170088e-04
2.719148469623178244e-04
1.989836455322802067e-04
1.986998540814965963e-04
2.061124250758439302e-04
2.208933292422443628e-04
2.272184356115758419e-04
2.104837330989539623e-04
2.276738523505628109e-04
2.127457701135426760e-04
2.155142283299937844e-04
2.093345974572002888e-04
2.206263598054647446e-04
2.191852399846538901e-04
2.385851694270968437e-04
2.147313498426228762e-04
1.972035825019702315e-04
4.085339023731648922e-04
2.230559039162471890e-04
1.827891537686809897e-04
1.819478056859225035e-04
1.896898174891248345e-04
1.983454567380249500e-04
1.977397623704746366e-04
2.256294246762990952e-04
2.182456810260191560e-04
4.699941200669854879e-04
2.150214568246155977e-04
1.803572959033772349e-04
1.808001397876068950e-04
1.784828054951503873e-04
1.899795897770673037e-04
1.953542814590036869e-04
2.082691062241792679e-04
2.210623351857066154e-04
2.529225894249975681e-04
2.119998389389365911e-04
2.039610117208212614e-04
4.008553805761039257e-04
1.939496432896703482e-04
1.809314853744581342e-04
1.980320084840059280e-04
1.821931073209270835e-04
2.084405277855694294e-04
2.186251222155988216e-04
2.152589149773120880e-04
1.983566471608355641e-04
2.285005466546863317e-04
2.738561306614428759e-04
1.844432117650285363e-04
2.140778087778016925e-04
3.721746907103806734e-04
2.225372591055929661e-04
1.786716311471536756e-04
1.767850917531177402e-04
1.834498252719640732e-04
1.969594886759296060e-04
1.922638184623792768e-04
1.908115518745034933e-04
2.006673603318631649e-04
2.033599012065678835e-04
1.974085025722160935e-04
2.088869659928604960e-04
2.831858873832970858e-04
2.709852124098688364e-04
1.812618429539725184e-04
3.300026291981339455e-04
1.833258284023031592e-04
1.687260082690045238e-04
1.754099357640370727e-04
1.813068956835195422e-04
1.971340534510090947e-04
1.963928807526826859e-04
2.248565579066053033e-04
3.013790701515972614e-04
1.851730194175615907e-04
1.826662773964926600e-04
1.813140115700662136e-04
1.937773049576207995e-04
2.240951434941962361e-04
3.578975156415253878e-04
1.775507553247734904e-04
1.686171453911811113e-04
1.785862259566783905e-04
1.856965682236477733e-04
1.964945986401289701e-04
2.267442614538595080e-04
2.086760796373710036e-04
1.806272048270329833e-04
1.790322421584278345e-04
3.416985273361206055e-04
1.918286288855597377e-04
1.751876261550933123e-04
1.689534838078543544e-04
1.980100205400958657e-04
1.929235295392572880e-04
1.985850976780056953e-04
1.905296376207843423e-04
2.343429950997233391e-04
2.054139185929670930e-04
1.829325192375108600e-04
1.783279003575444221e-04
1.816366129787638783e-04
1.825928629841655493e-04
1.899236376630142331e-04
1.923732488648965955e-04
2.475771761965006590e-04
1.897315523819997907e-04
2.561500587034970522e-04
1.859374606283381581e-04
1.717874838504940271e-04
1.708783092908561230e-04
1.918700581882148981e-04
2.668715605977922678e-04
1.811987312976270914e-04
1.698801061138510704e-04
1.663718576310202479e-04
1.891199790406972170e-04
1.880062773125246167e-04
1.923591917147859931e-04
1.900001225294545293e-04
1.834644062910228968e-04
2.129860949935391545e-04
5.996363470330834389e-04
2.056690718745812774e-04
1.717679697321727872e-04
1.627107994863763452e-04
1.629069884074851871e-04
1.604188437340781093e-04
1.650427875574678183e-04
1.773036055965349078e-04
1.757656864356249571e-04
2.280487242387607694e-04
1.988459407584741712e-04
1.858097384683787823e-04
1.635740773053839803e-04
1.973424368770793080e-04
6.576125160790979862e-04
2.085784071823582053e-04
1.728992647258564830e-04
1.824358914745971560e-04
1.744404580676928163e-04
1.611288316780701280e-04
1.616432273294776678e-04
1.665535382926464081e-04
1.779885642463341355e-04
3.764826105907559395e-04
2.681023324839770794e-04
1.937420602189376950e-04
1.652983191888779402e-04
1.678507687756791711e-04
1.667258329689502716e-04
1.815375726437196136e-04
3.820515994448214769e-04
1.706655748421326280e-04
1.717607374303042889e-04
1.687846815912052989e-04
1.770950184436514974e-04
1.648747856961563230e-04
1.747083879308775067e-04
1.791563408914953470e-04
2.765365934465080500e-04
1.657758984947577119e-04
1.613457716302946210e-04
1.666015887167304754e-04
2.394360344624146819e-04
1.738993887556716800e-04
1.628145546419546008e-04
1.750793599057942629e-04
3.420266439206898212e-04
1.639696420170366764e-04
1.645551092224195600e-04
1.614083303138613701e-04
1.843078935053199530e-04
3.149744297843426466e-04
1.942432281794026494e-04
1.698991400189697742e-04
1.555486960569396615e-04
1.597206428414210677e-04
1.783446059562265873e-04
1.712616649456322193e-04
1.885963283712044358e-04
2.161147567676380277e-04
1.656133099459111691e-04
1.681884459685534239e-04
1.642630959395319223e-04
1.974630577024072409e-04
1.783447223715484142e-04
1.716381666483357549e-04
1.687331532593816519e-04
2.536293177399784327e-04
1.646834134589880705e-04
1.605047436896711588e-04
1.577484508743509650e-04
1.638168760109692812e-04
1.741644373396411538e-04
1.870059204520657659e-04
1.801797188818454742e-04
1.653946674196049571e-04
1.735010882839560509e-04
3.162185894325375557e-04
1.883295335574075580e-04
1.560070086270570755e-04
1.515613839728757739e-04
1.510008587501943111e-04
1.570576569065451622e-04
1.700237335171550512e-04
1.804492494557052851e-04
3.423966700211167336e-04
2.372871967963874340e-04
1.601513213245198131e-04
1.492249721195548773e-04
1.645208831178024411e-04
1.624966826057061553e-04
1.576563518028706312e-04
1.556448260089382529e-04
1.557836367283016443e-04
1.943468232639133930e-04
1.890222774818539619e-04
1.731674274196848273e-04
1.609619212104007602e-04
2.074957301374524832e-04
1.604033896001055837e-04
1.837639429140836000e-04
1.619796239538118243e-04
1.554299233248457313e-04
1.545275881653651595e-04
1.743722386891022325e-04
2.012726909015327692e-04
1.699657586868852377e-04
1.646320160944014788e-04
1.864665537141263485e-04
1.947840064531192183e-04
1.602893316885456443e-04
1.488444686401635408e-04
1.862026692833751440e-04
1.796334254322573543e-04
1.589130843058228493e-04
1.549536682432517409e-04
1.613974309293553233e-04
1.588307350175455213e-04
1.736399572109803557e-04
1.785033091437071562e-04
1.574094494571909308e-04
1.600969262653961778e-04
1.952738530235365033e-04
1.721347362035885453e-04
1.503992243669927120e-04
1.708575437078252435e-04
1.756563724484294653e-04
1.594844507053494453e-04
1.776302524376660585e-04
1.588922168593853712e-04
2.877807710319757462e-04
1.541163073852658272e-04
1.373226114083081484e-04
1.410468685207888484e-04
1.608266902621835470e-04
1.596868532942607999e-04
1.626645971555262804e-04
1.482928928453475237e-04
3.315672802273184061e-04
1.846991362981498241e-04
1.655387022765353322e-04
1.586281723575666547e-04
1.505410327808931470e-04
1.915578177431598306e-04
1.603002456249669194e-04
1.860731572378426790e-04
1.699480781098827720e-04
1.479014608776196837e-04
1.461254578316584229e-04
1.565224374644458294e-04
1.901137438835576177e-04
2.307153190486133099e-04
1.482453953940421343e-04
1.428032555850222707e-04
1.468069094698876143e-04
1.840991171775385737e-04
1.486583059886470437e-04
1.446154055884107947e-04
2.332818694412708282e-04
1.583793637109920382e-04
1.519866491435095668e-04
1.453225704608485103e-04
1.489348069299012423e-04
1.518272329121828079e-04
1.492984883952885866e-04
1.607968151802197099e-04
2.196185378124937415e-04
1.857652241596952081e-04
1.437253813492134213e-04
1.396481966366991401e-04
1.539198419777676463e-04
1.667403557803481817e-04
1.503917883383110166e-04
2.049515460385009646e-04
1.659724512137472630e-04
1.946345582837238908e-04
2.331277501070871949e-04
1.450530253350734711e-04
1.715687249088659883e-04
2.229059609817340970e-04
1.343777839792892337e-04
1.367602380923926830e-04
1.937313063535839319e-04
1.725462498143315315e-04
1.379862369503825903e-04
1.456442842027172446e-04
1.409792603226378560e-04
1.566088903928175569e-04
1.956170599441975355e-04
1.620026596356183290e-04
1.650419289944693446e-04
1.504721003584563732e-04
1.406027877237647772e-04
2.986804756801575422e-04
2.621339226607233286e-04
1.451029238523915410e-04
1.374135172227397561e-04
1.352960971416905522e-04
1.316942798439413309e-04
1.473277516197413206e-04
1.427997340215370059e-04
1.501230435678735375e-04
1.703586603980511427e-04
1.468319242121651769e-04
1.541716046631336212e-04
3.012124216184020042e-04
1.415730657754465938e-04
1.718114071991294622e-04
1.330121012870222330e-04
1.412831334164366126e-04
1.353818952338770032e-04
1.431669516023248434e-04
1.518775679869577289e-04
1.529934088466688991e-04
1.526108826510608196e-04
1.585742138558998704e-04
1.641798589844256639e-04
1.485104730818420649e-04
1.495452015660703182e-04
1.448538532713428140e-04
1.708360941847786307e-04
3.511825052555650473e-04
1.550847518956288695e-04
1.444696390535682440e-04
1.402608613716438413e-04
1.288172643398866057e-04
1.281580771319568157e-04
1.590448373463004827e-04
1.893908920465037227e-04
1.700584543868899345e-04
1.398115564370527864e-04
1.363580086035653949e-04
1.550663437228649855e-04
1.387601660098880529e-04
1.434939040336757898e-04
1.641734852455556393e-04
1.424601650796830654e-04
1.444169320166110992e-04
1.441766798961907625e-04
1.617179223103448749e-04
1.625469449209049344e-04
1.381373003823682666e-04
1.551012537674978375e-04
1.577750808792188764e-04
1.711921358946710825e-04
1.476840843679383397e-04
1.494120515417307615e-04
1.437994360458105803e-04
1.507022097939625382e-04
4.457064787857234478e-04
2.390778245171532035e-04
1.501889928476884961e-04
1.393150450894609094e-04
1.320517621934413910e-04
1.319647708442062140e-04
1.294679968850687146e-04
1.344939519185572863e-04
1.542274694656953216e-04
1.507425040472298861e-04
1.465192908653989434e-04
1.619973045308142900e-04
1.524659892311319709e-04
1.325130288023501635e-04
1.586737053003162146e-04
2.411490859230980277e-04
2.191163657698780298e-04
1.334635599050670862e-04
1.246225874638184905e-04
1.361237664241343737e-04
1.345090713584795594e-04
1.265561004402115941e-04
1.425749214831739664e-04
1.511026057414710522e-04
1.380836329190060496e-04
2.021781547227874398e-04
1.339476875727996230e-04
1.303544122492894530e-04
1.327185309492051601e-04
1.481058716308325529e-04
2.806936972774565220e-04
1.858728792285546660e-04
1.279209682252258062e-04
1.566622522659599781e-04
1.318953145528212190e-04
1.313161483267322183e-04
1.293422246817499399e-04
1.588844897923991084e-04
1.564953272463753819e-04
1.426532253390178084e-04
1.810461253626272082e-04
1.338167785434052348e-04
1.332736865151673555e-04
1.487047120463103056e-04
1.476451143389567733e-04
3.198411432094871998e-04
2.190397790400311351e-04
1.404777867719531059e-04
1.266889012185856700e-04
1.231157657457515597e-04
1.226738677360117435e-04
1.350832753814756870e-04
1.322928583249449730e-04
1.350704696960747242e-04
2.508741745259612799e-04
1.560863602207973599e-04
1.491532457293942571e-04
1.230347115779295564e-04
1.227357424795627594e-04
1.702710578683763742e-04
1.478604681324213743e-04
1.342184696113690734e-04
1.327825302723795176e-04
1.348301739199087024e-04
1.426847011316567659e-04
1.788245426723733544e-04
1.369979290757328272e-04
1.282458106288686395e-04
3.131180710624903440e-04
1.433451834600418806e-04
1.236709067597985268e-04
1.284252502955496311e-04
1.312137319473549724e-04
1.322208991041406989e-04
1.318956637987866998e-04
2.612914540804922581e-04
1.500226790085434914e-04
1.309224171563982964e-04
1.216005402966402471e-04
1.217104072566144168e-04
1.307503407588228583e-04
1.386674412060528994e-04
1.658090186538174748e-04
1.571749453432857990e-04
1.321704330621287227e-04
3.485759079921990633e-04
1.382997725158929825e-04
1.275191170861944556e-04
1.242679281858727336e-04
1.304489705944433808e-04
1.266912440769374371e-04
1.268203486688435078e-04
1.322511525359004736e-04
1.325921766692772508e-04
1.659344561630859971e-04
1.526512205600738525e-04
1.760252926032990217e-04
1.363889750791713595e-04
1.237504911841824651e-04
1.377466978738084435e-04
1.269675558432936668e-04
1.411890843883156776e-04
2.021015097852796316e-04
1.401753834215924144e-04
1.533091126475483179e-04
1.222695282194763422e-04
1.334740081802010536e-04
1.377625449094921350e-04
1.299536961596459150e-04
1.242991129402071238e-04
1.477104378864169121e-04
1.523787359474226832e-04
1.292603119509294629e-04
1.422883215127512813e-04
1.482628867961466312e-04
1.382862683385610580e-04
1.332998654106631875e-04
4.153715854045003653e-04
1.664550654822960496e-04
1.275331014767289162e-04
1.178472448373213410e-04
1.177497179014608264e-04
1.267249899683520198e-04
1.569489977555349469e-04
2.798705245368182659e-04
1.351365208392962813e-04
1.240959536517038941e-04
1.154475394287146628e-04
1.166264337371103466e-04
1.250993664143607020e-04
1.324237091466784477e-04
1.380757021252065897e-04
1.360204769298434258e-04
3.380257694516330957e-04
2.008050505537539721e-04
1.412163401255384088e-04
1.285894977627322078e-04
1.152229306171648204e-04
1.227123284479603171e-04
1.195692384499125183e-04
1.211727649206295609e-04
2.258860040456056595e-04
1.304845500271767378e-04
1.183842250611633062e-04
1.235834934050217271e-04
1.351696701021865010e-04
1.309584622504189610e-04
1.336366694886237383e-04
1.346953940810635686e-04
1.330062368651852012e-04
1.397286978317424655e-04
1.863485376816242933e-04
1.356686989311128855e-04
1.274384994758293033e-04
1.203599967993795872e-04
1.772009563865140080e-04
1.542984100524336100e-04
1.473836600780487061e-04
1.339235168416053057e-04
1.466340763727203012e-04
1.802662009140476584e-04
1.298583665629848838e-04
1.118536019930616021e-04
1.217265526065602899e-04
1.225817686645314097e-04
1.219989935634657741e-04
1.405114162480458617e-04
1.466108806198462844e-04
1.918858906719833612e-04
1.240467390744015574e-04
1.194147844216786325e-04
1.192486597574315965e-04
1.181983679998666048e-04
1.277088886126875877e-04
1.231375645147636533e-04
1.305454643443226814e-04
1.436283346265554428e-04
1.303816388826817274e-04
1.369972887914627790e-04
1.464276574552059174e-04
1.983717811526730657e-04
2.062002022285014391e-04
1.293962559429928660e-04
1.180733452201820910e-04
1.252653892152011395e-04
1.303872704738751054e-04
1.505458931205794215e-04
1.341017632512375712e-04
1.183811546070501208e-04
1.142721448559314013e-04
1.435584272257983685e-04
1.517081109341233969e-04
1.238928089151158929e-04
1.148778974311426282e-04
1.179353857878595591e-04
1.297159178648144007e-04
1.256249088328331709e-04
1.265874307136982679e-04
1.362130715278908610e-04
1.255450333701446652e-04
1.249945635208860040e-04
1.340630406048148870e-04
1.964918337762355804e-04
1.279294228879734874e-04
1.156451107817701995e-04
1.154289420810528100e-04
1.245159073732793331e-04
2.803344104904681444e-04
1.487178960815072060e-04
1.235555682796984911e-04
1.105513292714022100e-04
1.148737792391330004e-04
1.709380740066990256e-04
1.504412211943417788e-04
1.186488370876759291e-04
1.408441312378272414e-04
1.166670990642160177e-04
1.139881496783345938e-04
1.181938350782729685e-04
1.224517764057964087e-04
1.279353018617257476e-04
1.987264549825340509e-04
2.499569673091173172e-04
1.181340994662605226e-04
1.092585152946412563e-04
1.153043485828675330e-04
1.159395978902466595e-04
1.192567215184681118e-04
1.185247601824812591e-04
1.272497174795717001e-04
1.263672020286321640e-04
1.254684029845520854e-04
4.456433816812932491e-04
2.079441619571298361e-04
1.319469447480514646e-04
1.246324827661737800e-04
1.164423738373443484e-04
1.105762130464427173e-04
1.319192815572023392e-04
1.170955802081152797e-04
1.151536926045082510e-04
1.342589530395343900e-04
1.281092991121113300e-04
1.144313719123601913e-04
1.278552663279697299e-04
1.314355467911809683e-04
1.231335336342453957e-04
1.215250304085202515e-04
1.317079586442559958e-04
1.476089237257838249e-04
1.616644294699653983e-04
1.207335517392493784e-04
1.145843998529016972e-04
1.203061619889922440e-04
1.591167383594438434e-04
1.423260400770232081e-04
1.259466371266171336e-04
1.111369419959373772e-04
1.191927658510394394e-04
1.203752835863269866e-04
1.379848690703511238e-04
1.175884099211543798e-04
1.248527987627312541e-04
2.985842875204980373e-04
1.161738837254233658e-04
1.126905481214635074e-04
1.159025850938633084e-04
1.135401034844107926e-04
1.490141876274719834e-04
1.147451330325566232e-04
1.162105618277564645e-04
4.520245420280843973e-04
1.453109143767505884e-04
1.162488770205527544e-04
1.099145883927121758e-04
1.065418837242759764e-04
1.041220748447813094e-04
1.048069680109620094e-04
1.091989106498658657e-04
1.296026166528463364e-04
1.188512906082905829e-04
1.217031094711273909e-04
3.604250669013708830e-04
1.192061026813462377e-04
1.143219269579276443e-04
1.093343162210658193e-04
1.146130234701558948e-04
1.130635355366393924e-04
1.190636830870062113e-04
1.180044491775333881e-04
1.250370987690985203e-04
1.534415059722959995e-04
1.254208764294162393e-04
1.805513456929475069e-04
1.190985640278086066e-04
1.690548087935894728e-04
1.142335459007881582e-04
1.086318370653316379e-04
1.107522257370874286e-04
1.160663232440128922e-04
1.183080967166461051e-04
1.456190511817112565e-04
1.246594765689224005e-04
1.140723543358035386e-04
1.326916244579479098e-04
1.159854509751312435e-04
1.173878335976041853e-04
1.547018327983096242e-04
2.130425564246252179e-04
3.585602098610252142e-04
1.204116852022707462e-04
1.173894706880673766e-04
1.056242763297632337e-04
1.018861730699427426e-04
1.041026698658242822e-04
1.099563160096295178e-04
1.151582109741866589e-04
1.168717717519029975e-04
1.974763290490955114e-04
1.221564743900671601e-04
1.084531177184544504e-04
1.056637265719473362e-04
1.160014580818824470e-04
1.166639049188233912e-04
1.236512762261554599e-04
1.174573699245229363e-04
1.370695099467411637e-04
1.134015401476062834e-04
1.202314015245065093e-04
1.143525223596952856e-04
1.223540893988683820e-04
1.281707227462902665e-04
1.256140240002423525e-04
1.111112214857712388e-04
1.212067581946030259e-04
1.470007555326446891e-04
1.137675644713453948e-04
1.114259139285422862e-04
1.290442014578729868e-04
1.457026519346982241e-04
1.365729403914883733e-04
1.186497611342929304e-04
1.875994930742308497e-04
1.166696165455505252e-04
1.047574478434398770e-04
2.369690482737496495e-04
1.186509907711297274e-04
1.039038761518895626e-04
1.136280625360086560e-04
1.031581632560119033e-04
1.034733650158159435e-04
1.174667850136756897e-04
1.688695192569866776e-04
1.246124593308195472e-04
1.141202519647777081e-04
1.066207769326865673e-04
1.190010225400328636e-04
1.692193764029070735e-04
1.069603094947524369e-04
1.099752480513416231e-04
1.230492925969883800e-04
1.081102964235469699e-04
1.097032945835962892e-04
3.592115244828164577e-04
1.337764697382226586e-04
1.115128325182013214e-04
1.095548068406060338e-04
1.130155942519195378e-04
1.081076043192297220e-04
1.027083126245997846e-04
1.104523325921036303e-04
2.976531686726957560e-04
1.289006904698908329e-04
1.126203351304866374e-04
1.027761609293520451e-04
1.046104734996333718e-04
1.197647943627089262e-04
1.180457402369938791e-04
1.082040762412361801e-04
1.071560400305315852e-04
1.157899168902076781e-04
1.226627064170315862e-04
1.273312664125114679e-04
1.533927570562809706e-04
1.451466232538223267e-04
1.214027797686867416e-04
1.039941635099239647e-04
1.972337922779843211e-04
1.431931013939902186e-04
1.058769703377038240e-04
1.067410630639642477e-04
1.246528991032391787e-04
1.064596654032357037e-04
2.757817564997822046e-04
2.272194396937265992e-04
1.185471046483144164e-04
1.020283234538510442e-04
1.036517205648124218e-04
1.061012735590338707e-04
1.182722480734810233e-04
1.385561772622168064e-04
1.298398710787296295e-04
1.220845442730933428e-04
1.109445511247031391e-04
1.083995084627531469e-04
1.132509642047807574e-04
1.128508229157887399e-04
1.108591241063550115e-04
1.624062424525618553e-04
2.255456201964989305e-04
1.106117633753456175e-04
1.963931135833263397e-04
1.243543665623292327e-04
1.037441325024701655e-04
1.039658382069319487e-04
1.160649553639814258e-04
1.047210607794113457e-04
1.659220433793962002e-04
1.959413930308073759e-04
1.055794564308598638e-04
1.145893838838674128e-04
2.118124830303713679e-04
1.233231014339253306e-04
1.048222766257822514e-04
1.186911467812024057e-04
1.117159990826621652e-04
1.034663218888454139e-04
1.504509564256295562e-04
1.244062441401183605e-04
1.078574277926236391e-04
1.074848187272436917e-04
1.083614915842190385e-04
2.215061249444261193e-04
1.164557324955239892e-04
1.031064821290783584e-04
1.107824718928895891e-04
1.040749848471023142e-04
1.122934845625422895e-04
1.133371406467631459e-04
1.096336927730590105e-04
1.161235049949027598e-04
1.188936657854355872e-04
1.139196756412275136e-04
1.128026560763828456e-04
2.022627450060099363e-04
1.145466085290536284e-04
1.103609029087238014e-04
1.508199929958209395e-04
1.071343431249260902e-04
1.031737338053062558e-04
1.045305252773687243e-04
1.117676729336380959e-04
1.058529305737465620e-04
1.374032144667580724e-04
1.800575264496728778e-04
1.031775682349689305e-04
1.038343543768860400e-04
1.039452981785871089e-04
1.170203977380879223e-04
1.098834254662506282e-04
3.163689107168465853e-04
1.218267861986532807e-04
1.027660691761411726e-04
1.028776532621122897e-04
9.524509368930011988e-05
1.068769706762395799e-04
1.119396620197221637e-04
1.031352148856967688e-04
1.362632028758525848e-04
1.240047131432220340e-04
1.096572668757289648e-04
1.011124040815047920e-04
1.035333261825144291e-04
1.840378827182576060e-04
1.140841632150113583e-04
1.019507471937686205e-04
9.985632641473785043e-05
1.122206449508666992e-04
1.032949876389466226e-04
1.971140154637396336e-04
1.310935476794838905e-04
1.045386379701085389e-04
1.041456853272393346e-04
1.133059777203015983e-04
9.920923184836283326e-05
1.131326935137622058e-04
1.047216719598509371e-04
1.083244715118780732e-04
1.092566017177887261e-04
1.189556205645203590e-04
3.109335375484079123e-04
1.127962968894280493e-04
1.063863746821880341e-04
1.060588328982703388e-04
9.544580098008736968e-05
9.994314314099028707e-05
1.023998338496312499e-04
1.385045470669865608e-04
1.136706050601787865e-04
2.145323087461292744e-04
1.524346735095605254e-04
9.750552271725609899e-05
1.056565670296549797e-04
9.701017552288249135e-05
9.831581701291725039e-05
9.789070463739335537e-05
1.062139344867318869e-04
1.065582255250774324e-04
1.189256436191499233e-04
1.066117110894992948e-04
1.121915702242404222e-04
1.253625378012657166e-04
1.134036065195687115e-04
2.182645548600703478e-04
1.112894096877425909e-04
1.158436862169764936e-04
9.848520130617544055e-05
1.152339973486959934e-04
1.436485908925533295e-04
1.088045828510075808e-04
9.927436622092500329e-05
1.049887141562066972e-04
2.223821502411738038e-04
1.203384817927144468e-04
9.680912626208737493e-05
1.013637156574986875e-04
9.729789599077776074e-05
1.103572576539590955e-04
1.047521654982119799e-04
1.013186192722059786e-04
1.310213119722902775e-04
1.140852473326958716e-04
9.883632446872070432e-05
1.145914284279569983e-04
5.095188971608877182e-04
1.500241778558120131e-04
1.062846349668689072e-04
1.080817601177841425e-04
9.910824155667796731e-05
9.261390368919819593e-05
9.628589032217860222e-05
9.630281419958919287e-05
1.093360478989779949e-04
1.136694918386638165e-04
1.097785061574541032e-04
1.038873160723596811e-04
1.092035672627389431e-04
1.044787059072405100e-04
1.064555763150565326e-04
1.236177195096388459e-04
2.590290678199380636e-04
1.413252175552770495e-04
1.685367751633748412e-04
1.019995397655293345e-04
9.471355588175356388e-05
9.683185635367408395e-05
9.569193935021758080e-05
1.416748709743842483e-04
1.048606354743242264e-04
9.898259304463863373e-05
1.031458086799830198e-04
1.002472854452207685e-04
1.105198389268480241e-04
1.126361312344670296e-04
1.280066207982599735e-04
1.112876125262118876e-04
1.050884020514786243e-04
1.399438042426481843e-04
1.082202070392668247e-04
1.337400608463212848e-04
1.051654835464432836e-04
1.000302800093777478e-04
1.001906275632791221e-04
1.064830357790924609e-04
1.103681061067618430e-04
3.954496060032397509e-04
1.653320796322077513e-04
1.267245825147256255e-04
1.068477649823762476e-04
1.589690655237063766e-04
1.041380746755748987e-04
1.018105467665009201e-04
9.527314978186041117e-05
9.982180927181616426e-05
1.009091865853406489e-04
1.075242471415549517e-04
1.045559911290183663e-04
1.102359165088273585e-04
1.100167719414457679e-04
1.046628458425402641e-04
1.009323823382146657e-04
1.133722253143787384e-04
1.190513648907653987e-04
1.258081465493887663e-04
1.109032964450307190e-04
1.044633099809288979e-04
9.905283513944596052e-05
9.858641715254634619e-05
1.122243993449956179e-04
1.343607873423025012e-04
1.042927178787067533e-04
1.068930214387364686e-04
1.150310563389211893e-04
3.190333954989910126e-04
1.225779997184872627e-04
9.833452349994331598e-05
1.020063646137714386e-04
1.035519526340067387e-04
1.049908096319995821e-04
9.150576806860044599e-05
1.068118799594230950e-04
1.137353465310297906e-04
1.264927850570529699e-04
9.998615860240533948e-05
1.003899960778653622e-04
1.124995178543031216e-04
1.031938300002366304e-04
1.090124278562143445e-04
3.601934004109352827e-04
1.058203706634230912e-04
9.447074262425303459e-05
9.586609667167067528e-05
9.678020433057099581e-05
9.302009129896759987e-05
9.362691343994811177e-05
1.071121005224995315e-04
9.329924796475097537e-05
1.049907732522115111e-04
3.031273372471332550e-04
1.182547639473341405e-04
1.040570568875409663e-04
1.059805872500874102e-04
1.030245985020883381e-04
9.461619629291817546e-05
1.046063334797509015e-04
1.102517126128077507e-04
1.904538075905293226e-04
9.872383816400542855e-05
9.544862405164167285e-05
1.101050947909243405e-04
1.135408601840026677e-04
1.143005720223300159e-04
1.007975661195814610e-04
1.019182673189789057e-04
1.043945158016867936e-04
1.013948131003417075e-04
1.036456524161621928e-04
1.628040045034140348e-04
1.052843144861981273e-04
9.712967585073783994e-05
9.480817243456840515e-05
1.099810688174329698e-04
1.050331411533989012e-04
1.031060746754519641e-04
9.694978507468476892e-05
9.619833872420713305e-05
1.067871417035348713e-04
1.065785691025666893e-04
1.089447760023176670e-04
1.183158237836323678e-04
1.023231452563777566e-04
1.018168914015404880e-04
1.219993500853888690e-04
1.624169672140851617e-04
1.046043835231103003e-04
9.817477257456630468e-05
1.030638813972473145e-04
9.936282003764063120e-05
9.199736814480274916e-05
1.056163091561757028e-04
1.151554097305051982e-04
1.250751665793359280e-04
1.018084803945384920e-04
1.011588901747018099e-04
1.048090489348396659e-04
1.434310106560587883e-04
1.042092408169992268e-04
9.218980994774028659e-05
9.099814633373171091e-05
1.341879396932199597e-04
9.742479596752673388e-05
1.029986233334057033e-04
1.067630582838319242e-04
1.375514402752742171e-04
2.215459680883213878e-04
1.091115482267923653e-04
9.229401621269062161e-05
9.296799544245004654e-05
8.877499931259080768e-05
9.753677295520901680e-05
2.036313817370682955e-04
1.067389821400865912e-04
9.146214870270341635e-05
9.646081161918118596e-05
9.020622383104637265e-05
9.107679215958341956e-05
2.767953847069293261e-04
1.034121014527045190e-04
1.023742879624478519e-04
9.341834811493754387e-05
9.226478869095444679e-05
1.047791229211725295e-04
1.248292683158069849e-04
1.026330064632929862e-04
9.368754399474710226e-05
9.329723252449184656e-05
1.111380770453251898e-04
9.765851427800953388e-05
9.852376388153061271e-05
1.009055995382368565e-04
1.074522951967082918e-04
9.762460831552743912e-05
1.637957757338881493e-04
1.062853843905031681e-04
9.489584044786170125e-05
9.097770816879346967e-05
2.112945949193090200e-04
9.846501779975369573e-05
9.292676986660808325e-05
1.290032378165051341e-04
9.157796012004837394e-05
9.054116526385769248e-05
9.564108768245205283e-05
1.494837197242304683e-04
1.606297446414828300e-04
1.330137893091887236e-04
9.210396092385053635e-05
8.892585174180567265e-05
9.799865802051499486e-05
9.580601181369274855e-05
9.751906327437609434e-05
9.936260903486981988e-05
9.810260962694883347e-05
1.454889134038239717e-04
9.442218288313597441e-05
9.960067109204828739e-05
9.474685793975368142e-05
1.023054210236296058e-04
1.069034769898280501e-04
9.813690121518447995e-05
1.018816110445186496e-04
9.447312186239287257e-05
1.126612332882359624e-04
1.014232766465283930e-04
1.066182230715639889e-04
1.015653324429877102e-04
1.957392523763701320e-04
1.296433183597400784e-04
1.276290131499990821e-04
9.171292913379147649e-05
8.611082012066617608e-05
8.714611612958833575e-05
9.841921564657241106e-05
9.574037540005519986e-05
9.294703340856358409e-05
9.673988097347319126e-05
1.505960099166259170e-04
1.284484169445931911e-04
1.605684665264561772e-04
1.053285304806195199e-04
9.274132753489539027e-05
8.677997539052739739e-05
9.157370368484407663e-05
9.288246656069532037e-05
1.057740373653359711e-04
1.124004047596827149e-04
1.028411716106347740e-04
1.121402601711452007e-04
1.029448612825945020e-04
1.050188438966870308e-04
1.074454266927205026e-04
9.945197234628722072e-05
3.018343704752624035e-04
1.253586960956454277e-04
9.956410212907940149e-05
8.991242793854326010e-05
8.788071136223152280e-05
8.850440644891932607e-05
8.472427725791931152e-05
9.069070074474439025e-05
8.981063001556321979e-05
9.760347893461585045e-05
1.832513371482491493e-04
1.158759114332497120e-04
1.066227778210304677e-04
8.907733717933297157e-05
8.992076618596911430e-05
8.655402052681893110e-05
2.728003601077944040e-04
1.808073138818144798e-04
9.988147212425246835e-05
9.134400170296430588e-05
8.614015678176656365e-05
8.513855573255568743e-05
9.129093086812645197e-05
9.802803106140345335e-05
9.251850860891863704e-05
9.806585148908197880e-05
9.905183105729520321e-05
1.032404179568402469e-04
1.203997162519954145e-04
2.573175879660993814e-04
1.532730675535276532e-04
1.070682119461707771e-04
8.993302617454901338e-05
8.958039688877761364e-05
8.690294635016471148e-05
1.073419480235315859e-04
9.564840001985430717e-05
9.723861148813739419e-05
9.045226033776998520e-05
9.744858834892511368e-05
9.849564230535179377e-05
9.819676779443398118e-05
2.360065118409693241e-04
1.458490733057260513e-04
9.309400775237008929e-05
8.813155000098049641e-05
2.278766041854396462e-04
9.037969721248373389e-05
9.032303205458447337e-05
9.714142652228474617e-05
9.710685117170214653e-05
1.090344812837429345e-04
9.158108878182247281e-05
9.470810618950054049e-05
9.674912871560081840e-05
9.473112004343420267e-05
1.036259636748582125e-04
1.017462782328948379e-04
1.118937943829223514e-04
1.007680693874135613e-04
1.000253178062848747e-04
1.084573741536587477e-04
9.577862510923296213e-05
9.259757644031196833e-05
2.328284026589244604e-04
1.332611282123252749e-04
1.094339604605920613e-04
2.464936114847660065e-04
1.038796181092038751e-04
9.212083386955782771e-05
8.724271901883184910e-05
8.477726805722340941e-05
1.105372793972492218e-04
8.631861419416964054e-05
9.542140469420701265e-05
1.364387426292523742e-04
1.103633112506940961e-04
2.500039990991353989e-04
1.060552312992513180e-04
9.003913146443665028e-05
8.728906686883419752e-05
8.567116310587152839e-05
9.371436317451298237e-05
8.979402628028765321e-05
1.290381478611379862e-04
9.655485337134450674e-05
3.226901753805577755e-04
1.218100514961406589e-04
9.869661153061315417e-05
9.599159966455772519e-05
9.267200221074745059e-05
9.603302896721288562e-05
8.494933717884123325e-05
9.414716623723506927e-05
1.403506757924333215e-04
1.026700265356339514e-04
9.731005411595106125e-05
1.078713466995395720e-04
9.344942372990772128e-05
1.063867384800687432e-04
9.179974586004391313e-05
8.614772377768531442e-05
9.169687109533697367e-05
9.875795512925833464e-05
1.025712699629366398e-04
1.138187653850764036e-04
9.382700227433815598e-05
1.101807283703237772e-04
3.475167613942176104e-04
1.011020940495654941e-04
9.627769031794741750e-05
9.745604620547965169e-05
9.253510506823658943e-05
9.053684334503486753e-05
8.638413419248536229e-05
8.759595220908522606e-05
1.056527980836108327e-04
9.110706014325842261e-05
9.236561163561418653e-05
1.009087354759685695e-04
1.597003574715927243e-04
1.066519107553176582e-04
8.964551670942455530e-05
8.652797259856015444e-05
8.821822120808064938e-05
9.426219912711530924e-05
9.566832886775955558e-05
2.702581987250596285e-04
1.197983438032679260e-04
9.148299432126805186e-05
8.528233593096956611e-05
9.183536167256534100e-05
8.461994730168953538e-05
1.083872703020460904e-04
2.263281494379043579e-04
1.077304696082137525e-04
9.748796583153307438e-05
9.237741323886439204e-05
9.553368727210909128e-05
1.291987864533439279e-04
9.055258124135434628e-05
8.955103112384676933e-05
9.379941184306517243e-05
3.471815143711864948e-04
1.287265040446072817e-04
1.320800947723910213e-04
1.086358242901042104e-04
9.013035742100328207e-05
8.618469291832298040e-05
8.923604036681354046e-05
8.936075028032064438e-05
1.026421014103107154e-04
9.318243246525526047e-05
9.321256220573559403e-05
9.677404887042939663e-05
2.694944851100444794e-04
1.323931064689531922e-04
9.031985973706468940e-05
9.059025614988058805e-05
1.071121296263299882e-04
8.828353020362555981e-05
8.600865112384781241e-05
9.013883391162380576e-05
9.952941763913258910e-05
1.887588150566443801e-04
9.201747161569073796e-05
9.610827692085877061e-05
9.529244562145322561e-05
1.041395735228434205e-04
1.377449370920658112e-04
9.551809489494189620e-05
9.011720976559445262e-05
8.921090920921415091e-05
9.676645277068018913e-05
1.203052306664176285e-04
9.316635259892791510e-05
9.303015394834801555e-05
8.701218030182644725e-05
3.076718421652913094e-04
1.194734577438794076e-04
1.008222170639783144e-04
1.172050833702087402e-04
8.990121568785980344e-05
8.963442815002053976e-05
8.741607598494738340e-05
8.808347774902358651e-05
9.473473619436845183e-05
4.828650271520018578e-04
1.248551416210830212e-04
9.864228195510804653e-05
9.529371163807809353e-05
9.337513620266690850e-05
8.862414688337594271e-05
9.270670125260949135e-05
8.770589192863553762e-05
8.569110650569200516e-05
9.787880117073655128e-05
9.192009747494012117e-05
2.063264837488532066e-04
1.206425149575807154e-04
9.520227467874065042e-05
9.399798727827146649e-05
9.529698581900447607e-05
9.488282375968992710e-05
8.825562690617516637e-05
1.043760494212619960e-04
9.827615576796233654e-05
9.111966937780380249e-05
1.464012166252359748e-04
1.139770611189305782e-04
1.078088389476761222e-04
8.891851030057296157e-05
3.176498285029083490e-04
1.260065473616123199e-04
9.889646025840193033e-05
8.859608351485803723e-05
8.731403067940846086e-05
8.633637480670586228e-05
1.158605300588533282e-04
1.133920086431317031e-04
3.107708180323243141e-04
1.045095050358213484e-04
1.406320952810347080e-04
9.713167673908174038e-05
8.571762737119570374e-05
8.384285320062190294e-05
8.789663843344897032e-05
9.196458995575085282e-05
1.617780653759837151e-04
4.660382692236453295e-04
1.214255025843158364e-04
1.026379759423434734e-04
9.178155596600845456e-05
8.633789548184722662e-05
8.474756032228469849e-05
8.551007340429350734e-05
8.891033212421461940e-05
8.921550033846870065e-05
9.772568591870367527e-05
1.233290240634232759e-04
1.308956416323781013e-04
1.496019685873761773e-04
1.014011286315508187e-04
9.041371959028765559e-05
9.415950626134872437e-05
9.502992907073348761e-05
9.768662130227312446e-05
9.935429989127442241e-05
9.713950566947460175e-05
1.028298938763327897e-04
3.113939892500638962e-04
1.048616759362630546e-04
9.222206426784396172e-05
9.277158824261277914e-05
9.142968337982892990e-05
8.821512165013700724e-05
9.035257244249805808e-05
8.929322939366102219e-05
9.333965135738253593e-05
9.703576506581157446e-05
9.542290354147553444e-05
9.562355262460187078e-05
9.900597797241061926e-05
1.065577234840020537e-04
9.428287739865481853e-05
9.902392048388719559e-05
1.630615442991256714e-04
1.110949306166730821e-04
8.791853906586766243e-05
1.007860191748477519e-04
8.884107228368520737e-05
8.546542085241526365e-05
2.395198971498757601e-04
1.132226389017887414e-04
8.616525155957788229e-05
8.642550528747960925e-05
9.883499296847730875e-05
8.724088547751307487e-05
8.456742943963035941e-05
9.125146607402712107e-05
1.003276192932389677e-04
1.134855847340077162e-04
8.612262172391638160e-05
9.801662235986441374e-05
9.683859389042481780e-05
1.350708043901249766e-04
1.003425641101785004e-04
8.982326835393905640e-05
1.196918892674148083e-04
9.193029109155759215e-05
1.153088596765883267e-04
8.647033246234059334e-05
8.932504715630784631e-05
9.480099106440320611e-05
1.007173486868850887e-04
1.101181987905874848e-04
1.040178103721700609e-04
9.022402809932827950e-05
9.145453805103898048e-05
2.040489343926310539e-04
8.891829929780215025e-05
8.456975047010928392e-05
8.732479909667745233e-05
8.773749141255393624e-05
