2.514745593070983887e-01
2.508343160152435303e-01
2.321101278066635132e-01
1.954241693019866943e-01
1.576036661863327026e-01
1.443064212799072266e-01
1.356572955846786499e-01
1.292535513639450073e-01
1.239343360066413879e-01
1.182590052485466003e-01
1.137874647974967957e-01
1.088883355259895325e-01
1.041094884276390076e-01
9.970490634441375732e-02
9.573367983102798462e-02
9.216121584177017212e-02
8.783587813377380371e-02
8.505220711231231689e-02
8.149740099906921387e-02
7.806554436683654785e-02
7.548964023590087891e-02
7.278666645288467407e-02
6.987099349498748779e-02
6.760507076978683472e-02
6.554020941257476807e-02
6.343733519315719604e-02
6.190495938062667847e-02
6.033690273761749268e-02
5.847010761499404907e-02
5.685845762491226196e-02
5.522499978542327881e-02
5.391483381390571594e-02
5.252196267247200012e-02
5.189415439963340759e-02
5.050840228796005249e-02
4.955274984240531921e-02
4.807567223906517029e-02
4.745694622397422791e-02
4.671502858400344849e-02
4.621061310172080994e-02
4.492011666297912598e-02
4.446976631879806519e-02
4.357425868511199951e-02
4.328967630863189697e-02
4.237946122884750366e-02
4.164303466677665710e-02
4.072072729468345642e-02
4.062810540199279785e-02
3.980109840631484985e-02
3.976683691143989563e-02
3.877322003245353699e-02
3.852180019021034241e-02
3.806865960359573364e-02
3.742639347910881042e-02
3.696632757782936096e-02
3.664882481098175049e-02
3.611164167523384094e-02
3.577946498990058899e-02
3.534490615129470825e-02
3.509797528386116028e-02
3.485719114542007446e-02
3.449367731809616089e-02
3.381103277206420898e-02
3.358818590641021729e-02
3.323467448353767395e-02
3.307113051414489746e-02
3.275481984019279480e-02
3.233084827661514282e-02
3.220875933766365051e-02
3.216779604554176331e-02
3.150707855820655823e-02
3.144887834787368774e-02
3.089716657996177673e-02
3.090932779014110565e-02
3.058484569191932678e-02
3.010295890271663666e-02
3.007347136735916138e-02
2.979287132620811462e-02
2.940076962113380432e-02
2.912838570773601532e-02
2.913186326622962952e-02
2.885795757174491882e-02
2.862147800624370575e-02
2.844595164060592651e-02
2.836304157972335815e-02
2.801634930074214935e-02
2.796323224902153015e-02
2.758565731346607208e-02
2.736097760498523712e-02
2.731255069375038147e-02
2.685003727674484253e-02
2.694388851523399353e-02
2.678848244249820709e-02
2.674102038145065308e-02
2.640705555677413940e-02
2.602269500494003296e-02
2.631678991019725800e-02
2.593800053000450134e-02
2.573041059076786041e-02
2.551147155463695526e-02
2.565467916429042816e-02
2.524786815047264099e-02
2.514528669416904449e-02
2.499304525554180145e-02
2.487133257091045380e-02
2.474496886134147644e-02
2.482315897941589355e-02
2.445875294506549835e-02
2.428124658763408661e-02
2.422897331416606903e-02
2.388838492333889008e-02
2.377888560295104980e-02
2.367848157882690430e-02
2.368996106088161469e-02
2.346446923911571503e-02
2.337912470102310181e-02
2.314512617886066437e-02
2.305580303072929382e-02
2.313150838017463684e-02
2.307485975325107574e-02
2.273397147655487061e-02
2.252788282930850983e-02
2.248068712651729584e-02
2.251690253615379333e-02
2.234664931893348694e-02
2.227493748068809509e-02
2.196600660681724548e-02
2.198411524295806885e-02
2.191394008696079254e-02
2.176180854439735413e-02
2.167760394513607025e-02
2.178741618990898132e-02
2.151050046086311340e-02
2.137979678809642792e-02
2.135390415787696838e-02
2.113428153097629547e-02
2.120786719024181366e-02
2.124202437698841095e-02
2.091522142291069031e-02
2.087320946156978607e-02
2.081799134612083435e-02
2.103285305202007294e-02
2.063049934804439545e-02
2.045258879661560059e-02
2.053742110729217529e-02
2.038045413792133331e-02
1.999664492905139923e-02
2.028047107160091400e-02
2.015170082449913025e-02
2.001914381980895996e-02
2.014512568712234497e-02
1.985671930015087128e-02
1.983105204999446869e-02
1.979509554803371429e-02
1.966041512787342072e-02
1.968999020755290985e-02
1.973408088088035583e-02
1.940859295427799225e-02
1.931207068264484406e-02
1.937596872448921204e-02
1.918018050491809845e-02
1.920807920396327972e-02
1.910446584224700928e-02
1.911693438887596130e-02
1.903033815324306488e-02
1.904733851552009583e-02
1.892617903649806976e-02
1.891275495290756226e-02
1.869005896151065826e-02
1.837111823260784149e-02
1.868825219571590424e-02
1.867530122399330139e-02
1.829976588487625122e-02
1.855129562318325043e-02
1.833860576152801514e-02
1.828843168914318085e-02
1.840503327548503876e-02
1.826344244182109833e-02
1.824554987251758575e-02
1.826410181820392609e-02
1.797879487276077271e-02
1.794197037816047668e-02
1.792518794536590576e-02
1.804219558835029602e-02
1.790263131260871887e-02
1.777321659028530121e-02
1.771846413612365723e-02
1.761485636234283447e-02
1.772185973823070526e-02
1.749211922287940979e-02
1.768051832914352417e-02
1.748444698750972748e-02
1.765233278274536133e-02
1.743117347359657288e-02
1.742507889866828918e-02
1.743119582533836365e-02
1.733910106122493744e-02
1.718126796185970306e-02
1.711803488433361053e-02
1.724036037921905518e-02
1.720987632870674133e-02
1.700983196496963501e-02
1.704473048448562622e-02
1.690971665084362030e-02
1.687351427972316742e-02
1.695804856717586517e-02
1.669275760650634766e-02
1.680543832480907440e-02
1.681356504559516907e-02
1.662493869662284851e-02
1.674780808389186859e-02
1.648439466953277588e-02
1.655765622854232788e-02
1.663999818265438080e-02
1.663948781788349152e-02
1.643005013465881348e-02
1.648758910596370697e-02
1.637018658220767975e-02
1.651056669652462006e-02
1.638249121606349945e-02
1.634123176336288452e-02
1.626603305339813232e-02
1.631649769842624664e-02
1.626334339380264282e-02
1.616138033568859100e-02
1.611170172691345215e-02
1.593635976314544678e-02
1.596369594335556030e-02
1.613136753439903259e-02
1.594304479658603668e-02
1.573294028639793396e-02
1.613251678645610809e-02
1.586240716278553009e-02
1.585764624178409576e-02
1.577897183597087860e-02
1.566044054925441742e-02
1.572846807539463043e-02
1.571558043360710144e-02
1.576400734484195709e-02
1.552721299231052399e-02
1.555493287742137909e-02
1.556389592587947845e-02
1.564685627818107605e-02
1.550436671823263168e-02
1.541540771722793579e-02
1.539689768105745316e-02
1.539752166718244553e-02
1.549278479069471359e-02
1.555949542671442032e-02
1.523057837039232254e-02
1.537723559886217117e-02
1.533429883420467377e-02
1.536366902291774750e-02
1.523390412330627441e-02
1.510843914002180099e-02
1.510485820472240448e-02
1.508812233805656433e-02
1.509782299399375916e-02
1.501474156975746155e-02
1.501181535422801971e-02
1.485554967075586319e-02
1.486555580049753189e-02
1.483345683664083481e-02
1.505059096962213516e-02
1.500436291098594666e-02
1.484805811196565628e-02
1.473009772598743439e-02
1.476471871137619019e-02
1.490960922092199326e-02
1.478634774684906006e-02
1.470764912664890289e-02
1.478245016187429428e-02
1.462956890463829041e-02
1.469964720308780670e-02
1.450270041823387146e-02
1.465297862887382507e-02
1.466985605657100677e-02
1.453530602157115936e-02
1.454184297472238541e-02
1.442288886755704880e-02
1.448517944663763046e-02
1.442742440849542618e-02
1.443420164287090302e-02
1.432336587458848953e-02
1.437061280012130737e-02
1.432085130363702774e-02
1.444033160805702209e-02
1.435225456953048706e-02
1.424884703010320663e-02
1.422227825969457626e-02
1.421208865940570831e-02
1.422287989407777786e-02
1.416777167469263077e-02
1.415716577321290970e-02
1.409998722374439240e-02
1.419389247894287109e-02
1.402215566486120224e-02
1.405216846615076065e-02
1.411344110965728760e-02
1.399444788694381714e-02
1.392129249870777130e-02
1.402926631271839142e-02
1.393259968608617783e-02
1.395707670599222183e-02
1.394819281995296478e-02
1.385424938052892685e-02
1.382215227931737900e-02
1.387076824903488159e-02
1.379690039902925491e-02
1.379678118973970413e-02
1.368923485279083252e-02
1.371927652508020401e-02
1.376748923212289810e-02
1.366215385496616364e-02
1.364344917237758636e-02
1.355668623000383377e-02
1.366100460290908813e-02
1.359285507351160049e-02
1.361094880849123001e-02
1.375072263181209564e-02
1.362991426140069962e-02
1.345931086689233780e-02
1.355372462421655655e-02
1.358332578092813492e-02
1.354766171425580978e-02
1.344209071248769760e-02
1.342877279967069626e-02
1.339422259479761124e-02
1.346957776695489883e-02
1.348763797432184219e-02
1.348786894232034683e-02
1.326856855303049088e-02
1.331884413957595825e-02
1.324824616312980652e-02
1.317985262721776962e-02
1.337536890059709549e-02
1.327546034008264542e-02
1.326724234968423843e-02
1.315928250551223755e-02
1.327070593833923340e-02
1.322428882122039795e-02
1.313054654747247696e-02
1.331644412130117416e-02
1.315646991133689880e-02
1.313583925366401672e-02
1.300967577844858170e-02
1.319414656609296799e-02
1.310708466917276382e-02
1.303911954164505005e-02
1.317994017153978348e-02
1.303713954985141754e-02
1.305298227816820145e-02
1.292888540774583817e-02
1.295401621609926224e-02
1.301962323486804962e-02
1.283024996519088745e-02
1.295604836195707321e-02
1.293344236910343170e-02
1.289780717343091965e-02
1.281061023473739624e-02
1.280395034700632095e-02
1.278069335967302322e-02
1.286915875971317291e-02
1.281898003071546555e-02
1.275731623172760010e-02
1.282337307929992676e-02
1.274014823138713837e-02
1.279441360384225845e-02
1.274900604039430618e-02
1.264066528528928757e-02
1.265553943812847137e-02
1.264781318604946136e-02
1.263719797134399414e-02
1.270337309688329697e-02
1.265697740018367767e-02
1.277772244065999985e-02
1.268721558153629303e-02
1.274803932756185532e-02
1.260800845921039581e-02
1.265617739409208298e-02
1.257893908768892288e-02
1.250614318996667862e-02
1.253118738532066345e-02
1.264559011906385422e-02
1.249175798147916794e-02
1.259014103561639786e-02
1.251390948891639709e-02
1.252767350524663925e-02
1.237772405147552490e-02
1.238346472382545471e-02
1.245014090090990067e-02
1.242341101169586182e-02
1.235850248485803604e-02
1.238554995507001877e-02
1.237114425748586655e-02
1.245205476880073547e-02
1.238589640706777573e-02
1.215672772377729416e-02
1.234618853777647018e-02
1.227026525884866714e-02
1.220674999058246613e-02
1.223561353981494904e-02
1.222087722271680832e-02
1.216251496225595474e-02
1.221525482833385468e-02
1.218429580330848694e-02
1.226605847477912903e-02
1.223103981465101242e-02
1.225499249994754791e-02
1.213914342224597931e-02
1.195691805332899094e-02
1.210134103894233704e-02
1.205780822783708572e-02
1.203571818768978119e-02
1.205105707049369812e-02
1.216140761971473694e-02
1.213235966861248016e-02
1.193223427981138229e-02
1.199706643819808960e-02
1.192190404981374741e-02
1.201878208667039871e-02
1.192754320800304413e-02
1.209885999560356140e-02
1.200244762003421783e-02
1.196606364101171494e-02
1.206771470606327057e-02
1.188722066581249237e-02
1.196412555873394012e-02
1.190049014985561371e-02
1.193766668438911438e-02
1.186470128595829010e-02
1.187290344387292862e-02
1.181963831186294556e-02
1.179733872413635254e-02
1.180308125913143158e-02
1.178857684135437012e-02
1.171959564089775085e-02
1.177183631807565689e-02
1.184761337935924530e-02
1.177616976201534271e-02
1.178514212369918823e-02
1.180741377174854279e-02
1.169857289642095566e-02
1.168958935886621475e-02
1.172872539609670639e-02
1.171801332384347916e-02
1.165377441793680191e-02
1.165462378412485123e-02
1.164069585502147675e-02
1.163822785019874573e-02
1.160362735390663147e-02
1.157412584871053696e-02
1.163565274327993393e-02
1.156457047909498215e-02
1.150740403681993484e-02
1.159107126295566559e-02
1.163258496671915054e-02
1.153095904737710953e-02
1.164438016712665558e-02
1.149239391088485718e-02
1.150010433048009872e-02
1.151694729924201965e-02
1.156260166317224503e-02
1.150008477270603180e-02
1.139388885349035263e-02
1.156317256391048431e-02
1.141335908323526382e-02
1.141072250902652740e-02
1.148405205458402634e-02
1.138491835445165634e-02
1.147629506886005402e-02
1.137473806738853455e-02
1.139046717435121536e-02
1.131421141326427460e-02
1.144572068005800247e-02
1.140201464295387268e-02
1.140784099698066711e-02
1.133473590016365051e-02
1.137461327016353607e-02
1.132803503423929214e-02
1.130612194538116455e-02
1.134877000004053116e-02
1.138847507536411285e-02
1.131321582943201065e-02
1.134670991450548172e-02
1.130562182515859604e-02
1.117814611643552780e-02
1.121954247355461121e-02
1.126936078071594238e-02
1.124473195523023605e-02
1.116310339421033859e-02
1.114450953900814056e-02
1.126399077475070953e-02
1.123320218175649643e-02
1.111248042434453964e-02
1.121223066002130508e-02
1.118308492004871368e-02
1.101143099367618561e-02
1.110183447599411011e-02
1.114578545093536377e-02
