2.512350380420684814e-01
2.454737573862075806e-01
2.198221981525421143e-01
1.987706571817398071e-01
1.921207457780838013e-01
1.892282068729400635e-01
1.857732534408569336e-01
1.788646280765533447e-01
1.746996194124221802e-01
1.724871844053268433e-01
1.704346686601638794e-01
1.669623553752899170e-01
1.644846796989440918e-01
1.615240424871444702e-01
1.596163362264633179e-01
1.574060916900634766e-01
1.561716645956039429e-01
1.548557877540588379e-01
1.539067476987838745e-01
1.528701335191726685e-01
1.516527980566024780e-01
1.508423388004302979e-01
1.488384455442428589e-01
1.475231051445007324e-01
1.448167562484741211e-01
1.430897563695907593e-01
1.411467194557189941e-01
1.387302577495574951e-01
1.375496387481689453e-01
1.365693360567092896e-01
1.351609528064727783e-01
1.339453905820846558e-01
1.336800158023834229e-01
1.321379840373992920e-01
1.319251656532287598e-01
1.312106996774673462e-01
1.301462203264236450e-01
1.293377727270126343e-01
1.291933655738830566e-01
1.282462626695632935e-01
1.279439926147460938e-01
1.274798214435577393e-01
1.267544627189636230e-01
1.268546581268310547e-01
1.264472007751464844e-01
1.261280328035354614e-01
1.251732409000396729e-01
1.246228367090225220e-01
1.245416775345802307e-01
1.240262761712074280e-01
1.239098906517028809e-01
1.235225722193717957e-01
1.232523322105407715e-01
1.228002831339836121e-01
1.232292279601097107e-01
1.227080076932907104e-01
1.224557906389236450e-01
1.218028739094734192e-01
1.218579933047294617e-01
1.217195540666580200e-01
1.215717643499374390e-01
1.217252016067504883e-01
1.208895146846771240e-01
1.207312494516372681e-01
1.206565350294113159e-01
1.206109300255775452e-01
1.200825199484825134e-01
1.199438869953155518e-01
1.196027621626853943e-01
1.195196434855461121e-01
1.193028986454010010e-01
1.189168691635131836e-01
1.190872788429260254e-01
1.187585666775703430e-01
1.189342364668846130e-01
1.178183183073997498e-01
1.177696660161018372e-01
1.168325915932655334e-01
1.168559193611145020e-01
1.165212690830230713e-01
1.156987398862838745e-01
1.161749288439750671e-01
1.156659051775932312e-01
1.153134256601333618e-01
1.155700981616973877e-01
1.155467554926872253e-01
1.145319640636444092e-01
1.146428436040878296e-01
1.143079847097396851e-01
1.137011498212814331e-01
1.137946844100952148e-01
1.132886335253715515e-01
1.130567044019699097e-01
1.128965020179748535e-01
1.125972718000411987e-01
1.124741211533546448e-01
1.119921356439590454e-01
1.116295084357261658e-01
1.117995604872703552e-01
1.112032905220985413e-01
1.108015552163124084e-01
1.107822805643081665e-01
1.108628511428833008e-01
1.103093698620796204e-01
1.100926026701927185e-01
1.100647673010826111e-01
1.094020977616310120e-01
1.093589887022972107e-01
1.095622777938842773e-01
1.089166030287742615e-01
1.085191965103149414e-01
1.085180640220642090e-01
1.083884909749031067e-01
1.085222586989402771e-01
1.078902482986450195e-01
1.082880347967147827e-01
1.080173552036285400e-01
1.078404933214187622e-01
1.080243661999702454e-01
1.074454635381698608e-01
1.077018752694129944e-01
1.075127348303794861e-01
1.074049547314643860e-01
1.068548411130905151e-01
1.070418879389762878e-01
1.072612628340721130e-01
1.069989949464797974e-01
1.069063246250152588e-01
1.065107956528663635e-01
1.063231900334358215e-01
1.059712842106819153e-01
1.063001900911331177e-01
1.059063002467155457e-01
1.059895455837249756e-01
1.060346588492393494e-01
1.058056652545928955e-01
1.056816726922988892e-01
1.055477410554885864e-01
1.055054515600204468e-01
1.052993088960647583e-01
1.057073697447776794e-01
1.055027469992637634e-01
1.055084541440010071e-01
1.050589904189109802e-01
1.051388978958129883e-01
1.051633879542350769e-01
1.053635552525520325e-01
1.051684468984603882e-01
1.050927042961120605e-01
1.050714105367660522e-01
1.048488765954971313e-01
1.047545969486236572e-01
1.046632602810859680e-01
1.045518070459365845e-01
1.039020419120788574e-01
1.036525592207908630e-01
1.044856384396553040e-01
1.041605249047279358e-01
1.040854007005691528e-01
1.039215326309204102e-01
1.042995005846023560e-01
1.040573865175247192e-01
1.038754880428314209e-01
1.037907898426055908e-01
1.032040417194366455e-01
1.037952452898025513e-01
1.037381291389465332e-01
1.037348434329032898e-01
1.038604825735092163e-01
1.033533811569213867e-01
1.038607880473136902e-01
1.028438508510589600e-01
1.032243892550468445e-01
1.027087941765785217e-01
1.030637398362159729e-01
1.033564731478691101e-01
1.025639176368713379e-01
1.028019413352012634e-01
1.026966646313667297e-01
1.029397174715995789e-01
1.031635776162147522e-01
1.025687083601951599e-01
1.023883074522018433e-01
1.021834686398506165e-01
1.021584048867225647e-01
1.024271249771118164e-01
1.022368147969245911e-01
1.023215502500534058e-01
1.020922362804412842e-01
1.018210723996162415e-01
1.019165515899658203e-01
1.017300859093666077e-01
1.018524914979934692e-01
1.019225940108299255e-01
1.018911302089691162e-01
1.016883030533790588e-01
1.021818742156028748e-01
1.017960608005523682e-01
1.016269698739051819e-01
1.015636175870895386e-01
1.011871546506881714e-01
1.014355197548866272e-01
1.014839559793472290e-01
1.016463115811347961e-01
1.015617400407791138e-01
1.016153544187545776e-01
1.017609760165214539e-01
1.013262048363685608e-01
1.012060642242431641e-01
1.011634692549705505e-01
1.011642068624496460e-01
1.008650213479995728e-01
1.011480391025543213e-01
1.011483445763587952e-01
1.011029332876205444e-01
1.008268967270851135e-01
1.010750085115432739e-01
1.004390046000480652e-01
1.004219949245452881e-01
1.009512022137641907e-01
1.009507104754447937e-01
1.006833687424659729e-01
1.002777889370918274e-01
1.010109186172485352e-01
1.008650735020637512e-01
1.006689444184303284e-01
1.006816104054450989e-01
1.004272475838661194e-01
1.006426662206649780e-01
1.001646816730499268e-01
1.003913804888725281e-01
1.001594439148902893e-01
1.008158475160598755e-01
1.004991084337234497e-01
1.005372107028961182e-01
1.004268825054168701e-01
1.003778874874114990e-01
1.003020703792572021e-01
1.001102998852729797e-01
1.003152877092361450e-01
1.001560539007186890e-01
1.001316457986831665e-01
1.002135723829269409e-01
1.001733466982841492e-01
1.000162288546562195e-01
9.945328533649444580e-02
1.000951007008552551e-01
9.987470507621765137e-02
1.000812202692031860e-01
9.967918694019317627e-02
1.001992374658584595e-01
9.976914525032043457e-02
1.000236496329307556e-01
9.978495538234710693e-02
9.925094246864318848e-02
9.988377243280410767e-02
9.963677078485488892e-02
9.971864521503448486e-02
9.988085925579071045e-02
9.956797212362289429e-02
9.928554296493530273e-02
9.941592067480087280e-02
9.944728761911392212e-02
9.919471293687820435e-02
9.958468377590179443e-02
9.947719424962997437e-02
9.952239692211151123e-02
9.954926371574401855e-02
9.933693706989288330e-02
9.949932992458343506e-02
9.926973283290863037e-02
9.932719916105270386e-02
9.922301024198532104e-02
9.960989654064178467e-02
9.928776323795318604e-02
9.938346594572067261e-02
9.940230101346969604e-02
9.925512969493865967e-02
9.895773231983184814e-02
9.910043329000473022e-02
9.879650920629501343e-02
9.935972839593887329e-02
9.888342022895812988e-02
9.885926544666290283e-02
9.861575067043304443e-02
9.882844239473342896e-02
9.850765764713287354e-02
9.828130155801773071e-02
9.850140661001205444e-02
9.842494875192642212e-02
9.876272827386856079e-02
9.871668368577957153e-02
9.819863736629486084e-02
9.808631241321563721e-02
9.816177189350128174e-02
9.777016937732696533e-02
9.774638712406158447e-02
9.805804491043090820e-02
9.815929085016250610e-02
9.747954457998275757e-02
9.760100394487380981e-02
9.745743870735168457e-02
9.770183265209197998e-02
9.762266278266906738e-02
9.801546484231948853e-02
9.739420562982559204e-02
9.718737751245498657e-02
9.731432795524597168e-02
9.698132425546646118e-02
9.720645844936370850e-02
9.683097153902053833e-02
9.700258076190948486e-02
9.708554297685623169e-02
9.698551148176193237e-02
9.662553668022155762e-02
9.677418321371078491e-02
9.690071642398834229e-02
9.640480577945709229e-02
9.630919247865676880e-02
9.669366478919982910e-02
9.668626636266708374e-02
9.658519178628921509e-02
9.618673473596572876e-02
9.647408872842788696e-02
9.665443748235702515e-02
9.636493772268295288e-02
9.687208384275436401e-02
9.623377770185470581e-02
9.630125761032104492e-02
9.601490199565887451e-02
9.613427519798278809e-02
9.608921408653259277e-02
9.647540003061294556e-02
9.642203897237777710e-02
9.616604447364807129e-02
9.596007317304611206e-02
9.594178199768066406e-02
9.620194137096405029e-02
9.608495235443115234e-02
9.608919918537139893e-02
9.638608992099761963e-02
9.625679254531860352e-02
9.608695656061172485e-02
9.594718366861343384e-02
9.607771784067153931e-02
9.591667354106903076e-02
9.597477316856384277e-02
9.575558453798294067e-02
9.601585566997528076e-02
9.558013826608657837e-02
9.614376723766326904e-02
9.571721404790878296e-02
9.621089696884155273e-02
9.605192393064498901e-02
9.569697082042694092e-02
9.579467028379440308e-02
9.573915600776672363e-02
9.598232805728912354e-02
9.569468349218368530e-02
9.567049890756607056e-02
9.583549201488494873e-02
9.567882120609283447e-02
9.590654820203781128e-02
9.537927061319351196e-02
9.529703110456466675e-02
9.578523039817810059e-02
9.541264921426773071e-02
9.532906115055084229e-02
9.544251859188079834e-02
9.571234881877899170e-02
9.540833532810211182e-02
9.510608017444610596e-02
9.521856904029846191e-02
9.566412121057510376e-02
9.536997228860855103e-02
9.522647410631179810e-02
9.526073932647705078e-02
9.550614655017852783e-02
9.516415745019912720e-02
9.533680975437164307e-02
9.552246332168579102e-02
9.561990201473236084e-02
9.512841701507568359e-02
9.486350417137145996e-02
9.511713683605194092e-02
9.543678909540176392e-02
9.473299980163574219e-02
9.510844945907592773e-02
9.538347274065017700e-02
9.496213495731353760e-02
9.485052525997161865e-02
9.533541649580001831e-02
9.457324445247650146e-02
9.476327151060104370e-02
9.504460543394088745e-02
9.491024911403656006e-02
9.482824802398681641e-02
9.504104405641555786e-02
9.454349428415298462e-02
9.444528073072433472e-02
9.476672112941741943e-02
9.476045519113540649e-02
9.500099718570709229e-02
9.477398544549942017e-02
9.442130476236343384e-02
9.490030258893966675e-02
9.491688758134841919e-02
9.509260207414627075e-02
9.505870193243026733e-02
9.462793916463851929e-02
9.469936788082122803e-02
9.489770233631134033e-02
9.464345127344131470e-02
9.462372958660125732e-02
9.464814513921737671e-02
9.464628249406814575e-02
9.434989094734191895e-02
9.467945247888565063e-02
9.454529732465744019e-02
9.450861811637878418e-02
9.429920464754104614e-02
9.435442835092544556e-02
9.441910684108734131e-02
9.455865621566772461e-02
9.439640492200851440e-02
9.462134540081024170e-02
9.476792067289352417e-02
9.431745111942291260e-02
9.429321438074111938e-02
9.413573145866394043e-02
9.442678838968276978e-02
9.434756636619567871e-02
9.426267445087432861e-02
9.459866583347320557e-02
9.450091421604156494e-02
9.423928707838058472e-02
9.410415589809417725e-02
9.416618943214416504e-02
9.442234039306640625e-02
9.398668259382247925e-02
9.457228332757949829e-02
9.462869912385940552e-02
9.421630203723907471e-02
9.410273283720016479e-02
9.419585019350051880e-02
9.447311609983444214e-02
9.392239153385162354e-02
9.425037354230880737e-02
9.406018257141113281e-02
9.411489963531494141e-02
9.370274096727371216e-02
9.384862333536148071e-02
9.402427822351455688e-02
9.423447400331497192e-02
9.401831030845642090e-02
9.403846412897109985e-02
9.396868199110031128e-02
9.371744841337203979e-02
9.394135326147079468e-02
9.422166645526885986e-02
9.387926012277603149e-02
9.366615116596221924e-02
9.373326599597930908e-02
9.383472800254821777e-02
9.432930499315261841e-02
9.417540580034255981e-02
9.396464377641677856e-02
9.367477148771286011e-02
9.384130686521530151e-02
9.384809434413909912e-02
9.364452213048934937e-02
9.333770722150802612e-02
9.346920996904373169e-02
9.376932680606842041e-02
9.396307170391082764e-02
9.388225525617599487e-02
9.333162754774093628e-02
9.384046494960784912e-02
9.339420497417449951e-02
9.369704872369766235e-02
9.380608052015304565e-02
9.366346150636672974e-02
9.365061670541763306e-02
9.369421750307083130e-02
9.362110495567321777e-02
9.322125464677810669e-02
9.361160546541213989e-02
9.365856647491455078e-02
9.336407482624053955e-02
9.359674900770187378e-02
9.353493154048919678e-02
9.376174211502075195e-02
9.408099204301834106e-02
9.360790252685546875e-02
9.330925345420837402e-02
9.334613382816314697e-02
9.334093332290649414e-02
9.337591379880905151e-02
9.307225793600082397e-02
9.385013580322265625e-02
