2.509824037551879883e-01
2.418242841958999634e-01
1.966249197721481323e-01
1.752794384956359863e-01
1.675543785095214844e-01
1.630140841007232666e-01
1.581017076969146729e-01
1.547899842262268066e-01
1.520006060600280762e-01
1.488291621208190918e-01
1.468025147914886475e-01
1.442723423242568970e-01
1.418543905019760132e-01
1.400329470634460449e-01
1.381797194480895996e-01
1.360076963901519775e-01
1.341703385114669800e-01
1.329571157693862915e-01
1.314096301794052124e-01
1.297445446252822876e-01
1.284129768610000610e-01
1.277788132429122925e-01
1.258181631565093994e-01
1.247147396206855774e-01
1.238341182470321655e-01
1.226371899247169495e-01
1.217480674386024475e-01
1.204199120402336121e-01
1.191510111093521118e-01
1.190614625811576843e-01
1.174528896808624268e-01
1.168801784515380859e-01
1.159827336668968201e-01
1.158510744571685791e-01
1.141969636082649231e-01
1.140570715069770813e-01
1.130137965083122253e-01
1.124629750847816467e-01
1.119819432497024536e-01
1.116375699639320374e-01
1.108447387814521790e-01
1.106581613421440125e-01
1.097263172268867493e-01
1.089124530553817749e-01
1.086756065487861633e-01
1.085398346185684204e-01
1.074596792459487915e-01
1.071591302752494812e-01
1.064923778176307678e-01
1.063873693346977234e-01
1.058935001492500305e-01
1.053284183144569397e-01
1.045702397823333740e-01
1.043996885418891907e-01
1.039675399661064148e-01
1.035062670707702637e-01
1.031814962625503540e-01
1.030924692749977112e-01
1.024523451924324036e-01
1.024670600891113281e-01
1.018666997551918030e-01
1.013179346919059753e-01
1.008401513099670410e-01
1.012035757303237915e-01
1.008977219462394714e-01
1.000737994909286499e-01
9.980014711618423462e-02
9.966810792684555054e-02
9.959790855646133423e-02
9.917117655277252197e-02
9.889343380928039551e-02
9.871453791856765747e-02
9.805379062891006470e-02
9.800369292497634888e-02
9.752824902534484863e-02
9.758416563272476196e-02
9.712383151054382324e-02
9.663641452789306641e-02
9.653656184673309326e-02
9.659317880868911743e-02
9.575205296277999878e-02
9.648245573043823242e-02
9.591270238161087036e-02
9.517633914947509766e-02
9.581148624420166016e-02
9.486424922943115234e-02
9.453891217708587646e-02
9.437941759824752808e-02
9.424607455730438232e-02
9.427806735038757324e-02
9.368305653333663940e-02
9.400674700736999512e-02
9.358079731464385986e-02
9.328084439039230347e-02
9.336220473051071167e-02
9.301364421844482422e-02
9.261690080165863037e-02
9.244068711996078491e-02
9.224651008844375610e-02
9.214136004447937012e-02
9.204501658678054810e-02
9.172932803630828857e-02
9.160980582237243652e-02
9.168972820043563843e-02
9.122948348522186279e-02
9.081012755632400513e-02
9.082359820604324341e-02
9.030582755804061890e-02
9.045708924531936646e-02
9.020607173442840576e-02
9.002326428890228271e-02
9.055238962173461914e-02
9.010242670774459839e-02
8.979791402816772461e-02
8.998481184244155884e-02
8.925592899322509766e-02
8.915685862302780151e-02
8.921682089567184448e-02
8.914895355701446533e-02
8.849515765905380249e-02
8.897832036018371582e-02
8.864804357290267944e-02
8.867236226797103882e-02
8.827618509531021118e-02
8.805914968252182007e-02
8.842238038778305054e-02
8.786737173795700073e-02
8.800166100263595581e-02
8.739603310823440552e-02
8.725804835557937622e-02
8.766160160303115845e-02
8.761306107044219971e-02
8.667131513357162476e-02
8.704464882612228394e-02
8.678007125854492188e-02
8.681671321392059326e-02
8.663135021924972534e-02
8.666609972715377808e-02
8.616635203361511230e-02
8.627389371395111084e-02
8.584807068109512329e-02
8.588896691799163818e-02
8.603779971599578857e-02
8.613237738609313965e-02
8.575218915939331055e-02
8.561920374631881714e-02
8.531980961561203003e-02
8.518279343843460083e-02
8.501737564802169800e-02
8.513513952493667603e-02
8.503273129463195801e-02
8.465483784675598145e-02
8.477973192930221558e-02
8.446365594863891602e-02
8.461148291826248169e-02
8.436502516269683838e-02
8.419588953256607056e-02
8.423428237438201904e-02
8.408554643392562866e-02
8.418297022581100464e-02
8.373647928237915039e-02
8.369760215282440186e-02
8.381865173578262329e-02
8.331348747014999390e-02
8.354336023330688477e-02
8.344492316246032715e-02
8.329109847545623779e-02
8.356187492609024048e-02
8.335008472204208374e-02
8.333809673786163330e-02
8.286125957965850830e-02
8.273247629404067993e-02
8.267762511968612671e-02
8.260061591863632202e-02
8.267650008201599121e-02
8.232333511114120483e-02
8.266822993755340576e-02
8.238226920366287231e-02
8.195100724697113037e-02
8.206107467412948608e-02
8.236315101385116577e-02
8.195311576128005981e-02
8.214196562767028809e-02
8.220952749252319336e-02
8.168394118547439575e-02
8.185671269893646240e-02
8.172081410884857178e-02
8.141784369945526123e-02
8.139345049858093262e-02
8.115607500076293945e-02
8.131219446659088135e-02
8.091223984956741333e-02
8.096221089363098145e-02
8.095426112413406372e-02
8.082000166177749634e-02
8.086661249399185181e-02
8.102304488420486450e-02
8.086809515953063965e-02
8.081246167421340942e-02
8.076472580432891846e-02
8.043116331100463867e-02
8.014774322509765625e-02
8.049216866493225098e-02
8.044902235269546509e-02
8.012328296899795532e-02
8.025749772787094116e-02
8.024512976408004761e-02
8.022814244031906128e-02
7.991115748882293701e-02
8.015201985836029053e-02
7.981093972921371460e-02
7.959318161010742188e-02
7.962173223495483398e-02
7.997205853462219238e-02
7.941136509180068970e-02
7.908028364181518555e-02
7.935570925474166870e-02
7.923214137554168701e-02
7.925695925951004028e-02
7.927735149860382080e-02
7.913444191217422485e-02
7.906588912010192871e-02
7.882709801197052002e-02
7.885625958442687988e-02
7.887317240238189697e-02
7.919374108314514160e-02
7.850954681634902954e-02
7.884012162685394287e-02
7.862623035907745361e-02
7.852087914943695068e-02
7.852276414632797241e-02
7.830635458230972290e-02
7.827661186456680298e-02
7.850807160139083862e-02
7.838774472475051880e-02
7.816603034734725952e-02
7.806647568941116333e-02
7.771541923284530640e-02
7.829948514699935913e-02
7.780298590660095215e-02
7.805258035659790039e-02
7.780940085649490356e-02
7.782975584268569946e-02
7.807077467441558838e-02
7.765327394008636475e-02
7.780923694372177124e-02
7.771120220422744751e-02
7.730197906494140625e-02
7.715991139411926270e-02
7.747998088598251343e-02
7.734736800193786621e-02
7.685534656047821045e-02
7.719256728887557983e-02
7.708699256181716919e-02
7.731170952320098877e-02
7.716783881187438965e-02
7.670951634645462036e-02
7.666581869125366211e-02
7.719060778617858887e-02
7.689254730939865112e-02
7.667459547519683838e-02
7.663884758949279785e-02
7.680033147335052490e-02
7.658140361309051514e-02
7.638291269540786743e-02
7.656247168779373169e-02
7.632115483283996582e-02
7.628746330738067627e-02
7.660970091819763184e-02
7.619809359312057495e-02
7.637869566679000854e-02
7.590866833925247192e-02
7.618371397256851196e-02
7.600573450326919556e-02
7.582822442054748535e-02
7.590314745903015137e-02
7.615157961845397949e-02
7.613871991634368896e-02
7.587791234254837036e-02
7.547735422849655151e-02
7.558444887399673462e-02
7.575890421867370605e-02
7.552475482225418091e-02
7.561815530061721802e-02
7.548201829195022583e-02
7.540360838174819946e-02
7.560896873474121094e-02
7.512550055980682373e-02
7.539378851652145386e-02
7.570268213748931885e-02
7.537409663200378418e-02
7.513321191072463989e-02
7.483518868684768677e-02
7.518769055604934692e-02
7.520781457424163818e-02
7.525182515382766724e-02
7.508693635463714600e-02
7.492262870073318481e-02
7.471459358930587769e-02
7.520227879285812378e-02
7.494232058525085449e-02
7.469464838504791260e-02
7.484364509582519531e-02
7.484583556652069092e-02
7.488300651311874390e-02
7.461547851562500000e-02
7.456185668706893921e-02
7.460535317659378052e-02
7.428851723670959473e-02
7.471386343240737915e-02
7.444876432418823242e-02
7.439899444580078125e-02
7.469707727432250977e-02
7.420998811721801758e-02
7.418385148048400879e-02
7.420238107442855835e-02
7.444310933351516724e-02
7.445145398378372192e-02
7.405362278223037720e-02
7.423352450132369995e-02
7.410407066345214844e-02
7.421930879354476929e-02
7.403220981359481812e-02
7.398395240306854248e-02
7.402944564819335938e-02
7.389708608388900757e-02
7.401800155639648438e-02
7.392680644989013672e-02
7.361680269241333008e-02
7.397381961345672607e-02
7.353167980909347534e-02
7.373701781034469604e-02
7.361444830894470215e-02
7.354330271482467651e-02
7.348275929689407349e-02
7.352089136838912964e-02
7.330086827278137207e-02
7.354243099689483643e-02
7.360678911209106445e-02
7.332768291234970093e-02
7.363087683916091919e-02
7.291762530803680420e-02
7.329381257295608521e-02
7.339613139629364014e-02
7.299310714006423950e-02
7.294594496488571167e-02
7.319374382495880127e-02
7.326493412256240845e-02
7.298962026834487915e-02
7.272761315107345581e-02
7.273697108030319214e-02
7.320985198020935059e-02
7.287964969873428345e-02
7.285418361425399780e-02
7.294760644435882568e-02
7.304561138153076172e-02
7.300134003162384033e-02
7.291582226753234863e-02
7.283249497413635254e-02
7.255777716636657715e-02
7.279065251350402832e-02
7.261747121810913086e-02
7.269347459077835083e-02
7.277271896600723267e-02
7.259597629308700562e-02
7.226300984621047974e-02
7.241576910018920898e-02
7.261592894792556763e-02
7.245551794767379761e-02
7.213706523180007935e-02
7.262074947357177734e-02
7.257892936468124390e-02
7.234437763690948486e-02
7.247557491064071655e-02
7.219298183917999268e-02
7.218444347381591797e-02
7.248532772064208984e-02
7.237523794174194336e-02
7.211732864379882812e-02
7.204580307006835938e-02
7.217551022768020630e-02
7.235244661569595337e-02
7.214491814374923706e-02
7.195855677127838135e-02
7.198950648307800293e-02
7.190540432929992676e-02
7.176167517900466919e-02
7.187956571578979492e-02
7.186313718557357788e-02
7.198991626501083374e-02
7.151802629232406616e-02
7.174638658761978149e-02
7.147841155529022217e-02
7.168361544609069824e-02
7.170670479536056519e-02
7.162783294916152954e-02
7.153939455747604370e-02
7.165876775979995728e-02
7.163377106189727783e-02
7.156267017126083374e-02
7.163725793361663818e-02
7.159165292978286743e-02
7.161786407232284546e-02
7.139852643013000488e-02
7.150276750326156616e-02
7.129614055156707764e-02
7.147215306758880615e-02
7.114052027463912964e-02
7.119794934988021851e-02
7.128765434026718140e-02
7.122469693422317505e-02
7.110238820314407349e-02
7.121983170509338379e-02
7.117578387260437012e-02
7.136515527963638306e-02
7.108423113822937012e-02
7.141735404729843140e-02
7.143452018499374390e-02
7.086704671382904053e-02
7.119578868150711060e-02
7.082858681678771973e-02
7.078491896390914917e-02
7.120519876480102539e-02
7.094720751047134399e-02
7.112760096788406372e-02
7.131142169237136841e-02
7.065796107053756714e-02
7.072285562753677368e-02
7.093867659568786621e-02
7.066100835800170898e-02
7.067304849624633789e-02
7.073634117841720581e-02
7.088077068328857422e-02
7.098322361707687378e-02
7.061655819416046143e-02
7.076745480298995972e-02
7.069394737482070923e-02
7.057660073041915894e-02
7.052337378263473511e-02
7.056569308042526245e-02
7.055709511041641235e-02
7.047779858112335205e-02
7.061795890331268311e-02
7.065977901220321655e-02
7.047566026449203491e-02
7.045411318540573120e-02
7.039815187454223633e-02
7.030270248651504517e-02
7.055236399173736572e-02
7.062668353319168091e-02
7.024412602186203003e-02
7.006417214870452881e-02
7.027849555015563965e-02
7.034797966480255127e-02
6.990572810173034668e-02
7.021343708038330078e-02
7.035383582115173340e-02
7.026667892932891846e-02
6.998436152935028076e-02
7.027477771043777466e-02
7.021560519933700562e-02
6.970413029193878174e-02
7.008402794599533081e-02
7.006401568651199341e-02
6.993469595909118652e-02
6.975649297237396240e-02
7.017465680837631226e-02
6.985623389482498169e-02
7.006328552961349487e-02
7.001570612192153931e-02
6.978569179773330688e-02
6.982387602329254150e-02
6.985467672348022461e-02
6.975933909416198730e-02
6.957686692476272583e-02
6.988612562417984009e-02
6.967058777809143066e-02
6.967108696699142456e-02
6.991014629602432251e-02
6.960295885801315308e-02
6.994097679853439331e-02
6.959196925163269043e-02
6.972230225801467896e-02
6.957563012838363647e-02
6.964693963527679443e-02
6.960456073284149170e-02
6.947652995586395264e-02
6.962718814611434937e-02
6.953536719083786011e-02
6.976260244846343994e-02
6.945036351680755615e-02
6.964422017335891724e-02
6.936811655759811401e-02
6.946406513452529907e-02
6.930736452341079712e-02
6.948892027139663696e-02
6.935172528028488159e-02
6.939285993576049805e-02
6.915207952260971069e-02
6.936746835708618164e-02
