2.500897347927093506e-01
1.961418390274047852e-01
1.317565441131591797e-01
1.145122498273849487e-01
1.066538468003273010e-01
1.004984304308891296e-01
9.507872164249420166e-02
9.119842201471328735e-02
8.662040531635284424e-02
8.349047601222991943e-02
8.113922178745269775e-02
7.946192473173141479e-02
7.792434096336364746e-02
7.523947954177856445e-02
7.428120076656341553e-02
7.253903150558471680e-02
7.160618156194686890e-02
7.038667052984237671e-02
6.927873939275741577e-02
6.804948300123214722e-02
6.710663437843322754e-02
6.613022089004516602e-02
6.553046405315399170e-02
6.453365832567214966e-02
6.360279768705368042e-02
6.294344365596771240e-02
6.247513368725776672e-02
6.180266290903091431e-02
6.089603155851364136e-02
6.034231558442115784e-02
6.004688516259193420e-02
5.934870988130569458e-02
5.903342366218566895e-02
5.829357728362083435e-02
5.789605528116226196e-02
5.735603719949722290e-02
5.714887380599975586e-02
5.703522264957427979e-02
5.621371045708656311e-02
5.570886284112930298e-02
5.535193532705307007e-02
5.507927015423774719e-02
5.471437424421310425e-02
5.448653176426887512e-02
5.393401533365249634e-02
5.406312644481658936e-02
5.354475229978561401e-02
5.344956368207931519e-02
5.362666398286819458e-02
5.263128131628036499e-02
5.269931629300117493e-02
5.248493328690528870e-02
5.197898298501968384e-02
5.202249810099601746e-02
5.175454169511795044e-02
5.148596316576004028e-02
5.148713290691375732e-02
5.160257965326309204e-02
5.097909644246101379e-02
5.074326694011688232e-02
5.062570050358772278e-02
5.057702213525772095e-02
5.006585270166397095e-02
5.055526643991470337e-02
5.012890696525573730e-02
4.972647503018379211e-02
5.005112662911415100e-02
4.981181398034095764e-02
4.937291890382766724e-02
4.973745718598365784e-02
4.909224435687065125e-02
4.925850778818130493e-02
4.928508400917053223e-02
4.910028725862503052e-02
4.877802357077598572e-02
4.879157617688179016e-02
4.835031181573867798e-02
4.837485402822494507e-02
4.832579940557479858e-02
4.829636216163635254e-02
4.785606265068054199e-02
4.818684980273246765e-02
4.780096560716629028e-02
4.796441271901130676e-02
4.772788658738136292e-02
4.776217788457870483e-02
4.763553291559219360e-02
4.773490503430366516e-02
4.724135994911193848e-02
4.710819944739341736e-02
4.714665189385414124e-02
4.697809368371963501e-02
4.687572270631790161e-02
4.690087214112281799e-02
4.696263745427131653e-02
4.682363197207450867e-02
4.656876996159553528e-02
4.634327813982963562e-02
4.655315726995468140e-02
4.636943712830543518e-02
4.648745805025100708e-02
4.646911472082138062e-02
4.638027027249336243e-02
4.634461924433708191e-02
4.602205753326416016e-02
4.593603685498237610e-02
4.571527242660522461e-02
4.598418623208999634e-02
4.574241116642951965e-02
4.565702751278877258e-02
4.564483091235160828e-02
4.586615413427352905e-02
4.561617597937583923e-02
4.568384215235710144e-02
4.548149555921554565e-02
4.512856900691986084e-02
4.503722488880157471e-02
4.537830501794815063e-02
4.499162733554840088e-02
4.518627375364303589e-02
4.504419118165969849e-02
4.530905187129974365e-02
4.521237686276435852e-02
4.447977617383003235e-02
4.481290653347969055e-02
4.506254568696022034e-02
4.494121298193931580e-02
4.494445770978927612e-02
4.470099881291389465e-02
4.465458542108535767e-02
4.460963979363441467e-02
4.457679763436317444e-02
4.440715163946151733e-02
4.470303282141685486e-02
4.469269141554832458e-02
4.431352391839027405e-02
4.416444897651672363e-02
4.379527643322944641e-02
4.436394199728965759e-02
4.426942393183708191e-02
4.404197633266448975e-02
4.413037747144699097e-02
4.408721998333930969e-02
4.430487751960754395e-02
4.398572444915771484e-02
4.364931583404541016e-02
4.380557313561439514e-02
4.406370595097541809e-02
4.382728412747383118e-02
4.365752637386322021e-02
4.378631711006164551e-02
4.374774172902107239e-02
4.385991021990776062e-02
4.351636767387390137e-02
4.343682527542114258e-02
4.303707554936408997e-02
4.328578710556030273e-02
4.321373999118804932e-02
4.336450621485710144e-02
4.345391318202018738e-02
4.357688501477241516e-02
4.331267252564430237e-02
4.323644563555717468e-02
4.327878355979919434e-02
4.311319440603256226e-02
4.309405013918876648e-02
4.304721951484680176e-02
4.317723959684371948e-02
4.324511811137199402e-02
4.286487773060798645e-02
4.282076656818389893e-02
4.298002645373344421e-02
4.275517910718917847e-02
4.275720566511154175e-02
4.296350106596946716e-02
4.267597943544387817e-02
4.300029948353767395e-02
4.249034076929092407e-02
4.241493344306945801e-02
4.230429232120513916e-02
4.280342161655426025e-02
4.276463761925697327e-02
4.256993532180786133e-02
4.253262653946876526e-02
4.237830638885498047e-02
4.231433197855949402e-02
4.291556403040885925e-02
4.218605160713195801e-02
4.234945029020309448e-02
4.208879917860031128e-02
4.216150566935539246e-02
4.236160218715667725e-02
4.230185970664024353e-02
4.221393913030624390e-02
4.228880256414413452e-02
4.221200570464134216e-02
4.194070771336555481e-02
4.199733585119247437e-02
4.226709157228469849e-02
4.195750504732131958e-02
4.204563796520233154e-02
4.210829734802246094e-02
4.200866445899009705e-02
4.176806285977363586e-02
4.191884025931358337e-02
4.198674857616424561e-02
4.194334894418716431e-02
4.179318621754646301e-02
4.192919284105300903e-02
4.204177111387252808e-02
4.159260541200637817e-02
4.170620813965797424e-02
4.179616644978523254e-02
4.155323654413223267e-02
4.170360416173934937e-02
4.181532189249992371e-02
4.156523197889328003e-02
4.155617952346801758e-02
4.165331646800041199e-02
4.160872846841812134e-02
4.123546555638313293e-02
4.161202907562255859e-02
4.156482592225074768e-02
4.144765064120292664e-02
4.171163588762283325e-02
4.149247333407402039e-02
4.147740080952644348e-02
4.155249893665313721e-02
4.105143249034881592e-02
4.136387258768081665e-02
4.086757078766822815e-02
4.122640565037727356e-02
4.123708605766296387e-02
4.145112261176109314e-02
4.134507104754447937e-02
4.117839410901069641e-02
4.084906354546546936e-02
4.113947227597236633e-02
4.111308977007865906e-02
4.135380685329437256e-02
4.096670821309089661e-02
4.131012037396430969e-02
4.091709852218627930e-02
4.091840982437133789e-02
4.104571044445037842e-02
4.101150855422019958e-02
4.090487584471702576e-02
4.120029881596565247e-02
4.088769108057022095e-02
4.096192866563796997e-02
4.071872681379318237e-02
4.066204652190208435e-02
4.099948704242706299e-02
4.071225598454475403e-02
4.092248901724815369e-02
4.076957702636718750e-02
4.117861762642860413e-02
4.087793827056884766e-02
4.041625559329986572e-02
4.041785746812820435e-02
4.088227823376655579e-02
4.068538174033164978e-02
4.059095680713653564e-02
4.062439873814582825e-02
4.078807309269905090e-02
4.050960019230842590e-02
4.046105593442916870e-02
4.080350697040557861e-02
4.063991829752922058e-02
4.019896313548088074e-02
4.071991890668869019e-02
4.048464819788932800e-02
4.058086499571800232e-02
4.042012989521026611e-02
4.047118499875068665e-02
4.032469168305397034e-02
4.051480442285537720e-02
4.034356027841567993e-02
4.053211584687232971e-02
4.035480320453643799e-02
4.053023830056190491e-02
4.056695848703384399e-02
4.046277701854705811e-02
4.045495018362998962e-02
4.010143503546714783e-02
4.028269648551940918e-02
4.029408097267150879e-02
4.003749415278434753e-02
4.025973752140998840e-02
4.026005417108535767e-02
4.027466475963592529e-02
4.018447548151016235e-02
3.992821648716926575e-02
4.018664732575416565e-02
3.997975960373878479e-02
3.995105624198913574e-02
4.031379520893096924e-02
4.016552120447158813e-02
4.006547480821609497e-02
3.989694267511367798e-02
4.001884907484054565e-02
3.985310718417167664e-02
4.012383520603179932e-02
3.993368148803710938e-02
4.000429436564445496e-02
3.966610133647918701e-02
3.985969349741935730e-02
3.994936496019363403e-02
4.025149345397949219e-02
3.967227786779403687e-02
3.991230949759483337e-02
3.967039287090301514e-02
4.003276675939559937e-02
3.963569924235343933e-02
3.956870362162590027e-02
3.973745554685592651e-02
3.975798934698104858e-02
3.972849994897842407e-02
3.988691046833992004e-02
3.976848721504211426e-02
3.977230191230773926e-02
3.947316855192184448e-02
3.958935663104057312e-02
3.965465724468231201e-02
3.957559913396835327e-02
3.957214206457138062e-02
4.000239074230194092e-02
3.937207162380218506e-02
3.964089602231979370e-02
3.975894302129745483e-02
3.957891464233398438e-02
3.918988630175590515e-02
3.960129618644714355e-02
3.954748436808586121e-02
3.956313431262969971e-02
3.959416598081588745e-02
3.933593258261680603e-02
3.921745717525482178e-02
3.967579081654548645e-02
3.948307409882545471e-02
3.943020477890968323e-02
3.954736515879631042e-02
3.937865793704986572e-02
3.922280669212341309e-02
3.929986804723739624e-02
3.940981999039649963e-02
3.955270722508430481e-02
3.936903551220893860e-02
3.932076692581176758e-02
3.940196707844734192e-02
3.941047564148902893e-02
3.921303525567054749e-02
3.906610235571861267e-02
3.933136165142059326e-02
3.931997343897819519e-02
3.934817388653755188e-02
3.913573548197746277e-02
3.914399817585945129e-02
3.917182236909866333e-02
3.919808939099311829e-02
3.904380649328231812e-02
3.916572034358978271e-02
3.927385807037353516e-02
3.911266475915908813e-02
3.898171335458755493e-02
3.936225920915603638e-02
3.906159847974777222e-02
3.918873891234397888e-02
3.909048810601234436e-02
3.861983120441436768e-02
3.916057944297790527e-02
3.917541354894638062e-02
3.906012326478958130e-02
3.899584338068962097e-02
3.887505456805229187e-02
3.899120166897773743e-02
3.900992870330810547e-02
3.894474729895591736e-02
3.886316716670989990e-02
3.903520852327346802e-02
3.905921056866645813e-02
3.893024101853370667e-02
3.876975178718566895e-02
3.905674815177917480e-02
3.875264897942543030e-02
3.910150006413459778e-02
3.895632550120353699e-02
3.915905207395553589e-02
3.891745209693908691e-02
3.896304219961166382e-02
3.886459022760391235e-02
3.870929405093193054e-02
3.889376670122146606e-02
3.899136185646057129e-02
3.878502920269966125e-02
3.867714852094650269e-02
3.874972835183143616e-02
3.862744197249412537e-02
3.873972967267036438e-02
3.871824219822883606e-02
3.872708603739738464e-02
3.859673067927360535e-02
3.846655040979385376e-02
3.867145627737045288e-02
3.876222670078277588e-02
3.874723985791206360e-02
3.855025768280029297e-02
3.871216252446174622e-02
3.855289891362190247e-02
3.881315886974334717e-02
3.888945654034614563e-02
3.854013979434967041e-02
3.852484375238418579e-02
3.869977220892906189e-02
3.875189647078514099e-02
3.831276297569274902e-02
3.856165707111358643e-02
3.845369070768356323e-02
3.879986330866813660e-02
3.865760564804077148e-02
3.855180367827415466e-02
3.852630779147148132e-02
3.864477202296257019e-02
3.839956596493721008e-02
3.852430358529090881e-02
3.855542838573455811e-02
3.845078870654106140e-02
3.846012055873870850e-02
3.835574164986610413e-02
3.826455026865005493e-02
3.859581425786018372e-02
3.853799030184745789e-02
3.832980245351791382e-02
3.840212151408195496e-02
3.856233879923820496e-02
3.815039619803428650e-02
3.830616921186447144e-02
3.821127489209175110e-02
3.806724399328231812e-02
3.830375894904136658e-02
3.830556198954582214e-02
3.816079720854759216e-02
3.838803246617317200e-02
3.815177083015441895e-02
3.818441927433013916e-02
3.827080130577087402e-02
3.817474842071533203e-02
3.827742859721183777e-02
3.845886886119842529e-02
3.831320628523826599e-02
3.825426101684570312e-02
3.792065009474754333e-02
3.833729028701782227e-02
3.831618651747703552e-02
3.826145082712173462e-02
3.812660276889801025e-02
3.848028555512428284e-02
3.837250173091888428e-02
3.793359920382499695e-02
3.817197307944297791e-02
3.769891336560249329e-02
3.812238574028015137e-02
3.814564645290374756e-02
3.801067173480987549e-02
3.801413252949714661e-02
3.839312493801116943e-02
3.811342269182205200e-02
3.792807087302207947e-02
3.808393701910972595e-02
3.803643584251403809e-02
3.815356269478797913e-02
3.807140141725540161e-02
3.792897239327430725e-02
3.809278458356857300e-02
3.798530995845794678e-02
3.795603290200233459e-02
3.807840123772621155e-02
3.787417337298393250e-02
3.805047273635864258e-02
3.798487037420272827e-02
3.792414814233779907e-02
3.793435543775558472e-02
3.796224668622016907e-02
3.778423741459846497e-02
3.803191706538200378e-02
3.797721490263938904e-02
3.794378414750099182e-02
3.779753670096397400e-02
3.820072486996650696e-02
3.812162950634956360e-02
3.800852596759796143e-02
3.774787858128547668e-02
3.767168894410133362e-02
3.769828751683235168e-02
3.800481557846069336e-02
3.782807290554046631e-02
3.785150125622749329e-02
3.816859796643257141e-02
3.820360824465751648e-02
3.768127784132957458e-02
