2.486367374658584595e-01
2.472314089536666870e-01
2.449052184820175171e-01
2.419454753398895264e-01
2.369350343942642212e-01
2.314498126506805420e-01
2.268703430891036987e-01
2.215079814195632935e-01
2.080915570259094238e-01
1.816043555736541748e-01
1.614239811897277832e-01
1.478492915630340576e-01
1.371835470199584961e-01
1.282371729612350464e-01
1.207197234034538269e-01
1.144452244043350220e-01
1.091244891285896301e-01
1.042905300855636597e-01
1.001601293683052063e-01
9.598947316408157349e-02
9.232390671968460083e-02
8.908183127641677856e-02
8.543037623167037964e-02
8.304876089096069336e-02
8.038607984781265259e-02
7.720486819744110107e-02
7.535754144191741943e-02
7.303199917078018188e-02
7.177133113145828247e-02
6.897080689668655396e-02
6.750448048114776611e-02
6.563447415828704834e-02
6.424679607152938843e-02
6.289933621883392334e-02
6.151159107685089111e-02
6.023211032152175903e-02
5.905412882566452026e-02
5.785195529460906982e-02
5.677730962634086609e-02
5.543449893593788147e-02
5.451249703764915466e-02
5.339210852980613708e-02
5.244572460651397705e-02
5.151100829243659973e-02
5.105134472250938416e-02
4.975043237209320068e-02
4.898028448224067688e-02
4.814927652478218079e-02
4.734505340456962585e-02
4.678123816847801208e-02
4.593977704644203186e-02
4.481028765439987183e-02
4.445549845695495605e-02
4.406203702092170715e-02
4.340253770351409912e-02
4.297262057662010193e-02
4.233787581324577332e-02
4.171019420027732849e-02
4.143072292208671570e-02
4.051801934838294983e-02
4.037898033857345581e-02
3.954918310046195984e-02
3.932683169841766357e-02
3.893593326210975647e-02
3.886165842413902283e-02
3.785680979490280151e-02
3.772285580635070801e-02
3.775673359632492065e-02
3.681676834821701050e-02
3.687692433595657349e-02
3.598583489656448364e-02
3.581372648477554321e-02
3.551510721445083618e-02
3.502310812473297119e-02
3.502967581152915955e-02
3.447012603282928467e-02
3.453290462493896484e-02
3.348641842603683472e-02
3.332860022783279419e-02
3.330373018980026245e-02
3.277141973376274109e-02
3.306869417428970337e-02
3.264587000012397766e-02
3.219769150018692017e-02
3.186858445405960083e-02
3.163786977529525757e-02
3.196151182055473328e-02
3.126855567097663879e-02
3.124588727951049805e-02
3.096077777445316315e-02
3.055373206734657288e-02
3.029430843889713287e-02
3.041514568030834198e-02
2.982130087912082672e-02
2.991441264748573303e-02
2.952857129275798798e-02
2.914031967520713806e-02
2.899849787354469299e-02
2.886763773858547211e-02
2.888938598334789276e-02
2.894528023898601532e-02
2.859883569180965424e-02
2.816413342952728271e-02
2.814631909132003784e-02
2.825960516929626465e-02
2.777453698217868805e-02
2.757524885237216949e-02
2.742610126733779907e-02
2.738193422555923462e-02
2.703401260077953339e-02
2.741468325257301331e-02
2.699225582182407379e-02
2.694000676274299622e-02
2.680965699255466461e-02
2.658342756330966949e-02
2.617455087602138519e-02
2.599526755511760712e-02
2.599976770579814911e-02
2.590319141745567322e-02
2.569562196731567383e-02
2.551201544702053070e-02
2.562590874731540680e-02
2.577997557818889618e-02
2.520298957824707031e-02
2.538204006850719452e-02
2.496500872075557709e-02
2.523823268711566925e-02
2.477072924375534058e-02
2.466217055916786194e-02
2.477852627635002136e-02
2.466658875346183777e-02
2.446931414306163788e-02
2.451664954423904419e-02
2.426235377788543701e-02
2.410422451794147491e-02
2.396428212523460388e-02
2.392047643661499023e-02
2.399814687669277191e-02
2.377789095044136047e-02
2.340526320040225983e-02
2.384231612086296082e-02
2.350139804184436798e-02
2.318489924073219299e-02
2.328480966389179230e-02
2.375501208007335663e-02
2.297480776906013489e-02
2.304070629179477692e-02
2.278598956763744354e-02
2.291465550661087036e-02
2.300546690821647644e-02
2.274297364056110382e-02
2.262592874467372894e-02
2.253392711281776428e-02
2.269943244755268097e-02
2.228419296443462372e-02
2.264437638223171234e-02
2.217283658683300018e-02
2.188690192997455597e-02
2.229713648557662964e-02
2.173138596117496490e-02
2.201665192842483521e-02
2.154750004410743713e-02
2.208333276212215424e-02
2.162064425647258759e-02
2.224995754659175873e-02
2.174011804163455963e-02
2.152157761156558990e-02
2.138857357203960419e-02
2.150404080748558044e-02
2.151846326887607574e-02
2.139100059866905212e-02
2.101388759911060333e-02
2.114089764654636383e-02
2.126852981746196747e-02
2.110817097127437592e-02
2.168250270187854767e-02
2.096806280314922333e-02
2.070625126361846924e-02
2.062689512968063354e-02
2.079519815742969513e-02
2.038693428039550781e-02
2.040551975369453430e-02
2.093843184411525726e-02
2.054524421691894531e-02
2.020340599119663239e-02
2.017769403755664825e-02
2.001946046948432922e-02
2.023705467581748962e-02
2.021269686520099640e-02
2.005654945969581604e-02
1.996908523142337799e-02
1.981241442263126373e-02
1.981915719807147980e-02
1.978433877229690552e-02
1.969591528177261353e-02
1.968391053378582001e-02
1.989852078258991241e-02
1.992795802652835846e-02
1.924242079257965088e-02
1.977866142988204956e-02
1.913108490407466888e-02
1.947201229631900787e-02
1.959492452442646027e-02
1.926080137491226196e-02
1.931876130402088165e-02
1.932465843856334686e-02
1.925098337233066559e-02
1.900371350347995758e-02
1.866988465189933777e-02
1.875747181475162506e-02
1.914305053651332855e-02
1.880141906440258026e-02
1.897670701146125793e-02
1.909441128373146057e-02
1.860200427472591400e-02
1.867062970995903015e-02
1.866422966122627258e-02
1.860167831182479858e-02
1.858893781900405884e-02
1.855827867984771729e-02
1.886238530278205872e-02
1.815903745591640472e-02
1.861249841749668121e-02
1.822254247963428497e-02
1.838893815875053406e-02
1.828265003859996796e-02
1.819412037730216980e-02
1.805670373141765594e-02
1.835450902581214905e-02
1.824967749416828156e-02
1.778860203921794891e-02
1.830647327005863190e-02
1.783026941120624542e-02
1.784588955342769623e-02
1.797670684754848480e-02
1.771549880504608154e-02
1.795043610036373138e-02
1.767983846366405487e-02
1.806295104324817657e-02
1.758386008441448212e-02
1.782500930130481720e-02
1.758423447608947754e-02
1.775474101305007935e-02
1.756614446640014648e-02
1.761758141219615936e-02
1.751607656478881836e-02
1.737790368497371674e-02
1.729380339384078979e-02
1.731913164258003235e-02
1.735911890864372253e-02
1.750591024756431580e-02
1.719995215535163879e-02
1.695805788040161133e-02
1.758079044520854950e-02
1.701104827225208282e-02
1.721467822790145874e-02
1.679407060146331787e-02
1.693748310208320618e-02
1.708038523793220520e-02
1.717259921133518219e-02
1.687738485634326935e-02
1.717416569590568542e-02
1.697351224720478058e-02
1.670031249523162842e-02
1.698297820985317230e-02
1.666832342743873596e-02
1.665327884256839752e-02
1.677546650171279907e-02
1.711126230657100677e-02
1.659656316041946411e-02
1.663903892040252686e-02
1.669848710298538208e-02
1.643614098429679871e-02
1.642760075628757477e-02
1.625037752091884613e-02
1.632861234247684479e-02
1.630642823874950409e-02
1.655438728630542755e-02
1.639084704220294952e-02
1.638943515717983246e-02
1.631837897002696991e-02
1.625800132751464844e-02
1.604933477938175201e-02
1.604170165956020355e-02
1.654015481472015381e-02
1.608435623347759247e-02
1.607059314846992493e-02
1.602700352668762207e-02
1.629323884844779968e-02
1.559850480407476425e-02
1.631776429712772369e-02
1.584267988801002502e-02
1.595127023756504059e-02
1.616489514708518982e-02
1.567392796277999878e-02
1.569191738963127136e-02
1.584711857140064240e-02
1.568453945219516754e-02
1.587953604757785797e-02
1.643602177500724792e-02
1.566747017204761505e-02
1.535566709935665131e-02
1.565815508365631104e-02
1.553266309201717377e-02
1.518442761152982712e-02
1.575300283730030060e-02
1.524711772799491882e-02
1.551710907369852066e-02
1.548897661268711090e-02
1.546537131071090698e-02
1.545847207307815552e-02
1.527519337832927704e-02
1.546806562691926956e-02
1.532305497676134109e-02
1.531491614878177643e-02
1.519918348640203476e-02
1.516088750213384628e-02
1.531893387436866760e-02
1.505934819579124451e-02
1.506468839943408966e-02
1.501265633851289749e-02
1.518233586102724075e-02
1.516433246433734894e-02
1.527628116309642792e-02
1.507355365902185440e-02
1.481125596910715103e-02
1.478922646492719650e-02
1.508998405188322067e-02
1.475830189883708954e-02
1.516902819275856018e-02
1.485522370785474777e-02
1.475113257765769958e-02
1.495273038744926453e-02
1.503184624016284943e-02
1.464450359344482422e-02
1.471796818077564240e-02
1.469577662646770477e-02
1.457817759364843369e-02
1.448907610028982162e-02
1.463794615119695663e-02
1.468096394091844559e-02
1.468827296048402786e-02
1.476278528571128845e-02
1.433677971363067627e-02
1.449520606547594070e-02
1.438344363123178482e-02
1.432666927576065063e-02
1.461033523082733154e-02
1.458630897104740143e-02
1.444686297327280045e-02
1.419340912252664566e-02
1.442198548465967178e-02
1.431837305426597595e-02
1.418667566031217575e-02
1.420071069151163101e-02
1.430721115320920944e-02
1.425477303564548492e-02
1.435307972133159637e-02
1.433783210813999176e-02
1.404201984405517578e-02
1.422501914203166962e-02
1.418493036180734634e-02
1.408317219465970993e-02
1.395904831588268280e-02
1.385825499892234802e-02
1.404563989490270615e-02
1.418882515281438828e-02
1.373519003391265869e-02
1.458086539059877396e-02
1.380743272602558136e-02
1.405550725758075714e-02
1.376850251108407974e-02
1.382518280297517776e-02
1.414657570421695709e-02
1.374696195125579834e-02
1.362836081534624100e-02
1.363491080701351166e-02
1.391118392348289490e-02
1.369863096624612808e-02
1.383119449019432068e-02
1.356315612792968750e-02
1.368119195103645325e-02
1.357086468487977982e-02
1.360507495701313019e-02
1.337472163140773773e-02
1.350125484168529510e-02
1.348779257386922836e-02
1.386194396764039993e-02
1.345059741288423538e-02
1.357704121619462967e-02
1.339112129062414169e-02
1.353795453906059265e-02
1.343121565878391266e-02
1.337332278490066528e-02
1.346050295978784561e-02
1.349141728132963181e-02
1.329014357179403305e-02
1.347699016332626343e-02
1.334362290799617767e-02
1.340217608958482742e-02
1.295044459402561188e-02
1.337821409106254578e-02
1.316984463483095169e-02
1.310215983539819717e-02
1.329390238970518112e-02
1.307673286646604538e-02
1.339610293507575989e-02
1.338998042047023773e-02
1.309476979076862335e-02
1.283002085983753204e-02
1.299034990370273590e-02
1.306108850985765457e-02
1.348819211125373840e-02
1.309081632643938065e-02
1.275233831256628036e-02
1.319511700421571732e-02
1.290502585470676422e-02
1.271231751888990402e-02
1.289458945393562317e-02
1.279072929173707962e-02
1.280504744499921799e-02
1.306958217173814774e-02
1.263473369181156158e-02
1.271712966263294220e-02
1.280316524207592010e-02
1.259836833924055099e-02
1.272795256227254868e-02
1.288661360740661621e-02
1.270551420748233795e-02
1.283667795360088348e-02
1.241365913301706314e-02
1.264790631830692291e-02
1.273370068520307541e-02
1.248112507164478302e-02
1.239934191107749939e-02
1.251227036118507385e-02
1.292118988931179047e-02
1.234425883740186691e-02
1.254999451339244843e-02
1.249089278280735016e-02
1.249620318412780762e-02
1.227888464927673340e-02
1.262659952044487000e-02
1.225187815725803375e-02
1.251326780766248703e-02
1.258553657680749893e-02
1.220854558050632477e-02
1.268104277551174164e-02
1.223119068890810013e-02
1.234326791018247604e-02
1.213199272751808167e-02
1.233022287487983704e-02
1.195123791694641113e-02
1.231371797621250153e-02
1.215795986354351044e-02
1.233327481895685196e-02
1.214411202818155289e-02
1.226199883967638016e-02
1.200513355433940887e-02
1.233252324163913727e-02
1.235154084861278534e-02
1.194848399609327316e-02
1.208955142647027969e-02
1.178819686174392700e-02
1.193339750170707703e-02
1.211901474744081497e-02
1.216877996921539307e-02
1.216356363147497177e-02
1.180650480091571808e-02
1.202162262052297592e-02
1.171100232750177383e-02
1.198976766318082809e-02
1.172486785799264908e-02
1.197014469653367996e-02
1.189887709915637970e-02
1.225425582379102707e-02
1.173382345587015152e-02
1.169780362397432327e-02
1.155584957450628281e-02
1.195680629462003708e-02
1.172220334410667419e-02
1.197127439081668854e-02
1.186641026288270950e-02
1.172581501305103302e-02
1.155483536422252655e-02
1.161363441497087479e-02
1.178597100079059601e-02
1.143701653927564621e-02
1.162914372980594635e-02
1.138053648173809052e-02
1.171469595283269882e-02
1.160940714180469513e-02
1.178318262100219727e-02
1.166343595832586288e-02
1.127907447516918182e-02
1.151002664119005203e-02
1.132880058139562607e-02
1.141227316111326218e-02
1.153195276856422424e-02
1.155447121709585190e-02
1.113631483167409897e-02
1.144997030496597290e-02
1.150564942508935928e-02
1.144887879490852356e-02
1.138265337795019150e-02
1.123394910246133804e-02
1.132472511380910873e-02
1.157220546156167984e-02
1.123070530593395233e-02
1.145739108324050903e-02
1.129294838756322861e-02
1.130995154380798340e-02
1.149778347462415695e-02
1.143979374319314957e-02
1.114744599908590317e-02
1.110046170651912689e-02
1.117523852735757828e-02
1.118399016559123993e-02
1.117856893688440323e-02
1.114021148532629013e-02
1.098582055419683456e-02
1.126948464661836624e-02
1.109958253800868988e-02
1.108492910861968994e-02
1.112710405141115189e-02
1.108372025191783905e-02
1.110204216092824936e-02
1.092801429331302643e-02
1.114539336413145065e-02
1.121829077601432800e-02
1.085839234292507172e-02
1.104541681706905365e-02
1.090612914413213730e-02
1.114361081272363663e-02
1.086595002561807632e-02
1.102794241160154343e-02
1.086408272385597229e-02
1.103725470602512360e-02
1.087570842355489731e-02
1.078746654093265533e-02
1.100711524486541748e-02
1.069895550608634949e-02
1.071895938366651535e-02
1.083601545542478561e-02
1.089980173856019974e-02
1.082584168761968613e-02
1.075358688831329346e-02
1.065876986831426620e-02
1.098723430186510086e-02
1.074146665632724762e-02
1.059482526034116745e-02
1.055665500462055206e-02
1.074319332838058472e-02
1.094576157629489899e-02
1.079887244850397110e-02
1.071147248148918152e-02
1.045761723071336746e-02
1.054223533719778061e-02
1.065331418067216873e-02
1.063488982617855072e-02
1.072163879871368408e-02
1.073097996413707733e-02
1.069619506597518921e-02
1.049129944294691086e-02
1.055597420781850815e-02
1.037151832133531570e-02
1.059361919760704041e-02
1.040840707719326019e-02
1.062457635998725891e-02
1.066974923014640808e-02
1.058834698051214218e-02
1.047148741781711578e-02
1.063016615808010101e-02
1.048400532454252243e-02
1.071436423808336258e-02
1.039084140211343765e-02
1.024206541478633881e-02
1.066548563539981842e-02
1.039084699004888535e-02
1.047914382070302963e-02
1.056492514908313751e-02
1.040161028504371643e-02
1.003766804933547974e-02
1.039024256169795990e-02
1.056874357163906097e-02
1.042556855827569962e-02
1.024009473621845245e-02
1.025257073342800140e-02
1.021933928132057190e-02
1.028931699693202972e-02
1.055770646780729294e-02
1.048333197832107544e-02
1.024194713681936264e-02
1.042194385081529617e-02
1.029110699892044067e-02
1.021571736782789230e-02
1.019651442766189575e-02
1.021539419889450073e-02
1.015476696193218231e-02
1.036356575787067413e-02
1.035437732934951782e-02
9.894506074488162994e-03
1.027342863380908966e-02
1.010889280587434769e-02
1.032034587115049362e-02
9.980096481740474701e-03
1.022439729422330856e-02
1.017955876886844635e-02
1.021734438836574554e-02
1.014336477965116501e-02
1.004400104284286499e-02
9.994238615036010742e-03
1.002654153853654861e-02
1.013860572129487991e-02
9.947183541953563690e-03
1.002623513340950012e-02
1.004528719931840897e-02
1.014926936477422714e-02
1.006571482867002487e-02
1.017602439969778061e-02
9.823206812143325806e-03
1.002086047083139420e-02
9.940587915480136871e-03
1.018526591360569000e-02
1.000880450010299683e-02
9.847958572208881378e-03
9.809459559619426727e-03
1.011927239596843719e-02
9.894484654068946838e-03
9.959392249584197998e-03
9.785046800971031189e-03
1.005734689533710480e-02
9.806823916733264923e-03
9.847718290984630585e-03
9.996867738664150238e-03
9.861777536571025848e-03
9.923418983817100525e-03
9.830660186707973480e-03
9.798496030271053314e-03
9.788105264306068420e-03
9.856210090219974518e-03
9.810252115130424500e-03
9.832687675952911377e-03
9.695333428680896759e-03
9.818476624786853790e-03
9.795024059712886810e-03
9.706403128802776337e-03
9.894354268908500671e-03
9.764692746102809906e-03
9.695038199424743652e-03
9.786376729607582092e-03
9.741471149027347565e-03
9.730269201099872589e-03
9.679967537522315979e-03
9.695674292743206024e-03
9.609444066882133484e-03
9.532005526125431061e-03
9.587613865733146667e-03
9.676609188318252563e-03
9.875700809061527252e-03
9.461460635066032410e-03
9.402438066899776459e-03
9.711248800158500671e-03
9.509474039077758789e-03
9.800731204450130463e-03
9.588124230504035950e-03
9.544149972498416901e-03
9.533693082630634308e-03
9.497415274381637573e-03
9.638358838856220245e-03
9.605861268937587738e-03
9.455248713493347168e-03
9.706568904221057892e-03
9.523333050310611725e-03
9.485959075391292572e-03
9.476020000874996185e-03
9.654180146753787994e-03
9.509143419563770294e-03
9.539771825075149536e-03
9.452406316995620728e-03
9.634166955947875977e-03
9.494273923337459564e-03
9.659108705818653107e-03
9.497010149061679840e-03
9.292407892644405365e-03
9.540364146232604980e-03
9.300506673753261566e-03
9.522670879960060120e-03
9.416539222002029419e-03
9.455387480556964874e-03
9.399252943694591522e-03
9.362905286252498627e-03
9.425258263945579529e-03
9.405241347849369049e-03
9.430249221622943878e-03
9.405929595232009888e-03
9.390410035848617554e-03
9.345670230686664581e-03
9.514858014881610870e-03
9.338814765214920044e-03
9.321716614067554474e-03
9.456328116357326508e-03
9.290619753301143646e-03
9.533780626952648163e-03
9.269858710467815399e-03
9.442433714866638184e-03
9.204556234180927277e-03
9.238510392606258392e-03
9.449218399822711945e-03
9.205995127558708191e-03
9.282072074711322784e-03
9.116386063396930695e-03
9.297053329646587372e-03
9.250188246369361877e-03
9.160199202597141266e-03
9.259702637791633606e-03
9.197431616485118866e-03
9.194931015372276306e-03
9.155814535915851593e-03
9.419280104339122772e-03
9.184006601572036743e-03
9.100297465920448303e-03
9.308593347668647766e-03
9.118663147091865540e-03
9.357565082609653473e-03
9.051691740751266479e-03
9.255875833332538605e-03
9.414713829755783081e-03
9.189493954181671143e-03
9.118124842643737793e-03
8.919396437704563141e-03
9.141688235104084015e-03
9.252683259546756744e-03
9.349023923277854919e-03
8.969227783381938934e-03
8.996400050818920135e-03
9.111001156270503998e-03
9.116732515394687653e-03
9.200709871947765350e-03
9.079234674572944641e-03
9.081796742975711823e-03
8.980686776340007782e-03
8.919689804315567017e-03
9.045010432600975037e-03
9.030182845890522003e-03
9.105836972594261169e-03
9.057994000613689423e-03
9.287969209253787994e-03
8.895103819668292999e-03
8.945761248469352722e-03
8.887044154107570648e-03
9.382970631122589111e-03
8.823413401842117310e-03
9.004383347928524017e-03
8.967885747551918030e-03
8.802019059658050537e-03
9.060141630470752716e-03
9.123963303864002228e-03
8.981687016785144806e-03
8.797544986009597778e-03
9.084608405828475952e-03
8.881631307303905487e-03
8.963363245129585266e-03
8.717321790754795074e-03
9.157494641840457916e-03
8.792459033429622650e-03
8.856574073433876038e-03
8.837845176458358765e-03
8.866899646818637848e-03
8.930614218115806580e-03
8.941891603171825409e-03
8.880977518856525421e-03
8.657891303300857544e-03
8.801616728305816650e-03
8.977075107395648956e-03
8.859260939061641693e-03
8.888881653547286987e-03
8.795030415058135986e-03
8.939033374190330505e-03
8.849862031638622284e-03
8.761887438595294952e-03
8.710728026926517487e-03
8.899003267288208008e-03
8.823225274682044983e-03
8.986787870526313782e-03
8.702724240720272064e-03
8.748153224587440491e-03
8.661874569952487946e-03
8.875596337020397186e-03
8.878814987838268280e-03
8.845601230859756470e-03
8.792625740170478821e-03
8.743507787585258484e-03
8.700806647539138794e-03
8.774008601903915405e-03
8.765403181314468384e-03
8.736914023756980896e-03
8.530527353286743164e-03
8.811963722109794617e-03
8.770176209509372711e-03
8.733666501939296722e-03
8.849695324897766113e-03
8.692576549947261810e-03
8.628354407846927643e-03
8.604383096098899841e-03
8.778552524745464325e-03
8.557978086173534393e-03
8.603841066360473633e-03
8.625646121799945831e-03
8.482329547405242920e-03
8.685315027832984924e-03
8.818769827485084534e-03
8.626673370599746704e-03
8.621157146990299225e-03
8.547268807888031006e-03
8.479590527713298798e-03
8.685834705829620361e-03
8.748955093324184418e-03
8.649689145386219025e-03
8.546506054699420929e-03
8.527044206857681274e-03
8.585173636674880981e-03
8.492629043757915497e-03
8.714435622096061707e-03
8.474310860037803650e-03
8.415894582867622375e-03
8.687631227076053619e-03
8.409689180552959442e-03
8.517817594110965729e-03
8.601278997957706451e-03
8.461606688797473907e-03
8.604134432971477509e-03
8.480436168611049652e-03
8.626872673630714417e-03
8.428063243627548218e-03
8.374798111617565155e-03
8.556514047086238861e-03
8.661822415888309479e-03
8.323931135237216949e-03
8.380091749131679535e-03
8.550820872187614441e-03
8.513625711202621460e-03
8.449629880487918854e-03
8.340397849678993225e-03
8.719319477677345276e-03
8.585100993514060974e-03
8.308563381433486938e-03
8.678972721099853516e-03
8.290174417197704315e-03
8.358843624591827393e-03
8.328809402883052826e-03
8.532918058335781097e-03
8.436858654022216797e-03
8.498533628880977631e-03
8.383403532207012177e-03
8.414401672780513763e-03
8.616321720182895660e-03
8.367748931050300598e-03
8.221866562962532043e-03
8.580332621932029724e-03
8.317445404827594757e-03
8.407353423535823822e-03
8.234075270593166351e-03
8.395652286708354950e-03
8.294280618429183960e-03
8.340514265000820160e-03
8.307624608278274536e-03
8.350749500095844269e-03
8.531666360795497894e-03
8.448130451142787933e-03
8.175946772098541260e-03
8.363594301044940948e-03
8.362754248082637787e-03
8.210501633584499359e-03
8.310839533805847168e-03
8.260257542133331299e-03
8.335356600582599640e-03
8.277792483568191528e-03
8.197166025638580322e-03
8.364123292267322540e-03
8.415241725742816925e-03
8.297857828438282013e-03
8.389156311750411987e-03
8.250534534454345703e-03
8.153562434017658234e-03
8.342956192791461945e-03
8.131479844450950623e-03
8.169541135430335999e-03
8.015468716621398926e-03
8.325548842549324036e-03
8.300107903778553009e-03
7.993414998054504395e-03
8.329846896231174469e-03
8.273155428469181061e-03
8.343370631337165833e-03
8.063111454248428345e-03
8.057515136897563934e-03
8.231264539062976837e-03
7.991959340870380402e-03
8.149249479174613953e-03
8.165949024260044098e-03
8.175149559974670410e-03
8.255094289779663086e-03
8.183801546692848206e-03
8.195823058485984802e-03
8.154570125043392181e-03
8.005027659237384796e-03
8.302827365696430206e-03
8.194858208298683167e-03
8.156538940966129303e-03
8.508443832397460938e-03
7.922085002064704895e-03
8.299421519041061401e-03
8.113455027341842651e-03
7.865029387176036835e-03
7.966320030391216278e-03
8.134464733302593231e-03
7.894954644143581390e-03
8.040059357881546021e-03
7.963578216731548309e-03
8.051903918385505676e-03
8.127794601023197174e-03
8.275255560874938965e-03
8.276425302028656006e-03
8.101388812065124512e-03
7.935583591461181641e-03
8.142923004925251007e-03
7.896174676716327667e-03
7.867354899644851685e-03
8.105435408651828766e-03
7.913394831120967865e-03
8.147202432155609131e-03
7.983417250216007233e-03
8.042374625802040100e-03
7.919881492853164673e-03
8.094607852399349213e-03
7.965458557009696960e-03
7.978248409926891327e-03
7.989205420017242432e-03
8.025133982300758362e-03
7.916321046650409698e-03
8.013755083084106445e-03
7.880056276917457581e-03
8.068602532148361206e-03
8.035313338041305542e-03
7.941157557070255280e-03
7.952257990837097168e-03
7.817097008228302002e-03
7.972667925059795380e-03
7.910599932074546814e-03
7.800294086337089539e-03
7.941931486129760742e-03
7.880264893174171448e-03
7.975014857947826385e-03
7.958293892443180084e-03
7.783360779285430908e-03
8.150820620357990265e-03
7.786553818732500076e-03
8.059741929173469543e-03
7.876561954617500305e-03
7.858702912926673889e-03
7.819040678441524506e-03
7.840736769139766693e-03
7.829153910279273987e-03
7.819687016308307648e-03
7.926936261355876923e-03
7.978540845215320587e-03
7.766831200569868088e-03
7.879207842051982880e-03
7.760333362966775894e-03
7.893090136349201202e-03
7.801271509379148483e-03
7.936665788292884827e-03
7.763778790831565857e-03
7.922286167740821838e-03
7.887397892773151398e-03
7.898383773863315582e-03
7.687908131629228592e-03
7.947898469865322113e-03
7.748608943074941635e-03
7.717627100646495819e-03
7.809797767549753189e-03
7.829236797988414764e-03
7.846184074878692627e-03
7.824660278856754303e-03
7.700508926063776016e-03
7.810459937900304794e-03
7.733759004622697830e-03
7.764239795506000519e-03
7.639506831765174866e-03
7.833289913833141327e-03
7.641522213816642761e-03
7.720436900854110718e-03
7.834230549633502960e-03
7.643156219273805618e-03
7.749146781861782074e-03
7.694477681070566177e-03
7.709245663136243820e-03
7.797323167324066162e-03
7.659222930669784546e-03
7.793010212481021881e-03
7.520557381212711334e-03
7.762799039483070374e-03
7.920670323073863983e-03
7.674321066588163376e-03
7.657156791538000107e-03
7.706400472670793533e-03
7.860665209591388702e-03
7.580793928354978561e-03
7.608974352478981018e-03
7.622278295457363129e-03
7.742495276033878326e-03
7.596862968057394028e-03
7.626293692737817764e-03
7.854010909795761108e-03
7.609116844832897186e-03
7.780837826430797577e-03
7.579793222248554230e-03
7.685339543968439102e-03
7.660485804080963135e-03
7.614436559379100800e-03
7.648719940334558487e-03
7.549959700554609299e-03
7.652314379811286926e-03
7.605625782161951065e-03
7.703382056206464767e-03
7.560037076473236084e-03
7.663949858397245407e-03
7.558525074273347855e-03
7.635114248842000961e-03
7.557212375104427338e-03
7.497694808989763260e-03
7.640427444130182266e-03
7.680315524339675903e-03
7.433849852532148361e-03
7.569461129605770111e-03
7.552010007202625275e-03
7.449571508914232254e-03
7.433689199388027191e-03
7.614043075591325760e-03
7.654536981135606766e-03
7.521715015172958374e-03
7.602559402585029602e-03
7.564020808786153793e-03
7.686209864914417267e-03
7.566048763692378998e-03
7.456499151885509491e-03
7.453709840774536133e-03
7.396473083645105362e-03
7.561678998172283173e-03
7.448513526469469070e-03
7.680010516196489334e-03
7.390162907540798187e-03
7.469181902706623077e-03
7.456779014319181442e-03
7.513660006225109100e-03
7.270204368978738785e-03
7.550767157226800919e-03
7.626945618540048599e-03
7.368677761405706406e-03
7.527088746428489685e-03
7.337247021496295929e-03
7.414789870381355286e-03
7.453740574419498444e-03
7.403877098113298416e-03
7.421874441206455231e-03
7.378529757261276245e-03
7.622460834681987762e-03
7.413819432258605957e-03
7.465089671313762665e-03
7.360074203461408615e-03
7.266348693519830704e-03
7.404604461044073105e-03
7.428575307130813599e-03
7.579702883958816528e-03
7.272591814398765564e-03
7.287537213414907455e-03
7.432575337588787079e-03
7.418808527290821075e-03
7.447710260748863220e-03
7.541249040514230728e-03
7.198495790362358093e-03
7.239517755806446075e-03
7.488028146326541901e-03
7.318978663533926010e-03
7.300179917365312576e-03
7.663382217288017273e-03
7.311345543712377548e-03
7.273360621184110641e-03
7.468013092875480652e-03
7.254516705870628357e-03
7.424081210047006607e-03
7.075748406350612640e-03
7.493292447179555893e-03
7.355462294071912766e-03
7.355244364589452744e-03
7.255603559315204620e-03
7.281590718775987625e-03
7.247726432979106903e-03
7.290108595043420792e-03
7.203280925750732422e-03
7.301884237676858902e-03
7.460141088813543320e-03
7.178945001214742661e-03
7.250102236866950989e-03
7.285451050847768784e-03
7.312377449125051498e-03
7.221450097858905792e-03
7.280398625880479813e-03
7.207430433481931686e-03
7.381821982562541962e-03
7.299207616597414017e-03
7.264528423547744751e-03
7.310537155717611313e-03
7.239225320518016815e-03
7.104972377419471741e-03
7.075139321386814117e-03
7.307413034141063690e-03
7.117318455129861832e-03
7.381136063486337662e-03
7.181814871728420258e-03
7.171311881393194199e-03
7.349729537963867188e-03
7.093668449670076370e-03
7.299451157450675964e-03
7.139269728213548660e-03
7.142221555113792419e-03
7.098956964910030365e-03
7.201530504971742630e-03
7.310143671929836273e-03
6.966730114072561264e-03
7.144562900066375732e-03
7.147136144340038300e-03
7.180995773524045944e-03
7.062428630888462067e-03
7.074714638292789459e-03
7.185092195868492126e-03
7.123123854398727417e-03
7.411886937916278839e-03
7.011408451944589615e-03
7.162109483033418655e-03
7.298999931663274765e-03
7.093944121152162552e-03
7.113552652299404144e-03
6.869957782328128815e-03
7.069866638630628586e-03
7.302164100110530853e-03
6.976056378334760666e-03
7.124768104404211044e-03
6.925112567842006683e-03
7.034175097942352295e-03
7.176164537668228149e-03
7.057046983391046524e-03
7.061453070491552353e-03
7.035629358142614365e-03
7.208747789263725281e-03
7.258183322846889496e-03
7.068891543895006180e-03
6.969541776925325394e-03
7.070720661431550980e-03
6.917939055711030960e-03
7.250275928527116776e-03
6.977115757763385773e-03
6.929726805537939072e-03
7.238816469907760620e-03
6.923910696059465408e-03
7.078163791447877884e-03
7.147218566387891769e-03
7.070627063512802124e-03
6.936653982847929001e-03
7.126787677407264709e-03
6.899527274072170258e-03
6.869838107377290726e-03
6.893698591738939285e-03
7.048916071653366089e-03
7.098808418959379196e-03
6.965600885450839996e-03
6.979831028729677200e-03
7.169678807258605957e-03
6.963729392737150192e-03
6.929522845894098282e-03
6.799696013331413269e-03
7.006679661571979523e-03
6.997691467404365540e-03
6.893241312354803085e-03
6.851843558251857758e-03
7.130614016205072403e-03
7.128517143428325653e-03
7.057385984808206558e-03
6.892900913953781128e-03
6.828916724771261215e-03
6.917446851730346680e-03
7.022287230938673019e-03
6.816241424530744553e-03
6.879504304379224777e-03
7.030426058918237686e-03
6.864273920655250549e-03
6.972011644393205643e-03
6.827342323958873749e-03
6.856479682028293610e-03
6.869249977171421051e-03
6.960454862564802170e-03
6.802266929298639297e-03
6.925812922418117523e-03
7.073901593685150146e-03
7.004835642874240875e-03
6.649566814303398132e-03
7.086239289492368698e-03
6.827061995863914490e-03
6.710931193083524704e-03
6.989646703004837036e-03
6.815905682742595673e-03
6.731878500431776047e-03
6.854466628283262253e-03
6.730822380632162094e-03
6.815040484070777893e-03
7.013295311480760574e-03
6.867937743663787842e-03
6.874426733702421188e-03
6.911345757544040680e-03
6.641701329499483109e-03
6.771834567189216614e-03
6.902931258082389832e-03
6.798835936933755875e-03
6.856147199869155884e-03
6.755145266652107239e-03
6.725782528519630432e-03
6.738587282598018646e-03
6.846367381513118744e-03
6.934073753654956818e-03
6.699599791318178177e-03
6.706535816192626953e-03
6.696833297610282898e-03
6.843768525868654251e-03
6.705183535814285278e-03
6.787714082747697830e-03
6.849907338619232178e-03
6.719735451042652130e-03
6.986621301621198654e-03
6.848520133644342422e-03
6.786097306758165359e-03
6.652132607996463776e-03
6.669490132480859756e-03
6.780682131648063660e-03
6.582427304238080978e-03
6.704905070364475250e-03
6.739838514477014542e-03
6.696899887174367905e-03
6.828946992754936218e-03
6.646136753261089325e-03
6.828178185969591141e-03
6.785796955227851868e-03
6.803479045629501343e-03
6.766609847545623779e-03
6.729666609317064285e-03
6.664813961833715439e-03
6.493533030152320862e-03
6.736774463206529617e-03
6.832737475633621216e-03
6.660214159637689590e-03
6.574045866727828979e-03
6.565496325492858887e-03
6.583008449524641037e-03
6.793547421693801880e-03
6.616674363613128662e-03
6.696896161884069443e-03
6.789871025830507278e-03
6.736455485224723816e-03
6.582539994269609451e-03
6.680302321910858154e-03
6.578407250344753265e-03
6.755239330232143402e-03
6.714778486639261246e-03
6.487826816737651825e-03
6.650115363299846649e-03
6.492000073194503784e-03
6.656183861196041107e-03
6.648357491940259933e-03
6.562145892530679703e-03
6.595655344426631927e-03
6.628059316426515579e-03
6.646330002695322037e-03
6.752691697329282761e-03
6.439606193453073502e-03
6.766550242900848389e-03
6.543065886944532394e-03
6.703390274196863174e-03
6.443665362894535065e-03
6.642400752753019333e-03
6.635134574025869370e-03
6.639570463448762894e-03
6.713830865919589996e-03
6.585347000509500504e-03
6.574524100869894028e-03
6.545732729136943817e-03
6.648104172199964523e-03
6.556841544806957245e-03
6.613106932491064072e-03
6.463158410042524338e-03
6.486798170953989029e-03
6.644087377935647964e-03
6.555279251188039780e-03
6.409895606338977814e-03
6.555297411978244781e-03
6.582941859960556030e-03
6.439258344471454620e-03
6.661246065050363541e-03
6.607414223253726959e-03
6.523998919874429703e-03
6.592054851353168488e-03
6.382806226611137390e-03
6.586575880646705627e-03
6.462425924837589264e-03
6.421769969165325165e-03
6.479011382907629013e-03
6.663396023213863373e-03
6.483675446361303329e-03
6.542368791997432709e-03
6.332322489470243454e-03
6.483788136392831802e-03
6.399744655936956406e-03
6.419663317501544952e-03
6.483874749392271042e-03
6.524778436869382858e-03
6.496508140116930008e-03
6.466529797762632370e-03
6.416004616767168045e-03
6.512241438031196594e-03
6.426757201552391052e-03
6.526493001729249954e-03
6.377831567078828812e-03
6.398445926606655121e-03
6.635508965700864792e-03
6.333295721560716629e-03
6.464528851211071014e-03
6.447342690080404282e-03
6.456654984503984451e-03
6.400201935321092606e-03
6.442574318498373032e-03
6.426012143492698669e-03
6.416096352040767670e-03
6.495059467852115631e-03
6.472723092883825302e-03
6.222593132406473160e-03
6.511187180876731873e-03
6.529663223773241043e-03
6.235936656594276428e-03
6.366540677845478058e-03
6.493529770523309708e-03
6.403846666216850281e-03
6.303279194980859756e-03
6.350545678287744522e-03
6.511641666293144226e-03
6.487545091658830643e-03
6.374668329954147339e-03
6.285100243985652924e-03
6.511028390377759933e-03
6.296441890299320221e-03
6.453906185925006866e-03
6.160917691886425018e-03
6.303331349045038223e-03
6.447570864111185074e-03
6.312749814242124557e-03
6.435422226786613464e-03
6.346495822072029114e-03
6.289684213697910309e-03
6.339869927614927292e-03
6.486543454229831696e-03
6.364634726196527481e-03
6.330604664981365204e-03
6.323006469756364822e-03
6.253681145608425140e-03
6.197186186909675598e-03
6.256312597543001175e-03
6.395404227077960968e-03
6.296084728091955185e-03
6.331447511911392212e-03
6.210105028003454208e-03
6.500256247818470001e-03
6.456603296101093292e-03
6.118848919868469238e-03
6.266548298299312592e-03
6.357221398502588272e-03
6.287482567131519318e-03
6.278191693127155304e-03
6.267583929002285004e-03
6.179310381412506104e-03
6.269626785069704056e-03
6.337785162031650543e-03
6.114575546234846115e-03
6.248749326914548874e-03
6.528967525810003281e-03
5.998007021844387054e-03
6.219758186489343643e-03
6.368163973093032837e-03
6.327733397483825684e-03
6.240095943212509155e-03
6.244063843041658401e-03
6.322016473859548569e-03
6.155314855277538300e-03
6.275990046560764313e-03
6.314096506685018539e-03
6.164075806736946106e-03
6.211915519088506699e-03
6.280225701630115509e-03
6.127960048615932465e-03
6.260031834244728088e-03
6.071231793612241745e-03
6.278128363192081451e-03
6.406639236956834793e-03
6.197412498295307159e-03
6.211480591446161270e-03
6.204824429005384445e-03
6.129097193479537964e-03
6.046721711754798889e-03
6.213806103914976120e-03
6.203868892043828964e-03
6.192428059875965118e-03
6.158351432532072067e-03
6.327636539936065674e-03
6.028467789292335510e-03
6.211832631379365921e-03
6.271888036280870438e-03
6.038958206772804260e-03
6.176494527608156204e-03
6.133938673883676529e-03
6.331442389637231827e-03
6.104676984250545502e-03
6.036211736500263214e-03
6.128789391368627548e-03
6.079582031816244125e-03
6.270927842706441879e-03
6.193469278514385223e-03
6.262004841119050980e-03
6.032116711139678955e-03
6.127418484538793564e-03
6.161489523947238922e-03
6.231777369976043701e-03
6.046561524271965027e-03
6.221691146492958069e-03
6.032035220414400101e-03
5.986232310533523560e-03
6.087764631956815720e-03
6.094953510910272598e-03
6.221408955752849579e-03
6.238175090402364731e-03
6.160123739391565323e-03
5.903841461986303329e-03
6.121836137026548386e-03
6.240696180611848831e-03
6.086610257625579834e-03
6.106145214289426804e-03
6.205097306519746780e-03
6.162321195006370544e-03
6.089982576668262482e-03
6.267959717661142349e-03
5.982493050396442413e-03
6.095482967793941498e-03
6.105936598032712936e-03
6.048418115824460983e-03
6.137912627309560776e-03
6.101910490542650223e-03
6.041352171450853348e-03
5.985951516777276993e-03
6.080608814954757690e-03
6.081521511077880859e-03
6.023569032549858093e-03
6.114954128861427307e-03
6.164115387946367264e-03
5.969268269836902618e-03
5.961447954177856445e-03
6.148978602141141891e-03
6.105583161115646362e-03
6.077250000089406967e-03
5.875110626220703125e-03
6.063419859856367111e-03
6.148314103484153748e-03
6.041073706001043320e-03
5.951355211436748505e-03
6.154130212962627411e-03
6.011148914694786072e-03
6.061446387320756912e-03
6.116141565144062042e-03
5.966670811176300049e-03
6.035968661308288574e-03
5.853681359440088272e-03
5.931135267019271851e-03
6.073671858757734299e-03
6.038785446435213089e-03
5.985504016280174255e-03
6.050357595086097717e-03
5.920785479247570038e-03
6.254350766539573669e-03
6.024167407304048538e-03
5.979097913950681686e-03
6.144065875560045242e-03
6.038531661033630371e-03
6.030224263668060303e-03
5.918782670050859451e-03
6.020490545779466629e-03
6.045483052730560303e-03
5.850448738783597946e-03
5.997654516249895096e-03
5.954823922365903854e-03
5.904874764382839203e-03
5.906567908823490143e-03
6.031508557498455048e-03
6.102499086409807205e-03
5.846705753356218338e-03
6.011351477354764938e-03
6.010297220200300217e-03
5.967921111732721329e-03
5.854935850948095322e-03
5.960063077509403229e-03
5.873415619134902954e-03
6.011449731886386871e-03
5.833066999912261963e-03
5.971379112452268600e-03
5.912126507610082626e-03
5.921734962612390518e-03
5.966227035969495773e-03
5.944549106061458588e-03
6.134326104074716568e-03
5.845788866281509399e-03
6.002662237733602524e-03
5.916405934840440750e-03
5.942899268120527267e-03
5.954476073384284973e-03
5.949879996478557587e-03
5.890280939638614655e-03
5.935623310506343842e-03
5.852166563272476196e-03
5.923231132328510284e-03
5.937842186540365219e-03
5.778810009360313416e-03
5.857493262737989426e-03
5.996092688292264938e-03
6.006632931530475616e-03
5.970477592200040817e-03
5.760768428444862366e-03
5.906253121793270111e-03
6.010285113006830215e-03
5.924462806433439255e-03
5.840223282575607300e-03
5.955778062343597412e-03
5.817763507366180420e-03
5.825481377542018890e-03
5.892368499189615250e-03
5.896553862839937210e-03
5.827347282320261002e-03
5.884398706257343292e-03
5.892807617783546448e-03
5.760161206126213074e-03
5.843040999025106430e-03
6.056682672351598740e-03
5.778073798865079880e-03
5.889431573450565338e-03
5.756028927862644196e-03
5.908640567213296890e-03
5.948416423052549362e-03
5.796217825263738632e-03
5.729705095291137695e-03
5.836603231728076935e-03
5.920806899666786194e-03
5.863710306584835052e-03
5.836248863488435745e-03
5.920766387134790421e-03
5.968091543763875961e-03
5.864185746759176254e-03
5.769741255789995193e-03
5.975086241960525513e-03
5.757194012403488159e-03
5.757679697126150131e-03
5.704341456294059753e-03
6.006328389048576355e-03
5.770666059106588364e-03
5.909721367061138153e-03
5.760189611464738846e-03
5.894565489143133163e-03
5.859049968421459198e-03
5.779235158115625381e-03
5.784478038549423218e-03
5.895655136555433273e-03
5.701721645891666412e-03
5.992180667817592621e-03
5.900555290281772614e-03
5.840223748236894608e-03
5.794403143227100372e-03
5.892744287848472595e-03
5.823410116136074066e-03
5.769298411905765533e-03
5.803870037198066711e-03
5.746086128056049347e-03
5.857778713107109070e-03
5.704513750970363617e-03
5.698099732398986816e-03
5.872452631592750549e-03
5.799799691885709763e-03
5.906766746193170547e-03
5.766990594565868378e-03
5.765997339040040970e-03
5.763550288975238800e-03
5.757471546530723572e-03
5.746467038989067078e-03
5.698460154235363007e-03
5.775007884949445724e-03
5.855739582329988480e-03
5.638618953526020050e-03
5.818901117891073227e-03
5.766250193119049072e-03
5.957386456429958344e-03
5.860708188265562057e-03
5.694175604730844498e-03
5.793132819235324860e-03
5.872575566172599792e-03
5.632541608065366745e-03
5.648695398122072220e-03
5.857425276190042496e-03
5.834309384226799011e-03
5.698352120816707611e-03
5.542701110243797302e-03
5.862876772880554199e-03
5.747901741415262222e-03
5.700958892703056335e-03
5.625250283628702164e-03
5.735961720347404480e-03
5.761677399277687073e-03
5.681224633008241653e-03
5.793390795588493347e-03
5.797121673822402954e-03
5.669453181326389313e-03
5.655140150338411331e-03
5.848355125635862350e-03
5.705126561224460602e-03
5.717254709452390671e-03
5.742214154452085495e-03
5.646235775202512741e-03
5.797674879431724548e-03
5.688771605491638184e-03
5.744596477597951889e-03
5.734175909310579300e-03
5.672052502632141113e-03
5.812611430883407593e-03
5.803516600281000137e-03
5.726723931729793549e-03
5.672871135175228119e-03
5.713629536330699921e-03
5.849515087902545929e-03
5.836366210132837296e-03
5.794569849967956543e-03
5.630830302834510803e-03
5.698199383914470673e-03
5.796044133603572845e-03
5.557930562645196915e-03
5.710849072784185410e-03
5.668574478477239609e-03
5.536595825105905533e-03
5.686435848474502563e-03
5.662299692630767822e-03
5.580193363130092621e-03
5.739618092775344849e-03
5.856733303517103195e-03
5.674198735505342484e-03
5.710288882255554199e-03
5.686227697879076004e-03
5.593034904450178146e-03
5.657687317579984665e-03
5.547330249100923538e-03
5.728958640247583389e-03
5.686906632035970688e-03
5.727123469114303589e-03
5.674624815583229065e-03
5.641023162752389908e-03
5.707419011741876602e-03
5.679860245436429977e-03
5.674755200743675232e-03
5.769181996583938599e-03
5.575370974838733673e-03
5.628794431686401367e-03
5.628927145153284073e-03
5.850936286151409149e-03
5.586306098848581314e-03
5.667525809258222580e-03
5.617431830614805222e-03
5.708117038011550903e-03
5.667568650096654892e-03
5.731271114200353622e-03
5.596769507974386215e-03
5.571037065237760544e-03
5.718697328120470047e-03
5.495394580066204071e-03
5.440497770905494690e-03
5.720927380025386810e-03
5.545224063098430634e-03
5.669529084116220474e-03
5.738763138651847839e-03
5.634384229779243469e-03
5.603483412414789200e-03
5.634267348796129227e-03
5.695038475096225739e-03
5.608055740594863892e-03
5.516448989510536194e-03
5.636324640363454819e-03
5.572114139795303345e-03
5.578439682722091675e-03
5.558343138545751572e-03
5.582247860729694366e-03
5.663848016411066055e-03
5.589194130152463913e-03
5.619722418487071991e-03
5.543413106352090836e-03
5.614602472633123398e-03
5.512672476470470428e-03
5.531141068786382675e-03
5.702339112758636475e-03
5.552136804908514023e-03
5.489528179168701172e-03
5.794024560600519180e-03
5.492526572197675705e-03
5.666878540068864822e-03
5.617301445454359055e-03
5.707056727260351181e-03
5.484079476445913315e-03
5.709618330001831055e-03
5.628171842545270920e-03
5.607324652373790741e-03
5.552862305194139481e-03
5.527170374989509583e-03
5.508001428097486496e-03
5.511306691914796829e-03
5.670559592545032501e-03
5.517698824405670166e-03
5.586585961282253265e-03
5.448742769658565521e-03
5.673958919942378998e-03
5.602262914180755615e-03
5.464538466185331345e-03
5.743733607232570648e-03
5.518494173884391785e-03
5.633914843201637268e-03
5.528245121240615845e-03
5.592760164290666580e-03
5.559211596846580505e-03
5.490395240485668182e-03
5.486984737217426300e-03
5.550261121243238449e-03
5.601796321570873260e-03
5.512460134923458099e-03
5.543462000787258148e-03
5.625925026834011078e-03
5.464022513478994370e-03
5.521673709154129028e-03
5.615244619548320770e-03
5.542792845517396927e-03
5.372313316911458969e-03
5.537481512874364853e-03
5.489934235811233521e-03
5.342528689652681351e-03
5.565414205193519592e-03
5.469085182994604111e-03
5.475562531501054764e-03
5.531074013561010361e-03
5.471370648592710495e-03
5.555251613259315491e-03
5.526187829673290253e-03
5.567145533859729767e-03
5.495111923664808273e-03
5.481427535414695740e-03
5.534203257411718369e-03
5.477689206600189209e-03
5.447058938443660736e-03
5.559163633733987808e-03
5.445925518870353699e-03
5.564395803958177567e-03
5.537899211049079895e-03
5.354977212846279144e-03
5.471426527947187424e-03
5.515904631465673447e-03
5.586693994700908661e-03
5.540587939321994781e-03
5.385336466133594513e-03
5.497947800904512405e-03
5.640821531414985657e-03
5.516281817108392715e-03
5.446299444884061813e-03
5.626727361232042313e-03
5.456426180899143219e-03
5.384159274399280548e-03
5.446075927466154099e-03
5.537856370210647583e-03
5.393492989242076874e-03
5.321034230291843414e-03
5.463475361466407776e-03
5.518196616321802139e-03
5.393842235207557678e-03
5.804676562547683716e-03
5.360880400985479355e-03
5.339408293366432190e-03
5.513125564903020859e-03
5.338842514902353287e-03
5.402516108006238937e-03
5.505974870175123215e-03
5.446093156933784485e-03
5.543498788028955460e-03
5.465891677886247635e-03
5.402761045843362808e-03
5.449024029076099396e-03
5.403292365372180939e-03
5.373264197260141373e-03
5.644032731652259827e-03
5.482783075422048569e-03
5.416900850832462311e-03
5.371066275984048843e-03
5.471217446029186249e-03
5.577262025326490402e-03
5.356971640139818192e-03
5.450701341032981873e-03
5.399689543992280960e-03
5.435161758214235306e-03
5.486721172928810120e-03
5.381248891353607178e-03
5.487643647938966751e-03
5.338295828551054001e-03
5.491686984896659851e-03
5.571588408201932907e-03
5.525500047951936722e-03
5.520805250853300095e-03
5.287556443363428116e-03
5.387018434703350067e-03
5.517971701920032501e-03
5.465690046548843384e-03
5.350951105356216431e-03
5.365488119423389435e-03
5.547507200390100479e-03
5.470104981213808060e-03
5.408396478742361069e-03
5.374813918024301529e-03
5.322341341525316238e-03
5.429217591881752014e-03
5.579797551035881042e-03
5.345036275684833527e-03
5.492371041327714920e-03
5.390889476984739304e-03
5.310025531798601151e-03
5.315661430358886719e-03
5.418405402451753616e-03
5.380410701036453247e-03
5.422985181212425232e-03
5.385428201407194138e-03
5.350450985133647919e-03
5.372505169361829758e-03
5.370364058762788773e-03
5.352157168090343475e-03
5.514116492122411728e-03
5.469155497848987579e-03
5.428708624094724655e-03
5.311766173690557480e-03
5.378455389291048050e-03
5.457771476358175278e-03
5.303599871695041656e-03
5.510605406016111374e-03
5.300696939229965210e-03
5.274221301078796387e-03
5.357353948056697845e-03
5.374220665544271469e-03
5.302757024765014648e-03
5.487151909619569778e-03
5.301370751112699509e-03
5.293368827551603317e-03
5.395499523729085922e-03
5.273585673421621323e-03
5.471970885992050171e-03
5.303546786308288574e-03
5.313144531100988388e-03
5.383966024965047836e-03
5.338058341294527054e-03
5.402134731411933899e-03
5.364616867154836655e-03
5.398745648562908173e-03
5.352960433810949326e-03
5.426296964287757874e-03
5.277816671878099442e-03
5.263431463390588760e-03
5.254917778074741364e-03
5.236960481852293015e-03
5.377525929361581802e-03
5.324363708496093750e-03
5.292579997330904007e-03
5.284114740788936615e-03
5.298676900565624237e-03
5.322046112269163132e-03
5.323096644133329391e-03
5.324636120349168777e-03
5.382689181715250015e-03
5.361415911465883255e-03
5.199923645704984665e-03
5.466925911605358124e-03
5.305764731019735336e-03
5.325178150087594986e-03
5.287521984428167343e-03
5.233721807599067688e-03
5.339390598237514496e-03
5.439113825559616089e-03
5.267600528895854950e-03
5.206113215535879135e-03
5.362710915505886078e-03
5.278363823890686035e-03
5.287726875394582748e-03
5.307360552251338959e-03
5.392481572926044464e-03
5.289173219352960587e-03
5.181161686778068542e-03
5.324439145624637604e-03
5.297129508107900620e-03
5.228755064308643341e-03
5.307635758072137833e-03
5.256100557744503021e-03
5.185212008655071259e-03
5.393047817051410675e-03
5.343682598322629929e-03
5.327870137989521027e-03
5.304414778947830200e-03
5.270349793136119843e-03
5.386685021221637726e-03
5.304398015141487122e-03
5.116588436067104340e-03
5.350237712264060974e-03
5.189380142837762833e-03
5.203900393098592758e-03
5.256928969174623489e-03
5.187666974961757660e-03
5.357061512768268585e-03
5.430139135569334030e-03
5.303986370563507080e-03
5.154872778803110123e-03
5.253763403743505478e-03
5.221583880484104156e-03
5.326446145772933960e-03
5.248852074146270752e-03
5.244541447609663010e-03
5.240717437118291855e-03
5.238511133939027786e-03
5.323130637407302856e-03
5.226802546530961990e-03
5.235708318650722504e-03
5.329499021172523499e-03
5.239540245383977890e-03
5.254460033029317856e-03
5.252439528703689575e-03
5.152842029929161072e-03
5.224405322223901749e-03
5.389582831412553787e-03
5.156636703759431839e-03
5.209253635257482529e-03
5.333602894097566605e-03
5.213157273828983307e-03
5.263275466859340668e-03
5.202813539654016495e-03
5.276886746287345886e-03
5.259419325739145279e-03
5.151504650712013245e-03
5.143345333635807037e-03
5.226538982242345810e-03
5.288249813020229340e-03
5.162629764527082443e-03
5.218849517405033112e-03
5.262963008135557175e-03
5.151200108230113983e-03
5.215628538280725479e-03
5.237308796495199203e-03
5.158655811101198196e-03
5.126944743096828461e-03
5.178017076104879379e-03
5.268512293696403503e-03
5.234854295849800110e-03
5.295653827488422394e-03
5.068872589617967606e-03
5.354373250156641006e-03
5.078818183392286301e-03
5.311350338160991669e-03
5.149836651980876923e-03
5.116648040711879730e-03
5.259441211819648743e-03
5.117442458868026733e-03
5.169969517737627029e-03
5.125826690346002579e-03
5.182802677154541016e-03
5.204048939049243927e-03
5.221757106482982635e-03
5.306371953338384628e-03
5.215408280491828918e-03
5.169115494936704636e-03
5.207999143749475479e-03
5.154707003384828568e-03
5.152708385139703751e-03
5.102087743580341339e-03
5.057900212705135345e-03
5.160618573427200317e-03
5.215098615735769272e-03
5.210673436522483826e-03
5.198080558329820633e-03
5.173280369490385056e-03
5.118184722959995270e-03
5.148750729858875275e-03
5.135064013302326202e-03
5.200216080993413925e-03
5.142637994140386581e-03
5.245107226073741913e-03
5.159978754818439484e-03
5.202409811317920685e-03
5.103423260152339935e-03
5.208954680711030960e-03
5.122821312397718430e-03
5.235787481069564819e-03
5.112651735544204712e-03
5.163483787328004837e-03
5.254914518445730209e-03
5.135267507284879684e-03
5.077689420431852341e-03
5.148011725395917892e-03
5.148240365087985992e-03
5.209364462643861771e-03
5.128227639943361282e-03
5.132217891514301300e-03
5.152424797415733337e-03
5.123243201524019241e-03
5.129509139806032181e-03
5.068207625299692154e-03
5.144658498466014862e-03
5.286680534482002258e-03
5.129229277372360229e-03
5.204173270612955093e-03
5.208566784858703613e-03
5.167374387383460999e-03
5.126420874148607254e-03
4.954593256115913391e-03
5.111839622259140015e-03
5.119953304529190063e-03
5.141912959516048431e-03
5.302419885993003845e-03
5.121182650327682495e-03
5.009532906115055084e-03
5.254089832305908203e-03
5.019766278564929962e-03
5.227035377174615860e-03
5.106094758957624435e-03
5.063095595687627792e-03
5.005824379622936249e-03
5.111124366521835327e-03
5.079847294837236404e-03
5.122166126966476440e-03
5.042328964918851852e-03
5.130487028509378433e-03
4.996792413294315338e-03
5.155976396054029465e-03
5.044212564826011658e-03
5.014898721128702164e-03
5.023235455155372620e-03
5.059365183115005493e-03
5.125223658978939056e-03
5.112671293318271637e-03
4.932265728712081909e-03
5.051145330071449280e-03
4.997721873223781586e-03
5.033175460994243622e-03
5.108612123876810074e-03
5.100576207041740417e-03
5.051177926361560822e-03
5.063489079475402832e-03
4.994516260921955109e-03
5.078418646007776260e-03
5.251417867839336395e-03
5.005580373108386993e-03
5.092105362564325333e-03
5.023437086492776871e-03
5.007917527109384537e-03
5.178574938327074051e-03
5.060844123363494873e-03
5.006046965718269348e-03
5.043607670813798904e-03
5.069048609584569931e-03
5.044207442551851273e-03
5.034643225371837616e-03
5.064446479082107544e-03
5.133536644279956818e-03
5.001746583729982376e-03
5.048838444054126740e-03
5.033154040575027466e-03
5.118057131767272949e-03
5.120266228914260864e-03
4.994000308215618134e-03
5.087933968752622604e-03
5.058231297880411148e-03
5.055699031800031662e-03
4.968801978975534439e-03
5.101400427520275116e-03
5.026975180953741074e-03
4.951606970280408859e-03
5.076644942164421082e-03
5.011971574276685715e-03
5.005787592381238937e-03
4.993074107915163040e-03
5.036158487200737000e-03
4.949008114635944366e-03
5.018041469156742096e-03
4.985059611499309540e-03
5.027244333177804947e-03
5.062035750597715378e-03
4.929137416183948517e-03
5.023091100156307220e-03
4.986612591892480850e-03
5.068910773843526840e-03
5.118009168654680252e-03
4.934054333716630936e-03
5.095712374895811081e-03
4.956342279911041260e-03
4.930762108415365219e-03
5.066862329840660095e-03
4.917862359434366226e-03
5.080001894384622574e-03
4.928189795464277267e-03
4.941896535456180573e-03
4.942990373820066452e-03
4.990305285900831223e-03
4.961753729730844498e-03
4.952874034643173218e-03
4.997482057660818100e-03
5.219574552029371262e-03
4.986772779375314713e-03
4.926927853375673294e-03
4.853365011513233185e-03
5.038049537688493729e-03
4.906421527266502380e-03
4.959483630955219269e-03
5.084350239485502243e-03
4.985666368156671524e-03
5.081397481262683868e-03
4.944378044456243515e-03
4.922165069729089737e-03
4.996980540454387665e-03
4.951678682118654251e-03
4.882897250354290009e-03
5.127970594912767410e-03
5.048010032624006271e-03
4.948730580508708954e-03
4.954397678375244141e-03
4.819027613848447800e-03
5.073474254459142685e-03
4.924776963889598846e-03
4.971977323293685913e-03
4.978644661605358124e-03
4.979676101356744766e-03
4.991694819182157516e-03
5.178326740860939026e-03
4.880621097981929779e-03
4.894980229437351227e-03
4.971276037395000458e-03
5.054967477917671204e-03
4.944493528455495834e-03
4.872391931712627411e-03
4.874874837696552277e-03
4.947117064148187637e-03
4.932534415274858475e-03
5.054052453488111496e-03
4.977646283805370331e-03
4.922023508697748184e-03
4.930882714688777924e-03
4.987414460629224777e-03
4.914955236017704010e-03
5.004235077649354935e-03
4.989308770745992661e-03
5.074330605566501617e-03
4.992202389985322952e-03
4.893980920314788818e-03
4.984376952052116394e-03
4.976113326847553253e-03
4.829637706279754639e-03
4.962392617017030716e-03
4.938466940075159073e-03
4.938154947012662888e-03
4.868553951382637024e-03
4.888277500867843628e-03
5.018045660108327866e-03
4.749615676701068878e-03
4.855898674577474594e-03
4.866546485573053360e-03
4.823683761060237885e-03
5.139828193932771683e-03
4.914568737149238586e-03
4.704435355961322784e-03
5.071460269391536713e-03
4.870455246418714523e-03
4.933273885399103165e-03
4.856760613620281219e-03
4.908651113510131836e-03
4.917297512292861938e-03
4.917617887258529663e-03
4.922866355627775192e-03
4.891807679086923599e-03
4.963338375091552734e-03
4.977595992386341095e-03
4.802628420293331146e-03
5.050420295447111130e-03
4.796673543751239777e-03
4.950924776494503021e-03
4.876643419265747070e-03
4.792128689587116241e-03
4.959942772984504700e-03
4.917668178677558899e-03
4.903062246739864349e-03
4.809419624507427216e-03
4.858253058046102524e-03
4.828368779271841049e-03
4.797071218490600586e-03
5.000127013772726059e-03
4.986814688891172409e-03
4.911059513688087463e-03
4.859753884375095367e-03
5.041650496423244476e-03
4.777964204549789429e-03
4.912108182907104492e-03
4.856370389461517334e-03
4.896099679172039032e-03
4.834457766264677048e-03
5.002901423722505569e-03
4.863735288381576538e-03
4.964399151504039764e-03
4.721107427030801773e-03
4.866544622927904129e-03
4.887609276920557022e-03
4.755941219627857208e-03
4.964260384440422058e-03
4.839268047362565994e-03
4.869875498116016388e-03
4.908828530460596085e-03
4.832492209970951080e-03
4.791260696947574615e-03
4.827070049941539764e-03
4.751560743898153305e-03
4.851662088185548782e-03
4.955331329256296158e-03
4.847354721277952194e-03
4.913036711513996124e-03
4.869079682976007462e-03
4.860398825258016586e-03
4.877812229096889496e-03
4.937993828207254410e-03
4.857981577515602112e-03
4.791953135281801224e-03
4.819653928279876709e-03
4.871749784797430038e-03
4.841128364205360413e-03
5.061559844762086868e-03
4.762000404298305511e-03
4.810100421309471130e-03
4.934065975248813629e-03
4.751344211399555206e-03
4.816226661205291748e-03
4.864960443228483200e-03
4.828956909477710724e-03
4.729064181447029114e-03
4.906837362796068192e-03
4.710466135293245316e-03
4.832708276808261871e-03
4.780018702149391174e-03
4.953246098011732101e-03
4.845714662224054337e-03
4.832409322261810303e-03
4.877055995166301727e-03
4.806253593415021896e-03
4.811965394765138626e-03
4.911544267088174820e-03
4.837018903344869614e-03
4.916585981845855713e-03
4.786278586834669113e-03
4.794792272150516510e-03
4.853303078562021255e-03
4.946520552039146423e-03
4.850706551223993301e-03
4.740140866488218307e-03
4.751618485897779465e-03
4.837739281356334686e-03
4.896084312349557877e-03
4.842631518840789795e-03
4.816624801605939865e-03
4.863353911787271500e-03
4.816031083464622498e-03
4.824362229555845261e-03
4.882442299276590347e-03
4.809152800589799881e-03
4.776358604431152344e-03
4.831877537071704865e-03
4.770089406520128250e-03
4.793955013155937195e-03
4.868535324931144714e-03
4.780208226293325424e-03
4.839011933654546738e-03
4.716699942946434021e-03
4.755450878292322159e-03
4.769416991621255875e-03
4.780971910804510117e-03
4.876552149653434753e-03
4.792156163603067398e-03
4.713616799563169479e-03
4.868998192250728607e-03
4.849228542298078537e-03
4.829769954085350037e-03
4.761676304042339325e-03
4.858416039496660233e-03
4.864613525569438934e-03
4.673206713050603867e-03
4.846153315156698227e-03
4.870589356869459152e-03
4.761010408401489258e-03
4.646595567464828491e-03
4.876065533608198166e-03
4.887574352324008942e-03
4.868964664638042450e-03
4.798350390046834946e-03
4.829920362681150436e-03
4.654970020055770874e-03
4.779659677296876907e-03
4.674864932894706726e-03
4.818776622414588928e-03
4.723963793367147446e-03
4.790455102920532227e-03
4.843661095947027206e-03
4.634587094187736511e-03
4.771518055349588394e-03
4.715767689049243927e-03
4.781629890203475952e-03
4.784870427101850510e-03
4.846390336751937866e-03
4.838150460273027420e-03
4.677983932197093964e-03
4.840606823563575745e-03
4.681155085563659668e-03
4.911927971988916397e-03
4.649742972105741501e-03
4.609637428075075150e-03
4.789804574102163315e-03
4.742125980556011200e-03
4.758669063448905945e-03
4.804656840860843658e-03
4.861433524638414383e-03
4.799316171556711197e-03
4.595508333295583725e-03
4.754993598908185959e-03
4.737941548228263855e-03
4.701141268014907837e-03
4.848592914640903473e-03
4.780274815857410431e-03
4.722170997411012650e-03
4.769706632941961288e-03
4.748891107738018036e-03
4.744394216686487198e-03
4.765074700117111206e-03
4.799330141395330429e-03
4.745709709823131561e-03
4.753527231514453888e-03
4.689808934926986694e-03
4.804355558007955551e-03
4.772153217345476151e-03
4.787604790180921555e-03
4.688904620707035065e-03
4.713175352662801743e-03
4.818564280867576599e-03
4.820592235773801804e-03
4.646321758627891541e-03
4.656396340578794479e-03
4.756267182528972626e-03
4.781221505254507065e-03
4.724618513137102127e-03
4.830711521208286285e-03
4.684512969106435776e-03
4.793555010110139847e-03
4.752345848828554153e-03
4.669675603508949280e-03
4.781797528266906738e-03
4.734964109957218170e-03
4.686248023062944412e-03
4.682274535298347473e-03
4.753141663968563080e-03
4.755831323564052582e-03
4.689455032348632812e-03
4.600114654749631882e-03
4.706951323896646500e-03
4.781974479556083679e-03
4.740945063531398773e-03
4.807611927390098572e-03
4.839413333684206009e-03
4.694344010204076767e-03
4.688447806984186172e-03
4.631770774722099304e-03
4.611077252775430679e-03
4.712258465588092804e-03
4.902971442788839340e-03
4.578588996082544327e-03
4.720744211226701736e-03
4.668865818530321121e-03
4.808970261365175247e-03
4.764406010508537292e-03
4.756714683026075363e-03
4.682126455008983612e-03
4.661774728447198868e-03
4.917081911116838455e-03
4.665105603635311127e-03
4.651812370866537094e-03
4.743642639368772507e-03
4.686428233981132507e-03
4.663131665438413620e-03
4.811298567801713943e-03
4.739501979202032089e-03
4.615448415279388428e-03
4.792131017893552780e-03
4.686507862061262131e-03
4.692394286394119263e-03
4.679670557379722595e-03
4.636090714484453201e-03
4.619768355041742325e-03
4.656575620174407959e-03
4.800112452358007431e-03
4.733853507786989212e-03
4.591103643178939819e-03
4.663733299821615219e-03
4.665425512939691544e-03
4.753128625452518463e-03
4.641031380742788315e-03
4.722259007394313812e-03
4.611329641193151474e-03
4.700829740613698959e-03
4.622135311365127563e-03
4.632690921425819397e-03
4.525787197053432465e-03
4.676364362239837646e-03
4.688769578933715820e-03
4.672509618103504181e-03
4.694044124335050583e-03
4.636773373931646347e-03
4.686483182013034821e-03
4.751848988234996796e-03
4.781453870236873627e-03
4.588814452290534973e-03
4.662705585360527039e-03
4.632266238331794739e-03
4.643611144274473190e-03
4.722149111330509186e-03
4.855758510529994965e-03
4.619939252734184265e-03
4.547434393316507339e-03
4.734992515295743942e-03
4.639741033315658569e-03
4.629892297089099884e-03
4.594930913299322128e-03
4.691366106271743774e-03
4.684163723140954971e-03
4.610239528119564056e-03
4.628055263310670853e-03
4.869400523602962494e-03
4.630800802260637283e-03
4.612473305314779282e-03
4.708307795226573944e-03
4.661126993596553802e-03
4.628291353583335876e-03
4.583589732646942139e-03
4.599653650075197220e-03
4.730555694550275803e-03
4.717140924185514450e-03
4.703333135694265366e-03
4.575515631586313248e-03
4.632266703993082047e-03
4.705810453742742538e-03
4.684052895754575729e-03
4.667960572987794876e-03
4.521073773503303528e-03
4.700995050370693207e-03
4.557406995445489883e-03
4.694432485848665237e-03
4.688345361500978470e-03
4.635141231119632721e-03
4.751794505864381790e-03
4.623208194971084595e-03
4.571634810417890549e-03
4.667384084314107895e-03
4.732101690024137497e-03
4.639295861124992371e-03
4.671534057706594467e-03
4.709170199930667877e-03
4.692742601037025452e-03
4.527050536125898361e-03
4.516703076660633087e-03
4.570154938846826553e-03
4.601337946951389313e-03
4.623924382030963898e-03
4.581242334097623825e-03
4.561763256788253784e-03
4.606858361512422562e-03
4.666010383516550064e-03
4.619348794221878052e-03
4.631866235285997391e-03
4.668973851948976517e-03
4.642921965569257736e-03
4.517793189734220505e-03
4.667320754379034042e-03
4.533635452389717102e-03
4.584902897477149963e-03
4.727709572762250900e-03
4.517872352153062820e-03
4.715505056083202362e-03
4.524589981883764267e-03
4.546970129013061523e-03
4.559143912047147751e-03
4.675583448261022568e-03
4.594475496560335159e-03
4.641312174499034882e-03
4.744506906718015671e-03
4.624585621058940887e-03
4.516995046287775040e-03
4.506954923272132874e-03
4.573939833790063858e-03
4.561184439808130264e-03
4.738251212984323502e-03
4.517441149801015854e-03
4.573273472487926483e-03
4.629019647836685181e-03
4.502147436141967773e-03
4.572506062686443329e-03
4.697707016021013260e-03
4.529085941612720490e-03
4.682650789618492126e-03
4.590915981680154800e-03
4.556270316243171692e-03
4.594794008880853653e-03
4.503726493567228317e-03
4.539585206657648087e-03
4.723527468740940094e-03
4.464706871658563614e-03
4.537505563348531723e-03
4.453925881534814835e-03
4.655412398278713226e-03
4.516632761806249619e-03
4.521597642451524734e-03
4.670098423957824707e-03
4.553846549242734909e-03
4.500937648117542267e-03
4.457750357687473297e-03
4.650301765650510788e-03
4.463439341634511948e-03
4.585396964102983475e-03
4.610977135598659515e-03
4.670175258070230484e-03
4.533958155661821365e-03
4.512409213930368423e-03
4.540437366813421249e-03
4.601585213094949722e-03
4.546555690467357635e-03
4.576611332595348358e-03
4.550342448055744171e-03
4.576858133077621460e-03
4.557595122605562210e-03
4.553331527858972549e-03
4.627386573702096939e-03
4.528701771050691605e-03
4.520932678133249283e-03
4.544079303741455078e-03
4.568049218505620956e-03
4.479946102946996689e-03
4.451814107596874237e-03
4.543565213680267334e-03
4.475006368011236191e-03
4.605163354426622391e-03
4.602140747010707855e-03
4.620110616087913513e-03
4.432177636772394180e-03
4.517543595284223557e-03
4.555396270006895065e-03
4.539736546576023102e-03
4.563683643937110901e-03
4.467456601560115814e-03
4.583391826599836349e-03
4.504604265093803406e-03
4.524368327111005783e-03
4.502926487475633621e-03
4.398586694151163101e-03
4.565450828522443771e-03
4.519370850175619125e-03
4.647484049201011658e-03
4.533600993454456329e-03
4.526440054178237915e-03
4.537126049399375916e-03
4.582421854138374329e-03
4.462969955056905746e-03
4.571326542645692825e-03
4.490281920880079269e-03
4.526708275079727173e-03
4.538748413324356079e-03
4.496209323406219482e-03
4.486620891839265823e-03
4.516768734902143478e-03
4.448689986020326614e-03
4.542942158877849579e-03
4.554902203381061554e-03
4.535660147666931152e-03
4.482654854655265808e-03
4.536712542176246643e-03
4.559858236461877823e-03
4.455941729247570038e-03
4.560293629765510559e-03
4.541509784758090973e-03
4.511807113885879517e-03
4.579124040901660919e-03
4.441200755536556244e-03
4.450764972716569901e-03
4.494182765483856201e-03
4.501290619373321533e-03
4.475948866456747055e-03
4.447571001946926117e-03
4.537201020866632462e-03
4.641733132302761078e-03
4.494490567594766617e-03
4.462910816073417664e-03
4.401812795549631119e-03
4.419256001710891724e-03
4.554278682917356491e-03
4.512507934123277664e-03
4.491649568080902100e-03
4.426779691129922867e-03
4.557569976896047592e-03
4.523190669715404510e-03
4.427745472639799118e-03
4.500914365053176880e-03
4.512820858508348465e-03
4.499998874962329865e-03
4.433034919202327728e-03
4.426715429872274399e-03
4.501919727772474289e-03
4.467304330319166183e-03
4.472651518881320953e-03
4.491769243031740189e-03
4.492748063057661057e-03
4.472281783819198608e-03
4.475257359445095062e-03
4.483785945922136307e-03
4.464033991098403931e-03
4.531647544354200363e-03
4.477699287235736847e-03
4.468653816729784012e-03
4.508102312684059143e-03
4.438258241862058640e-03
4.517586436122655869e-03
4.474434070289134979e-03
4.531329963356256485e-03
4.420735873281955719e-03
4.530064761638641357e-03
4.477032925933599472e-03
4.294977523386478424e-03
4.562461748719215393e-03
4.431502893567085266e-03
4.348392598330974579e-03
4.444989841431379318e-03
4.507751669734716415e-03
4.514121450483798981e-03
4.470091313123703003e-03
4.433225374668836594e-03
4.380351398140192032e-03
4.405637737363576889e-03
4.361876752227544785e-03
4.504289943724870682e-03
4.506791476160287857e-03
4.411964211612939835e-03
4.525373689830303192e-03
4.426952451467514038e-03
4.417913034558296204e-03
4.358469974249601364e-03
4.511241801083087921e-03
4.462306853383779526e-03
4.427812062203884125e-03
4.626595880836248398e-03
4.411506000906229019e-03
4.403097089380025864e-03
4.499959293752908707e-03
4.403384402394294739e-03
4.374020732939243317e-03
4.427381325513124466e-03
4.583842121064662933e-03
4.431407433003187180e-03
4.481544718146324158e-03
4.373332951217889786e-03
4.437860101461410522e-03
4.485891666263341904e-03
4.396593198180198669e-03
4.483526572585105896e-03
4.322709515690803528e-03
4.403280559927225113e-03
4.493723623454570770e-03
4.416759591549634933e-03
4.524491261690855026e-03
4.396470729261636734e-03
4.397727549076080322e-03
4.382655490189790726e-03
4.480456467717885971e-03
4.421986173838376999e-03
4.444997292011976242e-03
4.463979508727788925e-03
4.323049448430538177e-03
4.447269719094038010e-03
4.422772210091352463e-03
4.410129971802234650e-03
4.435040988028049469e-03
4.258709494024515152e-03
4.499712958931922913e-03
4.376955796033143997e-03
4.473090637475252151e-03
4.366206005215644836e-03
4.463505931198596954e-03
4.472653847187757492e-03
4.463164135813713074e-03
4.355368670076131821e-03
4.372910130769014359e-03
4.419532604515552521e-03
4.475901369005441666e-03
4.539597313851118088e-03
4.334822762757539749e-03
4.400825127959251404e-03
4.369422327727079391e-03
4.417845513671636581e-03
4.361774306744337082e-03
4.351800773292779922e-03
4.430528264492750168e-03
4.357120022177696228e-03
4.436281509697437286e-03
4.444413352757692337e-03
4.378103185445070267e-03
4.340511746704578400e-03
4.390034824609756470e-03
4.529567901045084000e-03
4.369562957435846329e-03
4.372161813080310822e-03
4.449039231985807419e-03
4.373732022941112518e-03
4.442148376256227493e-03
4.368163645267486572e-03
4.411866422742605209e-03
4.405017010867595673e-03
4.368747118860483170e-03
4.439272917807102203e-03
4.407708067446947098e-03
4.420179873704910278e-03
4.443422425538301468e-03
4.429524298757314682e-03
4.475242458283901215e-03
4.381356760859489441e-03
4.343564156442880630e-03
4.316118080168962479e-03
4.393382929265499115e-03
4.441423807293176651e-03
4.288036376237869263e-03
4.315381869673728943e-03
4.294719547033309937e-03
4.483640193939208984e-03
4.452711902558803558e-03
4.391754511743783951e-03
4.469834268093109131e-03
4.388579633086919785e-03
4.354931879788637161e-03
4.322086460888385773e-03
4.454036243259906769e-03
4.337819758802652359e-03
4.314854741096496582e-03
4.360637627542018890e-03
4.459729883819818497e-03
4.366314038634300232e-03
4.382466897368431091e-03
4.401933401823043823e-03
4.364353604614734650e-03
4.318867810070514679e-03
4.345866385847330093e-03
4.277853760868310928e-03
4.286993760615587234e-03
4.480727482587099075e-03
4.355775192379951477e-03
4.223526455461978912e-03
4.421704448759555817e-03
4.366081207990646362e-03
4.400448407977819443e-03
4.489891696721315384e-03
4.411350470036268234e-03
4.145421087741851807e-03
4.324720241129398346e-03
4.311803728342056274e-03
4.340328741818666458e-03
4.460607189685106277e-03
4.366460256278514862e-03
4.459458403289318085e-03
4.353831522166728973e-03
4.374866373836994171e-03
4.391847644001245499e-03
4.388390108942985535e-03
4.294799640774726868e-03
4.403298720717430115e-03
4.294613376259803772e-03
4.416433162987232208e-03
4.174742847681045532e-03
4.406907130032777786e-03
4.438565112650394440e-03
4.311518743634223938e-03
4.402426537126302719e-03
4.260159097611904144e-03
4.257139749825000763e-03
4.367714747786521912e-03
4.387276712805032730e-03
4.321591462939977646e-03
4.401691723614931107e-03
4.254066385328769684e-03
4.478328395634889603e-03
4.331355448812246323e-03
4.369850270450115204e-03
4.276853520423173904e-03
4.306098446249961853e-03
4.339019302278757095e-03
4.348152782768011093e-03
4.267064388841390610e-03
4.379327408969402313e-03
4.340330138802528381e-03
4.317366983741521835e-03
4.385058302432298660e-03
4.315775353461503983e-03
4.295853432267904282e-03
4.233212210237979889e-03
4.454698879271745682e-03
4.269673489034175873e-03
4.373392555862665176e-03
4.337506368756294250e-03
4.298813641071319580e-03
4.393691197037696838e-03
4.275526851415634155e-03
4.169394262135028839e-03
4.545521922409534454e-03
4.251650068908929825e-03
4.399836063385009766e-03
4.238203167915344238e-03
4.328030161559581757e-03
4.422936588525772095e-03
4.338316153734922409e-03
4.287044983357191086e-03
4.333418328315019608e-03
4.388110246509313583e-03
4.298010841012001038e-03
4.318247549235820770e-03
4.389028064906597137e-03
4.354031756520271301e-03
4.235039930790662766e-03
4.291099961847066879e-03
4.291677381843328476e-03
4.365974105894565582e-03
4.363181069493293762e-03
4.305864218622446060e-03
4.367656540125608444e-03
4.253383725881576538e-03
4.317614249885082245e-03
4.314933903515338898e-03
4.248680546879768372e-03
4.318187944591045380e-03
4.331536125391721725e-03
4.273342899978160858e-03
4.304312169551849365e-03
4.256705753505229950e-03
4.235799890011548996e-03
4.369153175503015518e-03
4.387378226965665817e-03
4.389060195535421371e-03
4.261830821633338928e-03
4.205551929771900177e-03
4.266981035470962524e-03
4.375768825411796570e-03
4.166946280747652054e-03
4.409737419337034225e-03
4.253724589943885803e-03
4.296930506825447083e-03
4.286406096071004868e-03
4.272323101758956909e-03
4.305435344576835632e-03
4.312536679208278656e-03
4.245935007929801941e-03
4.265126772224903107e-03
4.418335855007171631e-03
4.328710027039051056e-03
4.395582713186740875e-03
4.249735269695520401e-03
4.298514220863580704e-03
4.334247205406427383e-03
4.200331866741180420e-03
4.307097289711236954e-03
4.262971691787242889e-03
4.271383862942457199e-03
4.231214057654142380e-03
4.248644225299358368e-03
4.281114786863327026e-03
4.295323509722948074e-03
4.354482516646385193e-03
4.267925862222909927e-03
4.200320690870285034e-03
4.292908124625682831e-03
4.318237304687500000e-03
4.222747869789600372e-03
4.277464468032121658e-03
4.227421712130308151e-03
4.315947648137807846e-03
4.281482193619012833e-03
4.279152955859899521e-03
4.240780603140592575e-03
4.315033089369535446e-03
4.297321662306785583e-03
4.171948879957199097e-03
4.227963741868734360e-03
4.246410913765430450e-03
4.305974580347537994e-03
4.290305543690919876e-03
4.248751793056726456e-03
4.244611598551273346e-03
4.084021784365177155e-03
4.236164037138223648e-03
4.395267926156520844e-03
4.200837574899196625e-03
4.229851067066192627e-03
4.362761043012142181e-03
4.262117668986320496e-03
4.313033074140548706e-03
4.275791347026824951e-03
4.151548724621534348e-03
4.389464855194091797e-03
4.243551753461360931e-03
4.328362643718719482e-03
4.163925070315599442e-03
4.153646528720855713e-03
4.253472201526165009e-03
4.202245268970727921e-03
4.405879881232976913e-03
4.195217974483966827e-03
4.165225196629762650e-03
4.295147489756345749e-03
4.291209392249584198e-03
4.130089655518531799e-03
4.290774930268526077e-03
4.246791359037160873e-03
4.210846032947301865e-03
4.234486725181341171e-03
4.232180304825305939e-03
4.335977602750062943e-03
4.217845387756824493e-03
4.240526352077722549e-03
4.167687613517045975e-03
4.268443677574396133e-03
4.233615007251501083e-03
4.265340045094490051e-03
4.193178843706846237e-03
4.231765866279602051e-03
4.203204065561294556e-03
4.234126769006252289e-03
4.203280899673700333e-03
4.135398194193840027e-03
4.287786781787872314e-03
4.367299843579530716e-03
4.279595799744129181e-03
4.285649396479129791e-03
4.319634754210710526e-03
4.190028179436922073e-03
4.307929892092943192e-03
4.238057881593704224e-03
4.270039033144712448e-03
4.170436412096023560e-03
4.245655611157417297e-03
4.284203518182039261e-03
4.236269742250442505e-03
4.189647734165191650e-03
4.208706319332122803e-03
4.163234494626522064e-03
4.252629820257425308e-03
4.336125683039426804e-03
4.120857454836368561e-03
4.200891125947237015e-03
4.225969780236482620e-03
4.119285382330417633e-03
4.169491585344076157e-03
4.197386559098958969e-03
4.239694215357303619e-03
4.172415006905794144e-03
4.197958856821060181e-03
4.186454229056835175e-03
4.237687215209007263e-03
4.317217972129583359e-03
4.247331526130437851e-03
4.156690090894699097e-03
4.252968356013298035e-03
4.206585697829723358e-03
4.154238384217023849e-03
4.190069157630205154e-03
4.311131313443183899e-03
4.194016102701425552e-03
4.250102676451206207e-03
