2.511273920536041260e-01
2.508588731288909912e-01
2.223351001739501953e-01
1.620422303676605225e-01
1.463555842638015747e-01
1.375510692596435547e-01
1.311698108911514282e-01
1.266725808382034302e-01
1.220046803355216980e-01
1.176551133394241333e-01
1.142009198665618896e-01
1.107172816991806030e-01
1.071342453360557556e-01
1.040129214525222778e-01
1.013304963707923889e-01
9.814952313899993896e-02
9.577532112598419189e-02
9.315963834524154663e-02
9.082710742950439453e-02
8.874450623989105225e-02
8.661989122629165649e-02
8.509486168622970581e-02
8.303210884332656860e-02
8.148529380559921265e-02
7.987967133522033691e-02
7.863856852054595947e-02
7.723340392112731934e-02
7.604195922613143921e-02
7.493845373392105103e-02
7.375066727399826050e-02
7.257029414176940918e-02
7.182197272777557373e-02
7.103472203016281128e-02
6.977476179599761963e-02
6.907568871974945068e-02
6.815082579851150513e-02
6.704773753881454468e-02
6.658753752708435059e-02
6.563739478588104248e-02
6.526141613721847534e-02
6.467201560735702515e-02
6.371583789587020874e-02
6.328187882900238037e-02
6.244705244898796082e-02
6.194373592734336853e-02
6.144733354449272156e-02
6.093990430235862732e-02
6.036005169153213501e-02
5.989785864949226379e-02
5.918959155678749084e-02
5.891426652669906616e-02
5.843266844749450684e-02
5.812918767333030701e-02
5.788365751504898071e-02
5.727277696132659912e-02
5.705606564879417419e-02
5.673148110508918762e-02
5.623125284910202026e-02
5.583233013749122620e-02
5.525441095232963562e-02
5.515607073903083801e-02
5.485842749476432800e-02
5.464749783277511597e-02
5.434666946530342102e-02
5.397700145840644836e-02
5.326662585139274597e-02
5.352956056594848633e-02
5.291197821497917175e-02
5.265279486775398254e-02
5.244604870676994324e-02
5.265611410140991211e-02
5.173414573073387146e-02
5.168303474783897400e-02
5.136676132678985596e-02
5.137925222516059875e-02
5.087527632713317871e-02
5.070364847779273987e-02
5.065651983022689819e-02
5.037121102213859558e-02
4.994666948914527893e-02
4.984412714838981628e-02
4.948802664875984192e-02
4.929571971297264099e-02
4.926131665706634521e-02
4.898547008633613586e-02
4.870165139436721802e-02
4.862956330180168152e-02
4.847642034292221069e-02
4.812856391072273254e-02
4.808400943875312805e-02
4.777092859148979187e-02
4.771735519170761108e-02
4.758215695619583130e-02
4.753557965159416199e-02
4.708556458353996277e-02
4.703734815120697021e-02
4.677760228514671326e-02
4.647061601281166077e-02
4.638680443167686462e-02
4.637026414275169373e-02
4.626624658703804016e-02
4.626324027776718140e-02
4.608681797981262207e-02
4.561425372958183289e-02
4.563592374324798584e-02
4.549636319279670715e-02
4.546823725104331970e-02
4.533770680427551270e-02
4.515611752867698669e-02
4.514688998460769653e-02
4.485347121953964233e-02
4.475913569331169128e-02
4.457490518689155579e-02
4.435349628329277039e-02
4.438621550798416138e-02
4.419314116239547729e-02
4.414793476462364197e-02
4.407020658254623413e-02
4.378168657422065735e-02
4.360739141702651978e-02
4.364192858338356018e-02
4.342796653509140015e-02
4.338074102997779846e-02
4.337479174137115479e-02
4.321859404444694519e-02
4.280983656644821167e-02
4.281597957015037537e-02
4.294288530945777893e-02
4.248903691768646240e-02
4.258252307772636414e-02
4.250523820519447327e-02
4.263109713792800903e-02
4.234090819954872131e-02
4.218151792883872986e-02
4.215985536575317383e-02
4.202499613165855408e-02
4.193519800901412964e-02
4.202415421605110168e-02
4.178209602832794189e-02
4.202760383486747742e-02
4.153028130531311035e-02
4.165855422616004944e-02
4.113111644983291626e-02
4.114027321338653564e-02
4.126025363802909851e-02
4.107522219419479370e-02
4.108090326189994812e-02
4.127828404307365417e-02
4.094717279076576233e-02
4.101889953017234802e-02
4.083418101072311401e-02
4.052702710032463074e-02
4.031914845108985901e-02
4.042691737413406372e-02
4.028014466166496277e-02
4.049058631062507629e-02
4.028455168008804321e-02
4.008620604872703552e-02
3.996877372264862061e-02
3.998576104640960693e-02
3.983904421329498291e-02
3.960556164383888245e-02
3.937761858105659485e-02
3.954439237713813782e-02
3.952647745609283447e-02
3.954565152525901794e-02
3.960182517766952515e-02
3.940185159444808960e-02
3.907315433025360107e-02
3.909002617001533508e-02
3.930268436670303345e-02
3.878833353519439697e-02
3.906419500708580017e-02
3.881167620420455933e-02
3.876030445098876953e-02
3.879336640238761902e-02
3.858933597803115845e-02
3.854837268590927124e-02
3.868436068296432495e-02
3.833254054188728333e-02
3.823595866560935974e-02
3.849692642688751221e-02
3.821123763918876648e-02
3.827025741338729858e-02
3.794718533754348755e-02
3.805146366357803345e-02
3.795609250664710999e-02
3.787670657038688660e-02
3.783967345952987671e-02
3.795690461993217468e-02
3.752015903592109680e-02
3.775366023182868958e-02
3.755746781826019287e-02
3.775932639837265015e-02
3.754013404250144958e-02
3.736620768904685974e-02
3.737711906433105469e-02
3.744918107986450195e-02
3.749794140458106995e-02
3.711896017193794250e-02
3.726777806878089905e-02
3.721171990036964417e-02
3.706237301230430603e-02
3.708398342132568359e-02
3.696933761239051819e-02
3.682493045926094055e-02
3.702830895781517029e-02
3.675169125199317932e-02
3.685739636421203613e-02
3.663037717342376709e-02
3.677364438772201538e-02
3.649519011378288269e-02
3.653071448206901550e-02
3.644704446196556091e-02
3.661850094795227051e-02
3.664410486817359924e-02
3.619554638862609863e-02
3.641091659665107727e-02
3.625452518463134766e-02
3.620494529604911804e-02
3.608303144574165344e-02
3.605057671666145325e-02
3.591760620474815369e-02
3.597111627459526062e-02
3.597878292202949524e-02
3.573232516646385193e-02
3.574511781334877014e-02
3.574866056442260742e-02
3.565094619989395142e-02
3.588523715734481812e-02
3.557717800140380859e-02
3.557844460010528564e-02
3.577405586838722229e-02
3.557819873094558716e-02
3.561165556311607361e-02
3.562088683247566223e-02
3.534352779388427734e-02
3.545838594436645508e-02
3.564566746354103088e-02
3.533246740698814392e-02
3.554140403866767883e-02
3.522627055644989014e-02
3.524569794535636902e-02
3.515553101897239685e-02
3.495425730943679810e-02
3.502487391233444214e-02
3.491997718811035156e-02
3.485563024878501892e-02
3.480948507785797119e-02
3.503143042325973511e-02
3.494874387979507446e-02
3.483826667070388794e-02
3.500434011220932007e-02
3.482750058174133301e-02
3.455873206257820129e-02
3.467174619436264038e-02
3.468711301684379578e-02
3.451834991574287415e-02
3.461737185716629028e-02
3.487068042159080505e-02
3.441727533936500549e-02
3.457759320735931396e-02
3.453942760825157166e-02
3.455158695578575134e-02
3.431025519967079163e-02
3.445634618401527405e-02
3.415130078792572021e-02
3.435071185231208801e-02
3.421347960829734802e-02
3.417767956852912903e-02
3.431452065706253052e-02
3.425262868404388428e-02
3.393292054533958435e-02
3.416883572936058044e-02
3.396251797676086426e-02
3.426191583275794983e-02
3.401078656315803528e-02
3.392546251416206360e-02
3.394311666488647461e-02
3.387387469410896301e-02
3.390353545546531677e-02
3.360356017947196960e-02
3.377278149127960205e-02
3.366662189364433289e-02
3.360614553093910217e-02
3.358345851302146912e-02
3.376600518822669983e-02
3.381182625889778137e-02
3.338071331381797791e-02
3.374262526631355286e-02
3.357495740056037903e-02
3.361313790082931519e-02
3.368658944964408875e-02
3.343117237091064453e-02
3.352797776460647583e-02
3.345062583684921265e-02
3.326066210865974426e-02
3.353707492351531982e-02
3.317548707127571106e-02
3.333954513072967529e-02
3.338076174259185791e-02
3.339396789669990540e-02
3.329020738601684570e-02
3.286043182015419006e-02
3.308897092938423157e-02
3.311386704444885254e-02
3.320089355111122131e-02
3.299632668495178223e-02
3.284901008009910583e-02
3.303640335798263550e-02
3.288366273045539856e-02
3.290652856230735779e-02
3.271334245800971985e-02
3.287101536989212036e-02
3.279341757297515869e-02
3.260316327214241028e-02
3.271601721644401550e-02
3.277045860886573792e-02
3.258034214377403259e-02
3.266964107751846313e-02
3.266348689794540405e-02
3.268288075923919678e-02
3.253237158060073853e-02
3.263999521732330322e-02
3.262754529714584351e-02
3.253750875592231750e-02
3.248213604092597961e-02
3.252882510423660278e-02
3.242492675781250000e-02
3.239096701145172119e-02
3.256813064217567444e-02
3.239708021283149719e-02
3.236138820648193359e-02
3.250989690423011780e-02
3.223709017038345337e-02
3.232947736978530884e-02
3.229601681232452393e-02
3.226602077484130859e-02
3.196773678064346313e-02
3.245008736848831177e-02
3.211106732487678528e-02
3.202065825462341309e-02
3.202585875988006592e-02
3.212184831500053406e-02
3.220846503973007202e-02
3.193457424640655518e-02
3.232068568468093872e-02
3.190451860427856445e-02
3.203249350190162659e-02
3.182266652584075928e-02
3.181168437004089355e-02
3.198403865098953247e-02
3.194260224699974060e-02
3.191190585494041443e-02
3.180667757987976074e-02
3.183238580822944641e-02
3.195881098508834839e-02
3.198057413101196289e-02
3.186221420764923096e-02
3.179913014173507690e-02
3.158085048198699951e-02
3.154007345438003540e-02
3.155916556715965271e-02
3.176695108413696289e-02
3.180947154760360718e-02
3.162101283669471741e-02
3.183342143893241882e-02
3.163036704063415527e-02
3.165942803025245667e-02
3.150128945708274841e-02
3.154342621564865112e-02
3.124872781336307526e-02
3.151798248291015625e-02
3.146344050765037537e-02
3.131383657455444336e-02
3.144814446568489075e-02
3.152201697230339050e-02
3.138742595911026001e-02
3.126691281795501709e-02
3.125846758484840393e-02
3.134752064943313599e-02
3.143036738038063049e-02
3.132835030555725098e-02
3.143775090575218201e-02
3.140249475836753845e-02
3.120400197803974152e-02
3.123391792178153992e-02
3.120699897408485413e-02
3.105705603957176208e-02
3.117340803146362305e-02
3.110781870782375336e-02
3.119036927819252014e-02
3.083625249564647675e-02
3.094335459172725677e-02
3.095149062573909760e-02
3.108225017786026001e-02
3.105681575834751129e-02
3.111506998538970947e-02
3.099700249731540680e-02
3.093820624053478241e-02
3.088651597499847412e-02
3.106895647943019867e-02
3.086749091744422913e-02
3.082551993429660797e-02
3.076144494116306305e-02
3.077527694404125214e-02
3.085634857416152954e-02
3.099926747381687164e-02
3.061080724000930786e-02
3.074424527585506439e-02
3.075652569532394409e-02
3.071822039783000946e-02
3.083165176212787628e-02
3.072248585522174835e-02
3.085065633058547974e-02
3.053639270365238190e-02
3.049281053245067596e-02
3.061605244874954224e-02
3.050022572278976440e-02
3.060375712811946869e-02
3.058800846338272095e-02
3.061809763312339783e-02
3.043695911765098572e-02
3.046177886426448822e-02
3.031317703425884247e-02
3.046783618628978729e-02
3.035836108028888702e-02
3.041963465511798859e-02
3.042173013091087341e-02
3.071249462664127350e-02
3.036607801914215088e-02
3.053001128137111664e-02
3.035544045269489288e-02
3.045892901718616486e-02
3.036409988999366760e-02
3.026886470615863800e-02
3.029748983681201935e-02
3.040193207561969757e-02
3.038530796766281128e-02
3.015456907451152802e-02
3.044390119612216949e-02
3.015388548374176025e-02
3.024979308247566223e-02
3.006552904844284058e-02
3.029883094131946564e-02
3.018338233232498169e-02
3.015706874430179596e-02
3.002860769629478455e-02
3.006035648286342621e-02
3.012885712087154388e-02
3.010711073875427246e-02
3.021849505603313446e-02
3.012978285551071167e-02
3.010781295597553253e-02
2.998631633818149567e-02
3.004671260714530945e-02
2.994603663682937622e-02
2.998308651149272919e-02
3.001663461327552795e-02
2.988309413194656372e-02
2.997971512377262115e-02
2.981774695217609406e-02
3.010653890669345856e-02
2.967116236686706543e-02
2.993444353342056274e-02
2.990875206887722015e-02
2.985422685742378235e-02
2.974741533398628235e-02
2.976621687412261963e-02
2.985008805990219116e-02
2.986904419958591461e-02
2.996455878019332886e-02
2.990371920168399811e-02
2.969348616898059845e-02
2.968140877783298492e-02
2.976728603243827820e-02
2.992487326264381409e-02
2.974050119519233704e-02
2.980720251798629761e-02
2.973954565823078156e-02
2.962672151625156403e-02
2.959785796701908112e-02
2.973887324333190918e-02
2.952508628368377686e-02
2.958378382027149200e-02
2.976481802761554718e-02
2.955686487257480621e-02
2.939352579414844513e-02
2.980594709515571594e-02
2.956734225153923035e-02
2.959576994180679321e-02
2.948415465652942657e-02
2.953555248677730560e-02
2.948616445064544678e-02
2.954609505832195282e-02
2.959586307406425476e-02
2.946392074227333069e-02
2.939023822546005249e-02
2.936040051281452179e-02
2.946855500340461731e-02
