2.519605755805969238e-01
2.515163421630859375e-01
2.515064477920532227e-01
2.511218786239624023e-01
2.512707412242889404e-01
2.512518167495727539e-01
2.513075768947601318e-01
2.514259815216064453e-01
2.513205409049987793e-01
2.513504028320312500e-01
2.513897418975830078e-01
2.512531876564025879e-01
2.514691650867462158e-01
2.511475384235382080e-01
2.513466477394104004e-01
2.512778937816619873e-01
2.512570321559906006e-01
2.511865794658660889e-01
2.512378394603729248e-01
2.511835992336273193e-01
2.511064708232879639e-01
2.510623633861541748e-01
2.512575685977935791e-01
2.512905001640319824e-01
2.512111961841583252e-01
2.511763274669647217e-01
2.512836754322052002e-01
2.512147426605224609e-01
2.512487173080444336e-01
2.512593567371368408e-01
2.511249780654907227e-01
2.513161003589630127e-01
2.511366903781890869e-01
2.513102293014526367e-01
2.511374056339263916e-01
2.512794137001037598e-01
2.514175176620483398e-01
2.512658536434173584e-01
2.511061728000640869e-01
2.513580024242401123e-01
2.514572143554687500e-01
2.512433826923370361e-01
2.515156865119934082e-01
2.513927221298217773e-01
2.512779831886291504e-01
2.512411177158355713e-01
2.514210641384124756e-01
2.511734068393707275e-01
2.513338923454284668e-01
2.512163519859313965e-01
2.512061297893524170e-01
2.513816058635711670e-01
2.515071034431457520e-01
2.512426972389221191e-01
2.514390945434570312e-01
2.514048814773559570e-01
2.512663602828979492e-01
2.512368857860565186e-01
2.511867582798004150e-01
2.512294352054595947e-01
2.513954043388366699e-01
2.513684630393981934e-01
2.512891888618469238e-01
2.512616515159606934e-01
2.512390911579132080e-01
2.512541115283966064e-01
2.512761652469635010e-01
2.513512969017028809e-01
2.513057589530944824e-01
2.512118220329284668e-01
2.512491345405578613e-01
2.513183355331420898e-01
2.514815032482147217e-01
2.512390315532684326e-01
2.511807382106781006e-01
2.514819204807281494e-01
2.512464225292205811e-01
2.514118254184722900e-01
2.511829733848571777e-01
2.512899935245513916e-01
2.513839900493621826e-01
2.511324584484100342e-01
2.512252926826477051e-01
2.511310577392578125e-01
2.512368857860565186e-01
2.513990700244903564e-01
2.514155507087707520e-01
2.513415813446044922e-01
2.511886358261108398e-01
2.512846887111663818e-01
2.514857649803161621e-01
2.513633966445922852e-01
2.511470615863800049e-01
2.512576282024383545e-01
2.513061165809631348e-01
2.511670887470245361e-01
2.512558102607727051e-01
2.512770295143127441e-01
2.513263523578643799e-01
2.513448297977447510e-01
2.511735260486602783e-01
2.512314617633819580e-01
2.514454126358032227e-01
2.512203752994537354e-01
2.511281669139862061e-01
2.514470219612121582e-01
2.512977123260498047e-01
2.512442767620086670e-01
2.511283457279205322e-01
2.512467205524444580e-01
2.511629760265350342e-01
2.511531412601470947e-01
2.513076961040496826e-01
2.512359023094177246e-01
2.512229382991790771e-01
2.514485716819763184e-01
2.511847317218780518e-01
2.511697709560394287e-01
2.512395083904266357e-01
2.512824833393096924e-01
2.511037290096282959e-01
2.514870166778564453e-01
2.512164413928985596e-01
2.514244616031646729e-01
2.512863278388977051e-01
2.511350214481353760e-01
2.514107227325439453e-01
2.514884769916534424e-01
2.511557936668395996e-01
2.513893544673919678e-01
2.513401210308074951e-01
2.511738538742065430e-01
2.514477372169494629e-01
2.511321008205413818e-01
2.511461079120635986e-01
2.513044774532318115e-01
2.512768208980560303e-01
2.513441145420074463e-01
2.513302564620971680e-01
2.511940002441406250e-01
2.514337301254272461e-01
2.511434257030487061e-01
2.515708208084106445e-01
2.511908710002899170e-01
2.512474656105041504e-01
2.513856887817382812e-01
2.514367103576660156e-01
2.512725591659545898e-01
2.511505782604217529e-01
2.513561546802520752e-01
2.514394819736480713e-01
2.513220012187957764e-01
2.512885332107543945e-01
2.512001693248748779e-01
2.511964440345764160e-01
2.511723339557647705e-01
2.513832151889801025e-01
2.512227892875671387e-01
2.510651350021362305e-01
2.512741386890411377e-01
2.512833774089813232e-01
2.513085901737213135e-01
2.512217760086059570e-01
2.513244450092315674e-01
2.514212429523468018e-01
2.512769103050231934e-01
2.511065006256103516e-01
2.512664496898651123e-01
2.512958943843841553e-01
2.512090206146240234e-01
2.513577938079833984e-01
2.512629032135009766e-01
2.511015534400939941e-01
2.512928545475006104e-01
2.512990832328796387e-01
2.513411641120910645e-01
2.511444091796875000e-01
2.512596249580383301e-01
2.514380812644958496e-01
2.510489821434020996e-01
2.513200044631958008e-01
2.511984109878540039e-01
2.513977885246276855e-01
2.513400614261627197e-01
2.513435781002044678e-01
2.512118518352508545e-01
2.512976825237274170e-01
2.513306736946105957e-01
2.513808608055114746e-01
2.512752413749694824e-01
2.512983679771423340e-01
2.512402832508087158e-01
2.513247430324554443e-01
2.512685954570770264e-01
2.511929869651794434e-01
2.513952255249023438e-01
2.511492073535919189e-01
2.515400946140289307e-01
2.511226534843444824e-01
2.511688470840454102e-01
2.513009607791900635e-01
2.513200938701629639e-01
2.512476146221160889e-01
2.513341009616851807e-01
2.513494789600372314e-01
2.512960135936737061e-01
2.513061463832855225e-01
2.514650523662567139e-01
2.511637508869171143e-01
2.512126863002777100e-01
2.511445283889770508e-01
2.513105273246765137e-01
2.513508200645446777e-01
2.512804567813873291e-01
2.513944506645202637e-01
2.513927817344665527e-01
2.512947022914886475e-01
2.512257397174835205e-01
2.513958811759948730e-01
2.512365877628326416e-01
2.513634562492370605e-01
2.515026032924652100e-01
2.513014674186706543e-01
2.514160573482513428e-01
2.513417303562164307e-01
2.513042092323303223e-01
2.512310147285461426e-01
2.513395249843597412e-01
2.512335181236267090e-01
2.510480880737304688e-01
2.512654364109039307e-01
2.513937950134277344e-01
2.512001991271972656e-01
2.511313259601593018e-01
2.511702775955200195e-01
2.513070702552795410e-01
2.511118650436401367e-01
2.511895596981048584e-01
2.511321306228637695e-01
2.514609694480895996e-01
2.513540089130401611e-01
2.511668205261230469e-01
2.513143718242645264e-01
2.513142824172973633e-01
2.512181997299194336e-01
2.513955831527709961e-01
2.512736618518829346e-01
2.512015104293823242e-01
2.513949573040008545e-01
2.513903379440307617e-01
2.513437569141387939e-01
2.513396143913269043e-01
2.511439621448516846e-01
2.512409687042236328e-01
2.512741386890411377e-01
2.514063715934753418e-01
2.512762546539306641e-01
2.512144148349761963e-01
2.512760460376739502e-01
2.512224912643432617e-01
2.513009309768676758e-01
2.512397170066833496e-01
2.513275146484375000e-01
2.513729333877563477e-01
2.514280676841735840e-01
2.511696517467498779e-01
2.511950433254241943e-01
2.512798309326171875e-01
2.512072026729583740e-01
2.512885928153991699e-01
2.511131465435028076e-01
2.517108023166656494e-01
2.512097060680389404e-01
2.512902915477752686e-01
2.512258887290954590e-01
2.513734102249145508e-01
2.512152194976806641e-01
2.511384785175323486e-01
2.513646483421325684e-01
2.512612640857696533e-01
2.513151168823242188e-01
2.513240575790405273e-01
2.511792778968811035e-01
2.512421607971191406e-01
2.514341175556182861e-01
2.510981559753417969e-01
2.514684498310089111e-01
2.513990700244903564e-01
2.513377070426940918e-01
2.513566911220550537e-01
2.514984309673309326e-01
2.511336803436279297e-01
2.511615753173828125e-01
2.512972950935363770e-01
2.514667809009552002e-01
2.511495053768157959e-01
2.512490153312683105e-01
2.511784732341766357e-01
2.513044774532318115e-01
2.512881159782409668e-01
2.514381706714630127e-01
2.512478232383728027e-01
2.512018382549285889e-01
2.513354420661926270e-01
2.512470483779907227e-01
2.512705028057098389e-01
2.513144910335540771e-01
2.511523067951202393e-01
2.512606680393218994e-01
2.514662742614746094e-01
2.511318325996398926e-01
2.511927485466003418e-01
2.513101398944854736e-01
2.513058483600616455e-01
2.513555884361267090e-01
2.515091896057128906e-01
2.513685524463653564e-01
2.512303590774536133e-01
2.513724565505981445e-01
2.513678967952728271e-01
2.513929307460784912e-01
2.511609196662902832e-01
2.513168752193450928e-01
2.512433826923370361e-01
2.511245310306549072e-01
2.512274086475372314e-01
2.514432966709136963e-01
2.513313293457031250e-01
2.513061761856079102e-01
2.512322962284088135e-01
2.510367333889007568e-01
2.514835000038146973e-01
2.512776851654052734e-01
2.511479258537292480e-01
2.512230575084686279e-01
2.513137161731719971e-01
2.512035667896270752e-01
2.511753439903259277e-01
2.512038946151733398e-01
2.513538002967834473e-01
2.513451278209686279e-01
2.512306869029998779e-01
2.513234913349151611e-01
2.512302398681640625e-01
2.512677311897277832e-01
2.512263059616088867e-01
2.513043284416198730e-01
2.513029575347900391e-01
2.512897551059722900e-01
2.512904703617095947e-01
2.514426708221435547e-01
2.512238919734954834e-01
2.511466443538665771e-01
2.513217926025390625e-01
2.513164877891540527e-01
2.513181567192077637e-01
2.510929703712463379e-01
2.511645853519439697e-01
2.514024376869201660e-01
2.513636052608489990e-01
2.513994574546813965e-01
2.511934340000152588e-01
2.512964904308319092e-01
2.514453530311584473e-01
2.512969076633453369e-01
2.512107193470001221e-01
2.512537539005279541e-01
2.512198984622955322e-01
2.513453960418701172e-01
2.512961924076080322e-01
2.511602342128753662e-01
2.512529790401458740e-01
2.512489259243011475e-01
2.514394521713256836e-01
2.511510252952575684e-01
2.511821091175079346e-01
2.513011097908020020e-01
2.512992918491363525e-01
2.513356506824493408e-01
2.513919770717620850e-01
2.512255609035491943e-01
2.514001131057739258e-01
2.511625289916992188e-01
2.512741684913635254e-01
2.513472735881805420e-01
2.513863742351531982e-01
2.511983215808868408e-01
2.512857317924499512e-01
2.514087557792663574e-01
2.512565255165100098e-01
2.511615157127380371e-01
2.510879933834075928e-01
2.513267695903778076e-01
2.512334287166595459e-01
2.511949241161346436e-01
2.512942850589752197e-01
2.513536512851715088e-01
2.512951791286468506e-01
2.513684332370758057e-01
2.513071894645690918e-01
2.514510452747344971e-01
2.514516413211822510e-01
2.511585354804992676e-01
2.511686980724334717e-01
2.515524327754974365e-01
2.514990866184234619e-01
2.514836192131042480e-01
2.513068318367004395e-01
2.513656616210937500e-01
2.514592111110687256e-01
2.511548697948455811e-01
2.513597309589385986e-01
2.513109147548675537e-01
2.512066960334777832e-01
2.512641251087188721e-01
2.512691617012023926e-01
2.513881325721740723e-01
2.514088153839111328e-01
2.512971162796020508e-01
2.514671087265014648e-01
2.511828541755676270e-01
2.511795759201049805e-01
2.513559162616729736e-01
2.511191368103027344e-01
2.512430846691131592e-01
2.512209415435791016e-01
2.512449026107788086e-01
2.514407634735107422e-01
2.513901591300964355e-01
2.511915266513824463e-01
2.512705624103546143e-01
2.511670291423797607e-01
2.512584924697875977e-01
2.513485848903656006e-01
2.513523995876312256e-01
2.514490783214569092e-01
2.513012290000915527e-01
2.512235939502716064e-01
2.511334717273712158e-01
2.513295114040374756e-01
2.515647709369659424e-01
2.512707710266113281e-01
2.512486577033996582e-01
2.513628900051116943e-01
2.513415515422821045e-01
2.513850331306457520e-01
2.514908611774444580e-01
2.513321638107299805e-01
2.513689994812011719e-01
2.513874471187591553e-01
2.511915266513824463e-01
2.513139247894287109e-01
2.513976991176605225e-01
2.512780427932739258e-01
2.512997984886169434e-01
2.514121830463409424e-01
2.513215839862823486e-01
2.512872815132141113e-01
2.511752247810363770e-01
2.512864470481872559e-01
2.513822615146636963e-01
2.512060105800628662e-01
2.511169314384460449e-01
2.512248754501342773e-01
2.514344751834869385e-01
2.513698935508728027e-01
2.511829435825347900e-01
2.515370547771453857e-01
2.511538267135620117e-01
2.513194978237152100e-01
2.514084279537200928e-01
2.512909770011901855e-01
2.513430714607238770e-01
2.513415515422821045e-01
2.512218654155731201e-01
2.514010667800903320e-01
2.512591183185577393e-01
2.513248622417449951e-01
2.511791884899139404e-01
2.512327432632446289e-01
2.513044178485870361e-01
2.512279450893402100e-01
2.511922717094421387e-01
2.512312233448028564e-01
2.512316405773162842e-01
2.511810660362243652e-01
2.513206005096435547e-01
2.512571811676025391e-01
2.512672543525695801e-01
2.512344121932983398e-01
2.514948248863220215e-01
2.511920332908630371e-01
2.512693405151367188e-01
2.512172758579254150e-01
2.511179447174072266e-01
2.514399886131286621e-01
2.512532770633697510e-01
2.513087093830108643e-01
2.512570917606353760e-01
2.512677609920501709e-01
2.513760328292846680e-01
2.513427734375000000e-01
2.512304782867431641e-01
2.512384355068206787e-01
2.512394189834594727e-01
2.514590919017791748e-01
2.512845993041992188e-01
2.512202262878417969e-01
2.512000501155853271e-01
2.515724897384643555e-01
2.512182593345642090e-01
2.513382732868194580e-01
2.513702213764190674e-01
2.511771619319915771e-01
2.511380910873413086e-01
2.513078153133392334e-01
2.513268589973449707e-01
2.512121200561523438e-01
2.512100934982299805e-01
2.511704564094543457e-01
2.512722611427307129e-01
2.513133287429809570e-01
2.513486146926879883e-01
2.513173818588256836e-01
2.511731386184692383e-01
2.511418163776397705e-01
2.513598501682281494e-01
2.512832283973693848e-01
2.513354122638702393e-01
2.513018548488616943e-01
2.514545321464538574e-01
2.514445781707763672e-01
2.512855827808380127e-01
2.512509822845458984e-01
2.513614594936370850e-01
2.512809336185455322e-01
2.513523995876312256e-01
2.512033581733703613e-01
2.514696121215820312e-01
2.512488067150115967e-01
2.512105703353881836e-01
2.512485682964324951e-01
2.513525784015655518e-01
2.513618469238281250e-01
2.511749267578125000e-01
2.512797117233276367e-01
2.512679100036621094e-01
2.512492835521697998e-01
2.514538168907165527e-01
2.512136995792388916e-01
2.512942552566528320e-01
2.514145374298095703e-01
2.511864006519317627e-01
2.512708902359008789e-01
2.512805759906768799e-01
2.512960135936737061e-01
2.511334121227264404e-01
2.512239515781402588e-01
2.511874735355377197e-01
2.512963116168975830e-01
2.512686550617218018e-01
2.512700557708740234e-01
2.512237131595611572e-01
2.513094842433929443e-01
2.511158287525177002e-01
2.513666152954101562e-01
2.512278258800506592e-01
2.512167394161224365e-01
2.512717843055725098e-01
2.510353028774261475e-01
2.512162923812866211e-01
2.511879801750183105e-01
2.512793242931365967e-01
2.513660192489624023e-01
2.512416541576385498e-01
2.512883841991424561e-01
2.512370944023132324e-01
2.510852217674255371e-01
2.512116730213165283e-01
2.512160837650299072e-01
2.512938380241394043e-01
2.513267397880554199e-01
2.511783838272094727e-01
2.512491345405578613e-01
2.513760328292846680e-01
2.514063715934753418e-01
2.513263523578643799e-01
2.514107525348663330e-01
2.511481940746307373e-01
2.513342797756195068e-01
2.514013051986694336e-01
2.512680292129516602e-01
2.512928247451782227e-01
2.511653900146484375e-01
2.511368095874786377e-01
2.511754333972930908e-01
2.512750327587127686e-01
2.512917816638946533e-01
2.511628270149230957e-01
2.512120306491851807e-01
2.513107955455780029e-01
2.512500584125518799e-01
2.512712180614471436e-01
2.512844204902648926e-01
2.513237893581390381e-01
2.512994110584259033e-01
2.512145042419433594e-01
2.512476742267608643e-01
2.513150870800018311e-01
2.514199316501617432e-01
2.511547207832336426e-01
2.514491379261016846e-01
2.512073516845703125e-01
2.510988414287567139e-01
2.513295114040374756e-01
2.510904371738433838e-01
2.513087093830108643e-01
2.514008581638336182e-01
2.513997554779052734e-01
2.513068914413452148e-01
2.513729035854339600e-01
2.513754963874816895e-01
2.512675225734710693e-01
2.513542473316192627e-01
2.512019276618957520e-01
2.511352896690368652e-01
2.513638436794281006e-01
2.512300312519073486e-01
2.511985599994659424e-01
2.513001263141632080e-01
2.514280378818511963e-01
2.512101829051971436e-01
2.513095140457153320e-01
2.512439787387847900e-01
2.515390515327453613e-01
2.512859702110290527e-01
2.512740790843963623e-01
2.514322400093078613e-01
2.512011229991912842e-01
2.514022588729858398e-01
2.512792348861694336e-01
2.513352930545806885e-01
2.513168752193450928e-01
2.511804997920989990e-01
2.511840164661407471e-01
2.512531876564025879e-01
2.513997554779052734e-01
2.513802647590637207e-01
2.512980997562408447e-01
2.512765228748321533e-01
2.512977123260498047e-01
2.511295676231384277e-01
2.514229118824005127e-01
2.513109147548675537e-01
2.512470781803131104e-01
2.512583434581756592e-01
2.511219680309295654e-01
2.513739168643951416e-01
2.513234615325927734e-01
2.513144314289093018e-01
2.512256205081939697e-01
2.515375614166259766e-01
2.512898743152618408e-01
2.511771023273468018e-01
2.512825429439544678e-01
2.513299286365509033e-01
2.513342201709747314e-01
2.512529492378234863e-01
2.513883411884307861e-01
2.512224316596984863e-01
2.513880431652069092e-01
2.513512670993804932e-01
2.512614727020263672e-01
2.511816918849945068e-01
2.513220310211181641e-01
2.512006163597106934e-01
2.512088716030120850e-01
2.512622475624084473e-01
2.512930333614349365e-01
2.513872087001800537e-01
2.511748969554901123e-01
2.510721087455749512e-01
2.513421177864074707e-01
2.512396574020385742e-01
2.514318823814392090e-01
2.512379288673400879e-01
2.512441575527191162e-01
2.512117624282836914e-01
2.513296902179718018e-01
2.512649595737457275e-01
2.512580752372741699e-01
2.513256072998046875e-01
2.514143586158752441e-01
2.511227130889892578e-01
2.511080503463745117e-01
2.512331306934356689e-01
2.513761818408966064e-01
2.513796389102935791e-01
2.512974739074707031e-01
2.511665523052215576e-01
2.512802481651306152e-01
2.513755261898040771e-01
2.514195740222930908e-01
2.511705458164215088e-01
2.512899041175842285e-01
2.512865364551544189e-01
2.512857913970947266e-01
2.511854767799377441e-01
2.514325976371765137e-01
2.513890564441680908e-01
2.512147724628448486e-01
2.514655292034149170e-01
2.515255510807037354e-01
2.511663734912872314e-01
2.512427866458892822e-01
2.513212561607360840e-01
2.513517737388610840e-01
2.512968778610229492e-01
2.512254714965820312e-01
2.513260245323181152e-01
2.513173222541809082e-01
2.514058649539947510e-01
2.512508928775787354e-01
2.513840496540069580e-01
2.511539757251739502e-01
2.513571977615356445e-01
2.512417733669281006e-01
2.512634098529815674e-01
2.514337599277496338e-01
2.512764036655426025e-01
2.512089014053344727e-01
2.512824535369873047e-01
2.514442205429077148e-01
2.512080967426300049e-01
2.513200640678405762e-01
2.512615919113159180e-01
2.513408958911895752e-01
2.512835264205932617e-01
2.511449158191680908e-01
2.514302134513854980e-01
2.512789964675903320e-01
2.512025833129882812e-01
2.511950731277465820e-01
2.511190474033355713e-01
2.512927651405334473e-01
2.513875067234039307e-01
2.514846622943878174e-01
2.512984573841094971e-01
2.514124214649200439e-01
2.511397004127502441e-01
2.512821257114410400e-01
2.515512704849243164e-01
2.513532042503356934e-01
2.511634826660156250e-01
2.512395977973937988e-01
2.512670159339904785e-01
2.513483464717864990e-01
2.512660622596740723e-01
2.511716187000274658e-01
2.513033449649810791e-01
2.511626780033111572e-01
2.512253820896148682e-01
2.513605952262878418e-01
2.512140274047851562e-01
2.513986527919769287e-01
2.511639893054962158e-01
2.512189149856567383e-01
2.510842680931091309e-01
2.514525353908538818e-01
2.514339685440063477e-01
2.512455284595489502e-01
2.513693571090698242e-01
2.513289749622344971e-01
2.514616250991821289e-01
2.513383924961090088e-01
2.512406706809997559e-01
2.511344254016876221e-01
2.512379288673400879e-01
2.514636516571044922e-01
2.511600255966186523e-01
2.512941062450408936e-01
2.511582374572753906e-01
2.512417733669281006e-01
2.512317895889282227e-01
2.511351406574249268e-01
2.512069046497344971e-01
2.513770759105682373e-01
2.514224946498870850e-01
2.511080205440521240e-01
2.511788308620452881e-01
2.511998414993286133e-01
2.512395381927490234e-01
2.513602674007415771e-01
2.512579262256622314e-01
2.512164413928985596e-01
2.512128353118896484e-01
2.513638138771057129e-01
2.514035105705261230e-01
2.512173056602478027e-01
2.514368891716003418e-01
2.513045370578765869e-01
2.511057257652282715e-01
2.512243390083312988e-01
2.511018812656402588e-01
2.512919902801513672e-01
2.512982189655303955e-01
2.511877417564392090e-01
2.511482536792755127e-01
2.513871192932128906e-01
2.512539923191070557e-01
2.513014078140258789e-01
2.512147128582000732e-01
2.511705160140991211e-01
2.512408494949340820e-01
2.512043416500091553e-01
2.511997222900390625e-01
2.513020634651184082e-01
2.514236271381378174e-01
2.512730658054351807e-01
2.512602806091308594e-01
2.515355050563812256e-01
2.513271272182464600e-01
2.514736056327819824e-01
2.513237297534942627e-01
2.514084577560424805e-01
2.511794567108154297e-01
2.511083781719207764e-01
2.512816488742828369e-01
2.512923181056976318e-01
2.513046264648437500e-01
2.513481378555297852e-01
2.512151300907135010e-01
2.511743903160095215e-01
2.513651847839355469e-01
2.513362765312194824e-01
2.512998580932617188e-01
2.511219680309295654e-01
2.513182163238525391e-01
2.512101531028747559e-01
2.513911724090576172e-01
2.513843476772308350e-01
2.513512372970581055e-01
2.513897716999053955e-01
2.513090074062347412e-01
2.512900531291961670e-01
2.513608038425445557e-01
2.511560320854187012e-01
2.512902617454528809e-01
2.513211965560913086e-01
2.513041496276855469e-01
2.512232661247253418e-01
2.512227296829223633e-01
2.512121498584747314e-01
2.514187395572662354e-01
2.513135969638824463e-01
2.513310313224792480e-01
2.512963414192199707e-01
2.512509524822235107e-01
2.513771951198577881e-01
2.511696517467498779e-01
2.512760758399963379e-01
2.511948645114898682e-01
2.514031231403350830e-01
2.512340247631072998e-01
2.512337863445281982e-01
2.513121068477630615e-01
2.512020170688629150e-01
2.513237297534942627e-01
2.513007223606109619e-01
2.514039576053619385e-01
2.513283193111419678e-01
2.513799667358398438e-01
2.513746023178100586e-01
2.512962222099304199e-01
2.512294650077819824e-01
2.512652873992919922e-01
2.514280080795288086e-01
2.512445151805877686e-01
2.512864172458648682e-01
2.514472007751464844e-01
2.512056231498718262e-01
2.514107227325439453e-01
2.512118816375732422e-01
2.513422966003417969e-01
2.513374090194702148e-01
2.513278424739837646e-01
2.511395215988159180e-01
2.513048648834228516e-01
2.513177394866943359e-01
2.512764036655426025e-01
2.512840330600738525e-01
2.516164779663085938e-01
2.512061297893524170e-01
2.514109313488006592e-01
2.512136995792388916e-01
2.514232397079467773e-01
2.513770461082458496e-01
2.512559592723846436e-01
2.513723671436309814e-01
2.512328028678894043e-01
2.513174414634704590e-01
2.513208985328674316e-01
2.512705028057098389e-01
2.513126432895660400e-01
2.510854005813598633e-01
2.514702677726745605e-01
2.512451708316802979e-01
2.513121366500854492e-01
2.511307001113891602e-01
2.513903975486755371e-01
2.512872517108917236e-01
2.511806190013885498e-01
2.512318491935729980e-01
2.513063848018646240e-01
2.512769103050231934e-01
2.515142858028411865e-01
2.513711154460906982e-01
2.513488829135894775e-01
2.511731386184692383e-01
2.515080571174621582e-01
2.513093352317810059e-01
2.514325976371765137e-01
2.511978745460510254e-01
2.512187957763671875e-01
2.512939572334289551e-01
2.513200640678405762e-01
2.512024641036987305e-01
2.515145540237426758e-01
2.513300776481628418e-01
2.513857185840606689e-01
2.512702345848083496e-01
2.512226402759552002e-01
2.512631416320800781e-01
2.513298690319061279e-01
2.513971924781799316e-01
2.512623369693756104e-01
2.512889206409454346e-01
2.511888742446899414e-01
2.511388659477233887e-01
2.513953447341918945e-01
2.513340115547180176e-01
2.512643933296203613e-01
2.512572407722473145e-01
2.511619329452514648e-01
2.512106299400329590e-01
2.513166666030883789e-01
2.514024078845977783e-01
2.512204647064208984e-01
2.513510882854461670e-01
2.513513267040252686e-01
2.514538764953613281e-01
2.512214481830596924e-01
2.514064908027648926e-01
2.512595951557159424e-01
2.511747181415557861e-01
2.512677013874053955e-01
2.513238787651062012e-01
2.512928247451782227e-01
2.512498199939727783e-01
2.513642311096191406e-01
2.511241137981414795e-01
2.512148320674896240e-01
2.512885928153991699e-01
2.512792348861694336e-01
2.513153851032257080e-01
2.514780461788177490e-01
2.510549128055572510e-01
2.511823475360870361e-01
2.511656880378723145e-01
2.512374818325042725e-01
2.513524591922760010e-01
2.512821257114410400e-01
2.512857913970947266e-01
2.513054013252258301e-01
2.513237893581390381e-01
2.514155507087707520e-01
2.513957619667053223e-01
2.511366307735443115e-01
2.513170540332794189e-01
2.514335215091705322e-01
2.512036263942718506e-01
2.512761354446411133e-01
2.513473033905029297e-01
2.513013184070587158e-01
2.512447834014892578e-01
2.512253820896148682e-01
2.514209747314453125e-01
2.513004243373870850e-01
2.513475716114044189e-01
2.512345910072326660e-01
2.512781322002410889e-01
2.513149380683898926e-01
2.512142658233642578e-01
2.513433396816253662e-01
2.511384487152099609e-01
2.513035237789154053e-01
2.513287961483001709e-01
2.513106167316436768e-01
2.511616051197052002e-01
2.513304054737091064e-01
2.512863576412200928e-01
2.514711320400238037e-01
2.512905299663543701e-01
2.512541115283966064e-01
2.512529492378234863e-01
2.511313855648040771e-01
2.512042820453643799e-01
2.512051165103912354e-01
2.513023912906646729e-01
2.511962354183197021e-01
2.513132989406585693e-01
2.512701153755187988e-01
2.513074576854705811e-01
2.513642013072967529e-01
2.512058317661285400e-01
2.513633668422698975e-01
2.511859238147735596e-01
2.511932253837585449e-01
2.512825429439544678e-01
2.513670325279235840e-01
2.512280642986297607e-01
2.511777281761169434e-01
2.513705790042877197e-01
2.513300180435180664e-01
2.512791752815246582e-01
2.513878941535949707e-01
2.512351870536804199e-01
2.512276768684387207e-01
2.511477172374725342e-01
2.514082193374633789e-01
2.512572705745697021e-01
2.512819468975067139e-01
2.513417899608612061e-01
2.513400912284851074e-01
2.512040734291076660e-01
2.512088119983673096e-01
2.511872053146362305e-01
2.513471543788909912e-01
2.511603534221649170e-01
2.515512108802795410e-01
2.512433826923370361e-01
2.511178851127624512e-01
2.513068914413452148e-01
2.512215673923492432e-01
2.512877583503723145e-01
2.513316273689270020e-01
2.513626515865325928e-01
2.513024210929870605e-01
2.514027655124664307e-01
2.511847913265228271e-01
2.513660192489624023e-01
2.513600289821624756e-01
2.512848973274230957e-01
2.514039576053619385e-01
2.514971494674682617e-01
2.511397600173950195e-01
2.513838112354278564e-01
2.513813078403472900e-01
2.513037621974945068e-01
2.512013912200927734e-01
2.515476942062377930e-01
2.512533366680145264e-01
2.512134611606597900e-01
2.512931525707244873e-01
2.512433528900146484e-01
2.511333525180816650e-01
2.512747943401336670e-01
2.514563500881195068e-01
2.514000236988067627e-01
2.512933611869812012e-01
2.511643767356872559e-01
2.512331306934356689e-01
2.513269782066345215e-01
2.513062059879302979e-01
2.512333691120147705e-01
2.511863410472869873e-01
2.512639164924621582e-01
2.511608600616455078e-01
2.512413859367370605e-01
2.514030337333679199e-01
2.512596845626831055e-01
2.512536346912384033e-01
2.513754069805145264e-01
2.512183189392089844e-01
2.511993348598480225e-01
2.513979673385620117e-01
2.513998746871948242e-01
2.512869834899902344e-01
2.512598037719726562e-01
2.513823211193084717e-01
2.510530650615692139e-01
2.512832581996917725e-01
2.511376440525054932e-01
2.512840628623962402e-01
2.513283491134643555e-01
2.512123584747314453e-01
2.512641549110412598e-01
2.513509094715118408e-01
2.515347301959991455e-01
2.513009905815124512e-01
2.513349950313568115e-01
2.515988349914550781e-01
2.511070966720581055e-01
2.512781023979187012e-01
2.513140141963958740e-01
2.511325478553771973e-01
2.512212097644805908e-01
2.511772811412811279e-01
2.513390779495239258e-01
2.512879967689514160e-01
2.512369155883789062e-01
2.512542307376861572e-01
2.513588368892669678e-01
2.512806653976440430e-01
2.511968016624450684e-01
2.513947188854217529e-01
2.513465583324432373e-01
2.510997951030731201e-01
2.512163221836090088e-01
2.511395514011383057e-01
2.512573003768920898e-01
2.511368393898010254e-01
2.513791620731353760e-01
2.512372732162475586e-01
2.512288987636566162e-01
2.513113617897033691e-01
2.511394917964935303e-01
2.513041496276855469e-01
2.512817084789276123e-01
2.512835860252380371e-01
2.513860464096069336e-01
2.512626349925994873e-01
2.513613700866699219e-01
2.510765790939331055e-01
2.514007091522216797e-01
2.512375414371490479e-01
2.514839172363281250e-01
2.513498663902282715e-01
2.512713670730590820e-01
2.512881457805633545e-01
2.511580586433410645e-01
2.512113749980926514e-01
2.512474656105041504e-01
2.512512207031250000e-01
2.513260841369628906e-01
2.512478828430175781e-01
2.512716948986053467e-01
2.512607574462890625e-01
2.513847947120666504e-01
2.512056827545166016e-01
2.511769831180572510e-01
2.512569427490234375e-01
2.512011528015136719e-01
2.513347268104553223e-01
2.513462305068969727e-01
2.513996064662933350e-01
2.513113617897033691e-01
2.512731850147247314e-01
2.512428760528564453e-01
2.512870728969573975e-01
2.511917054653167725e-01
2.512949109077453613e-01
2.512707114219665527e-01
2.511561810970306396e-01
2.512700259685516357e-01
2.513703703880310059e-01
2.510705888271331787e-01
2.511148154735565186e-01
2.513448596000671387e-01
2.511780560016632080e-01
2.511023283004760742e-01
2.513705492019653320e-01
2.514355480670928955e-01
2.511068880558013916e-01
2.512294650077819824e-01
2.512096464633941650e-01
2.511852979660034180e-01
2.513071596622467041e-01
2.513859570026397705e-01
2.512739598751068115e-01
2.512232959270477295e-01
2.513630688190460205e-01
2.513530254364013672e-01
2.512899041175842285e-01
2.512812018394470215e-01
2.512069046497344971e-01
2.511055171489715576e-01
2.513565123081207275e-01
2.511620223522186279e-01
2.512837350368499756e-01
2.512402534484863281e-01
2.512527704238891602e-01
2.513634562492370605e-01
2.513030767440795898e-01
2.511698007583618164e-01
2.514612376689910889e-01
2.511036694049835205e-01
2.513264715671539307e-01
2.513678967952728271e-01
2.514402866363525391e-01
2.514846026897430420e-01
2.513952255249023438e-01
2.512616217136383057e-01
2.514033615589141846e-01
2.512820363044738770e-01
2.511094510555267334e-01
2.512148022651672363e-01
2.512164413928985596e-01
2.512365281581878662e-01
2.513684630393981934e-01
2.512382268905639648e-01
2.512917816638946533e-01
2.510975897312164307e-01
2.512234151363372803e-01
2.512392103672027588e-01
2.515134513378143311e-01
2.511928677558898926e-01
2.514092028141021729e-01
2.513121068477630615e-01
2.513389289379119873e-01
2.512414753437042236e-01
2.512699961662292480e-01
2.512860894203186035e-01
2.513243257999420166e-01
2.512376308441162109e-01
2.512908279895782471e-01
2.514496445655822754e-01
2.513970136642456055e-01
2.513383924961090088e-01
2.512578070163726807e-01
2.513165175914764404e-01
2.512762844562530518e-01
2.513033747673034668e-01
2.514916956424713135e-01
2.513861358165740967e-01
2.512449026107788086e-01
2.512692213058471680e-01
2.512710690498352051e-01
2.512293457984924316e-01
2.512225806713104248e-01
2.514770925045013428e-01
2.511906027793884277e-01
2.513395547866821289e-01
2.512106299400329590e-01
2.512030601501464844e-01
2.513355910778045654e-01
2.511477768421173096e-01
2.513543069362640381e-01
2.513631582260131836e-01
2.514960467815399170e-01
2.512120902538299561e-01
2.512279152870178223e-01
2.512105107307434082e-01
2.514147162437438965e-01
2.513796687126159668e-01
2.513003349304199219e-01
2.511466145515441895e-01
2.511482536792755127e-01
2.513254880905151367e-01
2.511721551418304443e-01
2.512983083724975586e-01
2.513480782508850098e-01
2.512193918228149414e-01
2.512399256229400635e-01
2.512610256671905518e-01
2.513812184333801270e-01
2.512180507183074951e-01
2.511616349220275879e-01
2.511487603187561035e-01
2.511234581470489502e-01
2.513116002082824707e-01
2.513634264469146729e-01
2.512474358081817627e-01
2.513323724269866943e-01
2.514151036739349365e-01
2.513025701045989990e-01
2.512530982494354248e-01
2.513564527034759521e-01
2.511698305606842041e-01
2.512519061565399170e-01
2.512983977794647217e-01
2.515123486518859863e-01
2.513892650604248047e-01
2.513475716114044189e-01
2.513741254806518555e-01
2.511987686157226562e-01
2.512660920619964600e-01
2.512253820896148682e-01
2.512759864330291748e-01
2.511683702468872070e-01
2.512967884540557861e-01
2.514432370662689209e-01
2.511535286903381348e-01
2.513852715492248535e-01
2.512951493263244629e-01
2.513152062892913818e-01
2.514772713184356689e-01
2.514117062091827393e-01
2.511168718338012695e-01
2.511408627033233643e-01
2.514335215091705322e-01
2.513684630393981934e-01
2.513204216957092285e-01
2.511592209339141846e-01
2.512214481830596924e-01
2.512631118297576904e-01
2.513824403285980225e-01
2.513035237789154053e-01
2.512211799621582031e-01
2.513695657253265381e-01
2.513318955898284912e-01
2.511296570301055908e-01
2.514007985591888428e-01
2.511530518531799316e-01
2.513310611248016357e-01
2.514097392559051514e-01
2.512468099594116211e-01
2.512889206409454346e-01
2.512120902538299561e-01
2.514342963695526123e-01
2.513786256313323975e-01
2.511627972126007080e-01
2.513571381568908691e-01
2.511624097824096680e-01
2.513576447963714600e-01
2.511640787124633789e-01
2.514867484569549561e-01
2.511528134346008301e-01
2.513090968132019043e-01
2.512722909450531006e-01
2.512749433517456055e-01
2.513432204723358154e-01
2.514092028141021729e-01
2.513742446899414062e-01
2.513670325279235840e-01
2.512590885162353516e-01
2.512239813804626465e-01
2.513758838176727295e-01
2.513184547424316406e-01
2.514095902442932129e-01
2.512716054916381836e-01
2.512447535991668701e-01
2.512001097202301025e-01
2.513222694396972656e-01
2.514380216598510742e-01
2.511938214302062988e-01
2.512463927268981934e-01
2.514563798904418945e-01
2.512961626052856445e-01
2.513654828071594238e-01
2.513313889503479004e-01
2.511481642723083496e-01
2.512341439723968506e-01
2.513169646263122559e-01
2.512664794921875000e-01
2.515449225902557373e-01
2.514410614967346191e-01
2.511888444423675537e-01
2.513457834720611572e-01
2.513091564178466797e-01
2.513652145862579346e-01
2.513774633407592773e-01
2.512790858745574951e-01
2.511978745460510254e-01
2.514829337596893311e-01
2.512383162975311279e-01
2.512655258178710938e-01
2.512553036212921143e-01
2.513405382633209229e-01
2.512090206146240234e-01
2.513518035411834717e-01
2.513441741466522217e-01
2.513360977172851562e-01
2.513513565063476562e-01
2.511141896247863770e-01
2.512560486793518066e-01
2.511291801929473877e-01
2.513569593429565430e-01
2.511650919914245605e-01
2.512338161468505859e-01
2.513064742088317871e-01
2.513539791107177734e-01
2.512356936931610107e-01
2.512737512588500977e-01
2.515572607517242432e-01
2.513549923896789551e-01
2.511418461799621582e-01
2.511785626411437988e-01
2.512790858745574951e-01
2.512128651142120361e-01
2.513095736503601074e-01
2.512315511703491211e-01
2.512772977352142334e-01
2.511706054210662842e-01
2.513028383255004883e-01
2.511084973812103271e-01
2.513067424297332764e-01
2.512103915214538574e-01
2.512096166610717773e-01
2.512484788894653320e-01
2.512410283088684082e-01
2.512582242488861084e-01
2.512302398681640625e-01
2.513135969638824463e-01
2.511424124240875244e-01
2.512888312339782715e-01
2.511751651763916016e-01
2.512294054031372070e-01
2.511070668697357178e-01
2.513993084430694580e-01
2.513045668601989746e-01
2.514174878597259521e-01
2.512408196926116943e-01
2.514325380325317383e-01
2.512076199054718018e-01
2.512606978416442871e-01
2.512182295322418213e-01
2.512098252773284912e-01
2.512823641300201416e-01
2.513124942779541016e-01
2.514469921588897705e-01
2.511609792709350586e-01
2.512499392032623291e-01
2.514514625072479248e-01
2.513135969638824463e-01
2.512831389904022217e-01
2.512706518173217773e-01
2.512812018394470215e-01
2.513692378997802734e-01
2.511660456657409668e-01
2.514475286006927490e-01
2.512141764163970947e-01
2.511665523052215576e-01
2.512335181236267090e-01
2.511627972126007080e-01
2.513187527656555176e-01
2.512065768241882324e-01
2.511359155178070068e-01
2.512240707874298096e-01
2.513095736503601074e-01
2.513408958911895752e-01
2.512381970882415771e-01
2.511636912822723389e-01
2.512154579162597656e-01
2.514319419860839844e-01
2.512065768241882324e-01
2.512491047382354736e-01
2.512089610099792480e-01
2.513553202152252197e-01
2.512476444244384766e-01
2.511648237705230713e-01
2.512686848640441895e-01
2.514002323150634766e-01
2.512775957584381104e-01
2.512091398239135742e-01
2.512129247188568115e-01
2.511815726757049561e-01
2.511215507984161377e-01
2.511795759201049805e-01
2.512898445129394531e-01
2.511506974697113037e-01
2.513233423233032227e-01
2.514446377754211426e-01
2.513990104198455811e-01
2.512260377407073975e-01
2.513109445571899414e-01
2.514703571796417236e-01
2.513671815395355225e-01
2.513665258884429932e-01
2.512768507003784180e-01
2.514285445213317871e-01
2.514005899429321289e-01
2.513026893138885498e-01
2.513480782508850098e-01
2.512990832328796387e-01
2.511759996414184570e-01
2.511592507362365723e-01
2.512345612049102783e-01
2.513937056064605713e-01
2.512463331222534180e-01
2.511338889598846436e-01
2.514010965824127197e-01
2.510974109172821045e-01
2.512258887290954590e-01
2.511722743511199951e-01
2.512188851833343506e-01
2.513019740581512451e-01
2.512418329715728760e-01
2.512628138065338135e-01
2.510991692543029785e-01
2.513707280158996582e-01
2.513467371463775635e-01
2.511741518974304199e-01
2.511157393455505371e-01
2.513759136199951172e-01
2.512609958648681641e-01
2.512213885784149170e-01
2.514163255691528320e-01
2.512859106063842773e-01
2.512513399124145508e-01
2.512407004833221436e-01
2.512553036212921143e-01
2.512387931346893311e-01
2.513789832592010498e-01
2.511992752552032471e-01
2.512145340442657471e-01
2.511563301086425781e-01
2.513634264469146729e-01
2.511960268020629883e-01
2.513154447078704834e-01
2.512475252151489258e-01
2.512631416320800781e-01
2.510495781898498535e-01
2.511344552040100098e-01
2.512637972831726074e-01
2.513444721698760986e-01
2.512725591659545898e-01
2.512364685535430908e-01
2.511125504970550537e-01
2.512860298156738281e-01
2.511923015117645264e-01
2.513202726840972900e-01
2.513328790664672852e-01
2.513594329357147217e-01
2.512734532356262207e-01
2.512089908123016357e-01
2.511928677558898926e-01
2.513217031955718994e-01
2.512684464454650879e-01
2.511481642723083496e-01
2.514386773109436035e-01
2.513771951198577881e-01
2.511948347091674805e-01
2.513112723827362061e-01
2.513507902622222900e-01
2.511776983737945557e-01
2.514325678348541260e-01
2.514509260654449463e-01
2.511852979660034180e-01
2.511711716651916504e-01
2.511574625968933105e-01
2.513488829135894775e-01
2.512059211730957031e-01
2.513395249843597412e-01
2.512757480144500732e-01
2.513547539710998535e-01
2.513069212436676025e-01
2.512253522872924805e-01
2.513291835784912109e-01
2.513409256935119629e-01
2.512973845005035400e-01
2.513751983642578125e-01
2.512489557266235352e-01
2.513239085674285889e-01
2.511455416679382324e-01
2.514293789863586426e-01
2.512533962726593018e-01
2.512961030006408691e-01
2.513523101806640625e-01
2.511562407016754150e-01
2.511957585811614990e-01
2.512936294078826904e-01
2.512252330780029297e-01
2.511352598667144775e-01
2.510975301265716553e-01
2.514063119888305664e-01
2.511152029037475586e-01
2.513571381568908691e-01
2.513180673122406006e-01
2.512794435024261475e-01
2.514294385910034180e-01
2.512175738811492920e-01
2.512038350105285645e-01
2.512278258800506592e-01
2.511853277683258057e-01
2.513838410377502441e-01
2.515257894992828369e-01
2.515658140182495117e-01
2.512910664081573486e-01
2.513066232204437256e-01
2.514571845531463623e-01
2.513231337070465088e-01
2.513111233711242676e-01
2.511108219623565674e-01
2.511204183101654053e-01
2.513891458511352539e-01
2.512914538383483887e-01
2.513566911220550537e-01
2.513433694839477539e-01
2.513147592544555664e-01
2.513644397258758545e-01
2.512444853782653809e-01
2.512172460556030273e-01
2.512798011302947998e-01
2.512808740139007568e-01
2.513868510723114014e-01
2.511163055896759033e-01
2.511661648750305176e-01
2.513393163681030273e-01
2.513383626937866211e-01
2.512574791908264160e-01
2.511615157127380371e-01
2.512516379356384277e-01
2.511906921863555908e-01
2.512910664081573486e-01
2.512263953685760498e-01
2.512523233890533447e-01
2.513474524021148682e-01
2.512941658496856689e-01
2.512158155441284180e-01
2.513382136821746826e-01
2.513827681541442871e-01
2.513472437858581543e-01
2.510914802551269531e-01
2.512581944465637207e-01
2.511112987995147705e-01
2.513075768947601318e-01
2.511910498142242432e-01
2.513496875762939453e-01
2.512056231498718262e-01
2.513494193553924561e-01
2.511872053146362305e-01
2.512707710266113281e-01
2.513423860073089600e-01
2.512705326080322266e-01
2.512810826301574707e-01
2.513112723827362061e-01
2.512864768505096436e-01
2.511498928070068359e-01
2.513409256935119629e-01
2.512697875499725342e-01
2.512279152870178223e-01
2.514202296733856201e-01
2.513180375099182129e-01
2.511953711509704590e-01
2.513111829757690430e-01
2.511460483074188232e-01
2.512289285659790039e-01
2.513028085231781006e-01
2.514973580837249756e-01
2.512816488742828369e-01
2.514124512672424316e-01
2.514401376247406006e-01
2.513022422790527344e-01
2.513023614883422852e-01
2.512270212173461914e-01
2.512161433696746826e-01
2.513337731361389160e-01
2.514372766017913818e-01
2.515117824077606201e-01
2.511953711509704590e-01
2.512073218822479248e-01
2.513692080974578857e-01
2.511627972126007080e-01
2.513016760349273682e-01
2.512945234775543213e-01
2.512525618076324463e-01
2.512947916984558105e-01
2.512300312519073486e-01
2.511061728000640869e-01
2.512456774711608887e-01
2.513301074504852295e-01
2.513007819652557373e-01
2.512805163860321045e-01
2.511642873287200928e-01
2.512120008468627930e-01
2.512828409671783447e-01
2.513484954833984375e-01
2.512764930725097656e-01
2.511231601238250732e-01
2.513217926025390625e-01
2.511948049068450928e-01
2.512628734111785889e-01
2.513023614883422852e-01
2.513234019279479980e-01
2.513439953327178955e-01
2.514131069183349609e-01
2.511981129646301270e-01
2.513910531997680664e-01
2.513875365257263184e-01
2.513286471366882324e-01
2.512693405151367188e-01
2.513310909271240234e-01
2.513182163238525391e-01
2.513932883739471436e-01
2.512112259864807129e-01
2.512957751750946045e-01
2.513433396816253662e-01
2.513665258884429932e-01
2.513286173343658447e-01
2.514743804931640625e-01
2.511432468891143799e-01
2.513269186019897461e-01
2.513288557529449463e-01
2.515474855899810791e-01
2.511640787124633789e-01
2.513338029384613037e-01
2.515010833740234375e-01
2.511607110500335693e-01
2.514689266681671143e-01
2.513177692890167236e-01
2.512461543083190918e-01
2.511202096939086914e-01
2.512257695198059082e-01
2.512905895709991455e-01
2.512564361095428467e-01
2.513177096843719482e-01
2.512808740139007568e-01
2.512410879135131836e-01
2.512489855289459229e-01
2.511949837207794189e-01
2.510946691036224365e-01
2.512860298156738281e-01
2.512055039405822754e-01
2.512339055538177490e-01
2.511617541313171387e-01
2.513119578361511230e-01
2.514033913612365723e-01
2.512605786323547363e-01
2.512364387512207031e-01
2.513575255870819092e-01
2.512446343898773193e-01
2.513528764247894287e-01
2.514882385730743408e-01
2.511370182037353516e-01
2.513991296291351318e-01
2.511610388755798340e-01
2.513767480850219727e-01
2.512737810611724854e-01
2.513025701045989990e-01
2.512991726398468018e-01
2.512605190277099609e-01
2.514605224132537842e-01
2.512270510196685791e-01
2.513715922832489014e-01
2.513982057571411133e-01
2.511310279369354248e-01
2.513288855552673340e-01
2.511875629425048828e-01
2.513218820095062256e-01
2.514670789241790771e-01
2.512740194797515869e-01
2.512369751930236816e-01
2.512442767620086670e-01
2.513273954391479492e-01
2.513242661952972412e-01
2.515200376510620117e-01
2.513332664966583252e-01
2.513091266155242920e-01
2.512047588825225830e-01
2.511303424835205078e-01
2.510959208011627197e-01
2.512978911399841309e-01
2.512962818145751953e-01
2.514059543609619141e-01
2.513973414897918701e-01
2.512530684471130371e-01
2.512160241603851318e-01
2.511786520481109619e-01
2.513622641563415527e-01
2.512207627296447754e-01
2.513390183448791504e-01
2.515623867511749268e-01
2.513412237167358398e-01
2.512624263763427734e-01
2.513758242130279541e-01
2.511061728000640869e-01
2.511582970619201660e-01
2.511430978775024414e-01
2.514504194259643555e-01
2.512483000755310059e-01
2.515093386173248291e-01
2.512757182121276855e-01
2.512079477310180664e-01
2.514720261096954346e-01
2.512711882591247559e-01
2.512447834014892578e-01
2.511463761329650879e-01
2.511360943317413330e-01
2.512255609035491943e-01
2.514625191688537598e-01
2.513493001461029053e-01
2.511224746704101562e-01
2.512503266334533691e-01
2.511594593524932861e-01
2.512404620647430420e-01
2.512971162796020508e-01
2.512187361717224121e-01
2.512791752815246582e-01
2.511976957321166992e-01
2.514907419681549072e-01
2.512671649456024170e-01
2.513430714607238770e-01
2.513055503368377686e-01
2.512891590595245361e-01
2.513251900672912598e-01
2.512350678443908691e-01
2.511574625968933105e-01
2.513934969902038574e-01
2.512559294700622559e-01
2.511819005012512207e-01
2.513594329357147217e-01
2.512112259864807129e-01
2.512514889240264893e-01
2.512447237968444824e-01
2.513713538646697998e-01
2.512532472610473633e-01
2.513450384140014648e-01
2.512074708938598633e-01
2.513645589351654053e-01
2.512869536876678467e-01
2.514103651046752930e-01
2.511872947216033936e-01
2.511436045169830322e-01
2.513637542724609375e-01
2.514730989933013916e-01
2.513559758663177490e-01
2.512834370136260986e-01
2.512382566928863525e-01
2.513062953948974609e-01
2.512680590152740479e-01
2.513490319252014160e-01
2.511884272098541260e-01
2.512521147727966309e-01
2.511390149593353271e-01
2.511041760444641113e-01
2.513120472431182861e-01
2.511598467826843262e-01
2.513207197189331055e-01
2.513839900493621826e-01
2.514632940292358398e-01
2.512673139572143555e-01
2.513320744037628174e-01
2.512618601322174072e-01
2.513591647148132324e-01
2.511628866195678711e-01
2.514222562313079834e-01
2.512452304363250732e-01
2.514497637748718262e-01
2.514959871768951416e-01
2.512932121753692627e-01
2.514406740665435791e-01
2.512976825237274170e-01
2.512664794921875000e-01
2.512953877449035645e-01
2.513254880905151367e-01
2.513574063777923584e-01
2.514358162879943848e-01
2.513144016265869141e-01
2.513254582881927490e-01
2.514004707336425781e-01
2.512220144271850586e-01
2.514507174491882324e-01
2.513446807861328125e-01
2.513251304626464844e-01
2.513480186462402344e-01
2.511270046234130859e-01
2.514410018920898438e-01
2.513675093650817871e-01
2.512582540512084961e-01
2.513282001018524170e-01
2.513039708137512207e-01
2.514282464981079102e-01
2.513423860073089600e-01
2.512987554073333740e-01
2.514260113239288330e-01
2.513955831527709961e-01
2.512162923812866211e-01
2.511680126190185547e-01
2.512231171131134033e-01
2.512192130088806152e-01
2.513844370841979980e-01
2.512788176536560059e-01
2.513932883739471436e-01
2.511537671089172363e-01
2.511399686336517334e-01
2.514362335205078125e-01
2.512067854404449463e-01
2.513047754764556885e-01
2.513495683670043945e-01
2.510756552219390869e-01
2.514230012893676758e-01
2.515586018562316895e-01
2.514522671699523926e-01
2.513562440872192383e-01
2.512672841548919678e-01
2.511958777904510498e-01
2.512824833393096924e-01
2.512916028499603271e-01
2.512364089488983154e-01
2.512327432632446289e-01
2.513875067234039307e-01
2.512769699096679688e-01
2.514459192752838135e-01
2.512379586696624756e-01
2.511624693870544434e-01
2.515004277229309082e-01
2.511955499649047852e-01
2.512141466140747070e-01
2.513465881347656250e-01
2.513878345489501953e-01
2.511056661605834961e-01
2.512278556823730469e-01
2.514127492904663086e-01
2.512876391410827637e-01
2.512587606906890869e-01
2.514852285385131836e-01
2.512900233268737793e-01
2.512416541576385498e-01
2.512802183628082275e-01
2.511813342571258545e-01
2.513299584388732910e-01
2.513000369071960449e-01
2.515482306480407715e-01
2.512843608856201172e-01
2.511252164840698242e-01
2.513950765132904053e-01
2.512967884540557861e-01
2.511595189571380615e-01
2.512689530849456787e-01
2.512265741825103760e-01
2.512227296829223633e-01
2.513684630393981934e-01
2.512660026550292969e-01
2.513437867164611816e-01
2.514914870262145996e-01
2.511940300464630127e-01
2.512104213237762451e-01
2.513734102249145508e-01
2.513390779495239258e-01
2.513802647590637207e-01
2.514263093471527100e-01
2.511222362518310547e-01
2.513218522071838379e-01
2.513809502124786377e-01
2.512676715850830078e-01
2.511890232563018799e-01
2.513245344161987305e-01
2.511288225650787354e-01
2.513776123523712158e-01
2.513392567634582520e-01
2.515749037265777588e-01
2.512000501155853271e-01
2.514143288135528564e-01
2.515860795974731445e-01
2.514775395393371582e-01
2.513057887554168701e-01
2.512525022029876709e-01
2.514536976814270020e-01
2.515697181224822998e-01
2.512984871864318848e-01
2.512592077255249023e-01
2.512706518173217773e-01
2.513362169265747070e-01
2.513905465602874756e-01
2.512173652648925781e-01
2.514187991619110107e-01
2.512383759021759033e-01
2.512290179729461670e-01
2.513256967067718506e-01
2.513803243637084961e-01
2.512437701225280762e-01
2.512890994548797607e-01
2.512782514095306396e-01
2.515306770801544189e-01
2.512679398059844971e-01
2.511639595031738281e-01
2.513299286365509033e-01
2.513949573040008545e-01
2.513875663280487061e-01
2.514542341232299805e-01
2.512907087802886963e-01
2.514057457447052002e-01
2.512082755565643311e-01
2.512373626232147217e-01
2.512555420398712158e-01
2.512484490871429443e-01
2.512931525707244873e-01
2.511866986751556396e-01
2.514667809009552002e-01
2.513703107833862305e-01
2.512527406215667725e-01
2.514933645725250244e-01
2.513955235481262207e-01
2.513606548309326172e-01
2.512595057487487793e-01
2.511772215366363525e-01
2.513392269611358643e-01
2.512991428375244141e-01
2.512305080890655518e-01
2.511662244796752930e-01
2.513076364994049072e-01
2.513713240623474121e-01
2.511297166347503662e-01
2.513072490692138672e-01
2.513684630393981934e-01
2.512846291065216064e-01
2.512203454971313477e-01
2.515203654766082764e-01
2.514133453369140625e-01
2.515174746513366699e-01
2.513218522071838379e-01
2.513244748115539551e-01
2.513482868671417236e-01
2.514180243015289307e-01
2.512413263320922852e-01
2.511736154556274414e-01
2.512213289737701416e-01
2.511346042156219482e-01
2.512044906616210938e-01
2.512323856353759766e-01
2.514080405235290527e-01
2.511694133281707764e-01
2.512669265270233154e-01
2.513755261898040771e-01
2.512265145778656006e-01
2.512432038784027100e-01
2.512451112270355225e-01
2.514290809631347656e-01
2.512603402137756348e-01
2.513386607170104980e-01
2.513622343540191650e-01
2.511357963085174561e-01
2.513649463653564453e-01
2.513259947299957275e-01
2.511624097824096680e-01
2.512112259864807129e-01
2.512408196926116943e-01
2.513782083988189697e-01
2.511688470840454102e-01
2.514104843139648438e-01
2.511928379535675049e-01
2.515051364898681641e-01
2.511936724185943604e-01
2.512686252593994141e-01
2.511826455593109131e-01
2.513212859630584717e-01
2.512265741825103760e-01
2.511732578277587891e-01
2.514095604419708252e-01
2.512011229991912842e-01
2.513814270496368408e-01
2.512426078319549561e-01
2.512508034706115723e-01
2.513150572776794434e-01
2.512266933917999268e-01
2.511726617813110352e-01
2.511336207389831543e-01
2.513052523136138916e-01
2.512173950672149658e-01
2.513707280158996582e-01
2.511731684207916260e-01
2.513081133365631104e-01
2.512494027614593506e-01
2.512548565864562988e-01
2.511932849884033203e-01
2.510636448860168457e-01
2.514224052429199219e-01
2.512349784374237061e-01
2.513853609561920166e-01
2.510512173175811768e-01
2.514480054378509521e-01
2.512855231761932373e-01
2.511956691741943359e-01
2.514379322528839111e-01
2.514588832855224609e-01
2.511390149593353271e-01
2.512747347354888916e-01
2.511315941810607910e-01
2.513187825679779053e-01
2.515197694301605225e-01
2.513483464717864990e-01
2.512267231941223145e-01
2.513320446014404297e-01
2.512401044368743896e-01
2.512385845184326172e-01
2.513391077518463135e-01
2.515193521976470947e-01
2.512402832508087158e-01
2.513839602470397949e-01
2.511879503726959229e-01
2.514027953147888184e-01
2.512769699096679688e-01
2.513041794300079346e-01
2.513334453105926514e-01
2.513207793235778809e-01
2.514393925666809082e-01
2.511102855205535889e-01
2.512877583503723145e-01
2.512662410736083984e-01
2.513891756534576416e-01
2.512465119361877441e-01
2.512506246566772461e-01
2.513101994991302490e-01
2.514583468437194824e-01
2.512288391590118408e-01
2.512468993663787842e-01
2.511498034000396729e-01
2.514337897300720215e-01
2.513619065284729004e-01
2.511834800243377686e-01
2.512518763542175293e-01
2.512471079826354980e-01
2.512694895267486572e-01
2.514061033725738525e-01
2.512108683586120605e-01
2.514298558235168457e-01
2.512158155441284180e-01
2.513999044895172119e-01
2.513453960418701172e-01
2.514064908027648926e-01
2.512710690498352051e-01
2.513496279716491699e-01
2.512837052345275879e-01
2.513945102691650391e-01
2.512946128845214844e-01
2.512573003768920898e-01
2.513850629329681396e-01
2.512479424476623535e-01
2.511883974075317383e-01
2.512739002704620361e-01
2.513604760169982910e-01
2.512421607971191406e-01
2.513164281845092773e-01
2.512453794479370117e-01
2.512934505939483643e-01
2.512595355510711670e-01
2.513386011123657227e-01
2.513244450092315674e-01
2.513090670108795166e-01
2.513452470302581787e-01
2.512339949607849121e-01
2.514015436172485352e-01
2.512267529964447021e-01
2.510578930377960205e-01
2.514314353466033936e-01
2.511636912822723389e-01
2.513513863086700439e-01
2.512404322624206543e-01
2.512308359146118164e-01
2.514579296112060547e-01
2.513834238052368164e-01
2.513992190361022949e-01
2.515147030353546143e-01
2.512133717536926270e-01
2.514761686325073242e-01
2.511995136737823486e-01
2.514031529426574707e-01
2.513251006603240967e-01
2.511402070522308350e-01
2.511896789073944092e-01
2.512185573577880859e-01
2.512396872043609619e-01
2.514100372791290283e-01
2.512687146663665771e-01
2.513011991977691650e-01
2.513853907585144043e-01
2.512564063072204590e-01
2.514134645462036133e-01
2.514857947826385498e-01
2.512453198432922363e-01
2.513161003589630127e-01
2.511162459850311279e-01
2.512919306755065918e-01
2.515311837196350098e-01
2.512980699539184570e-01
2.513352334499359131e-01
2.511688768863677979e-01
2.510823905467987061e-01
2.512240707874298096e-01
2.511906921863555908e-01
2.512711584568023682e-01
2.512633800506591797e-01
2.513446509838104248e-01
2.511874735355377197e-01
2.512985169887542725e-01
2.512388229370117188e-01
2.510938048362731934e-01
2.511482238769531250e-01
2.511900961399078369e-01
2.513965964317321777e-01
2.513308823108673096e-01
2.514750361442565918e-01
2.511329650878906250e-01
2.512478232383728027e-01
2.512484788894653320e-01
2.512138783931732178e-01
2.512722015380859375e-01
2.513432800769805908e-01
2.512982189655303955e-01
2.511791884899139404e-01
2.512496709823608398e-01
2.512964606285095215e-01
2.512740194797515869e-01
2.514524161815643311e-01
2.512788474559783936e-01
2.512102425098419189e-01
2.512171566486358643e-01
2.514174282550811768e-01
2.514601945877075195e-01
2.512424588203430176e-01
2.512944936752319336e-01
2.513289749622344971e-01
2.512329518795013428e-01
2.511769533157348633e-01
2.513839602470397949e-01
2.513229548931121826e-01
2.513952255249023438e-01
2.513374388217926025e-01
2.512494921684265137e-01
2.511890232563018799e-01
2.513726353645324707e-01
2.513441145420074463e-01
2.514360845088958740e-01
2.512429356575012207e-01
2.512133717536926270e-01
2.513322830200195312e-01
2.513903379440307617e-01
2.513297498226165771e-01
2.512794435024261475e-01
2.512644827365875244e-01
2.514987289905548096e-01
2.513236701488494873e-01
2.511372864246368408e-01
2.512814104557037354e-01
2.512362599372863770e-01
2.511927485466003418e-01
2.513337135314941406e-01
2.513848543167114258e-01
2.512302994728088379e-01
2.512590885162353516e-01
2.514498531818389893e-01
2.512761950492858887e-01
2.513691782951354980e-01
2.513208687305450439e-01
2.513552904129028320e-01
2.512443363666534424e-01
2.512362301349639893e-01
2.514396905899047852e-01
2.512764930725097656e-01
2.514007985591888428e-01
2.514315247535705566e-01
2.511633038520812988e-01
2.514688372611999512e-01
2.512202858924865723e-01
2.512201368808746338e-01
2.513493001461029053e-01
2.512521743774414062e-01
2.511988282203674316e-01
2.511705458164215088e-01
2.512403726577758789e-01
2.513061463832855225e-01
2.512113451957702637e-01
2.514136731624603271e-01
2.512886524200439453e-01
2.511112689971923828e-01
2.513285279273986816e-01
2.512240707874298096e-01
2.513377070426940918e-01
2.512932717800140381e-01
2.513574361801147461e-01
2.512757182121276855e-01
2.511908710002899170e-01
2.515000402927398682e-01
2.515320479869842529e-01
2.511864602565765381e-01
2.513252496719360352e-01
2.512915432453155518e-01
2.514306306838989258e-01
2.513446211814880371e-01
2.512207925319671631e-01
2.515088915824890137e-01
2.513338625431060791e-01
2.512252032756805420e-01
2.512525022029876709e-01
2.513316571712493896e-01
2.512191534042358398e-01
2.512526810169219971e-01
2.511888146400451660e-01
2.514856755733489990e-01
2.513918876647949219e-01
2.513280510902404785e-01
2.511788308620452881e-01
2.514400184154510498e-01
2.512903809547424316e-01
2.512473464012145996e-01
2.512479424476623535e-01
2.512567937374114990e-01
2.513119876384735107e-01
2.513569891452789307e-01
2.512263059616088867e-01
2.513338327407836914e-01
2.515581250190734863e-01
2.514610588550567627e-01
2.511732280254364014e-01
2.512333095073699951e-01
2.514259517192840576e-01
2.512353062629699707e-01
2.512033879756927490e-01
2.511973083019256592e-01
2.511055767536163330e-01
2.512941062450408936e-01
2.512644231319427490e-01
2.513152360916137695e-01
2.513973712921142578e-01
2.514130473136901855e-01
2.512764036655426025e-01
2.514044344425201416e-01
2.512989640235900879e-01
2.512614130973815918e-01
2.512691020965576172e-01
2.511755824089050293e-01
2.515251636505126953e-01
2.512425482273101807e-01
2.512525916099548340e-01
2.514251172542572021e-01
2.513243556022644043e-01
2.512827515602111816e-01
2.513908445835113525e-01
2.512915432453155518e-01
2.512394189834594727e-01
2.513545751571655273e-01
2.514332234859466553e-01
2.514183521270751953e-01
2.513305842876434326e-01
2.514018714427947998e-01
2.513808310031890869e-01
2.512379884719848633e-01
2.512977719306945801e-01
2.512828409671783447e-01
2.513299286365509033e-01
2.512429356575012207e-01
2.512928843498229980e-01
2.513839900493621826e-01
2.511934936046600342e-01
2.512576878070831299e-01
2.512169182300567627e-01
2.512018382549285889e-01
2.512623667716979980e-01
2.512679398059844971e-01
2.512666583061218262e-01
2.511558830738067627e-01
2.513670027256011963e-01
2.511509656906127930e-01
2.513141632080078125e-01
2.511881291866302490e-01
2.512286603450775146e-01
2.512442171573638916e-01
2.511897683143615723e-01
2.514227330684661865e-01
2.513820230960845947e-01
2.511970996856689453e-01
2.513070404529571533e-01
2.513688504695892334e-01
2.513757348060607910e-01
2.514085471630096436e-01
2.512850463390350342e-01
2.513841986656188965e-01
2.514673471450805664e-01
2.511940896511077881e-01
2.511595189571380615e-01
2.513875663280487061e-01
2.513302862644195557e-01
2.512172162532806396e-01
2.513528466224670410e-01
2.515277564525604248e-01
2.513290941715240479e-01
2.512527406215667725e-01
2.512224614620208740e-01
2.514469921588897705e-01
2.512475550174713135e-01
2.512781620025634766e-01
2.511984407901763916e-01
2.511664330959320068e-01
2.511551082134246826e-01
2.514168918132781982e-01
2.512150406837463379e-01
2.510900497436523438e-01
2.512628734111785889e-01
2.513294219970703125e-01
2.511906623840332031e-01
2.512756586074829102e-01
2.511848211288452148e-01
2.512891888618469238e-01
2.513241171836853027e-01
2.513064146041870117e-01
2.511977255344390869e-01
2.512311637401580811e-01
2.512447834014892578e-01
2.513573169708251953e-01
2.512498199939727783e-01
2.511649131774902344e-01
2.513626813888549805e-01
2.512866854667663574e-01
2.513054311275482178e-01
2.512815296649932861e-01
2.512599229812622070e-01
2.513965070247650146e-01
2.513773739337921143e-01
2.514195144176483154e-01
2.512421607971191406e-01
2.511536777019500732e-01
2.515055239200592041e-01
2.513396143913269043e-01
2.512308061122894287e-01
2.512812614440917969e-01
2.512159645557403564e-01
2.512106299400329590e-01
2.511252164840698242e-01
2.514168322086334229e-01
2.511524558067321777e-01
2.514500319957733154e-01
2.512902021408081055e-01
2.515993714332580566e-01
2.514759898185729980e-01
2.512436509132385254e-01
2.513551712036132812e-01
2.513789534568786621e-01
2.513516545295715332e-01
2.510080933570861816e-01
2.516582906246185303e-01
2.513667345046997070e-01
2.511946558952331543e-01
2.511902749538421631e-01
2.513749003410339355e-01
2.511893510818481445e-01
2.514259517192840576e-01
2.513638734817504883e-01
2.513091564178466797e-01
2.513638138771057129e-01
2.512145936489105225e-01
2.511852383613586426e-01
2.513439357280731201e-01
2.513154149055480957e-01
2.511455714702606201e-01
2.511531710624694824e-01
2.515828311443328857e-01
2.512230277061462402e-01
2.512273490428924561e-01
2.511329054832458496e-01
2.511120140552520752e-01
2.511983513832092285e-01
2.513503134250640869e-01
2.513427138328552246e-01
2.513110935688018799e-01
2.513142526149749756e-01
2.513154447078704834e-01
2.512361407279968262e-01
2.510594427585601807e-01
2.512763738632202148e-01
2.513805925846099854e-01
2.513011991977691650e-01
2.511169314384460449e-01
2.514610886573791504e-01
2.512307167053222656e-01
2.512506246566772461e-01
2.512135505676269531e-01
2.512308061122894287e-01
2.510649561882019043e-01
2.511805593967437744e-01
2.512277364730834961e-01
2.513886690139770508e-01
2.513285279273986816e-01
2.513146698474884033e-01
2.513395845890045166e-01
2.512012720108032227e-01
2.515206933021545410e-01
2.513708472251892090e-01
2.511508166790008545e-01
2.512688636779785156e-01
2.512110769748687744e-01
2.511444985866546631e-01
2.513141632080078125e-01
2.512585818767547607e-01
2.512439489364624023e-01
2.513039410114288330e-01
2.511648833751678467e-01
2.514491975307464600e-01
2.512494027614593506e-01
2.512620091438293457e-01
2.512549757957458496e-01
2.513214945793151855e-01
2.513079941272735596e-01
2.512430548667907715e-01
2.513332664966583252e-01
2.511360347270965576e-01
2.513302266597747803e-01
2.512910664081573486e-01
2.511811554431915283e-01
2.512332201004028320e-01
2.514066994190216064e-01
2.516016066074371338e-01
2.513568103313446045e-01
2.512694895267486572e-01
2.514062821865081787e-01
2.512575089931488037e-01
2.510925233364105225e-01
2.512547671794891357e-01
2.512809038162231445e-01
2.512224614620208740e-01
2.511517703533172607e-01
2.513315975666046143e-01
2.512837052345275879e-01
2.512129545211791992e-01
2.511768341064453125e-01
2.512134313583374023e-01
2.513417899608612061e-01
2.513668835163116455e-01
2.513101696968078613e-01
2.513844966888427734e-01
2.512888014316558838e-01
2.514697909355163574e-01
2.512735128402709961e-01
2.511998116970062256e-01
2.513455450534820557e-01
2.513031661510467529e-01
2.513165771961212158e-01
2.512829303741455078e-01
2.513071596622467041e-01
2.513480186462402344e-01
2.512335479259490967e-01
2.512982487678527832e-01
2.512596845626831055e-01
2.511714398860931396e-01
2.511174976825714111e-01
2.512997090816497803e-01
2.510771453380584717e-01
2.513172030448913574e-01
2.514865100383758545e-01
2.512794435024261475e-01
2.513160407543182373e-01
2.513883113861083984e-01
2.514879405498504639e-01
2.512482404708862305e-01
2.513074576854705811e-01
2.512027919292449951e-01
2.512720227241516113e-01
2.514364421367645264e-01
2.513413727283477783e-01
2.511908710002899170e-01
2.512513995170593262e-01
2.512771189212799072e-01
2.512122392654418945e-01
2.513519525527954102e-01
2.511718869209289551e-01
2.515912950038909912e-01
2.512095868587493896e-01
2.513600885868072510e-01
2.514214813709259033e-01
2.514168620109558105e-01
2.512352466583251953e-01
2.511595189571380615e-01
2.512077391147613525e-01
2.512343525886535645e-01
2.513697445392608643e-01
2.511382400989532471e-01
2.512767314910888672e-01
2.512525022029876709e-01
2.512331902980804443e-01
2.511907517910003662e-01
2.514209449291229248e-01
2.513936460018157959e-01
2.513916790485382080e-01
2.513835132122039795e-01
2.513252496719360352e-01
2.511033117771148682e-01
2.513071298599243164e-01
2.513041794300079346e-01
2.513142228126525879e-01
2.512806951999664307e-01
2.512849569320678711e-01
2.513382434844970703e-01
2.513837814331054688e-01
2.512800395488739014e-01
2.512949705123901367e-01
2.511616349220275879e-01
2.512183785438537598e-01
2.513006925582885742e-01
2.514097094535827637e-01
2.512322366237640381e-01
2.513795793056488037e-01
2.513583302497863770e-01
2.513608038425445557e-01
2.512992620468139648e-01
2.511649131774902344e-01
2.513562738895416260e-01
2.512072324752807617e-01
2.514080405235290527e-01
2.511565089225769043e-01
2.514245808124542236e-01
2.511648535728454590e-01
2.512551248073577881e-01
2.512555420398712158e-01
2.512987256050109863e-01
2.512859702110290527e-01
2.511691153049468994e-01
2.512640058994293213e-01
2.512306272983551025e-01
2.512055635452270508e-01
2.512419521808624268e-01
2.512479722499847412e-01
2.511905729770660400e-01
2.513098418712615967e-01
2.513554692268371582e-01
2.514450848102569580e-01
2.512972950935363770e-01
2.513736784458160400e-01
2.513881027698516846e-01
2.511133551597595215e-01
2.513818144798278809e-01
2.513153851032257080e-01
2.513509094715118408e-01
2.511654496192932129e-01
2.512926459312438965e-01
2.511816918849945068e-01
2.512912154197692871e-01
2.511955201625823975e-01
2.512797713279724121e-01
2.513962388038635254e-01
2.512555122375488281e-01
2.511726021766662598e-01
2.513625025749206543e-01
2.513396143913269043e-01
2.512727379798889160e-01
2.513356208801269531e-01
2.511471211910247803e-01
2.511802315711975098e-01
2.512447834014892578e-01
2.513306438922882080e-01
2.512204349040985107e-01
2.511701285839080811e-01
2.511497139930725098e-01
2.512222826480865479e-01
2.514263689517974854e-01
2.513222396373748779e-01
2.512335479259490967e-01
2.512576282024383545e-01
2.512484192848205566e-01
2.511719763278961182e-01
2.512243688106536865e-01
2.512262463569641113e-01
2.513507306575775146e-01
2.511836886405944824e-01
2.512800693511962891e-01
2.513156831264495850e-01
2.512640655040740967e-01
2.512219548225402832e-01
2.513211369514465332e-01
2.513159513473510742e-01
2.515033483505249023e-01
2.512878179550170898e-01
2.512496411800384521e-01
2.514399588108062744e-01
2.514763176441192627e-01
2.513952553272247314e-01
2.513552010059356689e-01
2.512284815311431885e-01
2.513335943222045898e-01
2.512012720108032227e-01
2.515126764774322510e-01
2.513795793056488037e-01
2.510966956615447998e-01
2.512212395668029785e-01
2.511760592460632324e-01
2.512913346290588379e-01
2.514921724796295166e-01
2.512939572334289551e-01
2.512023448944091797e-01
2.512781322002410889e-01
2.511395514011383057e-01
2.515334188938140869e-01
2.514836192131042480e-01
2.512413859367370605e-01
2.514303624629974365e-01
2.512643635272979736e-01
2.513393163681030273e-01
2.512844800949096680e-01
2.511791586875915527e-01
2.513210475444793701e-01
2.512392103672027588e-01
2.512671351432800293e-01
2.513593137264251709e-01
2.511388063430786133e-01
2.512718141078948975e-01
2.513766586780548096e-01
2.512537837028503418e-01
2.515443861484527588e-01
2.512829005718231201e-01
2.512277960777282715e-01
2.512586414813995361e-01
2.513613700866699219e-01
2.514570057392120361e-01
2.515105605125427246e-01
2.512523531913757324e-01
2.513678669929504395e-01
2.511327266693115234e-01
2.512479424476623535e-01
2.512475550174713135e-01
2.513594329357147217e-01
2.510961592197418213e-01
2.513509690761566162e-01
2.512551248073577881e-01
2.510666847229003906e-01
2.513004541397094727e-01
2.512521445751190186e-01
2.512054145336151123e-01
2.512279748916625977e-01
2.512090206146240234e-01
2.511915266513824463e-01
2.513879537582397461e-01
2.515235841274261475e-01
2.513264715671539307e-01
2.513150274753570557e-01
2.512009441852569580e-01
2.512854039669036865e-01
2.512353658676147461e-01
2.512274980545043945e-01
2.514778077602386475e-01
2.512830197811126709e-01
2.512750029563903809e-01
2.512633502483367920e-01
2.512713372707366943e-01
2.513056993484497070e-01
2.513745129108428955e-01
2.512446045875549316e-01
2.514452040195465088e-01
2.513943016529083252e-01
2.513666152954101562e-01
2.514126002788543701e-01
2.513666450977325439e-01
2.513226270675659180e-01
2.511657774448394775e-01
2.514640688896179199e-01
2.512375414371490479e-01
2.511401474475860596e-01
2.512615621089935303e-01
2.512623965740203857e-01
2.512343525886535645e-01
2.514732480049133301e-01
2.512674331665039062e-01
2.512415945529937744e-01
2.514471709728240967e-01
2.512685656547546387e-01
2.512953579425811768e-01
2.513205111026763916e-01
2.511964440345764160e-01
2.513549923896789551e-01
2.512756288051605225e-01
2.514195442199707031e-01
2.513034045696258545e-01
2.512787282466888428e-01
2.512216866016387939e-01
2.512436211109161377e-01
2.513966262340545654e-01
2.511692643165588379e-01
2.513222992420196533e-01
2.514782845973968506e-01
2.512309551239013672e-01
2.513648271560668945e-01
2.513328790664672852e-01
2.511625289916992188e-01
2.512836456298828125e-01
2.513022422790527344e-01
2.513021230697631836e-01
2.512324154376983643e-01
2.515572309494018555e-01
2.512243390083312988e-01
2.512457966804504395e-01
2.512790560722351074e-01
2.514013946056365967e-01
2.512132525444030762e-01
2.513763010501861572e-01
2.515581250190734863e-01
2.514229714870452881e-01
2.516176402568817139e-01
2.512640953063964844e-01
2.511309683322906494e-01
2.511052489280700684e-01
2.512843906879425049e-01
2.512244284152984619e-01
2.513359785079956055e-01
2.511640787124633789e-01
2.512106299400329590e-01
2.512907981872558594e-01
2.512496113777160645e-01
2.510984241962432861e-01
2.513197958469390869e-01
2.513002455234527588e-01
2.512691020965576172e-01
2.511962056159973145e-01
2.514741718769073486e-01
2.513915002346038818e-01
2.513042390346527100e-01
2.511817514896392822e-01
2.513031959533691406e-01
2.510683536529541016e-01
2.513361275196075439e-01
2.513517439365386963e-01
2.512544095516204834e-01
2.511310577392578125e-01
2.511465251445770264e-01
2.511931955814361572e-01
2.512550652027130127e-01
2.510710060596466064e-01
2.513079941272735596e-01
2.511321306228637695e-01
2.513346672058105469e-01
2.513074874877929688e-01
2.512975335121154785e-01
2.513874769210815430e-01
2.512975633144378662e-01
2.513102293014526367e-01
2.513395547866821289e-01
2.513376474380493164e-01
2.511372566223144531e-01
2.513463497161865234e-01
2.514703869819641113e-01
2.512498497962951660e-01
2.513086497783660889e-01
2.513281702995300293e-01
2.513919174671173096e-01
2.512417137622833252e-01
2.514189183712005615e-01
2.512336969375610352e-01
2.513156533241271973e-01
2.512163817882537842e-01
2.512961030006408691e-01
2.514235675334930420e-01
2.511871159076690674e-01
2.511881589889526367e-01
2.513443827629089355e-01
2.512317001819610596e-01
2.512281835079193115e-01
2.511954605579376221e-01
2.513430416584014893e-01
2.510969936847686768e-01
2.512097358703613281e-01
2.513797283172607422e-01
2.511545717716217041e-01
2.513034641742706299e-01
2.511237859725952148e-01
2.513001561164855957e-01
2.511047720909118652e-01
2.511475086212158203e-01
2.511439919471740723e-01
2.513834536075592041e-01
2.513010799884796143e-01
2.512834072113037109e-01
2.512348294258117676e-01
2.512825727462768555e-01
2.512461245059967041e-01
2.513829767704010010e-01
2.514321506023406982e-01
2.512693703174591064e-01
2.512944936752319336e-01
2.511807978153228760e-01
2.512317299842834473e-01
2.511419057846069336e-01
2.512561380863189697e-01
2.514705061912536621e-01
2.511957287788391113e-01
2.512325942516326904e-01
2.514308393001556396e-01
2.511930763721466064e-01
2.513198852539062500e-01
2.512840628623962402e-01
2.513405382633209229e-01
2.512731254100799561e-01
2.513469457626342773e-01
2.512518465518951416e-01
2.513528466224670410e-01
2.511875629425048828e-01
2.513457834720611572e-01
2.511245906352996826e-01
2.514013648033142090e-01
2.514683008193969727e-01
2.512046098709106445e-01
2.511571943759918213e-01
2.513118982315063477e-01
2.512831091880798340e-01
2.512783110141754150e-01
2.513900697231292725e-01
2.511282861232757568e-01
2.510894536972045898e-01
2.513765394687652588e-01
2.512349784374237061e-01
2.513813674449920654e-01
2.511246800422668457e-01
2.512823343276977539e-01
2.514067888259887695e-01
2.513583600521087646e-01
2.512909471988677979e-01
2.513075172901153564e-01
2.512054145336151123e-01
2.514104545116424561e-01
2.511613667011260986e-01
2.512820661067962646e-01
2.512773573398590088e-01
2.513193488121032715e-01
2.513375580310821533e-01
2.513316869735717773e-01
2.513015866279602051e-01
2.511651515960693359e-01
2.512289583683013916e-01
2.511529028415679932e-01
2.512078583240509033e-01
2.511329948902130127e-01
2.513225674629211426e-01
2.513888776302337646e-01
2.511354386806488037e-01
2.513403594493865967e-01
2.512457370758056641e-01
2.512286305427551270e-01
2.511198222637176514e-01
2.514258623123168945e-01
2.511979341506958008e-01
2.513183057308197021e-01
2.513937950134277344e-01
2.511806786060333252e-01
2.512585818767547607e-01
2.513475418090820312e-01
2.512726187705993652e-01
2.510881423950195312e-01
2.512544095516204834e-01
2.513387501239776611e-01
2.511846423149108887e-01
2.512723803520202637e-01
2.513319849967956543e-01
2.513079643249511719e-01
2.512815892696380615e-01
2.514334917068481445e-01
2.513440549373626709e-01
2.512172460556030273e-01
2.512591481208801270e-01
2.513498067855834961e-01
2.513256371021270752e-01
2.511999011039733887e-01
2.511860728263854980e-01
2.514356076717376709e-01
2.515031099319458008e-01
2.513935565948486328e-01
2.514058053493499756e-01
2.511661946773529053e-01
2.512355148792266846e-01
2.511650919914245605e-01
2.512369155883789062e-01
2.513325214385986328e-01
2.513181269168853760e-01
2.512908279895782471e-01
2.514104545116424561e-01
2.513851523399353027e-01
2.511259317398071289e-01
2.515226006507873535e-01
2.513319253921508789e-01
2.512005567550659180e-01
2.512429952621459961e-01
2.512177526950836182e-01
2.513159513473510742e-01
2.511914670467376709e-01
2.513129413127899170e-01
2.511872649192810059e-01
2.512287199497222900e-01
2.512547075748443604e-01
2.511821091175079346e-01
2.514117062091827393e-01
2.515935599803924561e-01
2.511455416679382324e-01
2.514199316501617432e-01
2.513565421104431152e-01
2.511316239833831787e-01
2.513143718242645264e-01
2.514468431472778320e-01
2.512789070606231689e-01
2.513121366500854492e-01
2.512368261814117432e-01
2.513009905815124512e-01
2.512754797935485840e-01
2.511635124683380127e-01
2.512229382991790771e-01
2.511807382106781006e-01
2.512662708759307861e-01
2.513435184955596924e-01
2.512526810169219971e-01
2.512480616569519043e-01
2.512897253036499023e-01
2.511339187622070312e-01
2.512777745723724365e-01
2.512184083461761475e-01
2.514137625694274902e-01
2.511551082134246826e-01
2.513564229011535645e-01
2.512744069099426270e-01
2.513452768325805664e-01
2.512100636959075928e-01
2.513569891452789307e-01
2.512187063694000244e-01
2.512529492378234863e-01
2.512459456920623779e-01
2.513011097908020020e-01
2.513534426689147949e-01
