2.517951726913452148e-01
1.812172979116439819e-01
1.028267219662666321e-01
8.448185771703720093e-02
7.186047732830047607e-02
6.353368610143661499e-02
5.733907967805862427e-02
5.178359895944595337e-02
4.714198783040046692e-02
4.368470236659049988e-02
4.055372253060340881e-02
3.812968358397483826e-02
3.589963540434837341e-02
3.411465138196945190e-02
3.246423974633216858e-02
3.116652555763721466e-02
2.984831482172012329e-02
2.852907963097095490e-02
2.764065936207771301e-02
2.650368027389049530e-02
2.583572641015052795e-02
2.516371384263038635e-02
2.447157353162765503e-02
2.383529394865036011e-02
2.322846464812755585e-02
2.271088398993015289e-02
2.225107513368129730e-02
2.170039899647235870e-02
2.150402590632438660e-02
2.111413516104221344e-02
2.055312134325504303e-02
2.029979415237903595e-02
1.985674351453781128e-02
1.964595727622509003e-02
1.934803463518619537e-02
1.898755319416522980e-02
1.872237212955951691e-02
1.846145838499069214e-02
1.833256147801876068e-02
1.791648007929325104e-02
1.765521988272666931e-02
1.746745221316814423e-02
1.738905906677246094e-02
1.722524501383304596e-02
1.681209355592727661e-02
1.676548086106777191e-02
1.659354381263256073e-02
1.651429384946823120e-02
1.612427830696105957e-02
1.618453115224838257e-02
1.583482697606086731e-02
1.567541621625423431e-02
1.565690338611602783e-02
1.547252200543880463e-02
1.528670080006122589e-02
1.518166158348321915e-02
1.508756540715694427e-02
1.486840657889842987e-02
1.477082818746566772e-02
1.459627412259578705e-02
1.447679940611124039e-02
1.449429895728826523e-02
1.437057647854089737e-02
1.413809694349765778e-02
1.421360671520233154e-02
1.402256451547145844e-02
1.396145205944776535e-02
1.399580668658018112e-02
1.356425136327743530e-02
1.378640625625848770e-02
1.364293228834867477e-02
1.351482886821031570e-02
1.336410548537969589e-02
1.332091353833675385e-02
1.317516621202230453e-02
1.308353617787361145e-02
1.315671112388372421e-02
1.292158663272857666e-02
1.300028711557388306e-02
1.279079634696245193e-02
1.289951521903276443e-02
1.255849469453096390e-02
1.259050797671079636e-02
1.243580132722854614e-02
1.243854407221078873e-02
1.247553434222936630e-02
1.244112942367792130e-02
1.240389980375766754e-02
1.218438707292079926e-02
1.218950096517801285e-02
1.210717391222715378e-02
1.211979426443576813e-02
1.191642135381698608e-02
1.189781166613101959e-02
1.185597106814384460e-02
1.187771372497081757e-02
1.166899316012859344e-02
1.174291130155324936e-02
1.164121180772781372e-02
1.157912518829107285e-02
1.153262797743082047e-02
1.146589312702417374e-02
1.153108105063438416e-02
1.134873926639556885e-02
1.142633426934480667e-02
1.122727617621421814e-02
1.121426094323396683e-02
1.119739003479480743e-02
1.117409020662307739e-02
1.117094326764345169e-02
1.104281190782785416e-02
1.106337271630764008e-02
1.098576840013265610e-02
1.102516986429691315e-02
1.088405121117830276e-02
1.084879878908395767e-02
1.082927547395229340e-02
1.078358385711908340e-02
1.069243252277374268e-02
1.071736495941877365e-02
1.073730736970901489e-02
1.071702316403388977e-02
1.063067186623811722e-02
1.051833759993314743e-02
1.054459344595670700e-02
1.064718421548604965e-02
1.043795887380838394e-02
1.054183579981327057e-02
1.039206050336360931e-02
1.044735871255397797e-02
1.028869207948446274e-02
1.033184956759214401e-02
1.029165275394916534e-02
1.025772839784622192e-02
1.029519550502300262e-02
1.024453155696392059e-02
1.022874470800161362e-02
1.008554268628358841e-02
1.018197555094957352e-02
1.010912936180830002e-02
1.001226995140314102e-02
1.002777740359306335e-02
9.952297434210777283e-03
1.000321935862302780e-02
9.969704784452915192e-03
9.949192404747009277e-03
9.843800216913223267e-03
9.883051738142967224e-03
9.936165995895862579e-03
9.851383976638317108e-03
9.800147265195846558e-03
9.741425514221191406e-03
9.732536971569061279e-03
9.726581163704395294e-03
9.690191596746444702e-03
9.719791822135448456e-03
9.656933136284351349e-03
9.644113481044769287e-03
9.464538656175136566e-03
9.609215892851352692e-03
9.665697813034057617e-03
9.509079158306121826e-03
9.707855992019176483e-03
9.482789784669876099e-03
9.464874863624572754e-03
9.417877532541751862e-03
9.515410289168357849e-03
9.326290339231491089e-03
9.419144131243228912e-03
9.474487975239753723e-03
9.384173899888992310e-03
9.380560368299484253e-03
9.241772815585136414e-03
9.459750726819038391e-03
9.215209633111953735e-03
9.253729134798049927e-03
9.348110295832157135e-03
9.371321648359298706e-03
9.285783395171165466e-03
9.163263253867626190e-03
9.118825197219848633e-03
9.194919839501380920e-03
9.156177751719951630e-03
9.122643619775772095e-03
9.167753159999847412e-03
9.013822302222251892e-03
9.161558933556079865e-03
8.999197743833065033e-03
8.985649794340133667e-03
9.013392962515354156e-03
9.099342860281467438e-03
8.986331522464752197e-03
9.010691195726394653e-03
8.950923569500446320e-03
8.990724571049213409e-03
8.902640081942081451e-03
8.990040980279445648e-03
8.884400129318237305e-03
8.938514627516269684e-03
8.790920488536357880e-03
8.840697817504405975e-03
8.743643760681152344e-03
8.725007064640522003e-03
8.753255940973758698e-03
8.738081902265548706e-03
8.767664432525634766e-03
8.703147061169147491e-03
8.694813586771488190e-03
8.709782734513282776e-03
8.756580762565135956e-03
8.658058941364288330e-03
8.647918701171875000e-03
8.685438893735408783e-03
8.708881214261054993e-03
8.615396916866302490e-03
8.597466163337230682e-03
8.602266199886798859e-03
8.530331775546073914e-03
8.586812764406204224e-03
8.534633554518222809e-03
8.606811985373497009e-03
8.511226624250411987e-03
8.599924854934215546e-03
8.591476827859878540e-03
8.452541194856166840e-03
8.454973809421062469e-03
8.486929349601268768e-03
8.446007966995239258e-03
8.540178649127483368e-03
8.268686011433601379e-03
8.424192667007446289e-03
8.480782620608806610e-03
8.350586518645286560e-03
8.420277386903762817e-03
8.437771350145339966e-03
8.353956975042819977e-03
8.369244635105133057e-03
8.298900909721851349e-03
8.206875063478946686e-03
8.344527333974838257e-03
8.329642005264759064e-03
8.304611779749393463e-03
8.227027952671051025e-03
8.219870738685131073e-03
8.230513893067836761e-03
8.255713619291782379e-03
8.321172557771205902e-03
8.137108758091926575e-03
8.321711793541908264e-03
8.235943503677845001e-03
8.263241499662399292e-03
8.182077668607234955e-03
8.105781860649585724e-03
8.211729116737842560e-03
8.167940191924571991e-03
8.162099868059158325e-03
8.072299882769584656e-03
8.226920850574970245e-03
8.051405660808086395e-03
8.080837316811084747e-03
8.032294921576976776e-03
8.089392445981502533e-03
8.124656043946743011e-03
8.103098720312118530e-03
8.009704761207103729e-03
8.007487282156944275e-03
7.948245853185653687e-03
7.976167835295200348e-03
8.017541840672492981e-03
7.983606308698654175e-03
8.011646568775177002e-03
8.031293749809265137e-03
7.941374555230140686e-03
7.966176606714725494e-03
7.823684252798557281e-03
7.951033301651477814e-03
7.813788019120693207e-03
7.835976779460906982e-03
7.989496923983097076e-03
7.936520501971244812e-03
7.883911021053791046e-03
7.860973477363586426e-03
7.808987982571125031e-03
7.811145856976509094e-03
7.795371115207672119e-03
7.882982492446899414e-03
7.801740895956754684e-03
7.805310655385255814e-03
7.792879361659288406e-03
7.855118252336978912e-03
7.688028737902641296e-03
7.742692716419696808e-03
7.757386658340692520e-03
7.701863069087266922e-03
7.848056033253669739e-03
7.809830363839864731e-03
7.812759838998317719e-03
7.734529208391904831e-03
7.622254081070423126e-03
7.695288863033056259e-03
7.711337879300117493e-03
7.802204228937625885e-03
7.650120649486780167e-03
7.653573062270879745e-03
7.665523327887058258e-03
7.634543813765048981e-03
7.718569133430719376e-03
7.530698552727699280e-03
7.698525208979845047e-03
7.549417205154895782e-03
7.700489833950996399e-03
7.680238224565982819e-03
7.681011222302913666e-03
7.643373217433691025e-03
7.611562963575124741e-03
7.617285940796136856e-03
7.631891407072544098e-03
7.598848547786474228e-03
7.584822829812765121e-03
7.752885576337575912e-03
7.552638184279203415e-03
7.756622973829507828e-03
7.467464543879032135e-03
7.560536731034517288e-03
7.394104730337858200e-03
7.607530802488327026e-03
7.545578759163618088e-03
7.537447381764650345e-03
7.590946275740861893e-03
7.480769418179988861e-03
7.556479424238204956e-03
7.561455480754375458e-03
7.500208448618650436e-03
7.481913547962903976e-03
7.408190052956342697e-03
7.526705041527748108e-03
7.380785420536994934e-03
7.463773246854543686e-03
7.448341231793165207e-03
7.384506985545158386e-03
7.385852746665477753e-03
7.304030004888772964e-03
7.524196524173021317e-03
7.453533355146646500e-03
7.338704541325569153e-03
7.416342385113239288e-03
7.364506367594003677e-03
7.364272139966487885e-03
7.393694948405027390e-03
7.333087734878063202e-03
7.288311142474412918e-03
7.356362883001565933e-03
7.379557006061077118e-03
7.483403198421001434e-03
7.288903929293155670e-03
7.409587036818265915e-03
7.215933874249458313e-03
7.308911997824907303e-03
7.417934481054544449e-03
7.403132040053606033e-03
7.176022976636886597e-03
7.358519826084375381e-03
7.317402865737676620e-03
7.248885929584503174e-03
7.272920105606317520e-03
7.217167876660823822e-03
7.270920556038618088e-03
7.348673418164253235e-03
7.276439573615789413e-03
7.221245672553777695e-03
7.227364927530288696e-03
7.203287445008754730e-03
7.277279626578092575e-03
7.192883174866437912e-03
7.194744888693094254e-03
7.106076925992965698e-03
7.259024772793054581e-03
7.204338908195495605e-03
7.038297131657600403e-03
7.162247318774461746e-03
7.170946337282657623e-03
7.144387811422348022e-03
7.097361609339714050e-03
7.210224866867065430e-03
7.069327402859926224e-03
7.129129953682422638e-03
7.128736935555934906e-03
7.076391484588384628e-03
7.277156691998243332e-03
7.016130723059177399e-03
7.109643425792455673e-03
7.125492207705974579e-03
7.076412905007600784e-03
7.075248751789331436e-03
7.090016268193721771e-03
7.131894119083881378e-03
7.072880398482084274e-03
6.990657653659582138e-03
7.148787844926118851e-03
7.088667247444391251e-03
7.065354846417903900e-03
7.100380491465330124e-03
7.056693080812692642e-03
7.072118576616048813e-03
7.068433333188295364e-03
7.036823313683271408e-03
7.072119042277336121e-03
7.070854771882295609e-03
7.072008680552244186e-03
7.011214271187782288e-03
7.095159962773323059e-03
6.999059114605188370e-03
6.917648483067750931e-03
6.993769202381372452e-03
6.963199470192193985e-03
7.063156925141811371e-03
6.928732153028249741e-03
7.014635484665632248e-03
7.041318342089653015e-03
6.928484886884689331e-03
6.945534609258174896e-03
6.907542236149311066e-03
7.033431902527809143e-03
6.913848221302032471e-03
6.942984182387590408e-03
6.904096342623233795e-03
6.996054202318191528e-03
6.948191672563552856e-03
7.001375779509544373e-03
6.936819292604923248e-03
6.902367342263460159e-03
6.962235085666179657e-03
6.901353597640991211e-03
6.953627802431583405e-03
6.844882387667894363e-03
7.023898884654045105e-03
6.826502270996570587e-03
6.891637574881315231e-03
6.991184782236814499e-03
6.887256633490324020e-03
6.902433000504970551e-03
6.757970433682203293e-03
6.965084001421928406e-03
6.964694242924451828e-03
6.848825607448816299e-03
6.828450132161378860e-03
6.919388659298419952e-03
6.937977392226457596e-03
6.813490297645330429e-03
6.755459588021039963e-03
6.794393993914127350e-03
6.751695182174444199e-03
6.798025686293840408e-03
6.720038596540689468e-03
6.949423346668481827e-03
6.848491728305816650e-03
6.853650789707899094e-03
6.790444720536470413e-03
6.788918282836675644e-03
6.843668408691883087e-03
6.754389964044094086e-03
6.934848148375749588e-03
6.792916916310787201e-03
6.669035181403160095e-03
6.748781539499759674e-03
6.669902708381414413e-03
6.930978968739509583e-03
6.798328366130590439e-03
6.740714423358440399e-03
6.757361814379692078e-03
6.724891718477010727e-03
6.703174673020839691e-03
6.849011406302452087e-03
6.646580528467893600e-03
6.796349305659532547e-03
6.747844163328409195e-03
6.720226258039474487e-03
6.719097960740327835e-03
6.713353097438812256e-03
6.567980162799358368e-03
6.803214084357023239e-03
6.650050170719623566e-03
6.699576508253812790e-03
6.701236125081777573e-03
6.817961111664772034e-03
6.848053541034460068e-03
6.708264350891113281e-03
6.703965831547975540e-03
6.699474528431892395e-03
6.666070781648159027e-03
6.634166929870843887e-03
6.664289161562919617e-03
6.726476363837718964e-03
6.697254255414009094e-03
6.639791186898946762e-03
6.699581164866685867e-03
6.651531904935836792e-03
6.680745631456375122e-03
6.629615556448698044e-03
6.623422261327505112e-03
6.638979539275169373e-03
6.660910788923501968e-03
6.726374849677085876e-03
6.581067573279142380e-03
6.709966342896223068e-03
6.607451010495424271e-03
6.605712231248617172e-03
6.581615656614303589e-03
6.643340457230806351e-03
6.619453430175781250e-03
6.645005661994218826e-03
6.607881281524896622e-03
6.569893099367618561e-03
6.677458062767982483e-03
6.589354481548070908e-03
6.580451969057321548e-03
6.657937075942754745e-03
6.663244683295488358e-03
6.670739967375993729e-03
6.614367011934518814e-03
6.510111037641763687e-03
6.533615756779909134e-03
6.568380165845155716e-03
6.662555504590272903e-03
6.533720530569553375e-03
6.632624194025993347e-03
6.559554953128099442e-03
6.541104055941104889e-03
6.636586040258407593e-03
6.613823585212230682e-03
6.429808214306831360e-03
6.630322895944118500e-03
6.571593694388866425e-03
6.628526840358972549e-03
6.527119316160678864e-03
6.554958876222372055e-03
6.592707708477973938e-03
6.604859139770269394e-03
6.488693412393331528e-03
6.550951395183801651e-03
6.523793097585439682e-03
6.530205719172954559e-03
6.655515171587467194e-03
6.535078398883342743e-03
6.566157564520835876e-03
6.588785443454980850e-03
6.589460652321577072e-03
6.516419816762208939e-03
6.447942461818456650e-03
6.550352554768323898e-03
6.528237834572792053e-03
6.530969403684139252e-03
6.479061208665370941e-03
6.469517480581998825e-03
6.549177691340446472e-03
6.427646614611148834e-03
6.449719890952110291e-03
6.477511487901210785e-03
6.513615604490041733e-03
6.472881883382797241e-03
6.526812911033630371e-03
6.468934472650289536e-03
6.389579735696315765e-03
6.476923357695341110e-03
6.490983534604310989e-03
6.374781019985675812e-03
6.504222750663757324e-03
6.492263637483119965e-03
6.503819487988948822e-03
6.542244926095008850e-03
6.359165068715810776e-03
6.462903693318367004e-03
6.437475793063640594e-03
6.465768441557884216e-03
6.460330914705991745e-03
6.488575134426355362e-03
6.428534165024757385e-03
6.448087282478809357e-03
6.341150961816310883e-03
6.465734913945198059e-03
6.356681697070598602e-03
6.356033030897378922e-03
6.433896720409393311e-03
6.368319969624280930e-03
6.444465834647417068e-03
6.464239675551652908e-03
6.372564937919378281e-03
6.495281122624874115e-03
6.345035973936319351e-03
6.416517775505781174e-03
6.429901346564292908e-03
6.436136551201343536e-03
6.380211561918258667e-03
6.397046614438295364e-03
6.350471638143062592e-03
6.383419036865234375e-03
6.456024944782257080e-03
6.301204208284616470e-03
6.396026350557804108e-03
6.409255322068929672e-03
6.541935727000236511e-03
6.388321053236722946e-03
6.318902131170034409e-03
6.400334183126688004e-03
6.379440892487764359e-03
6.411311216652393341e-03
6.393701769411563873e-03
6.388825830072164536e-03
6.291882600635290146e-03
6.458769086748361588e-03
6.280758883804082870e-03
6.440760102123022079e-03
6.334317848086357117e-03
6.349840201437473297e-03
6.277239415794610977e-03
6.362709216773509979e-03
6.319073028862476349e-03
6.286392454057931900e-03
6.363907828927040100e-03
6.421827711164951324e-03
6.355443038046360016e-03
6.369005423039197922e-03
6.416912656277418137e-03
6.298181600868701935e-03
6.263611372560262680e-03
6.320470944046974182e-03
6.282685324549674988e-03
6.354323588311672211e-03
6.190535146743059158e-03
6.398214492946863174e-03
6.273447070270776749e-03
6.398840807378292084e-03
6.251703016459941864e-03
6.319203414022922516e-03
6.327088456600904465e-03
6.294474937021732330e-03
6.282421760261058807e-03
6.264057476073503494e-03
6.387853063642978668e-03
6.267112679779529572e-03
6.256079301238059998e-03
6.285747513175010681e-03
6.246990058571100235e-03
6.261398084461688995e-03
6.262015551328659058e-03
6.329655647277832031e-03
6.291597615927457809e-03
6.290107499808073044e-03
6.279058288782835007e-03
6.261433474719524384e-03
6.230831146240234375e-03
6.247940938919782639e-03
6.309250835329294205e-03
6.210342980921268463e-03
6.282704416662454605e-03
6.206859368830919266e-03
6.238175090402364731e-03
6.209251005202531815e-03
6.296603474766016006e-03
6.207893136888742447e-03
6.144934333860874176e-03
6.276137661188840866e-03
6.162710487842559814e-03
6.261596456170082092e-03
6.172029767185449600e-03
6.294961553066968918e-03
6.233029998838901520e-03
6.291156634688377380e-03
6.206865888088941574e-03
6.224826443940401077e-03
6.175308022648096085e-03
6.239790469408035278e-03
6.102450657635927200e-03
6.178250536322593689e-03
6.143392063677310944e-03
6.242169998586177826e-03
6.162983831018209457e-03
6.074169650673866272e-03
6.234161090105772018e-03
6.206742487847805023e-03
6.091211922466754913e-03
6.226226221770048141e-03
6.224924698472023010e-03
6.064958870410919189e-03
6.168695632368326187e-03
6.191357970237731934e-03
6.185627076774835587e-03
6.151208654046058655e-03
6.088586989790201187e-03
6.150288973003625870e-03
6.184201221913099289e-03
6.189437117427587509e-03
6.063054315745830536e-03
6.243939045816659927e-03
6.263745948672294617e-03
6.048437207937240601e-03
6.143421865999698639e-03
6.058041937649250031e-03
6.247381679713726044e-03
6.164908409118652344e-03
6.120586302131414413e-03
6.127379834651947021e-03
6.088997703045606613e-03
6.085217464715242386e-03
6.136061158031225204e-03
6.100759375840425491e-03
6.180603522807359695e-03
6.187569815665483475e-03
6.142074242234230042e-03
6.136257667094469070e-03
6.045074667781591415e-03
6.089362781494855881e-03
6.178225390613079071e-03
6.151166744530200958e-03
6.156878080219030380e-03
6.086326669901609421e-03
6.039347965270280838e-03
6.173592060804367065e-03
6.108265370130538940e-03
6.050225812941789627e-03
6.117507349699735641e-03
6.105263251811265945e-03
6.153411231935024261e-03
6.087519228458404541e-03
6.093880627304315567e-03
6.087918765842914581e-03
6.050716619938611984e-03
6.193576846271753311e-03
6.113451439887285233e-03
6.036461796611547470e-03
6.081331986933946609e-03
6.103472318500280380e-03
6.096999160945415497e-03
6.083971355110406876e-03
5.977071821689605713e-03
6.095125805586576462e-03
6.046186666935682297e-03
6.052899640053510666e-03
6.058899220079183578e-03
6.144885439425706863e-03
6.020869128406047821e-03
6.123417057096958160e-03
5.991648416966199875e-03
6.045603193342685699e-03
6.035428494215011597e-03
6.034154444932937622e-03
6.119035184383392334e-03
5.987443029880523682e-03
6.115689873695373535e-03
6.058138329535722733e-03
6.033494602888822556e-03
5.993539001792669296e-03
6.201479118317365646e-03
5.919725168496370316e-03
6.108936853706836700e-03
6.021703593432903290e-03
5.970447324216365814e-03
6.034493912011384964e-03
6.048880051821470261e-03
6.019438616931438446e-03
5.996268242597579956e-03
6.014293991029262543e-03
5.936620291322469711e-03
6.044082809239625931e-03
6.006170064210891724e-03
6.028681062161922455e-03
6.029028911143541336e-03
6.095338612794876099e-03
6.010138895362615585e-03
5.949822254478931427e-03
5.997410044074058533e-03
5.945654120296239853e-03
6.025533657521009445e-03
6.010483019053936005e-03
5.914680659770965576e-03
6.093095522373914719e-03
5.947492085397243500e-03
6.025284528732299805e-03
5.941655486822128296e-03
5.863895639777183533e-03
6.155729759484529495e-03
5.931229330599308014e-03
5.891786422580480576e-03
5.963201634585857391e-03
5.942129995673894882e-03
5.884099286049604416e-03
6.110628135502338409e-03
5.869456566870212555e-03
6.056231912225484848e-03
5.895377136766910553e-03
5.969721823930740356e-03
5.925498902797698975e-03
6.021081469953060150e-03
5.915137473493814468e-03
5.904164165258407593e-03
5.998656619340181351e-03
6.043022498488426208e-03
5.914953071624040604e-03
5.946885328739881516e-03
5.947302095592021942e-03
5.884084850549697876e-03
5.940216593444347382e-03
5.919630639255046844e-03
5.965251009911298752e-03
5.996226798743009567e-03
5.991253070533275604e-03
5.875897593796253204e-03
5.932482425123453140e-03
5.951295141130685806e-03
5.986315198242664337e-03
5.947279278188943863e-03
5.921343807131052017e-03
5.863467697054147720e-03
6.027298979461193085e-03
5.901791155338287354e-03
5.955452565103769302e-03
5.984400399029254913e-03
5.859931465238332748e-03
5.906248465180397034e-03
5.896573886275291443e-03
5.874092690646648407e-03
6.008049938827753067e-03
5.907074082642793655e-03
5.889879539608955383e-03
5.884410347789525986e-03
5.942825693637132645e-03
5.979505367577075958e-03
5.921781528741121292e-03
5.866786930710077286e-03
5.860446486622095108e-03
5.952477920800447464e-03
5.909974221140146255e-03
5.921587813645601273e-03
5.824332591146230698e-03
5.913738626986742020e-03
5.893562920391559601e-03
5.879243835806846619e-03
5.909513682126998901e-03
5.906689446419477463e-03
5.868254695087671280e-03
5.870103370398283005e-03
5.917568225413560867e-03
5.931547377258539200e-03
5.925967823714017868e-03
5.949754267930984497e-03
5.835629533976316452e-03
5.874236114323139191e-03
5.895968060940504074e-03
5.962979514151811600e-03
5.877789109945297241e-03
5.971464328467845917e-03
5.848815664649009705e-03
5.889279767870903015e-03
5.935980938374996185e-03
5.817420780658721924e-03
5.921010859310626984e-03
5.761067848652601242e-03
5.951744038611650467e-03
5.804765503853559494e-03
5.858059972524642944e-03
5.869977176189422607e-03
5.803647451102733612e-03
5.880647338926792145e-03
5.927336402237415314e-03
5.941462703049182892e-03
5.867149215191602707e-03
5.916972644627094269e-03
5.794412456452846527e-03
5.981876514852046967e-03
5.897060967981815338e-03
5.821767263114452362e-03
5.844854284077882767e-03
5.786416586488485336e-03
5.901968572288751602e-03
5.815459415316581726e-03
5.865561310201883316e-03
5.791530478745698929e-03
5.913073197007179260e-03
5.844155792146921158e-03
5.807639565318822861e-03
5.812751129269599915e-03
5.864848848432302475e-03
5.845613311976194382e-03
5.853792186826467514e-03
5.841203499585390091e-03
5.851595196872949600e-03
5.849150940775871277e-03
5.790029186755418777e-03
5.846365820616483688e-03
5.737917497754096985e-03
5.783597007393836975e-03
5.838011857122182846e-03
5.874798633158206940e-03
5.749791860580444336e-03
5.775248166173696518e-03
5.805773660540580750e-03
5.834556184709072113e-03
5.838134326040744781e-03
5.823369137942790985e-03
5.859445780515670776e-03
5.828428082168102264e-03
5.809443071484565735e-03
5.776064470410346985e-03
5.848536733537912369e-03
5.772064439952373505e-03
5.713157821446657181e-03
5.805193446576595306e-03
5.845216102898120880e-03
5.818741396069526672e-03
5.766924936324357986e-03
5.743698682636022568e-03
5.757621023803949356e-03
5.788971669971942902e-03
5.760803818702697754e-03
5.784618202596902847e-03
5.807168781757354736e-03
5.802050232887268066e-03
5.751918070018291473e-03
5.689774639904499054e-03
5.717539694160223007e-03
5.767793860286474228e-03
5.807025823742151260e-03
5.752679426223039627e-03
5.727264098823070526e-03
5.775561556220054626e-03
5.693924147635698318e-03
5.788485519587993622e-03
5.713686347007751465e-03
5.855562631040811539e-03
5.834499839693307877e-03
5.772471893578767776e-03
5.726044531911611557e-03
5.739277694374322891e-03
5.843911785632371902e-03
5.741924513131380081e-03
5.771900061517953873e-03
5.687197204679250717e-03
5.719740875065326691e-03
5.758424289524555206e-03
5.702601280063390732e-03
5.724372807890176773e-03
5.725834053009748459e-03
5.823317915201187134e-03
5.777618847787380219e-03
5.692187696695327759e-03
5.724932067096233368e-03
5.727223120629787445e-03
5.693424027413129807e-03
5.910106468945741653e-03
5.687401629984378815e-03
5.757271777838468552e-03
5.769867449998855591e-03
5.793688818812370300e-03
5.768591538071632385e-03
5.803793203085660934e-03
5.673873238265514374e-03
5.706358700990676880e-03
5.629542749375104904e-03
5.725658033043146133e-03
5.684390664100646973e-03
5.786415655165910721e-03
5.842330399900674820e-03
5.686059594154357910e-03
5.706395953893661499e-03
5.695738829672336578e-03
5.857710260897874832e-03
5.636777728796005249e-03
5.726269446313381195e-03
5.773494951426982880e-03
5.719656590372323990e-03
5.699836183339357376e-03
5.764328874647617340e-03
5.570484325289726257e-03
5.760458763688802719e-03
5.709604360163211823e-03
5.740774329751729965e-03
5.665416363626718521e-03
5.666969344019889832e-03
5.777081009000539780e-03
5.701668560504913330e-03
5.703571718186140060e-03
5.750897340476512909e-03
5.773047916591167450e-03
5.714308004826307297e-03
5.684733856469392776e-03
5.673222243785858154e-03
5.777105689048767090e-03
5.698443390429019928e-03
5.762464366853237152e-03
5.635114386677742004e-03
5.661298520863056183e-03
5.602092947810888290e-03
5.718622356653213501e-03
5.622278898954391479e-03
5.705100484192371368e-03
5.724724847823381424e-03
5.690183490514755249e-03
5.690425634384155273e-03
5.639423150569200516e-03
5.671127233654260635e-03
