2.511342465877532959e-01
1.725033521652221680e-01
1.402049809694290161e-01
1.306475549936294556e-01
1.221324428915977478e-01
1.133098155260086060e-01
1.042147800326347351e-01
9.755812585353851318e-02
9.046969562768936157e-02
8.545376360416412354e-02
8.034460991621017456e-02
7.746443897485733032e-02
7.334325462579727173e-02
7.046767324209213257e-02
6.745490431785583496e-02
6.452845782041549683e-02
6.228546798229217529e-02
6.044321134686470032e-02
5.873470380902290344e-02
5.702967941761016846e-02
5.594866350293159485e-02
5.438600108027458191e-02
5.263469368219375610e-02
5.147121101617813110e-02
5.002628639340400696e-02
4.932456463575363159e-02
4.819229617714881897e-02
4.686165973544120789e-02
4.636218771338462830e-02
4.516724497079849243e-02
4.464200511574745178e-02
4.381903633475303650e-02
4.275498911738395691e-02
4.210770875215530396e-02
4.150331020355224609e-02
4.088147729635238647e-02
4.018538817763328552e-02
3.919916599988937378e-02
3.885672613978385925e-02
3.849897161126136780e-02
3.773339465260505676e-02
3.709395229816436768e-02
3.684648498892784119e-02
3.645779564976692200e-02
3.573668003082275391e-02
3.552874177694320679e-02
3.469024971127510071e-02
3.454732149839401245e-02
3.376772254705429077e-02
3.359774872660636902e-02
3.283188492059707642e-02
3.241312503814697266e-02
3.231499344110488892e-02
3.230209648609161377e-02
3.162333369255065918e-02
3.099369630217552185e-02
3.073781915009021759e-02
3.065657243132591248e-02
3.018230386078357697e-02
2.979658544063568115e-02
2.951531484723091125e-02
2.902179956436157227e-02
2.894739992916584015e-02
2.845640107989311218e-02
2.837711572647094727e-02
2.815187163650989532e-02
2.767092548310756683e-02
2.727945707738399506e-02
2.752577513456344604e-02
2.688245661556720734e-02
2.682363800704479218e-02
2.643705531954765320e-02
2.612807787954807281e-02
2.606954984366893768e-02
2.616381645202636719e-02
2.569005265831947327e-02
2.528505213558673859e-02
2.517382055521011353e-02
2.496341429650783539e-02
2.475620247423648834e-02
2.457507327198982239e-02
2.467682398855686188e-02
2.430874668061733246e-02
2.414241060614585876e-02
2.388299629092216492e-02
2.363187447190284729e-02
2.358755283057689667e-02
2.347603626549243927e-02
2.326774410903453827e-02
2.317233011126518250e-02
2.297154814004898071e-02
2.271678857505321503e-02
2.229950949549674988e-02
2.234867587685585022e-02
2.236408740282058716e-02
2.208331786096096039e-02
2.196643128991127014e-02
2.169744111597537994e-02
2.167639136314392090e-02
2.139966003596782684e-02
2.145814523100852966e-02
2.110520750284194946e-02
2.120393887162208557e-02
2.100225910544395447e-02
2.054890058934688568e-02
2.065352723002433777e-02
2.036999911069869995e-02
2.053520828485488892e-02
2.020345069468021393e-02
1.998316124081611633e-02
2.014847099781036377e-02
2.015668153762817383e-02
1.979114674031734467e-02
1.963484659790992737e-02
1.945276185870170593e-02
1.940625719726085663e-02
1.946507953107357025e-02
1.930920779705047607e-02
1.928652077913284302e-02
1.915811374783515930e-02
1.896130293607711792e-02
1.907573081552982330e-02
1.874329894781112671e-02
1.883092708885669708e-02
1.854845136404037476e-02
1.854278333485126495e-02
1.830942183732986450e-02
1.832810044288635254e-02
1.828356832265853882e-02
1.836244016885757446e-02
1.801232062280178070e-02
1.773041114211082458e-02
1.794805563986301422e-02
1.790885254740715027e-02
1.781751774251461029e-02
1.752209663391113281e-02
1.748229935765266418e-02
1.750635914504528046e-02
1.725832745432853699e-02
1.730322279036045074e-02
1.743230782449245453e-02
1.728677190840244293e-02
1.707906834781169891e-02
1.707090623676776886e-02
1.709900423884391785e-02
1.687149889767169952e-02
1.687383092939853668e-02
1.675996929407119751e-02
1.667874865233898163e-02
1.641191542148590088e-02
1.652995496988296509e-02
1.663904450833797455e-02
1.638420671224594116e-02
1.651789061725139618e-02
1.627153716981410980e-02
1.616258732974529266e-02
1.641501672565937042e-02
1.593600213527679443e-02
1.603908278048038483e-02
1.578750833868980408e-02
1.572451740503311157e-02
1.580956764519214630e-02
1.580820791423320770e-02
1.580141857266426086e-02
1.580885611474514008e-02
1.579835079610347748e-02
1.568093150854110718e-02
1.566931791603565216e-02
1.543986983597278595e-02
1.549186371266841888e-02
1.524180639535188675e-02
1.535212621092796326e-02
1.522682700306177139e-02
1.524529792368412018e-02
1.519296690821647644e-02
1.514508854597806931e-02
1.506116613745689392e-02
1.510002743452787399e-02
1.498522050678730011e-02
1.491265743970870972e-02
1.472992822527885437e-02
1.463555544614791870e-02
1.476182695478200912e-02
1.468778401613235474e-02
1.476895250380039215e-02
1.446810271590948105e-02
1.442873757332563400e-02
1.470695342868566513e-02
1.445579808205366135e-02
1.433738600462675095e-02
1.433402113616466522e-02
1.422808039933443069e-02
1.436446793377399445e-02
1.419254578649997711e-02
1.404663175344467163e-02
1.429061777889728546e-02
1.401453651487827301e-02
1.413863711059093475e-02
1.389375980943441391e-02
1.384692266583442688e-02
1.390581764280796051e-02
1.392799988389015198e-02
1.389479916542768478e-02
1.396683417260646820e-02
1.355319377034902573e-02
1.355651486665010452e-02
1.367412786930799484e-02
1.384982839226722717e-02
1.355124451220035553e-02
1.359583809971809387e-02
1.350560504943132401e-02
1.348063535988330841e-02
1.355436071753501892e-02
1.335433870553970337e-02
1.343240775167942047e-02
1.331001520156860352e-02
1.327700819820165634e-02
1.341311726719141006e-02
1.314980536699295044e-02
1.309262588620185852e-02
1.325781363993883133e-02
1.301662996411323547e-02
1.300190854817628860e-02
1.302307751029729843e-02
1.316146459430456161e-02
1.318291481584310532e-02
1.289392262697219849e-02
1.311669033020734787e-02
1.297713350504636765e-02
1.281566731631755829e-02
1.279731001704931259e-02
1.269750203937292099e-02
1.284555159509181976e-02
1.280798763036727905e-02
1.288491208106279373e-02
1.289936434477567673e-02
1.266074087470769882e-02
1.257417164742946625e-02
1.258650887757539749e-02
1.266206707805395126e-02
1.276288647204637527e-02
1.242665760219097137e-02
1.264087762683629990e-02
1.251702848821878433e-02
1.230991352349519730e-02
1.244401279836893082e-02
1.237664930522441864e-02
1.236054487526416779e-02
1.239499635994434357e-02
1.231484580785036087e-02
1.229323074221611023e-02
1.231095287948846817e-02
1.233392208814620972e-02
1.223670411854982376e-02
1.214878633618354797e-02
1.209584344178438187e-02
1.221306528896093369e-02
1.206921041011810303e-02
1.203963812440633774e-02
1.208352949470281601e-02
1.197621040046215057e-02
1.185573078691959381e-02
1.207192614674568176e-02
1.191712822765111923e-02
1.208680495619773865e-02
1.200784556567668915e-02
1.187863387167453766e-02
1.182999648153781891e-02
1.173429656773805618e-02
1.184033043682575226e-02
1.190001890063285828e-02
1.189680583775043488e-02
1.169630978256464005e-02
1.168560702353715897e-02
1.174844708293676376e-02
1.161651778966188431e-02
1.165886223316192627e-02
1.163625251501798630e-02
1.148922182619571686e-02
1.142170373350381851e-02
1.153953466564416885e-02
1.156387850642204285e-02
1.133855339139699936e-02
1.149557344615459442e-02
1.152700185775756836e-02
1.160257495939731598e-02
1.143251545727252960e-02
1.141482312232255936e-02
1.144603174179792404e-02
1.142185740172863007e-02
1.131029613316059113e-02
1.136797759681940079e-02
1.123182196170091629e-02
1.123904529958963394e-02
1.130210794508457184e-02
1.140790712088346481e-02
1.131549291312694550e-02
1.130951941013336182e-02
1.104780286550521851e-02
1.124290470033884048e-02
1.130335498601198196e-02
1.112272124737501144e-02
1.102161500602960587e-02
1.104664243757724762e-02
1.094048470258712769e-02
1.120109949260950089e-02
1.100519578903913498e-02
1.102987676858901978e-02
1.106374990195035934e-02
1.100743003189563751e-02
1.102533098310232162e-02
1.095522008836269379e-02
1.088498812168836594e-02
1.102661248296499252e-02
1.084510888904333115e-02
1.082906313240528107e-02
1.102415099740028381e-02
1.082945615053176880e-02
1.067988481372594833e-02
1.087824162095785141e-02
1.079778373241424561e-02
1.085915137082338333e-02
1.075488794595003128e-02
1.068131346255540848e-02
1.071857847273349762e-02
1.063667889684438705e-02
1.058615464717149734e-02
1.068428810685873032e-02
1.059769093990325928e-02
1.088325586169958115e-02
1.079839468002319336e-02
1.057220436632633209e-02
1.055119000375270844e-02
1.058521121740341187e-02
1.065238099545240402e-02
1.061312109231948853e-02
1.062941271811723709e-02
1.045963075011968613e-02
1.055912114679813385e-02
1.053016539663076401e-02
1.054214686155319214e-02
1.035096403211355209e-02
1.025541778653860092e-02
1.046056021004915237e-02
1.039444282650947571e-02
1.039598137140274048e-02
1.044083107262849808e-02
1.038744114339351654e-02
1.023590005934238434e-02
1.042519230395555496e-02
1.036382745951414108e-02
1.041325461119413376e-02
1.026410888880491257e-02
1.014322694391012192e-02
1.020795945078134537e-02
1.028678566217422485e-02
1.021325960755348206e-02
1.020276546478271484e-02
1.024545915424823761e-02
1.020042598247528076e-02
1.015893742442131042e-02
1.006372831761837006e-02
1.032799109816551208e-02
1.024824753403663635e-02
1.011599693447351456e-02
1.014198921620845795e-02
1.022117957472801208e-02
1.001083664596080780e-02
1.029123086482286453e-02
1.000684313476085663e-02
1.011632569134235382e-02
1.004570163786411285e-02
1.000082492828369141e-02
1.004146691411733627e-02
1.012360677123069763e-02
9.943578392267227173e-03
9.958756156265735626e-03
9.960413910448551178e-03
9.876892901957035065e-03
9.831407107412815094e-03
1.007746718823909760e-02
9.956260211765766144e-03
9.894382208585739136e-03
9.883430786430835724e-03
9.896467439830303192e-03
9.934135712683200836e-03
9.759778156876564026e-03
9.910748340189456940e-03
9.910458698868751526e-03
9.827326983213424683e-03
9.770087897777557373e-03
9.787153452634811401e-03
9.814033284783363342e-03
9.690674953162670135e-03
9.768041782081127167e-03
9.790523909032344818e-03
9.653232991695404053e-03
9.775018319487571716e-03
9.787576273083686829e-03
9.769125841557979584e-03
9.584581479430198669e-03
9.623367339372634888e-03
9.715213440358638763e-03
9.726064279675483704e-03
9.703561663627624512e-03
9.596197865903377533e-03
9.552720002830028534e-03
9.634615853428840637e-03
9.701859205961227417e-03
9.637308306992053986e-03
9.645625948905944824e-03
9.488466195762157440e-03
9.589645080268383026e-03
9.518702514469623566e-03
9.528495371341705322e-03
9.490925818681716919e-03
9.422047063708305359e-03
9.596621617674827576e-03
9.599005803465843201e-03
9.512197226285934448e-03
9.456554427742958069e-03
9.497573599219322205e-03
9.267041459679603577e-03
9.380916133522987366e-03
9.485795162618160248e-03
9.610131382942199707e-03
9.496874175965785980e-03
9.311909787356853485e-03
9.470797143876552582e-03
9.462663903832435608e-03
9.484742768108844757e-03
9.361601434648036957e-03
9.410996921360492706e-03
9.320597164332866669e-03
9.309222921729087830e-03
9.270903654396533966e-03
9.269835427403450012e-03
9.249777533113956451e-03
9.288677014410495758e-03
9.226198308169841766e-03
9.191783145070075989e-03
9.265779517590999603e-03
9.297885000705718994e-03
9.215493686497211456e-03
9.199203923344612122e-03
9.315780363976955414e-03
9.338042698800563812e-03
9.129261597990989685e-03
9.150376543402671814e-03
9.110010229051113129e-03
9.138623252511024475e-03
9.155977517366409302e-03
9.156913496553897858e-03
9.141684509813785553e-03
9.233003482222557068e-03
9.228009730577468872e-03
9.204841218888759613e-03
9.015757590532302856e-03
9.179212152957916260e-03
9.185748174786567688e-03
9.051410481333732605e-03
9.016600437462329865e-03
9.192311204969882965e-03
9.077426046133041382e-03
9.090815670788288116e-03
8.950136601924896240e-03
8.979060687124729156e-03
8.959956467151641846e-03
9.034373797476291656e-03
9.020010940730571747e-03
9.026978164911270142e-03
9.018708951771259308e-03
8.905215188860893250e-03
8.957884274423122406e-03
9.085692465305328369e-03
8.959926664829254150e-03
9.016643278300762177e-03
8.926795795559883118e-03
8.903375826776027679e-03
9.008084423840045929e-03
8.898091502487659454e-03
8.867282420396804810e-03
8.911129087209701538e-03
8.966331370174884796e-03
8.938292972743511200e-03
8.845143951475620270e-03
8.842985145747661591e-03
8.834591135382652283e-03
8.899224922060966492e-03
8.939535357058048248e-03
8.726809173822402954e-03
8.965515531599521637e-03
8.811121806502342224e-03
8.812266401946544647e-03
8.940109051764011383e-03
8.775698021054267883e-03
8.716632612049579620e-03
8.784326724708080292e-03
8.743532001972198486e-03
8.851506747305393219e-03
