2.487699538469314575e-01
2.483810931444168091e-01
2.483282536268234253e-01
2.482720613479614258e-01
2.479001730680465698e-01
2.475465238094329834e-01
2.470232248306274414e-01
2.465412318706512451e-01
2.458976656198501587e-01
2.452453821897506714e-01
2.447969168424606323e-01
2.445338219404220581e-01
2.441229671239852905e-01
2.434186786413192749e-01
2.432209104299545288e-01
2.427730113267898560e-01
2.425159215927124023e-01
2.420293688774108887e-01
2.419367432594299316e-01
2.413253635168075562e-01
2.408743053674697876e-01
2.405656427145004272e-01
2.396445721387863159e-01
2.390858083963394165e-01
2.380576431751251221e-01
2.369068711996078491e-01
2.355177551507949829e-01
2.344600111246109009e-01
2.327969372272491455e-01
2.304270267486572266e-01
2.285156250000000000e-01
2.265301048755645752e-01
2.241139709949493408e-01
2.218858599662780762e-01
2.193015664815902710e-01
2.166403532028198242e-01
2.144452482461929321e-01
2.120006680488586426e-01
2.096234858036041260e-01
2.076341211795806885e-01
2.052886486053466797e-01
2.035289108753204346e-01
2.018762379884719849e-01
1.989138722419738770e-01
1.973385214805603027e-01
1.953080147504806519e-01
1.934185177087783813e-01
1.911143660545349121e-01
1.888251304626464844e-01
1.871435940265655518e-01
1.848181784152984619e-01
1.825368255376815796e-01
1.802045106887817383e-01
1.775966882705688477e-01
1.749018281698226929e-01
1.722151786088943481e-01
1.702713668346405029e-01
1.677973121404647827e-01
1.647588163614273071e-01
1.626543700695037842e-01
1.596554517745971680e-01
1.573790162801742554e-01
1.552065014839172363e-01
1.529494374990463257e-01
1.504096835851669312e-01
1.485435813665390015e-01
1.465847194194793701e-01
1.438386142253875732e-01
1.418273448944091797e-01
1.399075090885162354e-01
1.381947696208953857e-01
1.358823925256729126e-01
1.342585086822509766e-01
1.335372328758239746e-01
1.308924406766891479e-01
1.289618164300918579e-01
1.280132830142974854e-01
1.268382668495178223e-01
1.247246414422988892e-01
1.235536262392997742e-01
1.226764693856239319e-01
1.208035051822662354e-01
1.193384677171707153e-01
1.182345002889633179e-01
1.170555129647254944e-01
1.153986752033233643e-01
1.149907633662223816e-01
1.133241429924964905e-01
1.126480177044868469e-01
1.110090538859367371e-01
1.105623766779899597e-01
1.095501482486724854e-01
1.082647815346717834e-01
1.073308214545249939e-01
1.065071001648902893e-01
1.058398634195327759e-01
1.040079295635223389e-01
1.030531525611877441e-01
1.021612584590911865e-01
1.016782149672508240e-01
1.016688868403434753e-01
1.010160297155380249e-01
1.002793163061141968e-01
9.819485992193222046e-02
9.827866405248641968e-02
9.715905785560607910e-02
9.680849313735961914e-02
9.566684812307357788e-02
9.546126425266265869e-02
9.447918832302093506e-02
9.409073740243911743e-02
9.301937371492385864e-02
9.262783825397491455e-02
9.205445647239685059e-02
9.045115113258361816e-02
8.985245972871780396e-02
8.969474583864212036e-02
8.966687321662902832e-02
8.927212655544281006e-02
8.954469859600067139e-02
8.776985108852386475e-02
8.652362972497940063e-02
8.620909601449966431e-02
8.584417402744293213e-02
8.535282313823699951e-02
8.481082320213317871e-02
8.412464708089828491e-02
8.407611399888992310e-02
8.280404657125473022e-02
8.349444717168807983e-02
8.252760022878646851e-02
8.169631659984588623e-02
8.071067929267883301e-02
7.995817810297012329e-02
8.031595498323440552e-02
7.990008592605590820e-02
7.966167479753494263e-02
7.846817374229431152e-02
7.809676975011825562e-02
7.783226668834686279e-02
7.697217911481857300e-02
7.661468535661697388e-02
7.680577784776687622e-02
7.617441564798355103e-02
7.524065673351287842e-02
7.571462541818618774e-02
7.508016377687454224e-02
7.332140207290649414e-02
7.308717817068099976e-02
7.348443567752838135e-02
7.437455654144287109e-02
7.348876446485519409e-02
7.171194255352020264e-02
7.232758402824401855e-02
7.168355584144592285e-02
7.056572288274765015e-02
7.139678299427032471e-02
6.988323479890823364e-02
6.940799206495285034e-02
6.899623572826385498e-02
6.867305934429168701e-02
6.879460066556930542e-02
6.804015487432479858e-02
6.771879643201828003e-02
6.748354434967041016e-02
6.771221011877059937e-02
6.684563308954238892e-02
6.782208383083343506e-02
6.628002971410751343e-02
6.557691097259521484e-02
6.544209271669387817e-02
6.479956209659576416e-02
6.439910829067230225e-02
6.496696174144744873e-02
6.438531726598739624e-02
6.429619342088699341e-02
6.321723014116287231e-02
6.368990242481231689e-02
6.209324672818183899e-02
6.265364587306976318e-02
6.215761229395866394e-02
6.170748546719551086e-02
6.153171509504318237e-02
6.139469146728515625e-02
6.101452186703681946e-02
6.007314845919609070e-02
6.018478050827980042e-02
5.998988077044487000e-02
6.007284671068191528e-02
5.894155055284500122e-02
5.896445736289024353e-02
5.851945281028747559e-02
5.888853594660758972e-02
5.947016552090644836e-02
5.818620696663856506e-02
5.795604363083839417e-02
5.759366601705551147e-02
5.666711553931236267e-02
5.651360377669334412e-02
5.616279318928718567e-02
5.601607263088226318e-02
5.556298792362213135e-02
5.663379654288291931e-02
5.518797785043716431e-02
5.485836789011955261e-02
5.522887408733367920e-02
5.425854399800300598e-02
5.435542017221450806e-02
5.479478463530540466e-02
5.407771468162536621e-02
5.448495969176292419e-02
5.403736606240272522e-02
5.319991335272789001e-02
5.741902440786361694e-02
5.349576100707054138e-02
5.314843356609344482e-02
5.254486203193664551e-02
5.175351724028587341e-02
5.223226174712181091e-02
5.206822976469993591e-02
5.191653221845626831e-02
5.357042327523231506e-02
5.080479383468627930e-02
5.060596019029617310e-02
5.191569775342941284e-02
5.016381293535232544e-02
5.030865594744682312e-02
5.108390375971794128e-02
4.971339926123619080e-02
5.111453309655189514e-02
5.127898231148719788e-02
5.078389868140220642e-02
4.994489625096321106e-02
4.936842247843742371e-02
4.891989380121231079e-02
4.900795966386795044e-02
4.828476160764694214e-02
4.778964072465896606e-02
4.850690066814422607e-02
4.982150346040725708e-02
4.829414933919906616e-02
4.825411364436149597e-02
4.733961448073387146e-02
4.721897467970848083e-02
4.928438737988471985e-02
4.755603894591331482e-02
4.702921584248542786e-02
4.649778455495834351e-02
4.692537337541580200e-02
4.813770577311515808e-02
4.614550620317459106e-02
4.550913721323013306e-02
4.603217914700508118e-02
4.602204635739326477e-02
4.544120654463768005e-02
4.698680713772773743e-02
4.639437794685363770e-02
4.632084071636199951e-02
4.574384912848472595e-02
4.513738304376602173e-02
4.512300714850425720e-02
4.536316543817520142e-02
4.460933804512023926e-02
4.659760370850563049e-02
4.436085745692253113e-02
4.507369548082351685e-02
4.397915676236152649e-02
4.490241408348083496e-02
4.486181214451789856e-02
4.352429509162902832e-02
4.430202767252922058e-02
4.495853185653686523e-02
4.348475486040115356e-02
4.354104772210121155e-02
4.292858019471168518e-02
4.284432902932167053e-02
4.282234236598014832e-02
4.422618076205253601e-02
4.254736751317977905e-02
4.413849115371704102e-02
4.189748317003250122e-02
4.236724227666854858e-02
4.251790419220924377e-02
4.265785962343215942e-02
4.175170511007308960e-02
4.133831709623336792e-02
4.105614125728607178e-02
4.147024080157279968e-02
4.333666339516639709e-02
4.143920168280601501e-02
4.119373857975006104e-02
4.100117832422256470e-02
4.083406552672386169e-02
4.181775078177452087e-02
4.136194288730621338e-02
4.002216085791587830e-02
4.259474202990531921e-02
4.114008322358131409e-02
4.043020308017730713e-02
4.122887179255485535e-02
4.022617638111114502e-02
4.105791822075843811e-02
4.087828844785690308e-02
4.062927141785621643e-02
3.977936878800392151e-02
3.998568654060363770e-02
3.905694559216499329e-02
3.976859897375106812e-02
3.877034038305282593e-02
3.882477805018424988e-02
3.934159502387046814e-02
3.977202251553535461e-02
4.013740643858909607e-02
3.888612240552902222e-02
3.907755762338638306e-02
3.938925638794898987e-02
4.066952317953109741e-02
3.863967955112457275e-02
3.867828845977783203e-02
3.814692422747612000e-02
3.851035237312316895e-02
3.841302171349525452e-02
3.859660401940345764e-02
3.847271576523780823e-02
3.837642073631286621e-02
3.844402357935905457e-02
3.718049451708793640e-02
3.769646584987640381e-02
3.684968501329421997e-02
3.759730607271194458e-02
3.828310221433639526e-02
3.692690655589103699e-02
3.822607174515724182e-02
3.795436769723892212e-02
3.777679800987243652e-02
3.823170438408851624e-02
3.671247884631156921e-02
3.712453693151473999e-02
3.708323836326599121e-02
3.648874908685684204e-02
3.648969158530235291e-02
3.740219771862030029e-02
3.589536622166633606e-02
3.662132471799850464e-02
3.722376376390457153e-02
3.624670580029487610e-02
3.741665557026863098e-02
3.753102198243141174e-02
3.590185195207595825e-02
3.623308986425399780e-02
3.648975864052772522e-02
3.584302589297294617e-02
3.580319881439208984e-02
3.611664474010467529e-02
3.605472296476364136e-02
3.723231330513954163e-02
3.597491979598999023e-02
3.499769791960716248e-02
3.475459665060043335e-02
3.607875108718872070e-02
3.520382568240165710e-02
3.533963114023208618e-02
3.507443144917488098e-02
3.599915280938148499e-02
3.535842522978782654e-02
3.476134315133094788e-02
3.393056243658065796e-02
3.457491472363471985e-02
3.567687049508094788e-02
3.628906607627868652e-02
3.628243505954742432e-02
3.428557142615318298e-02
3.461706638336181641e-02
3.518161550164222717e-02
3.490302711725234985e-02
3.451285511255264282e-02
3.467435017228126526e-02
3.402834385633468628e-02
3.484600037336349487e-02
3.462027385830879211e-02
3.450275957584381104e-02
3.437348827719688416e-02
3.428636863827705383e-02
3.357950225472450256e-02
3.537458926439285278e-02
3.425776958465576172e-02
3.388860821723937988e-02
3.441935777664184570e-02
3.385908529162406921e-02
3.375010564923286438e-02
3.407951071858406067e-02
3.427286818623542786e-02
3.332803770899772644e-02
3.405455127358436584e-02
3.436043485999107361e-02
3.327576443552970886e-02
3.266131505370140076e-02
3.392722085118293762e-02
3.396226465702056885e-02
3.357829526066780090e-02
3.283910825848579407e-02
3.329887986183166504e-02
3.246572241187095642e-02
3.234469145536422729e-02
3.409270942211151123e-02
3.248687461018562317e-02
3.342922776937484741e-02
3.229259327054023743e-02
3.401651605963706970e-02
3.272603824734687805e-02
3.255600109696388245e-02
3.401058539748191833e-02
3.260428458452224731e-02
3.216648474335670471e-02
3.288135305047035217e-02
3.156856819987297058e-02
3.182836249470710754e-02
3.196956962347030640e-02
3.200771659612655640e-02
3.194679692387580872e-02
3.114579990506172180e-02
3.124397434294223785e-02
3.196583688259124756e-02
3.122575767338275909e-02
3.254840895533561707e-02
3.122740052640438080e-02
3.184726834297180176e-02
3.182926028966903687e-02
3.188954293727874756e-02
3.143223747611045837e-02
3.184713795781135559e-02
3.118694759905338287e-02
3.248394280672073364e-02
3.281516581773757935e-02
3.294547647237777710e-02
3.083683177828788757e-02
3.157648071646690369e-02
3.070037998259067535e-02
3.150311112403869629e-02
3.052158094942569733e-02
3.092490322887897491e-02
3.171418234705924988e-02
3.142571449279785156e-02
3.094131872057914734e-02
3.026471100747585297e-02
3.054208308458328247e-02
3.028042614459991455e-02
3.082302957773208618e-02
3.058197163045406342e-02
3.055914118885993958e-02
3.050064481794834137e-02
3.115176223218441010e-02
3.120486438274383545e-02
3.164329752326011658e-02
2.978649362921714783e-02
3.073927201330661774e-02
3.064152598381042480e-02
3.030478209257125854e-02
3.021958656609058380e-02
2.947333268821239471e-02
3.004047833383083344e-02
2.964976616203784943e-02
2.976089529693126678e-02
3.224467113614082336e-02
3.015570528805255890e-02
2.960032597184181213e-02
2.944342419505119324e-02
3.004171885550022125e-02
2.987425960600376129e-02
3.048213943839073181e-02
2.984466962516307831e-02
3.096234612166881561e-02
2.966069057583808899e-02
3.019985370337963104e-02
2.954338490962982178e-02
2.868071757256984711e-02
3.043608553707599640e-02
2.986604161560535431e-02
2.971689403057098389e-02
2.918044291436672211e-02
2.953583747148513794e-02
3.083997033536434174e-02
2.981377951800823212e-02
2.919055707752704620e-02
2.901276387274265289e-02
3.110812045633792877e-02
2.885714732110500336e-02
2.912325225770473480e-02
2.933491207659244537e-02
2.973217703402042389e-02
2.823460660874843597e-02
2.942651323974132538e-02
2.990101836621761322e-02
2.983450144529342651e-02
2.867368049919605255e-02
2.820306643843650818e-02
3.026310913264751434e-02
2.924725599586963654e-02
2.991859614849090576e-02
2.893882617354393005e-02
2.771168202161788940e-02
2.822509407997131348e-02
2.853925712406635284e-02
2.968728169798851013e-02
2.809784561395645142e-02
2.854531444609165192e-02
2.796143665909767151e-02
2.887532673776149750e-02
2.942284569144248962e-02
2.807302400469779968e-02
2.839822508394718170e-02
2.847208827733993530e-02
2.811921574175357819e-02
2.874624542891979218e-02
2.803090959787368774e-02
2.793473191559314728e-02
2.759473398327827454e-02
2.810050547122955322e-02
2.872081287205219269e-02
2.824378013610839844e-02
2.832971699535846710e-02
2.826747298240661621e-02
2.847069129347801208e-02
2.743931859731674194e-02
2.789813652634620667e-02
2.795068919658660889e-02
2.740949392318725586e-02
2.781093865633010864e-02
2.885570190846920013e-02
2.750409394502639771e-02
2.797055058181285858e-02
2.981202118098735809e-02
2.727592736482620239e-02
2.727329544723033905e-02
2.682757377624511719e-02
2.730870433151721954e-02
2.837134897708892822e-02
2.845959179103374481e-02
2.741943672299385071e-02
2.832143381237983704e-02
2.754034474492073059e-02
2.795366756618022919e-02
2.801874279975891113e-02
2.731533162295818329e-02
2.676571160554885864e-02
2.706477791070938110e-02
2.735129557549953461e-02
2.686798200011253357e-02
2.793317846953868866e-02
2.667726576328277588e-02
2.677435614168643951e-02
2.776576206088066101e-02
2.753854915499687195e-02
2.727556787431240082e-02
2.669654786586761475e-02
2.695590257644653320e-02
2.648880332708358765e-02
2.647438272833824158e-02
2.680577710270881653e-02
2.613110467791557312e-02
2.612872049212455750e-02
2.663671411573886871e-02
2.631448581814765930e-02
2.728944458067417145e-02
2.627220563590526581e-02
2.611418440937995911e-02
2.633606642484664917e-02
2.729493379592895508e-02
2.638282999396324158e-02
2.679568156599998474e-02
2.661892212927341461e-02
2.627790160477161407e-02
2.594467625021934509e-02
2.620342373847961426e-02
2.673525363206863403e-02
2.640476450324058533e-02
2.580245956778526306e-02
2.617890387773513794e-02
2.696813642978668213e-02
2.708193287253379822e-02
2.650060877203941345e-02
2.656870894134044647e-02
2.722359262406826019e-02
2.564634196460247040e-02
2.612952515482902527e-02
2.631185948848724365e-02
2.669798023998737335e-02
2.570850774645805359e-02
2.581067383289337158e-02
2.585791982710361481e-02
2.620945125818252563e-02
2.763798087835311890e-02
2.618651650846004486e-02
2.608209662139415741e-02
2.607648074626922607e-02
2.576146833598613739e-02
2.562502399086952209e-02
2.651500888168811798e-02
2.524489164352416992e-02
2.595983073115348816e-02
2.623292990028858185e-02
2.523530088365077972e-02
2.658941037952899933e-02
2.555565163493156433e-02
2.518118172883987427e-02
2.467598021030426025e-02
2.581991441547870636e-02
2.618549764156341553e-02
2.546068280935287476e-02
2.443357743322849274e-02
2.502969466149806976e-02
2.546551451086997986e-02
2.604079991579055786e-02
2.564002200961112976e-02
2.475133910775184631e-02
2.485312893986701965e-02
2.516848035156726837e-02
2.483722567558288574e-02
2.475076355040073395e-02
2.502820268273353577e-02
2.678592875599861145e-02
2.595562674105167389e-02
2.580848149955272675e-02
2.520432136952877045e-02
2.547933347523212433e-02
2.411958202719688416e-02
2.546021342277526855e-02
2.464328706264495850e-02
2.450708299875259399e-02
2.474492974579334259e-02
2.628142200410366058e-02
2.497457899153232574e-02
2.535844035446643829e-02
2.454908750951290131e-02
2.555744349956512451e-02
2.579806372523307800e-02
2.634514681994915009e-02
2.460638806223869324e-02
2.404952421784400940e-02
2.424588613212108612e-02
2.514274418354034424e-02
2.418116107583045959e-02
2.513260953128337860e-02
2.452206611633300781e-02
2.469494566321372986e-02
2.430518157780170441e-02
2.445227839052677155e-02
2.467116527259349823e-02
2.488686516880989075e-02
2.505065314471721649e-02
2.406582050025463104e-02
2.479051798582077026e-02
2.397153340280056000e-02
2.519557811319828033e-02
2.639789693057537079e-02
2.422655932605266571e-02
2.419516071677207947e-02
2.418469823896884918e-02
2.329863421618938446e-02
2.453181892633438110e-02
2.418427541851997375e-02
2.458856441080570221e-02
2.510531805455684662e-02
2.598961628973484039e-02
2.551461197435855865e-02
2.364841476082801819e-02
2.382983081042766571e-02
2.404825575649738312e-02
2.494925074279308319e-02
2.475693821907043457e-02
2.360766753554344177e-02
2.408678829669952393e-02
2.346328645944595337e-02
2.337519638240337372e-02
2.346202172338962555e-02
2.410887740552425385e-02
2.380773052573204041e-02
2.430924586951732635e-02
2.386438101530075073e-02
2.325959131121635437e-02
2.360947802662849426e-02
2.442489750683307648e-02
2.397049032151699066e-02
2.396687306463718414e-02
2.380624599754810333e-02
2.399126626551151276e-02
2.415720745921134949e-02
2.332426235079765320e-02
2.375075034797191620e-02
2.355047687888145447e-02
2.373472787439823151e-02
2.396571449935436249e-02
2.317444793879985809e-02
2.426950260996818542e-02
2.395427785813808441e-02
2.483246289193630219e-02
2.527494356036186218e-02
2.426064573228359222e-02
2.325723692774772644e-02
2.318438887596130371e-02
2.357901446521282196e-02
2.366701699793338776e-02
2.341359667479991913e-02
2.332647331058979034e-02
2.322318218648433685e-02
2.329747006297111511e-02
2.321558818221092224e-02
2.302898280322551727e-02
2.296462282538414001e-02
2.361343614757061005e-02
2.337332256138324738e-02
2.316399663686752319e-02
2.285421825945377350e-02
2.303260564804077148e-02
2.299090847373008728e-02
2.263789065182209015e-02
2.259355224668979645e-02
2.300400473177433014e-02
2.271680906414985657e-02
2.386897057294845581e-02
2.377634122967720032e-02
2.352240867912769318e-02
2.420783415436744690e-02
2.284688130021095276e-02
2.369281649589538574e-02
2.292611449956893921e-02
2.490051835775375366e-02
2.349736168980598450e-02
2.260104753077030182e-02
2.319712750613689423e-02
2.270403131842613220e-02
2.207294292747974396e-02
2.294679917395114899e-02
2.304566651582717896e-02
2.222611568868160248e-02
2.229908481240272522e-02
2.282802760601043701e-02
2.246811799705028534e-02
2.353479526937007904e-02
2.376478351652622223e-02
2.316287532448768616e-02
2.287261746823787689e-02
2.376275323331356049e-02
2.288472279906272888e-02
2.220858260989189148e-02
2.253006026148796082e-02
2.295615337789058685e-02
2.249990403652191162e-02
2.259614318609237671e-02
2.261672541499137878e-02
2.227493561804294586e-02
2.231639623641967773e-02
2.263729833066463470e-02
2.227878756821155548e-02
2.239959686994552612e-02
2.299417555332183838e-02
2.256304211914539337e-02
2.184861339628696442e-02
2.323888987302780151e-02
2.154512889683246613e-02
2.262743934988975525e-02
2.225154265761375427e-02
2.365694008767604828e-02
2.238374389708042145e-02
2.219825983047485352e-02
2.194596081972122192e-02
2.193487621843814850e-02
2.235253714025020599e-02
2.222927100956439972e-02
2.128198184072971344e-02
2.265062741935253143e-02
2.313762158155441284e-02
2.175338380038738251e-02
2.167395316064357758e-02
2.219249494373798370e-02
2.275266125798225403e-02
2.222205512225627899e-02
2.205723151564598083e-02
2.116052061319351196e-02
2.187786251306533813e-02
2.231675572693347931e-02
2.263658493757247925e-02
2.389549650251865387e-02
2.302540279924869537e-02
2.121532522141933441e-02
2.080902457237243652e-02
2.295671589672565460e-02
2.127962931990623474e-02
2.178889699280261993e-02
2.166982367634773254e-02
2.277704514563083649e-02
2.225979976356029510e-02
2.184486389160156250e-02
2.201708406209945679e-02
2.236234769225120544e-02
2.231175638735294342e-02
2.155639976263046265e-02
2.171027846634387970e-02
2.078466117382049561e-02
2.134203910827636719e-02
2.146270684897899628e-02
2.090650610625743866e-02
2.226132154464721680e-02
2.152901887893676758e-02
2.185248769819736481e-02
2.129704691469669342e-02
2.179908007383346558e-02
2.160056121647357941e-02
2.153929322957992554e-02
2.178746834397315979e-02
2.192701958119869232e-02
2.165048755705356598e-02
2.142483368515968323e-02
2.187040261924266815e-02
2.188029512763023376e-02
2.131204865872859955e-02
2.143766172230243683e-02
2.103608101606369019e-02
2.239836752414703369e-02
2.165069431066513062e-02
2.096594870090484619e-02
2.112796902656555176e-02
2.088000066578388214e-02
2.098968811333179474e-02
2.092240378260612488e-02
2.146068029105663300e-02
2.144854888319969177e-02
2.115606516599655151e-02
2.204656228423118591e-02
2.189737744629383087e-02
2.099096029996871948e-02
2.140788547694683075e-02
2.129378356039524078e-02
2.082863263785839081e-02
2.088696882128715515e-02
2.074655145406723022e-02
2.336318977177143097e-02
2.166589722037315369e-02
2.105902321636676788e-02
2.131541259586811066e-02
2.096635475754737854e-02
2.110677771270275116e-02
2.184602804481983185e-02
2.200365066528320312e-02
2.129219472408294678e-02
2.016397193074226379e-02
2.062393166124820709e-02
2.170881442725658417e-02
2.090816386044025421e-02
2.153680659830570221e-02
2.098042145371437073e-02
2.055892534554004669e-02
2.078177407383918762e-02
2.179422788321971893e-02
2.043178491294384003e-02
1.997460983693599701e-02
2.025646716356277466e-02
2.141541242599487305e-02
2.200737223029136658e-02
2.159813418984413147e-02
2.097682841122150421e-02
2.101323008537292480e-02
2.055001072585582733e-02
2.060686796903610229e-02
2.018377184867858887e-02
2.064860425889492035e-02
1.978755556046962738e-02
2.030264958739280701e-02
2.086397446691989899e-02
2.190154232084751129e-02
2.056195214390754700e-02
2.179030701518058777e-02
2.132460661232471466e-02
2.101341448724269867e-02
2.011988312005996704e-02
2.011474408209323883e-02
2.074804529547691345e-02
2.003650553524494171e-02
2.118697389960289001e-02
2.126791514456272125e-02
2.047873660922050476e-02
2.057875320315361023e-02
2.051796391606330872e-02
2.016519941389560699e-02
2.031515352427959442e-02
2.006715349853038788e-02
1.971998997032642365e-02
2.007844485342502594e-02
2.004347927868366241e-02
2.089073881506919861e-02
2.091337367892265320e-02
2.207875996828079224e-02
2.190091647207736969e-02
2.209565229713916779e-02
1.985497213900089264e-02
2.093311399221420288e-02
2.018955536186695099e-02
2.006092667579650879e-02
2.026549167931079865e-02
2.049172669649124146e-02
1.994099281728267670e-02
1.962315104901790619e-02
1.982670277357101440e-02
2.058037556707859039e-02
1.969605125486850739e-02
2.004117146134376526e-02
2.066556923091411591e-02
2.052771300077438354e-02
2.021758630871772766e-02
2.005794644355773926e-02
1.984209567308425903e-02
1.985474117100238800e-02
2.131264470517635345e-02
2.376697957515716553e-02
1.975420862436294556e-02
1.996309123933315277e-02
1.961787045001983643e-02
1.991479098796844482e-02
1.998493634164333344e-02
2.030480839312076569e-02
1.948400214314460754e-02
2.070827782154083252e-02
1.973479799926280975e-02
1.931260898709297180e-02
2.003411017358303070e-02
2.024418115615844727e-02
1.984456181526184082e-02
1.970256865024566650e-02
1.998366974294185638e-02
1.974311843514442444e-02
1.941204257309436798e-02
2.056280523538589478e-02
2.013679780066013336e-02
2.049791999161243439e-02
2.016067132353782654e-02
2.038134261965751648e-02
1.960946992039680481e-02
1.962771266698837280e-02
1.992383971810340881e-02
1.931398920714855194e-02
2.014127932488918304e-02
2.034374698996543884e-02
2.028549648821353912e-02
1.965839043259620667e-02
1.952464692294597626e-02
1.911363564431667328e-02
2.045487053692340851e-02
1.976872049272060394e-02
1.939708739519119263e-02
1.904820092022418976e-02
1.911907829344272614e-02
1.949066296219825745e-02
1.988528296351432800e-02
1.973999850451946259e-02
1.899765059351921082e-02
1.965424790978431702e-02
1.942075416445732117e-02
1.920646056532859802e-02
2.004946954548358917e-02
1.972031965851783752e-02
2.010631933808326721e-02
1.965854503214359283e-02
2.067267149686813354e-02
2.023672871291637421e-02
1.995719037950038910e-02
2.001828327775001526e-02
1.926143839955329895e-02
1.870255358517169952e-02
1.870464533567428589e-02
1.875917054712772369e-02
1.961543224751949310e-02
1.912447810173034668e-02
1.884812116622924805e-02
2.055522054433822632e-02
1.930906809866428375e-02
1.981081627309322357e-02
1.987955719232559204e-02
1.878982409834861755e-02
2.122248150408267975e-02
1.932088285684585571e-02
1.964349299669265747e-02
1.977703720331192017e-02
1.872314326465129852e-02
1.922240294516086578e-02
1.960801333189010620e-02
1.920127123594284058e-02
1.889279857277870178e-02
1.941640116274356842e-02
2.018554694950580597e-02
1.837926544249057770e-02
1.919248700141906738e-02
1.966452039778232574e-02
1.922844536602497101e-02
2.014211565256118774e-02
1.921631023287773132e-02
1.879116892814636230e-02
1.872181892395019531e-02
1.881565526127815247e-02
1.926010288298130035e-02
1.845265738666057587e-02
