2.142042666673660278e-01
1.180509924888610840e-01
9.525677561759948730e-02
8.143310993909835815e-02
7.203441113233566284e-02
6.573359668254852295e-02
6.112995743751525879e-02
5.754891410470008850e-02
5.482589825987815857e-02
5.257141217589378357e-02
5.064658075571060181e-02
4.882023856043815613e-02
4.723252728581428528e-02
4.589387401938438416e-02
4.469626396894454956e-02
4.362837970256805420e-02
4.246409237384796143e-02
4.157989472150802612e-02
4.093588888645172119e-02
4.007476940751075745e-02
3.942130878567695618e-02
3.877016156911849976e-02
3.814696520566940308e-02
3.760936111211776733e-02
3.706986457109451294e-02
3.668400645256042480e-02
3.620948642492294312e-02
3.575394675135612488e-02
3.534066304564476013e-02
3.511381894350051880e-02
3.465221449732780457e-02
3.430540114641189575e-02
3.415725007653236389e-02
3.387852013111114502e-02
3.361317887902259827e-02
3.334787860512733459e-02
3.286571800708770752e-02
3.269343450665473938e-02
3.241211548447608948e-02
3.218298777937889099e-02
3.205563500523567200e-02
3.168598562479019165e-02
3.160175308585166931e-02
3.136653825640678406e-02
3.118188492953777313e-02
3.079940751194953918e-02
3.086908906698226929e-02
3.068872727453708649e-02
3.060479648411273956e-02
3.049718588590621948e-02
3.008797392249107361e-02
3.018885105848312378e-02
2.993134222924709320e-02
2.973421663045883179e-02
2.953650243580341339e-02
2.945834025740623474e-02
2.928473427891731262e-02
2.935830317437648773e-02
2.911198697984218597e-02
2.905286848545074463e-02
2.901200205087661743e-02
2.872515842318534851e-02
2.862989716231822968e-02
2.856179140508174896e-02
2.851286903023719788e-02
2.831929922103881836e-02
2.830800414085388184e-02
2.806263044476509094e-02
2.815112844109535217e-02
2.801867760717868805e-02
2.790899574756622314e-02
2.796337567269802094e-02
2.772938273847103119e-02
2.772610075771808624e-02
2.774807810783386230e-02
2.752699330449104309e-02
2.740788273513317108e-02
2.731009759008884430e-02
2.731655538082122803e-02
2.720457687973976135e-02
2.715954929590225220e-02
2.709282003343105316e-02
2.696300670504570007e-02
2.690641209483146667e-02
2.680884487926959991e-02
2.673539146780967712e-02
2.670561894774436951e-02
2.658725529909133911e-02
2.656774595379829407e-02
2.654709480702877045e-02
2.654739655554294586e-02
2.629099786281585693e-02
2.633469179272651672e-02
2.630448341369628906e-02
2.622188068926334381e-02
2.619929425418376923e-02
2.606048248708248138e-02
2.600169740617275238e-02
2.594923414289951324e-02
2.598130889236927032e-02
2.576895058155059814e-02
2.586938813328742981e-02
2.580704726278781891e-02
2.574119903147220612e-02
2.564925886690616608e-02
2.563323639333248138e-02
2.553598955273628235e-02
2.553327567875385284e-02
2.535648085176944733e-02
2.539931051433086395e-02
2.554115653038024902e-02
2.522100135684013367e-02
2.527964301407337189e-02
2.528560347855091095e-02
2.516069263219833374e-02
2.524529956281185150e-02
2.500091865658760071e-02
2.495586872100830078e-02
2.500952221453189850e-02
2.507571503520011902e-02
2.500487305223941803e-02
2.500757575035095215e-02
2.480756863951683044e-02
2.477123588323593140e-02
2.476025372743606567e-02
2.474277094006538391e-02
2.478520199656486511e-02
2.471687085926532745e-02
2.466960996389389038e-02
2.467835322022438049e-02
2.458672039210796356e-02
2.455910854041576385e-02
2.460996061563491821e-02
2.438297495245933533e-02
2.445697784423828125e-02
2.432763390243053436e-02
2.421057038009166718e-02
2.420038916170597076e-02
2.438877895474433899e-02
2.423881366848945618e-02
2.405275776982307434e-02
2.419379167258739471e-02
2.418129146099090576e-02
2.407003007829189301e-02
2.399827912449836731e-02
2.411042898893356323e-02
2.395644038915634155e-02
2.404173649847507477e-02
2.396603114902973175e-02
2.394992299377918243e-02
2.383806183934211731e-02
2.394664846360683441e-02
2.373773604631423950e-02
2.379838563501834869e-02
2.387604489922523499e-02
2.376800402998924255e-02
2.373247779905796051e-02
2.370788529515266418e-02
2.373753488063812256e-02
2.373090758919715881e-02
2.366637997329235077e-02
2.365198731422424316e-02
2.361691929399967194e-02
2.350305020809173584e-02
2.367088757455348969e-02
2.347823046147823334e-02
2.356918342411518097e-02
2.341535128653049469e-02
2.343846485018730164e-02
2.330371923744678497e-02
2.344474382698535919e-02
2.334336005151271820e-02
2.337876893579959869e-02
2.330669574439525604e-02
2.328583970665931702e-02
2.328233234584331512e-02
2.339497953653335571e-02
2.323080040514469147e-02
2.321291714906692505e-02
2.326188236474990845e-02
2.315584197640419006e-02
2.320156618952751160e-02
2.310545742511749268e-02
2.309219725430011749e-02
2.301521226763725281e-02
2.306994609534740448e-02
2.317993901669979095e-02
2.297488786280155182e-02
2.308055013418197632e-02
2.302055992186069489e-02
2.300897054374217987e-02
2.300263382494449615e-02
2.294313721358776093e-02
2.297910489141941071e-02
2.299052663147449493e-02
2.285292744636535645e-02
2.271941304206848145e-02
2.295310236513614655e-02
2.276543155312538147e-02
2.277627959847450256e-02
2.273832820355892181e-02
2.282179147005081177e-02
2.264943160116672516e-02
2.270745299756526947e-02
2.259337715804576874e-02
2.259512618184089661e-02
2.265415340662002563e-02
2.266076207160949707e-02
2.252662926912307739e-02
2.253638394176959991e-02
2.267709188163280487e-02
2.248797565698623657e-02
2.256813272833824158e-02
2.244864590466022491e-02
2.238886244595050812e-02
2.251668833196163177e-02
2.234874665737152100e-02
2.247096784412860870e-02
2.242532931268215179e-02
2.246878854930400848e-02
2.240489050745964050e-02
2.232532948255538940e-02
2.241082489490509033e-02
2.237422205507755280e-02
2.243062481284141541e-02
2.239703573286533356e-02
2.226282469928264618e-02
2.227767184376716614e-02
2.224382385611534119e-02
2.229227684438228607e-02
2.227146364748477936e-02
2.216267772018909454e-02
2.214437536895275116e-02
2.216256037354469299e-02
2.217893674969673157e-02
2.218112163245677948e-02
2.217778563499450684e-02
2.206832356750965118e-02
2.215535193681716919e-02
2.216732129454612732e-02
2.213404327630996704e-02
2.212994359433650970e-02
2.209113538265228271e-02
2.202305197715759277e-02
2.204341627657413483e-02
2.203482575714588165e-02
2.195848710834980011e-02
2.200571447610855103e-02
2.203767746686935425e-02
2.197779715061187744e-02
2.194050140678882599e-02
2.205308713018894196e-02
2.181099168956279755e-02
2.199330367147922516e-02
2.190619893372058868e-02
2.190748229622840881e-02
2.181708812713623047e-02
2.185215242207050323e-02
2.186707593500614166e-02
2.188233844935894012e-02
2.178585901856422424e-02
2.191390655934810638e-02
2.175420336425304413e-02
2.181045897305011749e-02
2.172828465700149536e-02
2.185914851725101471e-02
2.176321484148502350e-02
2.169463038444519043e-02
2.168918773531913757e-02
2.166085690259933472e-02
2.174692228436470032e-02
2.169092185795307159e-02
2.159286662936210632e-02
2.158890850841999054e-02
2.172978036105632782e-02
2.157598920166492462e-02
2.155813761055469513e-02
2.169427275657653809e-02
2.161424793303012848e-02
2.168818190693855286e-02
2.159912325441837311e-02
2.165419422090053558e-02
2.147491089999675751e-02
2.150613814592361450e-02
2.158931456506252289e-02
2.150721661746501923e-02
2.156941778957843781e-02
2.147925086319446564e-02
2.152196504175662994e-02
2.150357142090797424e-02
2.152974158525466919e-02
2.139639668166637421e-02
2.155136503279209137e-02
2.137472853064537048e-02
2.147798053920269012e-02
2.144063077867031097e-02
2.135919407010078430e-02
2.134993299841880798e-02
2.148656360805034637e-02
2.144839614629745483e-02
2.142833173274993896e-02
2.140615694224834442e-02
2.137456461787223816e-02
2.130612544715404510e-02
2.125785499811172485e-02
2.126935683190822601e-02
2.119291201233863831e-02
2.126551046967506409e-02
2.128968946635723114e-02
2.133360318839550018e-02
2.121523767709732056e-02
2.125660888850688934e-02
2.126768603920936584e-02
2.127052471041679382e-02
2.118083275854587555e-02
2.125506475567817688e-02
2.111196517944335938e-02
2.122289501130580902e-02
2.117433957755565643e-02
2.121678739786148071e-02
2.112551219761371613e-02
2.114032208919525146e-02
2.124609611928462982e-02
2.105624414980411530e-02
2.108246274292469025e-02
2.103571780025959015e-02
2.108466252684593201e-02
2.108095400035381317e-02
2.108104899525642395e-02
2.103575505316257477e-02
2.112057618796825409e-02
2.107121050357818604e-02
2.093267627060413361e-02
2.105322107672691345e-02
2.105622179806232452e-02
2.097877115011215210e-02
2.085161395370960236e-02
2.099993079900741577e-02
2.105187065899372101e-02
2.097533643245697021e-02
2.096986956894397736e-02
2.094669267535209656e-02
2.102286368608474731e-02
2.091168612241744995e-02
2.096595242619514465e-02
2.097733691334724426e-02
2.092622593045234680e-02
2.093174867331981659e-02
2.096785046160221100e-02
2.098882757127285004e-02
2.094639278948307037e-02
2.091232500970363617e-02
2.077043429017066956e-02
2.084363065659999847e-02
2.093876153230667114e-02
2.085496857762336731e-02
2.082151360809803009e-02
2.088372409343719482e-02
2.083924412727355957e-02
2.088439464569091797e-02
2.082976698875427246e-02
2.090318687260150909e-02
2.080664597451686859e-02
2.087453007698059082e-02
2.082961425185203552e-02
2.075513266026973724e-02
2.071950770914554596e-02
2.071574702858924866e-02
2.070304751396179199e-02
2.077888324856758118e-02
2.074095234274864197e-02
2.074469067156314850e-02
2.078221552073955536e-02
2.073440328240394592e-02
2.060601860284805298e-02
2.072526514530181885e-02
2.078068442642688751e-02
2.066516689956188202e-02
2.063886076211929321e-02
2.070806175470352173e-02
2.071719244122505188e-02
2.069395408034324646e-02
2.065150998532772064e-02
2.072404697537422180e-02
2.057654410600662231e-02
2.078062482178211212e-02
2.062124572694301605e-02
2.056567929685115814e-02
2.056817896664142609e-02
2.052835188806056976e-02
2.050413191318511963e-02
2.049671113491058350e-02
2.054870687425136566e-02
2.062034234404563904e-02
2.050306461751461029e-02
2.052640169858932495e-02
2.056576311588287354e-02
2.043987810611724854e-02
2.053398452699184418e-02
2.052159793674945831e-02
2.056590840220451355e-02
2.042169123888015747e-02
2.047408185899257660e-02
2.055746130645275116e-02
2.051278948783874512e-02
2.055196277797222137e-02
2.028190903365612030e-02
2.043302729725837708e-02
2.059694752097129822e-02
2.045998349785804749e-02
2.037057653069496155e-02
2.043125405907630920e-02
2.048992365598678589e-02
2.041759341955184937e-02
2.044308558106422424e-02
2.050814218819141388e-02
2.040342614054679871e-02
2.030869014561176300e-02
2.028609253466129303e-02
2.042381279170513153e-02
2.039137855172157288e-02
2.038171328604221344e-02
2.040446549654006958e-02
2.030619978904724121e-02
2.030312642455101013e-02
2.039290778338909149e-02
2.030976116657257080e-02
2.041094563901424408e-02
2.025605179369449615e-02
2.021658979356288910e-02
2.032910846173763275e-02
2.034408226609230042e-02
2.032858505845069885e-02
2.039829082787036896e-02
2.028156816959381104e-02
2.021415717899799347e-02
2.035153284668922424e-02
2.025143988430500031e-02
2.022355422377586365e-02
2.025839127600193024e-02
2.029787376523017883e-02
2.016019821166992188e-02
2.024891600012779236e-02
2.020522579550743103e-02
2.014255896210670471e-02
2.025426551699638367e-02
2.017300948500633240e-02
2.013773471117019653e-02
2.023666724562644958e-02
2.028519660234451294e-02
2.014416456222534180e-02
2.017155662178993225e-02
2.016673050820827484e-02
2.024397067725658417e-02
2.014276757836341858e-02
2.024782635271549225e-02
2.016436681151390076e-02
2.001889608800411224e-02
2.010009810328483582e-02
2.020244672894477844e-02
2.014729008078575134e-02
2.004762366414070129e-02
2.008237875998020172e-02
2.019068598747253418e-02
2.002291195094585419e-02
2.016231045126914978e-02
2.014481090009212494e-02
2.000211738049983978e-02
2.008103206753730774e-02
2.006606943905353546e-02
2.008183673024177551e-02
2.007541432976722717e-02
2.007531188428401947e-02
2.006340399384498596e-02
1.999275200068950653e-02
1.999484002590179443e-02
2.005976624786853790e-02
2.000581100583076477e-02
2.005493827164173126e-02
2.000666037201881409e-02
2.007920667529106140e-02
2.008112706243991852e-02
1.999437995254993439e-02
1.990952901542186737e-02
1.998914405703544617e-02
1.992489397525787354e-02
2.001551724970340729e-02
1.994447410106658936e-02
1.992163993418216705e-02
1.997346058487892151e-02
1.997354440391063690e-02
1.989162713289260864e-02
1.991396397352218628e-02
2.001881040632724762e-02
2.004591748118400574e-02
2.000627107918262482e-02
1.982922852039337158e-02
1.995877735316753387e-02
1.984166540205478668e-02
1.988494023680686951e-02
1.991119980812072754e-02
1.995373144745826721e-02
1.994471810758113861e-02
1.998221501708030701e-02
1.995218731462955475e-02
1.987408287823200226e-02
1.994375139474868774e-02
1.977883279323577881e-02
1.979912817478179932e-02
1.984633877873420715e-02
1.992263831198215485e-02
1.984482072293758392e-02
1.988461241126060486e-02
2.002500370144844055e-02
1.978976838290691376e-02
1.986940577626228333e-02
1.992981694638729095e-02
1.981316506862640381e-02
1.979285664856433868e-02
1.979928836226463318e-02
1.980219967663288116e-02
1.972667500376701355e-02
1.977639645338058472e-02
1.973981410264968872e-02
1.977575942873954773e-02
1.983572170138359070e-02
1.981960609555244446e-02
1.976380683481693268e-02
1.965054869651794434e-02
1.979585178196430206e-02
1.973177678883075714e-02
1.957699097692966461e-02
1.972814649343490601e-02
1.972586102783679962e-02
1.979052647948265076e-02
1.974991336464881897e-02
1.967396959662437439e-02
1.968136243522167206e-02
1.974557712674140930e-02
1.968464814126491547e-02
1.977640204131603241e-02
1.973923109471797943e-02
1.972130127251148224e-02
1.970407553017139435e-02
1.969506591558456421e-02
1.967014372348785400e-02
1.972187496721744537e-02
1.970499195158481598e-02
1.961360871791839600e-02
1.969515159726142883e-02
1.966800913214683533e-02
1.960834674537181854e-02
1.969743706285953522e-02
1.962872594594955444e-02
1.968128979206085205e-02
1.972416602075099945e-02
1.967156119644641876e-02
1.955180615186691284e-02
1.962069794535636902e-02
1.972592622041702271e-02
1.960418745875358582e-02
1.966991648077964783e-02
1.955275237560272217e-02
1.964208111166954041e-02
1.973363198339939117e-02
1.958404481410980225e-02
1.955748163163661957e-02
1.959405653178691864e-02
1.956538669764995575e-02
1.952626928687095642e-02
1.961652934551239014e-02
1.957560330629348755e-02
1.953873969614505768e-02
1.956650801002979279e-02
1.956828497350215912e-02
1.951442286372184753e-02
1.951982825994491577e-02
1.958053559064865112e-02
1.960442401468753815e-02
1.962632127106189728e-02
1.952345669269561768e-02
1.957299001514911652e-02
1.946238800883293152e-02
1.948504708707332611e-02
1.949781738221645355e-02
1.953479833900928497e-02
1.956655643880367279e-02
1.947028003633022308e-02
1.950067467987537384e-02
1.945953443646430969e-02
1.958048902451992035e-02
1.950200274586677551e-02
1.961252093315124512e-02
1.946806721389293671e-02
1.955599896609783173e-02
1.943475380539894104e-02
1.963241584599018097e-02
1.957335136830806732e-02
1.949587278068065643e-02
1.948012970387935638e-02
1.940160989761352539e-02
1.947380416095256805e-02
1.948674954473972321e-02
1.940949447453022003e-02
1.950784027576446533e-02
1.934160850942134857e-02
1.940941624343395233e-02
1.940401457250118256e-02
1.939252391457557678e-02
1.934079825878143311e-02
1.934785395860671997e-02
1.953318715095520020e-02
1.938957348465919495e-02
1.935081556439399719e-02
1.942270994186401367e-02
1.935230754315853119e-02
1.940687932074069977e-02
1.939045637845993042e-02
1.942189782857894897e-02
1.943122223019599915e-02
1.944723166525363922e-02
1.939509995281696320e-02
1.949876546859741211e-02
1.937600411474704742e-02
1.947213336825370789e-02
1.936561614274978638e-02
1.930780522525310516e-02
1.929914206266403198e-02
1.937539502978324890e-02
1.932478696107864380e-02
1.933570764958858490e-02
1.931153424084186554e-02
1.937099546194076538e-02
1.934484019875526428e-02
1.929207891225814819e-02
1.935711503028869629e-02
1.923120394349098206e-02
1.932506822049617767e-02
1.922018826007843018e-02
1.926814578473567963e-02
1.923795975744724274e-02
1.920192874968051910e-02
1.936051622033119202e-02
1.932468824088573456e-02
1.930190809071063995e-02
1.945297606289386749e-02
1.924988441169261932e-02
1.927577890455722809e-02
1.937637105584144592e-02
1.922664791345596313e-02
1.926690153777599335e-02
1.930117234587669373e-02
1.914581842720508575e-02
1.943388767540454865e-02
1.924414932727813721e-02
1.919204555451869965e-02
1.916803605854511261e-02
1.924783550202846527e-02
1.922512426972389221e-02
1.928026601672172546e-02
1.930378191173076630e-02
1.922680437564849854e-02
1.920310966670513153e-02
1.928389817476272583e-02
1.919656246900558472e-02
1.920029893517494202e-02
1.919416151940822601e-02
1.908362470567226410e-02
1.921410299837589264e-02
1.917768828570842743e-02
1.924894750118255615e-02
1.921772584319114685e-02
1.911422982811927795e-02
1.921342127025127411e-02
1.919634453952312469e-02
1.917467266321182251e-02
1.914854347705841064e-02
1.912229135632514954e-02
1.920348778367042542e-02
1.912838779389858246e-02
1.909057237207889557e-02
1.925625838339328766e-02
1.919943839311599731e-02
1.909955404698848724e-02
1.916824653744697571e-02
1.926630921661853790e-02
1.912748627364635468e-02
1.916269771754741669e-02
1.912430860102176666e-02
1.914501376450061798e-02
1.909972354769706726e-02
1.912794448435306549e-02
1.913031190633773804e-02
1.912027969956398010e-02
1.914174854755401611e-02
1.919231191277503967e-02
1.912180706858634949e-02
1.908240094780921936e-02
1.916326582431793213e-02
1.917099207639694214e-02
1.910759136080741882e-02
1.913380622863769531e-02
1.913008838891983032e-02
1.912478916347026825e-02
1.905102655291557312e-02
1.915652863681316376e-02
1.903196983039379120e-02
1.923984661698341370e-02
1.903172954916954041e-02
1.904996298253536224e-02
1.915834285318851471e-02
1.906030625104904175e-02
1.913022622466087341e-02
1.908005028963088989e-02
1.911638118326663971e-02
1.903080381453037262e-02
1.904505118727684021e-02
1.902865618467330933e-02
1.904073730111122131e-02
1.904193125665187836e-02
1.903846114873886108e-02
1.903407089412212372e-02
1.905196905136108398e-02
1.896086707711219788e-02
1.909028366208076477e-02
1.910067163407802582e-02
1.908672600984573364e-02
1.906899176537990570e-02
1.900761574506759644e-02
1.906429789960384369e-02
1.900018192827701569e-02
1.897082477807998657e-02
1.902323216199874878e-02
1.901148073375225067e-02
1.909859851002693176e-02
1.901415549218654633e-02
1.899880357086658478e-02
1.907843165099620819e-02
1.894368045032024384e-02
1.902039162814617157e-02
1.896156929433345795e-02
1.893605291843414307e-02
1.908434927463531494e-02
1.893597654998302460e-02
1.903844997286796570e-02
1.892163045704364777e-02
1.898651197552680969e-02
1.899153739213943481e-02
1.907031238079071045e-02
1.891546137630939484e-02
1.896202750504016876e-02
1.894579641520977020e-02
1.893685013055801392e-02
1.902945339679718018e-02
1.897215284407138824e-02
1.893587969243526459e-02
1.897083222866058350e-02
1.891080103814601898e-02
1.890066638588905334e-02
1.890809461474418640e-02
1.900201849639415741e-02
1.902383193373680115e-02
1.890796236693859100e-02
1.890280656516551971e-02
1.891430467367172241e-02
1.895541138947010040e-02
1.891746558248996735e-02
1.896423101425170898e-02
1.890728622674942017e-02
1.894251070916652679e-02
1.891457289457321167e-02
1.891369558870792389e-02
1.888284832239151001e-02
1.899795420467853546e-02
1.885452680289745331e-02
1.895203627645969391e-02
1.887657865881919861e-02
1.905641891062259674e-02
1.892960444092750549e-02
1.889594085514545441e-02
1.897232607007026672e-02
1.883942633867263794e-02
1.885562948882579803e-02
1.889752782881259918e-02
1.887325569987297058e-02
1.882736757397651672e-02
1.894807815551757812e-02
1.889746636152267456e-02
1.884754747152328491e-02
1.894081011414527893e-02
1.891662925481796265e-02
1.877368986606597900e-02
1.890722475945949554e-02
1.877619884908199310e-02
1.879433915019035339e-02
1.884530298411846161e-02
1.885019056499004364e-02
1.893899589776992798e-02
1.883798278868198395e-02
1.881267689168453217e-02
1.886826567351818085e-02
1.880036108195781708e-02
1.888295821845531464e-02
1.878428272902965546e-02
1.890221796929836273e-02
1.892642304301261902e-02
1.868490129709243774e-02
1.887849159538745880e-02
1.883849874138832092e-02
1.877448894083499908e-02
1.879918202757835388e-02
1.877229101955890656e-02
1.879469864070415497e-02
1.885307021439075470e-02
1.890546828508377075e-02
1.882404461503028870e-02
1.879801228642463684e-02
1.882530190050601959e-02
1.878857985138893127e-02
1.876338943839073181e-02
1.879416219890117645e-02
1.875440590083599091e-02
1.874529197812080383e-02
1.876419596374034882e-02
1.873594895005226135e-02
1.885309815406799316e-02
1.868313364684581757e-02
1.874100975692272186e-02
1.874206401407718658e-02
1.873784698545932770e-02
1.878447644412517548e-02
1.870213076472282410e-02
1.882103458046913147e-02
1.877561397850513458e-02
1.876382529735565186e-02
1.875527389347553253e-02
1.871360093355178833e-02
1.894566789269447327e-02
1.863126829266548157e-02
1.871033385396003723e-02
1.879041828215122223e-02
1.871901750564575195e-02
1.877095550298690796e-02
1.866588369011878967e-02
1.875772327184677124e-02
1.872041821479797363e-02
1.866792142391204834e-02
1.868162304162979126e-02
1.870298199355602264e-02
1.872526854276657104e-02
1.873815990984439850e-02
1.870271749794483185e-02
1.863118074834346771e-02
1.871597394347190857e-02
1.858018524944782257e-02
1.871092244982719421e-02
1.872933097183704376e-02
1.865530945360660553e-02
1.872697845101356506e-02
1.868122443556785583e-02
1.866208389401435852e-02
1.868595741689205170e-02
1.864438876509666443e-02
1.867970451712608337e-02
1.869174838066101074e-02
1.871868036687374115e-02
1.861440576612949371e-02
1.868226379156112671e-02
1.870144344866275787e-02
1.876717433333396912e-02
1.871417462825775146e-02
1.858371309936046600e-02
1.863849721848964691e-02
1.863536797463893890e-02
1.862989738583564758e-02
1.865096203982830048e-02
1.866586506366729736e-02
1.863067410886287689e-02
1.870949007570743561e-02
1.850370876491069794e-02
1.869746111333370209e-02
1.861764118075370789e-02
1.857315376400947571e-02
1.852446235716342926e-02
1.865613646805286407e-02
1.861816085875034332e-02
1.850177906453609467e-02
1.874436996877193451e-02
1.858610846102237701e-02
1.860593259334564209e-02
1.857062429189682007e-02
1.853874139487743378e-02
1.859582588076591492e-02
1.864820346236228943e-02
1.857788674533367157e-02
1.850903965532779694e-02
1.859989948570728302e-02
1.861948706209659576e-02
1.868273876607418060e-02
1.860337890684604645e-02
1.857470534741878510e-02
1.861666329205036163e-02
1.864690333604812622e-02
1.855136640369892120e-02
1.859028078615665436e-02
1.852568238973617554e-02
1.861207932233810425e-02
1.846779137849807739e-02
1.854582503437995911e-02
1.855891942977905273e-02
1.847071759402751923e-02
1.852826215326786041e-02
1.853165403008460999e-02
1.862689293920993805e-02
1.853765174746513367e-02
1.862206682562828064e-02
1.851680874824523926e-02
1.859570853412151337e-02
1.852124370634555817e-02
1.848330162465572357e-02
1.841396093368530273e-02
1.858553290367126465e-02
1.851547323167324066e-02
1.851703412830829620e-02
1.843705400824546814e-02
1.850719377398490906e-02
1.853428035974502563e-02
1.854191347956657410e-02
1.859624125063419342e-02
1.851215586066246033e-02
1.847428455948829651e-02
1.859097369015216827e-02
1.855302043259143829e-02
1.852667890489101410e-02
1.859140954911708832e-02
1.845550164580345154e-02
1.838508434593677521e-02
1.850006170570850372e-02
1.851627416908740997e-02
1.856802590191364288e-02
1.842319592833518982e-02
1.851114816963672638e-02
1.837029494345188141e-02
1.842053234577178955e-02
1.844315230846405029e-02
1.832290180027484894e-02
1.847013644874095917e-02
1.844657957553863525e-02
1.845166273415088654e-02
1.841303333640098572e-02
1.839886046946048737e-02
1.842190697789192200e-02
1.854356192052364349e-02
1.851960644125938416e-02
1.844264939427375793e-02
1.844882033765316010e-02
1.841087639331817627e-02
1.833134889602661133e-02
1.846006698906421661e-02
1.842306554317474365e-02
1.843093521893024445e-02
1.840790174901485443e-02
1.835998333990573883e-02
1.843786425888538361e-02
1.845060475170612335e-02
1.846843585371971130e-02
1.842029392719268799e-02
1.848028227686882019e-02
1.843128353357315063e-02
1.837080158293247223e-02
1.842520385980606079e-02
1.834992133080959320e-02
1.842133514583110809e-02
1.834393478929996490e-02
1.837208680808544159e-02
1.838636770844459534e-02
1.837768778204917908e-02
1.853310875594615936e-02
1.838095858693122864e-02
1.843323744833469391e-02
1.834879070520401001e-02
1.840103976428508759e-02
1.834619976580142975e-02
1.839943602681159973e-02
1.842622458934783936e-02
1.842380501329898834e-02
1.831720955669879913e-02
1.848570257425308228e-02
1.837910711765289307e-02
1.840486377477645874e-02
1.835516467690467834e-02
1.835334859788417816e-02
1.838089525699615479e-02
1.837846636772155762e-02
1.833067461848258972e-02
1.839827187359333038e-02
1.848117448389530182e-02
1.843713410198688507e-02
1.829889044165611267e-02
1.840062998235225677e-02
