2.519691884517669678e-01
2.516227066516876221e-01
2.516267597675323486e-01
2.513041794300079346e-01
2.511893808841705322e-01
2.512357831001281738e-01
2.510849833488464355e-01
2.511756420135498047e-01
2.510430514812469482e-01
2.511019408702850342e-01
2.510441243648529053e-01
2.510489225387573242e-01
2.511987686157226562e-01
2.511950135231018066e-01
2.511328756809234619e-01
2.508923113346099854e-01
2.512405514717102051e-01
2.511723041534423828e-01
2.511220872402191162e-01
2.511029541492462158e-01
2.513059675693511963e-01
2.510751187801361084e-01
2.511143088340759277e-01
2.511798441410064697e-01
2.510139942169189453e-01
2.510211765766143799e-01
2.511352896690368652e-01
2.511883676052093506e-01
2.510751485824584961e-01
2.511385381221771240e-01
2.510441243648529053e-01
2.510434091091156006e-01
2.511699497699737549e-01
2.512598633766174316e-01
2.512139379978179932e-01
2.511636912822723389e-01
2.511036098003387451e-01
2.510350644588470459e-01
2.510435283184051514e-01
2.510821819305419922e-01
2.510352730751037598e-01
2.510246336460113525e-01
2.509497404098510742e-01
2.510562241077423096e-01
2.511390745639801025e-01
2.511484920978546143e-01
2.510596215724945068e-01
2.510803639888763428e-01
2.510461509227752686e-01
2.509979903697967529e-01
2.510772347450256348e-01
2.510875761508941650e-01
2.512916326522827148e-01
2.510675191879272461e-01
2.511490285396575928e-01
2.511144280433654785e-01
2.511923611164093018e-01
2.510414719581604004e-01
2.511867582798004150e-01
2.511408030986785889e-01
2.512594461441040039e-01
2.510770261287689209e-01
2.509951889514923096e-01
2.511897385120391846e-01
2.511972486972808838e-01
2.511153221130371094e-01
2.510264813899993896e-01
2.511836886405944824e-01
2.510733902454376221e-01
2.511909604072570801e-01
2.511962056159973145e-01
2.512155473232269287e-01
2.511204183101654053e-01
2.510077357292175293e-01
2.511757314205169678e-01
2.511000931262969971e-01
2.510087490081787109e-01
2.510998547077178955e-01
2.510138154029846191e-01
2.510132193565368652e-01
2.511129677295684814e-01
2.510760426521301270e-01
2.511319220066070557e-01
2.509537339210510254e-01
2.512574791908264160e-01
2.510748207569122314e-01
2.511322200298309326e-01
2.509968578815460205e-01
2.510370016098022461e-01
2.511849105358123779e-01
2.511762082576751709e-01
2.511953711509704590e-01
2.510923147201538086e-01
2.512118518352508545e-01
2.511343955993652344e-01
2.511375546455383301e-01
2.510881125926971436e-01
2.510569393634796143e-01
2.509118914604187012e-01
2.512079179286956787e-01
2.511354386806488037e-01
2.512204051017761230e-01
2.511205375194549561e-01
2.511101961135864258e-01
2.511079907417297363e-01
2.509196102619171143e-01
2.512144744396209717e-01
2.510451972484588623e-01
2.511827945709228516e-01
2.512960135936737061e-01
2.510314285755157471e-01
2.512448728084564209e-01
2.511370182037353516e-01
2.510323524475097656e-01
2.512015402317047119e-01
2.511116266250610352e-01
2.510779201984405518e-01
2.510848939418792725e-01
2.511703670024871826e-01
2.512881457805633545e-01
2.511469423770904541e-01
2.511825263500213623e-01
2.512084245681762695e-01
2.511402964591979980e-01
2.511811554431915283e-01
2.510683536529541016e-01
2.511036694049835205e-01
2.511597275733947754e-01
2.511042654514312744e-01
2.511245012283325195e-01
2.511906623840332031e-01
2.510606348514556885e-01
2.511242628097534180e-01
2.511620223522186279e-01
2.511248290538787842e-01
2.510413527488708496e-01
2.511108517646789551e-01
2.511512637138366699e-01
2.511153221130371094e-01
2.511012256145477295e-01
2.510939836502075195e-01
2.511921823024749756e-01
2.511800527572631836e-01
2.510890662670135498e-01
2.512097954750061035e-01
2.512516081333160400e-01
2.511370480060577393e-01
2.511604130268096924e-01
2.511361837387084961e-01
2.510779500007629395e-01
2.511291205883026123e-01
2.511266767978668213e-01
2.511032223701477051e-01
2.511507868766784668e-01
2.511591315269470215e-01
2.512573599815368652e-01
2.511505484580993652e-01
2.511000335216522217e-01
2.510986626148223877e-01
2.510882914066314697e-01
2.511724829673767090e-01
2.511145174503326416e-01
2.511273622512817383e-01
2.510884106159210205e-01
2.511196434497833252e-01
2.510387301445007324e-01
2.511554062366485596e-01
2.511574029922485352e-01
2.510723769664764404e-01
2.511786818504333496e-01
2.511535882949829102e-01
2.510815858840942383e-01
2.510388791561126709e-01
2.511104941368103027e-01
2.511033713817596436e-01
2.511043250560760498e-01
2.510651350021362305e-01
2.511604130268096924e-01
2.510587573051452637e-01
2.510041594505310059e-01
2.510111033916473389e-01
2.510184049606323242e-01
2.510352134704589844e-01
2.511696219444274902e-01
2.511197030544281006e-01
2.511265277862548828e-01
2.510632872581481934e-01
2.512055635452270508e-01
2.510648667812347412e-01
2.511131763458251953e-01
2.511913776397705078e-01
2.511441707611083984e-01
2.512069046497344971e-01
2.511286139488220215e-01
2.509465515613555908e-01
2.511493861675262451e-01
2.510778903961181641e-01
2.511804103851318359e-01
2.510896623134613037e-01
2.510176002979278564e-01
2.512333691120147705e-01
2.511030435562133789e-01
2.512429356575012207e-01
2.511923909187316895e-01
2.510150671005249023e-01
2.511300742626190186e-01
2.511307299137115479e-01
2.509728074073791504e-01
2.510772049427032471e-01
2.510482966899871826e-01
2.511651515960693359e-01
2.510060369968414307e-01
2.511386275291442871e-01
2.510617077350616455e-01
2.511213719844818115e-01
2.511173486709594727e-01
2.509573101997375488e-01
2.511421442031860352e-01
2.510044574737548828e-01
2.510010004043579102e-01
2.510286271572113037e-01
2.511620819568634033e-01
2.510816454887390137e-01
2.511992752552032471e-01
2.511767745018005371e-01
2.511456608772277832e-01
2.511081099510192871e-01
2.510447502136230469e-01
2.510696351528167725e-01
2.510804533958435059e-01
2.510821521282196045e-01
2.511381804943084717e-01
2.510875761508941650e-01
2.511174678802490234e-01
2.511035799980163574e-01
2.513084411621093750e-01
2.511823475360870361e-01
2.510828971862792969e-01
2.510673701763153076e-01
2.511390745639801025e-01
2.510270476341247559e-01
2.510959208011627197e-01
2.510308325290679932e-01
2.511583864688873291e-01
2.511170804500579834e-01
2.511694729328155518e-01
2.510234117507934570e-01
2.510791420936584473e-01
2.512639164924621582e-01
2.511326968669891357e-01
2.509915828704833984e-01
2.511265873908996582e-01
2.511282861232757568e-01
2.510044872760772705e-01
2.511218786239624023e-01
2.511446475982666016e-01
2.510121762752532959e-01
2.511654198169708252e-01
2.512676715850830078e-01
2.511504888534545898e-01
2.510321140289306641e-01
2.511286139488220215e-01
2.510238885879516602e-01
2.510620653629302979e-01
2.510100603103637695e-01
2.511350214481353760e-01
2.510278820991516113e-01
2.510567903518676758e-01
2.510394752025604248e-01
2.511207163333892822e-01
2.510763108730316162e-01
2.510037720203399658e-01
2.511745989322662354e-01
2.512333691120147705e-01
2.510325014591217041e-01
2.511620819568634033e-01
2.510093450546264648e-01
2.511836588382720947e-01
2.511051297187805176e-01
2.510953247547149658e-01
2.510828077793121338e-01
2.510890364646911621e-01
2.511322796344757080e-01
2.511443793773651123e-01
2.510908842086791992e-01
2.512097060680389404e-01
2.511848509311676025e-01
2.509710788726806641e-01
2.510803937911987305e-01
2.512172758579254150e-01
2.511130869388580322e-01
2.510478198528289795e-01
2.511963546276092529e-01
2.510605156421661377e-01
2.511357963085174561e-01
2.511475384235382080e-01
2.511449456214904785e-01
2.511442601680755615e-01
2.511647641658782959e-01
2.510699629783630371e-01
2.511503398418426514e-01
2.510927021503448486e-01
2.511555254459381104e-01
2.511406540870666504e-01
2.511515021324157715e-01
2.510814368724822998e-01
2.511973381042480469e-01
2.511502504348754883e-01
2.510868012905120850e-01
2.511178255081176758e-01
2.509163618087768555e-01
2.511057555675506592e-01
2.509881854057312012e-01
2.510943710803985596e-01
2.509918510913848877e-01
2.511048316955566406e-01
2.510646879673004150e-01
2.512163519859313965e-01
2.512344121932983398e-01
2.510789334774017334e-01
2.510502934455871582e-01
2.511632740497589111e-01
2.511969506740570068e-01
2.510279715061187744e-01
2.510452568531036377e-01
2.510831058025360107e-01
2.510098218917846680e-01
2.510882914066314697e-01
2.510163486003875732e-01
2.509807348251342773e-01
2.510235905647277832e-01
2.511523663997650146e-01
2.511567175388336182e-01
2.511469423770904541e-01
2.511997222900390625e-01
2.510580122470855713e-01
2.510643303394317627e-01
2.511064410209655762e-01
2.511607706546783447e-01
2.513315677642822266e-01
2.510914802551269531e-01
2.512189447879791260e-01
2.510310113430023193e-01
2.511641979217529297e-01
2.510530352592468262e-01
2.510620057582855225e-01
2.511686682701110840e-01
2.511336207389831543e-01
2.511587738990783691e-01
2.511161267757415771e-01
2.510651946067810059e-01
2.510587275028228760e-01
2.510865926742553711e-01
2.510537803173065186e-01
2.511748075485229492e-01
2.512839138507843018e-01
2.511004805564880371e-01
2.510938346385955811e-01
2.512186467647552490e-01
2.511832416057586670e-01
2.509841024875640869e-01
2.511481046676635742e-01
2.510583400726318359e-01
2.509489059448242188e-01
2.510521411895751953e-01
2.510937750339508057e-01
2.511514425277709961e-01
2.510562837123870850e-01
2.511623203754425049e-01
2.509795129299163818e-01
2.511251270771026611e-01
2.512319386005401611e-01
2.510478496551513672e-01
2.510665059089660645e-01
2.510551810264587402e-01
2.510627806186676025e-01
2.511435151100158691e-01
2.510432600975036621e-01
2.511953115463256836e-01
2.509548664093017578e-01
2.510456144809722900e-01
2.512293457984924316e-01
2.510705292224884033e-01
2.510139048099517822e-01
2.510631978511810303e-01
2.509911656379699707e-01
2.511849105358123779e-01
2.510766983032226562e-01
2.510963082313537598e-01
2.511323690414428711e-01
2.510454654693603516e-01
2.512512505054473877e-01
2.510899603366851807e-01
2.510413527488708496e-01
2.510934770107269287e-01
2.510661780834197998e-01
2.510444819927215576e-01
2.510836720466613770e-01
2.511136531829833984e-01
2.509810626506805420e-01
2.510621845722198486e-01
2.512388825416564941e-01
2.510199248790740967e-01
2.511000931262969971e-01
2.510319352149963379e-01
2.512202262878417969e-01
2.510331273078918457e-01
2.511321604251861572e-01
2.511782944202423096e-01
2.512219548225402832e-01
2.510939240455627441e-01
2.511054575443267822e-01
2.511789500713348389e-01
2.509699761867523193e-01
2.511578202247619629e-01
2.511494755744934082e-01
2.510967850685119629e-01
2.510759532451629639e-01
2.511557340621948242e-01
2.511355578899383545e-01
2.511393427848815918e-01
2.511344254016876221e-01
2.510956823825836182e-01
2.510612905025482178e-01
2.510751485824584961e-01
2.511051893234252930e-01
2.511007785797119141e-01
2.511162161827087402e-01
2.511597275733947754e-01
2.512242197990417480e-01
2.510210871696472168e-01
2.511889040470123291e-01
2.510597407817840576e-01
2.511312365531921387e-01
2.510777115821838379e-01
2.511174082756042480e-01
2.510798871517181396e-01
2.511064410209655762e-01
2.511311471462249756e-01
2.511477172374725342e-01
2.511744797229766846e-01
2.509753406047821045e-01
2.511358261108398438e-01
2.511797845363616943e-01
2.511341869831085205e-01
2.510793805122375488e-01
2.511307895183563232e-01
2.512088119983673096e-01
2.511104047298431396e-01
2.509998977184295654e-01
2.511262297630310059e-01
2.511582970619201660e-01
2.512125372886657715e-01
2.511463165283203125e-01
2.511466443538665771e-01
2.511034607887268066e-01
2.511327862739562988e-01
2.510234117507934570e-01
2.511410415172576904e-01
2.510111629962921143e-01
2.510430812835693359e-01
2.510076761245727539e-01
2.510493993759155273e-01
2.510669827461242676e-01
2.511527240276336670e-01
2.510009706020355225e-01
2.511145174503326416e-01
2.509555816650390625e-01
2.511499524116516113e-01
2.509947717189788818e-01
2.511081993579864502e-01
2.512062489986419678e-01
2.512283921241760254e-01
2.510775029659271240e-01
2.510941028594970703e-01
2.511480748653411865e-01
2.511711716651916504e-01
2.511613667011260986e-01
2.511318922042846680e-01
2.511247694492340088e-01
2.511276304721832275e-01
2.510864734649658203e-01
2.512026429176330566e-01
2.511816918849945068e-01
2.511551976203918457e-01
2.510511577129364014e-01
2.511155605316162109e-01
2.511272132396697998e-01
2.510789930820465088e-01
2.510906755924224854e-01
2.510074377059936523e-01
2.509314417839050293e-01
2.510674595832824707e-01
2.511877417564392090e-01
2.511182427406311035e-01
2.510644793510437012e-01
2.512146532535552979e-01
2.510403394699096680e-01
2.511238455772399902e-01
2.510711550712585449e-01
2.511027157306671143e-01
2.511294186115264893e-01
2.512304484844207764e-01
2.509732544422149658e-01
2.512731850147247314e-01
2.510476410388946533e-01
2.511493563652038574e-01
2.510820031166076660e-01
2.510514259338378906e-01
2.512076795101165771e-01
2.511396706104278564e-01
2.511318624019622803e-01
2.512787878513336182e-01
2.510371804237365723e-01
2.510986626148223877e-01
2.510490715503692627e-01
2.510318458080291748e-01
2.511451244354248047e-01
2.510626912117004395e-01
2.510297596454620361e-01
2.511498034000396729e-01
2.509873211383819580e-01
2.511899173259735107e-01
2.510029077529907227e-01
2.510899007320404053e-01
2.510107159614562988e-01
2.511062920093536377e-01
2.510737180709838867e-01
2.510749995708465576e-01
2.510008811950683594e-01
2.511700987815856934e-01
2.510683238506317139e-01
2.511658072471618652e-01
2.510398328304290771e-01
2.512820363044738770e-01
2.511362731456756592e-01
2.512204051017761230e-01
2.510075867176055908e-01
2.510175108909606934e-01
2.510699629783630371e-01
2.510496377944946289e-01
2.511223256587982178e-01
2.511662840843200684e-01
2.510787546634674072e-01
2.511039376258850098e-01
2.510488033294677734e-01
2.510614097118377686e-01
2.510794997215270996e-01
2.511015832424163818e-01
2.510439753532409668e-01
2.511588633060455322e-01
2.511371076107025146e-01
2.510534822940826416e-01
2.510286569595336914e-01
2.511319220066070557e-01
2.510083615779876709e-01
2.510614097118377686e-01
2.510403692722320557e-01
2.511945068836212158e-01
2.511066794395446777e-01
2.510946691036224365e-01
2.511742711067199707e-01
2.510218918323516846e-01
2.510433495044708252e-01
2.511318027973175049e-01
2.511611878871917725e-01
2.511618733406066895e-01
2.511185109615325928e-01
2.511699795722961426e-01
2.512133717536926270e-01
2.511680126190185547e-01
2.510269284248352051e-01
2.511143982410430908e-01
2.510347366333007812e-01
2.511487603187561035e-01
2.512123584747314453e-01
2.511016428470611572e-01
2.511023879051208496e-01
2.510537505149841309e-01
2.512843608856201172e-01
2.513098120689392090e-01
2.510164976119995117e-01
2.512870430946350098e-01
2.510845065116882324e-01
2.511996030807495117e-01
2.510438859462738037e-01
2.511988580226898193e-01
2.511809468269348145e-01
2.512084543704986572e-01
2.510222792625427246e-01
2.512284219264984131e-01
2.510066628456115723e-01
2.511077821254730225e-01
2.510797977447509766e-01
2.512005269527435303e-01
2.511515021324157715e-01
2.510963678359985352e-01
2.511309981346130371e-01
2.510961294174194336e-01
2.511408627033233643e-01
2.510962188243865967e-01
2.509985268115997314e-01
2.511464357376098633e-01
2.511222660541534424e-01
2.510986626148223877e-01
2.512246370315551758e-01
2.510853111743927002e-01
2.510504424571990967e-01
2.511617541313171387e-01
2.510561048984527588e-01
2.511900365352630615e-01
2.511608302593231201e-01
2.509869337081909180e-01
2.512433230876922607e-01
2.512034773826599121e-01
2.512384355068206787e-01
2.510734200477600098e-01
2.511186003684997559e-01
2.511612772941589355e-01
2.511472404003143311e-01
2.511928081512451172e-01
2.511871159076690674e-01
2.510580122470855713e-01
2.511085867881774902e-01
2.511189877986907959e-01
2.511547803878784180e-01
2.510118484497070312e-01
2.510697245597839355e-01
2.511886060237884521e-01
2.510471343994140625e-01
2.511159777641296387e-01
2.510350942611694336e-01
2.510009706020355225e-01
2.511359751224517822e-01
2.510643303394317627e-01
2.511908113956451416e-01
2.511279881000518799e-01
2.511262297630310059e-01
2.511764466762542725e-01
2.510720491409301758e-01
2.511944770812988281e-01
2.511022388935089111e-01
2.510882616043090820e-01
2.511053085327148438e-01
2.510369420051574707e-01
2.511472105979919434e-01
2.511337399482727051e-01
2.511396706104278564e-01
2.512714564800262451e-01
2.512153089046478271e-01
2.511930465698242188e-01
2.512794137001037598e-01
2.511420249938964844e-01
2.511663734912872314e-01
2.510257661342620850e-01
2.510914206504821777e-01
2.511077225208282471e-01
2.510342299938201904e-01
2.511431276798248291e-01
2.509918510913848877e-01
2.510756552219390869e-01
2.511169314384460449e-01
2.510842978954315186e-01
2.510503828525543213e-01
2.511641383171081543e-01
2.511624097824096680e-01
2.511835098266601562e-01
2.511341869831085205e-01
2.510155141353607178e-01
2.510478198528289795e-01
2.511014044284820557e-01
2.510753870010375977e-01
2.510077953338623047e-01
2.510097324848175049e-01
2.512397170066833496e-01
2.509930133819580078e-01
2.510301172733306885e-01
2.510973811149597168e-01
2.511146366596221924e-01
2.511067986488342285e-01
2.511009573936462402e-01
2.510940432548522949e-01
2.511408030986785889e-01
2.511017918586730957e-01
2.510272562503814697e-01
2.510910928249359131e-01
2.511340081691741943e-01
2.511822581291198730e-01
2.510848343372344971e-01
2.511653602123260498e-01
2.509467303752899170e-01
2.511954903602600098e-01
2.510299384593963623e-01
2.511829137802124023e-01
2.510599493980407715e-01
2.510903477668762207e-01
2.510998249053955078e-01
2.511233985424041748e-01
2.510118186473846436e-01
2.510226964950561523e-01
2.511047720909118652e-01
2.510967850685119629e-01
2.511556744575500488e-01
2.510229647159576416e-01
2.510972619056701660e-01
2.510914802551269531e-01
2.510856389999389648e-01
2.511527240276336670e-01
2.512781023979187012e-01
2.510458230972290039e-01
2.510639727115631104e-01
2.510232031345367432e-01
2.510715126991271973e-01
2.511366903781890869e-01
2.510893344879150391e-01
2.512208223342895508e-01
2.510450184345245361e-01
2.511459589004516602e-01
2.511788010597229004e-01
2.511213719844818115e-01
2.511596977710723877e-01
2.510833740234375000e-01
2.510202229022979736e-01
2.510780692100524902e-01
2.510381340980529785e-01
2.512493133544921875e-01
2.510790526866912842e-01
2.509737014770507812e-01
2.511418163776397705e-01
2.510552406311035156e-01
2.509980797767639160e-01
2.510777711868286133e-01
2.509637176990509033e-01
2.512261271476745605e-01
2.510693371295928955e-01
2.511110603809356689e-01
2.511829733848571777e-01
2.510901987552642822e-01
2.511200606822967529e-01
2.512126266956329346e-01
2.510697245597839355e-01
2.511268854141235352e-01
2.511312365531921387e-01
2.511090934276580811e-01
2.511221766471862793e-01
2.511351108551025391e-01
2.511408329010009766e-01
2.511284947395324707e-01
2.510831058025360107e-01
2.511219382286071777e-01
2.512153685092926025e-01
2.510693669319152832e-01
2.510915696620941162e-01
2.510851621627807617e-01
2.511536180973052979e-01
2.511902451515197754e-01
2.511070966720581055e-01
2.511218488216400146e-01
2.512703239917755127e-01
2.510930895805358887e-01
2.510296702384948730e-01
2.511847615242004395e-01
2.510261237621307373e-01
2.512246966361999512e-01
2.511616647243499756e-01
2.512362301349639893e-01
2.510283589363098145e-01
2.511331439018249512e-01
2.510945796966552734e-01
2.510113418102264404e-01
2.511990368366241455e-01
2.511464357376098633e-01
2.510142326354980469e-01
2.512794137001037598e-01
2.511508464813232422e-01
2.511508762836456299e-01
2.510110735893249512e-01
2.509865462779998779e-01
2.511861026287078857e-01
2.511302232742309570e-01
2.510469257831573486e-01
2.510664761066436768e-01
2.511894106864929199e-01
2.512483298778533936e-01
2.511488199234008789e-01
2.511158585548400879e-01
2.511489093303680420e-01
2.510829567909240723e-01
2.510307133197784424e-01
2.511863708496093750e-01
2.511320114135742188e-01
2.509813904762268066e-01
2.510237395763397217e-01
2.510752677917480469e-01
2.510734200477600098e-01
2.510583400726318359e-01
2.510228753089904785e-01
2.511929273605346680e-01
2.510383427143096924e-01
2.511713504791259766e-01
2.511025071144104004e-01
2.512007355690002441e-01
2.511692345142364502e-01
2.510142624378204346e-01
2.511177659034729004e-01
2.512061893939971924e-01
2.512196600437164307e-01
2.511183619499206543e-01
2.512020170688629150e-01
2.511241137981414795e-01
2.510164380073547363e-01
2.510810196399688721e-01
2.511838376522064209e-01
2.510368824005126953e-01
2.511487007141113281e-01
2.510457038879394531e-01
2.510761618614196777e-01
2.512685954570770264e-01
2.511539459228515625e-01
2.510079443454742432e-01
2.510703206062316895e-01
2.511326372623443604e-01
2.510879039764404297e-01
2.511347532272338867e-01
2.509677410125732422e-01
2.510138750076293945e-01
2.511838078498840332e-01
2.511165738105773926e-01
2.511995136737823486e-01
2.511485517024993896e-01
2.512054741382598877e-01
2.512597739696502686e-01
2.511245608329772949e-01
2.509458661079406738e-01
2.512314617633819580e-01
2.511330842971801758e-01
2.511515021324157715e-01
2.511312365531921387e-01
2.511256933212280273e-01
2.511561214923858643e-01
2.510420680046081543e-01
2.510993480682373047e-01
2.509567141532897949e-01
2.511906623840332031e-01
2.511175274848937988e-01
2.511586546897888184e-01
2.510697543621063232e-01
2.509855628013610840e-01
2.510969042778015137e-01
2.510093748569488525e-01
2.510259747505187988e-01
2.512014806270599365e-01
2.510632872581481934e-01
2.510984838008880615e-01
2.510952651500701904e-01
2.510617673397064209e-01
2.511249780654907227e-01
2.510785758495330811e-01
2.510063946247100830e-01
2.512073516845703125e-01
2.511340081691741943e-01
2.510154843330383301e-01
2.511844933032989502e-01
2.511600553989410400e-01
2.510887980461120605e-01
2.511866390705108643e-01
2.510740458965301514e-01
2.510006129741668701e-01
2.511224448680877686e-01
2.509679496288299561e-01
2.511811554431915283e-01
2.511388361454010010e-01
2.511058151721954346e-01
2.511816322803497314e-01
2.512168288230895996e-01
2.511742115020751953e-01
2.509856224060058594e-01
2.511176168918609619e-01
2.510430216789245605e-01
2.511214613914489746e-01
2.511547207832336426e-01
2.510883510112762451e-01
2.510583102703094482e-01
2.511030137538909912e-01
2.510822713375091553e-01
2.510564923286437988e-01
2.511326670646667480e-01
2.510709762573242188e-01
2.511480748653411865e-01
2.510944008827209473e-01
2.511651813983917236e-01
2.510955929756164551e-01
2.511188089847564697e-01
2.510572969913482666e-01
2.511119544506072998e-01
2.510253190994262695e-01
2.510812580585479736e-01
2.510292232036590576e-01
2.511603534221649170e-01
2.510090172290802002e-01
2.511198222637176514e-01
2.510415613651275635e-01
2.511703670024871826e-01
2.510768175125122070e-01
2.510559856891632080e-01
2.510628700256347656e-01
2.511900961399078369e-01
2.510517537593841553e-01
2.511523962020874023e-01
2.512443959712982178e-01
2.509943544864654541e-01
2.511367797851562500e-01
2.512099444866180420e-01
2.510719597339630127e-01
2.509582042694091797e-01
2.511243820190429688e-01
2.510361969470977783e-01
2.510258257389068604e-01
2.511496841907501221e-01
2.510182857513427734e-01
2.511355876922607422e-01
2.509753108024597168e-01
2.510939240455627441e-01
2.511132359504699707e-01
2.509882748126983643e-01
2.510143518447875977e-01
2.511847913265228271e-01
2.509578764438629150e-01
2.511256039142608643e-01
2.511244416236877441e-01
2.511755526065826416e-01
2.510355710983276367e-01
2.510357201099395752e-01
2.510721385478973389e-01
2.511931359767913818e-01
2.510686814785003662e-01
2.510336041450500488e-01
2.510881125926971436e-01
2.511705160140991211e-01
2.511119544506072998e-01
2.511464953422546387e-01
2.510499060153961182e-01
2.512014508247375488e-01
2.510827779769897461e-01
2.511071264743804932e-01
2.513474524021148682e-01
2.510322332382202148e-01
2.511633336544036865e-01
2.511658072471618652e-01
2.511400878429412842e-01
2.510631382465362549e-01
2.511999905109405518e-01
2.510937452316284180e-01
2.510824501514434814e-01
2.510664463043212891e-01
2.510645687580108643e-01
2.512492239475250244e-01
2.510855495929718018e-01
2.510819733142852783e-01
2.511819005012512207e-01
2.511701583862304688e-01
2.511143088340759277e-01
2.512541413307189941e-01
2.511489689350128174e-01
2.511560618877410889e-01
2.511776685714721680e-01
2.511929273605346680e-01
2.512021362781524658e-01
2.511119544506072998e-01
2.511473894119262695e-01
2.510972619056701660e-01
2.512794137001037598e-01
2.512903809547424316e-01
2.509906888008117676e-01
2.511251866817474365e-01
2.512025833129882812e-01
2.511132955551147461e-01
2.510511577129364014e-01
2.511693239212036133e-01
2.511206269264221191e-01
2.510814368724822998e-01
2.510617077350616455e-01
2.510182261466979980e-01
2.509967982769012451e-01
2.510118484497070312e-01
2.511618435382843018e-01
2.511140704154968262e-01
2.511255145072937012e-01
2.510636746883392334e-01
2.512693703174591064e-01
2.511909306049346924e-01
2.510664761066436768e-01
2.509597837924957275e-01
2.511748969554901123e-01
2.511297166347503662e-01
2.511343359947204590e-01
2.511932551860809326e-01
2.511746883392333984e-01
2.511601746082305908e-01
2.510812282562255859e-01
2.510698437690734863e-01
2.511713802814483643e-01
2.511952221393585205e-01
2.509835958480834961e-01
2.509878873825073242e-01
2.510995566844940186e-01
2.511763274669647217e-01
2.510755956172943115e-01
2.512178719043731689e-01
2.511906325817108154e-01
2.510640919208526611e-01
2.510739266872406006e-01
2.511301040649414062e-01
2.512672245502471924e-01
2.510765492916107178e-01
2.510429024696350098e-01
2.512033879756927490e-01
2.511009871959686279e-01
2.509827017784118652e-01
2.511785626411437988e-01
2.511581778526306152e-01
2.511717677116394043e-01
2.511461675167083740e-01
2.510781288146972656e-01
2.511362433433532715e-01
2.510966360569000244e-01
2.511394023895263672e-01
2.511796057224273682e-01
2.512277066707611084e-01
2.511144280433654785e-01
2.509601712226867676e-01
2.510228157043457031e-01
2.512125670909881592e-01
2.510607838630676270e-01
2.511813640594482422e-01
2.510878741741180420e-01
2.511248290538787842e-01
2.509294152259826660e-01
2.513101994991302490e-01
2.510264813899993896e-01
2.510821819305419922e-01
2.510337829589843750e-01
2.510904669761657715e-01
2.511327564716339111e-01
2.511521875858306885e-01
2.510250806808471680e-01
2.511030435562133789e-01
2.511494159698486328e-01
2.510862350463867188e-01
2.510111033916473389e-01
2.510803937911987305e-01
2.510375678539276123e-01
2.511569559574127197e-01
2.510885298252105713e-01
2.510748207569122314e-01
2.511356770992279053e-01
2.510256469249725342e-01
2.510799169540405273e-01
2.511793673038482666e-01
2.510889172554016113e-01
2.510099709033966064e-01
2.512000203132629395e-01
2.511045634746551514e-01
2.511277794837951660e-01
2.510223686695098877e-01
2.511058747768402100e-01
2.510782778263092041e-01
2.510347366333007812e-01
2.510851323604583740e-01
2.511739432811737061e-01
2.511181831359863281e-01
2.511455416679382324e-01
2.511147856712341309e-01
2.510575950145721436e-01
2.511346340179443359e-01
2.510570883750915527e-01
2.509625554084777832e-01
2.510744333267211914e-01
2.511683106422424316e-01
2.511479556560516357e-01
2.511105835437774658e-01
2.511871457099914551e-01
2.510512769222259521e-01
2.511011064052581787e-01
2.511867582798004150e-01
2.510907053947448730e-01
2.510936856269836426e-01
2.511102557182312012e-01
2.510086297988891602e-01
2.511082291603088379e-01
2.511188685894012451e-01
2.511661052703857422e-01
2.510390579700469971e-01
2.512682378292083740e-01
2.511481940746307373e-01
2.510519921779632568e-01
2.510052919387817383e-01
2.511491179466247559e-01
2.511644959449768066e-01
2.510723769664764404e-01
2.509732246398925781e-01
2.511133551597595215e-01
2.510223090648651123e-01
2.510569989681243896e-01
2.511277198791503906e-01
2.511635720729827881e-01
2.510786652565002441e-01
2.510905861854553223e-01
2.510609626770019531e-01
2.509940862655639648e-01
2.511065602302551270e-01
2.510428130626678467e-01
2.510573267936706543e-01
2.511136233806610107e-01
2.511106133460998535e-01
2.511594295501708984e-01
2.511246204376220703e-01
2.512117624282836914e-01
2.511354684829711914e-01
2.511033117771148682e-01
2.510645687580108643e-01
2.510384023189544678e-01
2.510467767715454102e-01
2.511041164398193359e-01
2.511462569236755371e-01
2.510853409767150879e-01
2.511204481124877930e-01
2.511118054389953613e-01
2.511298060417175293e-01
2.511829435825347900e-01
2.510997056961059570e-01
2.511172592639923096e-01
2.512531876564025879e-01
2.511528134346008301e-01
2.510317564010620117e-01
2.511875927448272705e-01
2.510911822319030762e-01
2.510812878608703613e-01
2.510029077529907227e-01
2.511319220066070557e-01
2.510116696357727051e-01
2.511658668518066406e-01
2.511018514633178711e-01
2.510202527046203613e-01
2.511594891548156738e-01
2.510661780834197998e-01
2.512604594230651855e-01
2.511868476867675781e-01
2.511969804763793945e-01
2.511663138866424561e-01
2.512153685092926025e-01
2.510251104831695557e-01
2.510914206504821777e-01
2.512189447879791260e-01
2.512135207653045654e-01
2.511999309062957764e-01
2.510548233985900879e-01
2.510159909725189209e-01
2.510162889957427979e-01
2.511135339736938477e-01
2.511937320232391357e-01
2.511166036128997803e-01
2.511566579341888428e-01
2.511457502841949463e-01
2.509711682796478271e-01
2.511228621006011963e-01
2.511073350906372070e-01
2.511476576328277588e-01
2.511133253574371338e-01
2.512081861495971680e-01
2.510143518447875977e-01
2.511005699634552002e-01
2.510952353477478027e-01
2.512106895446777344e-01
2.511360645294189453e-01
2.511425018310546875e-01
2.510856688022613525e-01
2.510826885700225830e-01
2.511389553546905518e-01
2.510355114936828613e-01
2.510605752468109131e-01
2.511304020881652832e-01
2.511069476604461670e-01
2.511254549026489258e-01
2.510399818420410156e-01
2.511018514633178711e-01
2.510561645030975342e-01
2.511488199234008789e-01
2.510993182659149170e-01
2.511610686779022217e-01
2.511315941810607910e-01
2.511205971240997314e-01
2.510174512863159180e-01
2.511028051376342773e-01
2.511175572872161865e-01
2.511797249317169189e-01
2.510952055454254150e-01
2.512045204639434814e-01
2.511004507541656494e-01
2.510642409324645996e-01
2.513885200023651123e-01
2.510071396827697754e-01
2.511561214923858643e-01
2.510276734828948975e-01
2.512018084526062012e-01
2.510443925857543945e-01
2.510333359241485596e-01
2.510975897312164307e-01
2.512078583240509033e-01
2.511436045169830322e-01
2.509432137012481689e-01
2.510987222194671631e-01
2.510201036930084229e-01
2.511896789073944092e-01
2.510325610637664795e-01
2.511675059795379639e-01
2.512009143829345703e-01
2.510322630405426025e-01
2.509634196758270264e-01
2.511805593967437744e-01
2.511223554611206055e-01
2.510719001293182373e-01
2.510818243026733398e-01
2.511826157569885254e-01
2.512005865573883057e-01
2.511352002620697021e-01
2.510994374752044678e-01
2.510144114494323730e-01
2.510825693607330322e-01
2.510738074779510498e-01
2.510926723480224609e-01
2.511020600795745850e-01
2.511456310749053955e-01
2.512380182743072510e-01
2.512297332286834717e-01
2.511579990386962891e-01
2.511229813098907471e-01
2.510231435298919678e-01
2.510909140110015869e-01
2.512204051017761230e-01
2.511182427406311035e-01
2.512427270412445068e-01
2.510138452053070068e-01
2.510945796966552734e-01
2.510389387607574463e-01
2.511348426342010498e-01
2.510967850685119629e-01
2.511726915836334229e-01
2.510727941989898682e-01
2.512174546718597412e-01
2.512889206409454346e-01
2.511875927448272705e-01
2.510409355163574219e-01
2.511102557182312012e-01
2.511602938175201416e-01
2.511065006256103516e-01
2.511357963085174561e-01
2.510931491851806641e-01
2.511440217494964600e-01
2.510519325733184814e-01
2.510318756103515625e-01
2.511577606201171875e-01
2.511370778083801270e-01
2.510678470134735107e-01
2.511101067066192627e-01
2.510250806808471680e-01
2.510183155536651611e-01
2.511123120784759521e-01
2.511057257652282715e-01
2.511242628097534180e-01
2.511366307735443115e-01
2.510785460472106934e-01
2.510142326354980469e-01
2.511472105979919434e-01
2.511403262615203857e-01
2.510899305343627930e-01
2.511643767356872559e-01
2.512114644050598145e-01
2.511786818504333496e-01
2.511206567287445068e-01
2.509885430335998535e-01
2.509495913982391357e-01
2.510634064674377441e-01
2.512873709201812744e-01
2.511321008205413818e-01
2.511237561702728271e-01
2.511529624462127686e-01
2.510189712047576904e-01
2.510851025581359863e-01
2.512037456035614014e-01
2.510552704334259033e-01
2.511212527751922607e-01
2.511418461799621582e-01
2.510161995887756348e-01
2.511081695556640625e-01
2.511912584304809570e-01
2.511545121669769287e-01
2.511159181594848633e-01
2.510230541229248047e-01
2.512697875499725342e-01
2.511265277862548828e-01
2.509562671184539795e-01
2.511907815933227539e-01
2.510720789432525635e-01
2.511472702026367188e-01
2.510959804058074951e-01
2.509460151195526123e-01
2.510034739971160889e-01
2.509833574295043945e-01
2.511001527309417725e-01
2.511160373687744141e-01
2.511756122112274170e-01
2.511381208896636963e-01
2.510462105274200439e-01
2.509694695472717285e-01
2.509708106517791748e-01
2.511361241340637207e-01
2.510579526424407959e-01
2.510179281234741211e-01
2.511621713638305664e-01
2.510713040828704834e-01
2.510777413845062256e-01
2.510995566844940186e-01
2.510063350200653076e-01
2.512228786945343018e-01
2.511196136474609375e-01
2.510759234428405762e-01
2.513152658939361572e-01
2.509963214397430420e-01
2.512601912021636963e-01
2.511053085327148438e-01
2.511786818504333496e-01
2.511236369609832764e-01
2.510572373867034912e-01
2.511346936225891113e-01
2.511615157127380371e-01
2.512144744396209717e-01
2.510632872581481934e-01
2.510988414287567139e-01
2.511392235755920410e-01
2.511318922042846680e-01
2.511805593967437744e-01
2.510609626770019531e-01
2.511603534221649170e-01
2.510917484760284424e-01
2.512033283710479736e-01
2.511296868324279785e-01
2.510421276092529297e-01
2.510575950145721436e-01
2.510377764701843262e-01
2.510192990303039551e-01
2.510716915130615234e-01
2.510667443275451660e-01
2.510450482368469238e-01
2.511351406574249268e-01
2.510421872138977051e-01
2.511729896068572998e-01
2.510437369346618652e-01
2.512056231498718262e-01
2.511058151721954346e-01
2.512362897396087646e-01
2.510959208011627197e-01
2.511098980903625488e-01
2.511197328567504883e-01
2.510421872138977051e-01
2.510657012462615967e-01
2.509671747684478760e-01
2.510035932064056396e-01
2.511202991008758545e-01
2.510320544242858887e-01
2.510682046413421631e-01
2.511294186115264893e-01
2.510530054569244385e-01
2.510757148265838623e-01
2.511359155178070068e-01
2.511093020439147949e-01
2.511036694049835205e-01
2.511961758136749268e-01
2.509180605411529541e-01
2.511911094188690186e-01
2.511318624019622803e-01
2.511559426784515381e-01
2.510896325111389160e-01
2.512471973896026611e-01
2.510752975940704346e-01
2.511114478111267090e-01
2.511305809020996094e-01
2.511353790760040283e-01
2.510782778263092041e-01
2.510484158992767334e-01
2.512435913085937500e-01
2.511655986309051514e-01
2.510417997837066650e-01
2.510450184345245361e-01
2.511247992515563965e-01
2.510439157485961914e-01
2.510447800159454346e-01
2.510935366153717041e-01
2.511499524116516113e-01
2.512665390968322754e-01
2.511262297630310059e-01
2.511159777641296387e-01
2.511731684207916260e-01
2.511027753353118896e-01
2.511069476604461670e-01
2.511133253574371338e-01
2.510929107666015625e-01
2.510300874710083008e-01
2.510536015033721924e-01
2.510555982589721680e-01
2.511312961578369141e-01
2.512321174144744873e-01
2.511043846607208252e-01
2.511081993579864502e-01
2.510150671005249023e-01
2.512597143650054932e-01
2.510672211647033691e-01
2.512122392654418945e-01
2.511623501777648926e-01
2.511968314647674561e-01
2.510173618793487549e-01
2.512346804141998291e-01
2.511082291603088379e-01
2.511550188064575195e-01
2.511346340179443359e-01
2.510836422443389893e-01
2.511050403118133545e-01
2.510330080986022949e-01
2.510094344615936279e-01
2.510278820991516113e-01
2.511532604694366455e-01
2.511118650436401367e-01
2.512628138065338135e-01
2.510227859020233154e-01
2.511753439903259277e-01
2.511576712131500244e-01
2.511776685714721680e-01
2.511231899261474609e-01
2.511114180088043213e-01
2.510394155979156494e-01
2.511612176895141602e-01
2.511829435825347900e-01
2.511182725429534912e-01
2.511427104473114014e-01
2.511288225650787354e-01
2.510654032230377197e-01
2.511592507362365723e-01
2.510534822940826416e-01
2.510872483253479004e-01
2.511357665061950684e-01
2.511180341243743896e-01
2.511447668075561523e-01
2.511195540428161621e-01
2.510854303836822510e-01
2.510795891284942627e-01
2.512299716472625732e-01
2.510450184345245361e-01
2.511357367038726807e-01
2.510849833488464355e-01
2.510490417480468750e-01
2.511143088340759277e-01
2.511519789695739746e-01
2.509798705577850342e-01
2.510416507720947266e-01
2.511155009269714355e-01
2.509945631027221680e-01
2.511604130268096924e-01
2.511088550090789795e-01
2.511799037456512451e-01
2.510517835617065430e-01
2.511038184165954590e-01
2.510797381401062012e-01
2.511788904666900635e-01
2.509756088256835938e-01
2.511855065822601318e-01
2.509997189044952393e-01
2.510975599288940430e-01
2.512260079383850098e-01
2.510406970977783203e-01
2.512361109256744385e-01
2.511825561523437500e-01
2.511854469776153564e-01
2.511767148971557617e-01
2.511683106422424316e-01
2.511927783489227295e-01
2.511025667190551758e-01
2.510624527931213379e-01
2.511320710182189941e-01
2.510685920715332031e-01
2.510037720203399658e-01
2.510618865489959717e-01
2.511963248252868652e-01
2.510561048984527588e-01
2.510632872581481934e-01
2.512657046318054199e-01
2.512438595294952393e-01
2.510949671268463135e-01
2.510584592819213867e-01
2.512834668159484863e-01
2.510239481925964355e-01
2.511767148971557617e-01
2.511166334152221680e-01
2.510933578014373779e-01
2.510904967784881592e-01
2.510387897491455078e-01
2.511560320854187012e-01
2.510829567909240723e-01
2.510802745819091797e-01
2.512324750423431396e-01
2.511408030986785889e-01
2.511683106422424316e-01
2.510608732700347900e-01
2.511305809020996094e-01
2.511492073535919189e-01
2.510707378387451172e-01
2.510529458522796631e-01
2.511588335037231445e-01
2.510649263858795166e-01
2.511676251888275146e-01
2.512151598930358887e-01
2.510620951652526855e-01
2.510885894298553467e-01
2.511155903339385986e-01
2.512287199497222900e-01
2.511295676231384277e-01
2.510925531387329102e-01
2.511408627033233643e-01
2.510666251182556152e-01
2.511852085590362549e-01
2.512320280075073242e-01
2.510587275028228760e-01
2.511056959629058838e-01
2.511135339736938477e-01
2.512561380863189697e-01
2.512056827545166016e-01
2.510908246040344238e-01
2.511150836944580078e-01
2.511959075927734375e-01
2.511013150215148926e-01
2.510603964328765869e-01
2.509070038795471191e-01
2.512173652648925781e-01
2.510818243026733398e-01
2.512481808662414551e-01
2.510078251361846924e-01
2.511781454086303711e-01
2.511219680309295654e-01
2.511405646800994873e-01
2.511896491050720215e-01
2.510639131069183350e-01
2.511347830295562744e-01
2.510916292667388916e-01
2.510826289653778076e-01
2.510285079479217529e-01
2.511263191699981689e-01
2.510738670825958252e-01
2.510924935340881348e-01
2.511150240898132324e-01
2.511475086212158203e-01
2.511634230613708496e-01
2.510131299495697021e-01
2.511103153228759766e-01
2.510778605937957764e-01
2.510643601417541504e-01
2.511007785797119141e-01
2.510865628719329834e-01
2.511561214923858643e-01
2.511002421379089355e-01
2.513075768947601318e-01
2.510038316249847412e-01
2.511114180088043213e-01
2.510317862033843994e-01
2.511661946773529053e-01
2.510661184787750244e-01
2.510764598846435547e-01
2.510460317134857178e-01
2.510098218917846680e-01
2.511530816555023193e-01
2.510482966899871826e-01
2.511979937553405762e-01
2.512141466140747070e-01
2.510493993759155273e-01
2.511391341686248779e-01
2.510025203227996826e-01
2.511203289031982422e-01
2.511526048183441162e-01
2.511680424213409424e-01
2.511228322982788086e-01
2.510896027088165283e-01
2.509773075580596924e-01
2.511102259159088135e-01
2.511236369609832764e-01
2.510552704334259033e-01
2.510897219181060791e-01
2.510344982147216797e-01
2.510146498680114746e-01
2.511335611343383789e-01
2.513103187084197998e-01
2.511394917964935303e-01
2.510106563568115234e-01
2.511898279190063477e-01
2.510878145694732666e-01
2.510560452938079834e-01
2.510458528995513916e-01
2.511034309864044189e-01
2.510805726051330566e-01
2.511034607887268066e-01
2.510332465171813965e-01
2.511116266250610352e-01
2.511132955551147461e-01
2.510891258716583252e-01
2.510876059532165527e-01
2.511453032493591309e-01
2.510927021503448486e-01
2.510650157928466797e-01
2.509919703006744385e-01
2.511513233184814453e-01
2.511055767536163330e-01
2.510848641395568848e-01
2.511397302150726318e-01
2.510823011398315430e-01
2.510953247547149658e-01
2.510492503643035889e-01
2.512096464633941650e-01
2.510769367218017578e-01
2.509991526603698730e-01
2.509967982769012451e-01
2.510628104209899902e-01
2.512272000312805176e-01
2.509623467922210693e-01
2.510797381401062012e-01
2.510061264038085938e-01
2.511782646179199219e-01
2.512203156948089600e-01
2.510986030101776123e-01
2.510556578636169434e-01
2.511147558689117432e-01
2.511328160762786865e-01
2.511211931705474854e-01
2.511146366596221924e-01
2.511660456657409668e-01
2.510126233100891113e-01
2.511959373950958252e-01
2.511698305606842041e-01
2.512338757514953613e-01
2.511857748031616211e-01
2.510983347892761230e-01
2.510603964328765869e-01
2.510623633861541748e-01
2.510609030723571777e-01
2.511039674282073975e-01
2.510449290275573730e-01
2.510473430156707764e-01
2.511053979396820068e-01
2.510557174682617188e-01
2.512661814689636230e-01
2.510131597518920898e-01
2.510764300823211670e-01
2.511197924613952637e-01
2.511724531650543213e-01
2.510923147201538086e-01
2.510625720024108887e-01
2.514199912548065186e-01
2.510692477226257324e-01
2.511570453643798828e-01
2.510604858398437500e-01
2.511028945446014404e-01
2.510631978511810303e-01
2.510257065296173096e-01
2.510849535465240479e-01
2.510850131511688232e-01
2.511553466320037842e-01
2.511307299137115479e-01
2.510886490345001221e-01
2.510166764259338379e-01
2.512451112270355225e-01
2.511209249496459961e-01
2.511446774005889893e-01
2.510837018489837646e-01
2.511233687400817871e-01
2.510707080364227295e-01
2.510778903961181641e-01
2.510906755924224854e-01
2.510716915130615234e-01
2.511751651763916016e-01
2.512343823909759521e-01
2.510210275650024414e-01
2.510096728801727295e-01
2.511434853076934814e-01
2.511239051818847656e-01
2.510279715061187744e-01
2.512002289295196533e-01
2.510063946247100830e-01
2.510649263858795166e-01
2.511998414993286133e-01
2.509815990924835205e-01
2.511363625526428223e-01
2.510357797145843506e-01
2.512385845184326172e-01
2.510951459407806396e-01
2.511090636253356934e-01
2.510921359062194824e-01
2.511097788810729980e-01
2.511257827281951904e-01
2.511385381221771240e-01
2.510914802551269531e-01
2.509970664978027344e-01
2.511993944644927979e-01
2.510271966457366943e-01
2.511507570743560791e-01
2.510847151279449463e-01
2.511741816997528076e-01
2.511864900588989258e-01
2.510812282562255859e-01
2.510885298252105713e-01
2.510251700878143311e-01
2.510402500629425049e-01
2.512122094631195068e-01
2.510983049869537354e-01
2.510791718959808350e-01
2.510643601417541504e-01
2.511556148529052734e-01
2.511189877986907959e-01
2.511994242668151855e-01
2.511075735092163086e-01
2.511209845542907715e-01
2.509826123714447021e-01
2.510273754596710205e-01
2.511035501956939697e-01
2.510395050048828125e-01
2.510312795639038086e-01
2.510274946689605713e-01
2.512740790843963623e-01
2.511333525180816650e-01
2.509963512420654297e-01
2.511874139308929443e-01
2.509599328041076660e-01
2.511138021945953369e-01
2.512157559394836426e-01
2.510183751583099365e-01
2.511658072471618652e-01
2.510886788368225098e-01
2.512400746345520020e-01
2.511051297187805176e-01
2.509736418724060059e-01
2.511289417743682861e-01
2.511430382728576660e-01
2.510739862918853760e-01
2.511499226093292236e-01
2.511951029300689697e-01
2.510373294353485107e-01
2.511816322803497314e-01
2.512274384498596191e-01
2.511036992073059082e-01
2.512041032314300537e-01
2.511909902095794678e-01
2.510591149330139160e-01
2.510749995708465576e-01
2.510729432106018066e-01
2.511893510818481445e-01
2.511641979217529297e-01
2.511993050575256348e-01
2.511183917522430420e-01
2.509719729423522949e-01
2.509680092334747314e-01
2.511134147644042969e-01
2.511151134967803955e-01
2.511071860790252686e-01
2.511237859725952148e-01
2.510866224765777588e-01
2.510467469692230225e-01
2.510563433170318604e-01
2.512231767177581787e-01
2.511563301086425781e-01
2.510536015033721924e-01
2.510749697685241699e-01
2.512086033821105957e-01
2.510289549827575684e-01
2.510684728622436523e-01
2.510911524295806885e-01
2.510271668434143066e-01
2.510364651679992676e-01
2.510926723480224609e-01
2.511157691478729248e-01
2.510942518711090088e-01
2.511077821254730225e-01
2.510997056961059570e-01
2.511259913444519043e-01
2.511457204818725586e-01
2.511720657348632812e-01
2.510621249675750732e-01
2.510505318641662598e-01
2.510212063789367676e-01
2.511006593704223633e-01
2.510230243206024170e-01
2.510974705219268799e-01
2.511379122734069824e-01
2.512347400188446045e-01
2.511025965213775635e-01
2.510838508605957031e-01
2.509495317935943604e-01
2.512465715408325195e-01
2.510861158370971680e-01
2.510898709297180176e-01
2.510137856006622314e-01
2.510994672775268555e-01
2.511196136474609375e-01
2.511217594146728516e-01
2.510617375373840332e-01
2.512909770011901855e-01
2.511205375194549561e-01
2.511291205883026123e-01
2.511099278926849365e-01
2.511888146400451660e-01
2.511495947837829590e-01
2.511922121047973633e-01
2.511548995971679688e-01
2.511800229549407959e-01
2.511038780212402344e-01
2.511479854583740234e-01
2.510437071323394775e-01
2.511942088603973389e-01
2.510201930999755859e-01
2.512384057044982910e-01
2.509817779064178467e-01
2.511570155620574951e-01
2.511017620563507080e-01
2.512112557888031006e-01
2.511394619941711426e-01
2.511543929576873779e-01
2.511315047740936279e-01
2.510949373245239258e-01
2.510221302509307861e-01
2.510582804679870605e-01
2.510587871074676514e-01
2.510661780834197998e-01
2.511115074157714844e-01
2.510101199150085449e-01
2.510246634483337402e-01
2.511800229549407959e-01
2.511557936668395996e-01
2.511608004570007324e-01
2.510035634040832520e-01
2.511869668960571289e-01
2.512472569942474365e-01
2.510945796966552734e-01
2.511077523231506348e-01
2.511820495128631592e-01
2.511595487594604492e-01
2.510231435298919678e-01
2.511206865310668945e-01
2.512100934982299805e-01
2.512000501155853271e-01
2.511928081512451172e-01
2.511704862117767334e-01
2.511148452758789062e-01
2.510458528995513916e-01
2.511426806449890137e-01
2.509245276451110840e-01
2.511528432369232178e-01
2.510512769222259521e-01
2.510053515434265137e-01
2.510200142860412598e-01
2.511313855648040771e-01
2.510974109172821045e-01
2.511167526245117188e-01
2.511785328388214111e-01
2.512755095958709717e-01
2.510640323162078857e-01
2.510696053504943848e-01
2.512911260128021240e-01
2.511512339115142822e-01
2.510462403297424316e-01
2.511921525001525879e-01
2.510195076465606689e-01
2.510234117507934570e-01
2.511567771434783936e-01
2.509973049163818359e-01
2.510399818420410156e-01
2.510879337787628174e-01
2.510604262351989746e-01
2.511170804500579834e-01
2.510390877723693848e-01
2.510528862476348877e-01
2.510299980640411377e-01
2.511016130447387695e-01
2.511524260044097900e-01
2.510429620742797852e-01
2.511530518531799316e-01
2.511306107044219971e-01
2.512101829051971436e-01
2.510865628719329834e-01
2.510818243026733398e-01
2.511546909809112549e-01
2.511653602123260498e-01
2.510652542114257812e-01
2.512921392917633057e-01
2.510953247547149658e-01
2.510719597339630127e-01
2.512100934982299805e-01
2.510629594326019287e-01
2.511635720729827881e-01
2.511602938175201416e-01
2.510354518890380859e-01
2.511879801750183105e-01
2.511100769042968750e-01
2.511838078498840332e-01
2.510597705841064453e-01
2.511141300201416016e-01
2.510994672775268555e-01
2.512474358081817627e-01
2.512476444244384766e-01
2.511556148529052734e-01
2.511670291423797607e-01
2.511357367038726807e-01
2.511127591133117676e-01
2.509980797767639160e-01
2.510491013526916504e-01
2.510247230529785156e-01
2.509896755218505859e-01
2.510234117507934570e-01
2.510583400726318359e-01
2.510433495044708252e-01
2.511405348777770996e-01
2.511817216873168945e-01
2.510711252689361572e-01
2.513569891452789307e-01
2.510065436363220215e-01
2.510553300380706787e-01
2.510482966899871826e-01
2.512107789516448975e-01
2.513204514980316162e-01
2.510722875595092773e-01
2.511722743511199951e-01
2.510512769222259521e-01
2.510426342487335205e-01
2.511634230613708496e-01
2.511661350727081299e-01
2.510525584220886230e-01
2.510536909103393555e-01
2.510577738285064697e-01
2.510282695293426514e-01
2.512156069278717041e-01
2.510655224323272705e-01
2.510815560817718506e-01
2.509774565696716309e-01
2.510837912559509277e-01
2.511118054389953613e-01
2.509227693080902100e-01
2.511306703090667725e-01
2.511777877807617188e-01
2.511667609214782715e-01
2.510410547256469727e-01
2.510934770107269287e-01
2.510582208633422852e-01
2.511420249938964844e-01
2.510387599468231201e-01
2.511103153228759766e-01
2.510149478912353516e-01
2.511483132839202881e-01
2.510636150836944580e-01
2.510808408260345459e-01
2.511206567287445068e-01
2.512926757335662842e-01
2.510945498943328857e-01
2.511423528194427490e-01
2.511926591396331787e-01
2.510782182216644287e-01
2.511301934719085693e-01
2.510014772415161133e-01
2.510948777198791504e-01
2.512061297893524170e-01
2.511035501956939697e-01
2.511332333087921143e-01
2.510100305080413818e-01
2.511050403118133545e-01
2.510117292404174805e-01
2.510383427143096924e-01
2.511244416236877441e-01
2.511728107929229736e-01
2.510849833488464355e-01
2.511390149593353271e-01
2.511560022830963135e-01
2.512601613998413086e-01
2.512436807155609131e-01
2.512061595916748047e-01
2.510837018489837646e-01
2.510242760181427002e-01
2.512289583683013916e-01
2.511713802814483643e-01
2.511341869831085205e-01
2.511294484138488770e-01
2.511211931705474854e-01
2.511073350906372070e-01
2.511016726493835449e-01
2.511284351348876953e-01
2.512983381748199463e-01
2.511770129203796387e-01
2.509943544864654541e-01
2.511615157127380371e-01
2.511005997657775879e-01
2.512636482715606689e-01
2.510287761688232422e-01
2.511180937290191650e-01
2.511086165904998779e-01
2.510070502758026123e-01
2.510825693607330322e-01
2.510659694671630859e-01
2.511334121227264404e-01
2.509719729423522949e-01
2.510837018489837646e-01
2.510810494422912598e-01
2.510721683502197266e-01
2.510514259338378906e-01
2.510223686695098877e-01
2.510910332202911377e-01
2.511773407459259033e-01
2.511925101280212402e-01
2.510778903961181641e-01
2.511082887649536133e-01
2.511648833751678467e-01
2.512167096138000488e-01
2.510455250740051270e-01
2.512181997299194336e-01
2.511047422885894775e-01
2.510818839073181152e-01
2.511672377586364746e-01
2.511361241340637207e-01
2.510836124420166016e-01
2.511824369430541992e-01
2.511145174503326416e-01
2.512118518352508545e-01
2.510251402854919434e-01
2.511325180530548096e-01
2.509768307209014893e-01
2.511179149150848389e-01
2.511431574821472168e-01
2.510624229907989502e-01
2.510628402233123779e-01
2.512362897396087646e-01
2.512176930904388428e-01
2.510882318019866943e-01
2.511615753173828125e-01
2.511142194271087646e-01
2.511816024780273438e-01
2.511012554168701172e-01
2.511994540691375732e-01
2.510440647602081299e-01
2.511021494865417480e-01
2.511818408966064453e-01
2.511413097381591797e-01
2.511510848999023438e-01
2.510867416858673096e-01
2.512756884098052979e-01
2.511808276176452637e-01
2.510096728801727295e-01
2.510992884635925293e-01
2.510775923728942871e-01
2.510880231857299805e-01
2.510772645473480225e-01
2.511461079120635986e-01
2.511050701141357422e-01
2.511141896247863770e-01
2.510680556297302246e-01
2.511281371116638184e-01
2.511367201805114746e-01
2.511885464191436768e-01
2.510896325111389160e-01
2.510826885700225830e-01
2.510345280170440674e-01
2.510725259780883789e-01
2.511630952358245850e-01
2.510414123535156250e-01
2.511216998100280762e-01
2.511909902095794678e-01
2.510824203491210938e-01
2.510909140110015869e-01
2.510847449302673340e-01
2.511342763900756836e-01
2.512279152870178223e-01
2.511027753353118896e-01
2.511937320232391357e-01
2.511041164398193359e-01
2.510636150836944580e-01
2.512007057666778564e-01
2.509638369083404541e-01
2.511391043663024902e-01
2.512049376964569092e-01
2.510913312435150146e-01
2.511528134346008301e-01
2.511278390884399414e-01
2.510708570480346680e-01
2.511211931705474854e-01
2.510743141174316406e-01
2.510361969470977783e-01
2.510355114936828613e-01
2.510372102260589600e-01
2.512520849704742432e-01
2.511072158813476562e-01
2.511043250560760498e-01
2.512312531471252441e-01
2.510091960430145264e-01
2.509803771972656250e-01
2.511581480503082275e-01
2.512362897396087646e-01
2.511695623397827148e-01
2.511109113693237305e-01
2.511006891727447510e-01
2.510543465614318848e-01
2.510919272899627686e-01
2.511416971683502197e-01
2.510798871517181396e-01
2.509768307209014893e-01
2.510940432548522949e-01
2.510637044906616211e-01
2.513043582439422607e-01
2.510987222194671631e-01
2.512285709381103516e-01
2.512414157390594482e-01
2.511251568794250488e-01
2.510907351970672607e-01
2.510484755039215088e-01
2.510356903076171875e-01
2.509981691837310791e-01
2.511796057224273682e-01
2.510372698307037354e-01
2.510335445404052734e-01
2.510767579078674316e-01
2.512637674808502197e-01
2.510011792182922363e-01
2.511249184608459473e-01
2.510921955108642578e-01
2.512005269527435303e-01
2.510400712490081787e-01
2.510538995265960693e-01
2.510401010513305664e-01
2.510883808135986328e-01
2.510863542556762695e-01
2.511081099510192871e-01
2.510416805744171143e-01
2.511348128318786621e-01
2.510897815227508545e-01
2.511765062808990479e-01
2.511748671531677246e-01
2.511063814163208008e-01
2.512490153312683105e-01
2.509940266609191895e-01
2.512360215187072754e-01
2.510983645915985107e-01
2.510175406932830811e-01
2.512075901031494141e-01
2.510037124156951904e-01
2.510459125041961670e-01
2.511284947395324707e-01
2.512565255165100098e-01
2.510648071765899658e-01
2.512611746788024902e-01
2.512630820274353027e-01
2.511551976203918457e-01
2.511362731456756592e-01
2.510043084621429443e-01
2.510082721710205078e-01
2.511642575263977051e-01
2.511876523494720459e-01
2.510897219181060791e-01
2.510707676410675049e-01
2.510919868946075439e-01
2.510795593261718750e-01
2.510201632976531982e-01
2.511457204818725586e-01
2.512041032314300537e-01
2.510731518268585205e-01
2.511090338230133057e-01
2.511645257472991943e-01
2.511138916015625000e-01
2.510768771171569824e-01
2.510603964328765869e-01
2.510550022125244141e-01
2.510691285133361816e-01
2.510994374752044678e-01
2.511244118213653564e-01
2.510325908660888672e-01
2.511577606201171875e-01
2.510131299495697021e-01
2.510801553726196289e-01
2.511529922485351562e-01
2.510058581829071045e-01
2.511915564537048340e-01
2.511745989322662354e-01
2.510233521461486816e-01
2.509183883666992188e-01
2.511077821254730225e-01
2.511639595031738281e-01
2.511334419250488281e-01
2.511367201805114746e-01
2.510943114757537842e-01
2.511799931526184082e-01
2.511597871780395508e-01
2.512775659561157227e-01
2.510724067687988281e-01
2.510766088962554932e-01
2.511141896247863770e-01
2.512561380863189697e-01
2.511295676231384277e-01
2.511622011661529541e-01
2.511655688285827637e-01
2.510226666927337646e-01
2.511184811592102051e-01
2.510922253131866455e-01
2.511239647865295410e-01
2.510210573673248291e-01
2.510717809200286865e-01
2.511733174324035645e-01
2.511236965656280518e-01
2.511275708675384521e-01
2.510207295417785645e-01
2.511481046676635742e-01
2.510902285575866699e-01
2.511478960514068604e-01
2.511225342750549316e-01
2.511042654514312744e-01
2.511767148971557617e-01
2.510227262973785400e-01
2.512238323688507080e-01
2.511563897132873535e-01
2.510915398597717285e-01
2.511400282382965088e-01
2.511568367481231689e-01
2.510160505771636963e-01
2.510734200477600098e-01
2.512093782424926758e-01
2.511188387870788574e-01
2.511267662048339844e-01
2.512997984886169434e-01
2.511375844478607178e-01
2.510180771350860596e-01
2.511234283447265625e-01
2.509215772151947021e-01
2.511146664619445801e-01
2.510380148887634277e-01
2.511799335479736328e-01
2.511223256587982178e-01
2.511025965213775635e-01
2.511614263057708740e-01
2.511174976825714111e-01
2.511258125305175781e-01
2.510936856269836426e-01
2.510113418102264404e-01
2.510927617549896240e-01
2.511537075042724609e-01
2.511591911315917969e-01
2.510676681995391846e-01
2.511107623577117920e-01
2.511751651763916016e-01
2.511502802371978760e-01
2.512290477752685547e-01
2.511304020881652832e-01
2.511053979396820068e-01
2.511286139488220215e-01
2.510610222816467285e-01
2.511650919914245605e-01
2.511855661869049072e-01
2.511215507984161377e-01
2.511062324047088623e-01
2.510488927364349365e-01
2.510964572429656982e-01
2.510638535022735596e-01
2.511212527751922607e-01
2.510827183723449707e-01
2.511164844036102295e-01
2.511499226093292236e-01
2.511454224586486816e-01
2.510301470756530762e-01
2.511073648929595947e-01
2.512815892696380615e-01
2.511637806892395020e-01
2.510384917259216309e-01
2.511346340179443359e-01
2.510496973991394043e-01
2.511567771434783936e-01
2.511647641658782959e-01
2.512088119983673096e-01
2.511251568794250488e-01
2.511234283447265625e-01
2.511053085327148438e-01
2.510880231857299805e-01
2.511118650436401367e-01
2.511524856090545654e-01
2.510981559753417969e-01
2.511317729949951172e-01
2.511252164840698242e-01
2.511265575885772705e-01
2.510540485382080078e-01
2.510985732078552246e-01
2.511284649372100830e-01
2.511100172996520996e-01
2.510707676410675049e-01
2.511129379272460938e-01
2.511868476867675781e-01
2.510226070880889893e-01
2.511316835880279541e-01
2.511216402053833008e-01
2.512332201004028320e-01
2.511129677295684814e-01
2.511135041713714600e-01
2.510255277156829834e-01
2.511937320232391357e-01
2.510446906089782715e-01
2.512120306491851807e-01
2.510701119899749756e-01
2.510570585727691650e-01
2.509499788284301758e-01
2.511471807956695557e-01
2.511418461799621582e-01
2.512607872486114502e-01
2.511002719402313232e-01
2.511899173259735107e-01
2.511198818683624268e-01
2.510130703449249268e-01
2.511956691741943359e-01
2.511221468448638916e-01
2.512254416942596436e-01
2.511143088340759277e-01
2.511028349399566650e-01
2.512117028236389160e-01
2.510359585285186768e-01
2.511383593082427979e-01
2.509841620922088623e-01
2.512148618698120117e-01
2.511692047119140625e-01
2.510884702205657959e-01
2.512203454971313477e-01
2.511650919914245605e-01
2.510661780834197998e-01
2.510891854763031006e-01
2.510336041450500488e-01
2.510864436626434326e-01
2.511940002441406250e-01
2.511667609214782715e-01
2.510936856269836426e-01
2.512064576148986816e-01
2.511878609657287598e-01
2.510601282119750977e-01
2.511826157569885254e-01
2.511113882064819336e-01
2.511186003684997559e-01
2.511210441589355469e-01
2.510894238948822021e-01
2.511446475982666016e-01
2.511729896068572998e-01
2.510350048542022705e-01
2.511682510375976562e-01
2.510147988796234131e-01
2.511075735092163086e-01
2.510781586170196533e-01
2.510836124420166016e-01
2.510978579521179199e-01
2.511202096939086914e-01
2.511434853076934814e-01
2.511833012104034424e-01
2.510753870010375977e-01
2.510492503643035889e-01
2.511107921600341797e-01
2.511709630489349365e-01
2.511204779148101807e-01
2.511561810970306396e-01
2.511744797229766846e-01
2.512195408344268799e-01
2.511349022388458252e-01
2.511471807956695557e-01
2.511511147022247314e-01
2.510675787925720215e-01
2.512114048004150391e-01
2.511483728885650635e-01
2.509917318820953369e-01
2.510517537593841553e-01
2.510811984539031982e-01
2.510789930820465088e-01
2.510877847671508789e-01
2.511966526508331299e-01
2.511225640773773193e-01
2.510865628719329834e-01
2.511698007583618164e-01
2.510244846343994141e-01
2.511573135852813721e-01
2.511996328830718994e-01
2.511388063430786133e-01
2.511171400547027588e-01
2.510614693164825439e-01
2.511029839515686035e-01
2.510726153850555420e-01
2.511655986309051514e-01
2.510501444339752197e-01
2.511705160140991211e-01
2.510895431041717529e-01
2.511191964149475098e-01
2.510421276092529297e-01
2.510559260845184326e-01
2.511277198791503906e-01
2.510057389736175537e-01
2.511595785617828369e-01
2.509481012821197510e-01
2.511008977890014648e-01
2.510617673397064209e-01
2.510854899883270264e-01
2.511394321918487549e-01
2.510526478290557861e-01
2.511248290538787842e-01
2.511216402053833008e-01
2.511743009090423584e-01
2.511306405067443848e-01
2.511683702468872070e-01
2.509514391422271729e-01
2.511232793331146240e-01
2.510921359062194824e-01
2.509712874889373779e-01
2.511026263236999512e-01
2.511328458786010742e-01
2.512615323066711426e-01
2.510229647159576416e-01
2.510167062282562256e-01
2.510999441146850586e-01
2.512523531913757324e-01
2.511129677295684814e-01
2.511799633502960205e-01
2.510431706905364990e-01
2.510651946067810059e-01
2.511213719844818115e-01
2.511484920978546143e-01
2.510334253311157227e-01
2.510673701763153076e-01
2.510111033916473389e-01
2.510761022567749023e-01
2.512883543968200684e-01
2.511293888092041016e-01
2.512250542640686035e-01
2.512097954750061035e-01
2.511012256145477295e-01
2.510353922843933105e-01
2.511623203754425049e-01
2.510059177875518799e-01
2.509996891021728516e-01
2.511080205440521240e-01
2.510992884635925293e-01
2.511165142059326172e-01
2.510983049869537354e-01
2.510556578636169434e-01
2.511640489101409912e-01
2.511249184608459473e-01
2.511682510375976562e-01
2.511552274227142334e-01
2.512180507183074951e-01
2.511016130447387695e-01
2.511097788810729980e-01
2.510940432548522949e-01
2.511426806449890137e-01
2.513074278831481934e-01
2.511812150478363037e-01
2.510620355606079102e-01
2.511804699897766113e-01
2.510327696800231934e-01
2.510827183723449707e-01
2.511654794216156006e-01
2.511972784996032715e-01
2.510406076908111572e-01
2.511985003948211670e-01
2.510614693164825439e-01
2.511223852634429932e-01
2.511002719402313232e-01
2.511486709117889404e-01
2.509957551956176758e-01
2.511767745018005371e-01
2.512051761150360107e-01
2.510817348957061768e-01
2.510455250740051270e-01
2.511562108993530273e-01
2.510622143745422363e-01
2.512860000133514404e-01
2.512257397174835205e-01
2.512006163597106934e-01
2.511119544506072998e-01
2.511058449745178223e-01
2.510457038879394531e-01
2.511734068393707275e-01
2.511973381042480469e-01
2.510544955730438232e-01
2.511077225208282471e-01
2.511691451072692871e-01
2.510444819927215576e-01
2.510416805744171143e-01
2.509580552577972412e-01
2.510171234607696533e-01
2.509780824184417725e-01
2.509928643703460693e-01
2.511598467826843262e-01
2.511675953865051270e-01
2.510781884193420410e-01
2.510544061660766602e-01
2.511506080627441406e-01
2.510635852813720703e-01
2.511161863803863525e-01
2.510539591312408447e-01
2.511613070964813232e-01
2.510909438133239746e-01
2.509858310222625732e-01
2.511894106864929199e-01
2.510141730308532715e-01
2.510853409767150879e-01
2.511585950851440430e-01
2.511809468269348145e-01
2.509030401706695557e-01
2.510748207569122314e-01
2.511020004749298096e-01
2.512399256229400635e-01
2.510575354099273682e-01
2.510976493358612061e-01
2.512157559394836426e-01
2.510252594947814941e-01
2.511800527572631836e-01
2.511447668075561523e-01
2.511778175830841064e-01
2.510263025760650635e-01
2.511552870273590088e-01
2.510206699371337891e-01
2.512894272804260254e-01
2.510590553283691406e-01
2.510659694671630859e-01
2.510186135768890381e-01
2.511095702648162842e-01
2.512192428112030029e-01
2.510738670825958252e-01
2.511135637760162354e-01
2.510986030101776123e-01
2.510575652122497559e-01
2.510750889778137207e-01
2.511454522609710693e-01
2.510712146759033203e-01
2.509903013706207275e-01
2.512313723564147949e-01
2.510349452495574951e-01
2.510294318199157715e-01
2.511092722415924072e-01
2.511628568172454834e-01
2.511297464370727539e-01
2.510889172554016113e-01
2.509465217590332031e-01
2.511629164218902588e-01
2.512503862380981445e-01
2.510686218738555908e-01
2.509775459766387939e-01
2.511225044727325439e-01
2.510860264301300049e-01
2.510111629962921143e-01
2.511555552482604980e-01
2.510741949081420898e-01
2.510586082935333252e-01
2.512150406837463379e-01
2.510268688201904297e-01
2.510748207569122314e-01
2.510199546813964844e-01
2.510938644409179688e-01
2.511336207389831543e-01
2.510949671268463135e-01
2.510739564895629883e-01
2.511435747146606445e-01
2.509280741214752197e-01
2.512101233005523682e-01
2.510683834552764893e-01
2.511534392833709717e-01
2.511073350906372070e-01
2.511296272277832031e-01
2.511398494243621826e-01
2.511817216873168945e-01
2.511260509490966797e-01
2.510692477226257324e-01
2.511107921600341797e-01
2.512103319168090820e-01
2.511210143566131592e-01
2.511366605758666992e-01
2.510890662670135498e-01
2.510854005813598633e-01
2.509570717811584473e-01
2.511282563209533691e-01
2.511228024959564209e-01
2.509592771530151367e-01
2.511072754859924316e-01
2.511558234691619873e-01
2.510603368282318115e-01
2.511167526245117188e-01
2.510788142681121826e-01
2.510316669940948486e-01
2.510684728622436523e-01
2.514208555221557617e-01
2.511339187622070312e-01
2.511635124683380127e-01
2.511794269084930420e-01
2.510272562503814697e-01
2.511529922485351562e-01
2.511433660984039307e-01
2.511297762393951416e-01
2.511623501777648926e-01
2.510996460914611816e-01
2.510285377502441406e-01
2.510851919651031494e-01
2.511372566223144531e-01
2.511589527130126953e-01
2.509960830211639404e-01
2.511652708053588867e-01
2.511667013168334961e-01
2.511770427227020264e-01
2.510091960430145264e-01
2.511268854141235352e-01
2.511339783668518066e-01
2.511608004570007324e-01
2.510122060775756836e-01
2.510646581649780273e-01
2.510663866996765137e-01
2.512731254100799561e-01
2.511145174503326416e-01
2.512177526950836182e-01
2.511091530323028564e-01
2.511076033115386963e-01
2.510592341423034668e-01
2.510337233543395996e-01
2.511621415615081787e-01
2.509943544864654541e-01
2.512072920799255371e-01
2.511092424392700195e-01
2.511104047298431396e-01
2.510317564010620117e-01
2.510440051555633545e-01
2.511393725872039795e-01
2.511813342571258545e-01
2.510886192321777344e-01
2.510957419872283936e-01
2.512031197547912598e-01
2.510835528373718262e-01
2.510479986667633057e-01
2.510555684566497803e-01
2.511414885520935059e-01
2.511161267757415771e-01
2.511668205261230469e-01
2.511571347713470459e-01
2.511151134967803955e-01
2.511565089225769043e-01
2.511036098003387451e-01
2.511077821254730225e-01
2.510787844657897949e-01
2.511102557182312012e-01
2.511464953422546387e-01
2.511178553104400635e-01
2.512169182300567627e-01
2.511345446109771729e-01
2.510577738285064697e-01
2.510996758937835693e-01
2.512691020965576172e-01
2.511258423328399658e-01
2.510897815227508545e-01
2.511567175388336182e-01
2.510543167591094971e-01
2.510723471641540527e-01
2.510169148445129395e-01
2.511123716831207275e-01
2.511347830295562744e-01
2.511410415172576904e-01
2.510793507099151611e-01
2.511116862297058105e-01
2.511196732521057129e-01
2.510992586612701416e-01
2.510813474655151367e-01
2.510997354984283447e-01
2.510116696357727051e-01
2.510367333889007568e-01
2.510961592197418213e-01
2.510576248168945312e-01
2.511638998985290527e-01
2.510972023010253906e-01
2.513556182384490967e-01
2.511158883571624756e-01
2.512338459491729736e-01
2.509925067424774170e-01
2.510838508605957031e-01
2.511056363582611084e-01
2.510513365268707275e-01
2.510609626770019531e-01
2.510626912117004395e-01
2.511305510997772217e-01
2.510331571102142334e-01
2.511529922485351562e-01
2.512332201004028320e-01
2.510944306850433350e-01
2.511364519596099854e-01
2.511007785797119141e-01
2.511720657348632812e-01
2.511554658412933350e-01
2.511121928691864014e-01
2.510513663291931152e-01
2.510617375373840332e-01
2.511466145515441895e-01
2.509796321392059326e-01
2.511214911937713623e-01
2.510806918144226074e-01
2.511248886585235596e-01
2.511627972126007080e-01
2.510497570037841797e-01
2.511222660541534424e-01
2.510571777820587158e-01
2.510656118392944336e-01
2.510821819305419922e-01
2.509202063083648682e-01
2.512264847755432129e-01
2.510944604873657227e-01
2.510493099689483643e-01
2.512357234954833984e-01
2.511683404445648193e-01
2.511713504791259766e-01
2.511028945446014404e-01
2.509826123714447021e-01
2.510922253131866455e-01
2.510105073451995850e-01
2.511391937732696533e-01
2.511210143566131592e-01
2.510861158370971680e-01
2.510622441768646240e-01
2.512520253658294678e-01
2.512485682964324951e-01
2.510924935340881348e-01
2.511420249938964844e-01
2.512276172637939453e-01
2.510494589805603027e-01
2.512205541133880615e-01
2.510961294174194336e-01
2.511451542377471924e-01
2.511155903339385986e-01
2.510964870452880859e-01
2.511291503906250000e-01
2.510721683502197266e-01
2.511286735534667969e-01
2.509895861148834229e-01
2.511416673660278320e-01
2.509672939777374268e-01
2.510722279548645020e-01
2.509969174861907959e-01
2.511746883392333984e-01
2.510820627212524414e-01
2.510557174682617188e-01
2.511849701404571533e-01
2.510856986045837402e-01
2.511262595653533936e-01
2.511498928070068359e-01
2.512094080448150635e-01
2.511924803256988525e-01
2.510671019554138184e-01
2.511507868766784668e-01
2.510962486267089844e-01
2.510248422622680664e-01
2.512115538120269775e-01
2.510033845901489258e-01
2.512168288230895996e-01
2.510628700256347656e-01
2.510997056961059570e-01
2.512593865394592285e-01
2.510475516319274902e-01
2.511462569236755371e-01
2.511566281318664551e-01
2.510721385478973389e-01
2.510920763015747070e-01
2.511121034622192383e-01
2.511473894119262695e-01
2.510955929756164551e-01
2.511304020881652832e-01
2.511131465435028076e-01
2.510235309600830078e-01
2.511270046234130859e-01
2.511294484138488770e-01
2.510591745376586914e-01
2.510192692279815674e-01
2.510863542556762695e-01
2.509900033473968506e-01
2.511564493179321289e-01
2.509971261024475098e-01
2.509801685810089111e-01
2.510491311550140381e-01
2.511680424213409424e-01
2.510979771614074707e-01
2.512451708316802979e-01
2.511503696441650391e-01
2.511951029300689697e-01
2.509711384773254395e-01
2.510305047035217285e-01
2.510531246662139893e-01
2.510325014591217041e-01
2.512630820274353027e-01
2.513297498226165771e-01
2.511200308799743652e-01
2.511819601058959961e-01
2.511757314205169678e-01
2.511715590953826904e-01
2.510229647159576416e-01
2.510967850685119629e-01
2.510382235050201416e-01
2.510532140731811523e-01
2.510717511177062988e-01
2.512585818767547607e-01
2.511374056339263916e-01
2.510224282741546631e-01
2.510799169540405273e-01
2.511730492115020752e-01
2.511791586875915527e-01
2.511139810085296631e-01
2.511563003063201904e-01
2.510091066360473633e-01
2.509932518005371094e-01
2.511193156242370605e-01
2.511218190193176270e-01
2.510739862918853760e-01
2.510902583599090576e-01
2.510985434055328369e-01
2.512091994285583496e-01
2.510955631732940674e-01
2.510116994380950928e-01
2.510483860969543457e-01
2.510561048984527588e-01
2.510815262794494629e-01
2.511735558509826660e-01
2.509521543979644775e-01
2.510181963443756104e-01
2.511093318462371826e-01
2.510523498058319092e-01
2.511035501956939697e-01
2.510115504264831543e-01
2.510505914688110352e-01
2.510982155799865723e-01
2.511614263057708740e-01
2.510949671268463135e-01
2.510174214839935303e-01
2.510774433612823486e-01
2.511051595211029053e-01
2.510072588920593262e-01
2.511239647865295410e-01
2.511285841464996338e-01
2.511373162269592285e-01
2.511534392833709717e-01
2.510628402233123779e-01
2.511062920093536377e-01
2.511275708675384521e-01
2.511206567287445068e-01
2.511888444423675537e-01
2.510283589363098145e-01
2.510892748832702637e-01
2.510980367660522461e-01
2.510249912738800049e-01
2.510257363319396973e-01
2.511736452579498291e-01
2.511443197727203369e-01
2.511436939239501953e-01
2.510132491588592529e-01
2.510908842086791992e-01
2.511727809906005859e-01
2.510601878166198730e-01
2.510710656642913818e-01
2.511717081069946289e-01
2.510809898376464844e-01
2.511137127876281738e-01
2.510932385921478271e-01
2.512373626232147217e-01
2.510761320590972900e-01
2.509953975677490234e-01
2.511660456657409668e-01
2.509925067424774170e-01
2.510837316513061523e-01
2.511176764965057373e-01
2.511697411537170410e-01
2.512789070606231689e-01
2.510927021503448486e-01
2.511147260665893555e-01
2.510874271392822266e-01
2.511343955993652344e-01
2.511075139045715332e-01
2.510169446468353271e-01
2.511059939861297607e-01
2.511923611164093018e-01
2.510872781276702881e-01
2.510838508605957031e-01
2.511104047298431396e-01
2.511797547340393066e-01
2.509637773036956787e-01
2.510904967784881592e-01
2.511969506740570068e-01
2.509730160236358643e-01
2.511121630668640137e-01
2.510788440704345703e-01
2.512697279453277588e-01
2.510913312435150146e-01
2.510253787040710449e-01
2.511523067951202393e-01
2.511912882328033447e-01
2.511419355869293213e-01
2.510884702205657959e-01
2.511180341243743896e-01
2.511281967163085938e-01
2.511572241783142090e-01
2.510925531387329102e-01
2.511727809906005859e-01
2.511112987995147705e-01
2.510324716567993164e-01
2.511517703533172607e-01
2.510149180889129639e-01
2.511308789253234863e-01
2.511413991451263428e-01
2.512051463127136230e-01
2.510493099689483643e-01
2.511557042598724365e-01
2.511347830295562744e-01
2.510576844215393066e-01
2.511697709560394287e-01
2.510571181774139404e-01
2.510178983211517334e-01
2.511396408081054688e-01
2.510887980461120605e-01
2.510202527046203613e-01
2.510299384593963623e-01
2.511143982410430908e-01
2.511550486087799072e-01
2.510827779769897461e-01
2.510555684566497803e-01
2.510434687137603760e-01
2.510229945182800293e-01
2.510847449302673340e-01
2.511981427669525146e-01
2.511253654956817627e-01
2.510566413402557373e-01
2.511039972305297852e-01
2.511319518089294434e-01
2.511463165283203125e-01
2.510647773742675781e-01
2.510538101196289062e-01
2.512116730213165283e-01
2.512957155704498291e-01
2.510575652122497559e-01
2.511644363403320312e-01
2.510195076465606689e-01
2.510246336460113525e-01
2.511759400367736816e-01
2.511627376079559326e-01
2.510078847408294678e-01
2.510406076908111572e-01
2.510001361370086670e-01
2.510333359241485596e-01
2.510667741298675537e-01
2.509327828884124756e-01
2.510048449039459229e-01
2.510773539543151855e-01
2.511759698390960693e-01
2.512296736240386963e-01
2.511672079563140869e-01
2.510820031166076660e-01
2.511604130268096924e-01
2.509545385837554932e-01
2.510727643966674805e-01
2.510067820549011230e-01
2.512549459934234619e-01
2.511141896247863770e-01
2.510882019996643066e-01
2.511765658855438232e-01
2.509898543357849121e-01
2.510862648487091064e-01
2.511782944202423096e-01
2.511489391326904297e-01
2.510447502136230469e-01
2.511250376701354980e-01
2.510613799095153809e-01
2.510023117065429688e-01
2.510108053684234619e-01
2.510934770107269287e-01
2.511398494243621826e-01
2.510953247547149658e-01
2.511759400367736816e-01
2.510854005813598633e-01
2.512373924255371094e-01
2.511147260665893555e-01
2.510442435741424561e-01
2.512187063694000244e-01
2.511522471904754639e-01
2.511258721351623535e-01
2.510115206241607666e-01
2.512660026550292969e-01
2.510777711868286133e-01
2.511928677558898926e-01
2.511944174766540527e-01
2.510763406753540039e-01
2.511787116527557373e-01
2.511977255344390869e-01
2.511896491050720215e-01
2.510042786598205566e-01
2.510952651500701904e-01
2.511015832424163818e-01
2.510595917701721191e-01
2.510808110237121582e-01
2.512403726577758789e-01
