2.027812004089355469e+01
2.022534370422363281e+01
2.022851943969726562e+01
2.026455497741699219e+01
2.020379829406738281e+01
2.022328186035156250e+01
2.022505378723144531e+01
2.020691680908203125e+01
2.021916961669921875e+01
2.020447158813476562e+01
2.022448158264160156e+01
2.021755027770996094e+01
2.022745704650878906e+01
2.020593070983886719e+01
2.021175384521484375e+01
2.020900726318359375e+01
2.020734596252441406e+01
2.020632743835449219e+01
2.021526908874511719e+01
2.021152114868164062e+01
2.023849678039550781e+01
2.020532989501953125e+01
2.021863555908203125e+01
2.025011253356933594e+01
2.022554206848144531e+01
2.021287727355957031e+01
2.021713638305664062e+01
2.020595741271972656e+01
2.020915412902832031e+01
2.022165870666503906e+01
2.021830940246582031e+01
2.019842529296875000e+01
2.022241783142089844e+01
2.020102119445800781e+01
2.021403503417968750e+01
2.021602439880371094e+01
2.019992637634277344e+01
2.020745849609375000e+01
2.020407867431640625e+01
2.021460533142089844e+01
2.021605491638183594e+01
2.027048683166503906e+01
2.025232887268066406e+01
2.022692680358886719e+01
2.023076248168945312e+01
2.020927619934082031e+01
2.022400474548339844e+01
2.022776222229003906e+01
2.020123100280761719e+01
2.021425247192382812e+01
2.020062065124511719e+01
2.021229934692382812e+01
2.021160697937011719e+01
2.022949028015136719e+01
2.022478866577148438e+01
2.020292282104492188e+01
2.020358848571777344e+01
2.022079277038574219e+01
2.020483589172363281e+01
2.020644569396972656e+01
2.022525596618652344e+01
2.021777725219726562e+01
2.020827674865722656e+01
2.023168182373046875e+01
2.019894790649414062e+01
2.019244384765625000e+01
2.021169281005859375e+01
2.021484375000000000e+01
2.021486663818359375e+01
2.021413803100585938e+01
2.021574211120605469e+01
2.020495033264160156e+01
2.022298049926757812e+01
2.021311950683593750e+01
2.019989013671875000e+01
2.019714736938476562e+01
2.020710372924804688e+01
2.020903778076171875e+01
2.023164176940917969e+01
2.021132850646972656e+01
2.021895217895507812e+01
2.021034622192382812e+01
2.019838142395019531e+01
2.020420455932617188e+01
2.023653030395507812e+01
2.021127700805664062e+01
2.021020889282226562e+01
2.020148277282714844e+01
2.020924377441406250e+01
2.022546195983886719e+01
2.020526695251464844e+01
2.025423622131347656e+01
2.021318054199218750e+01
2.020598030090332031e+01
2.019999694824218750e+01
2.022167205810546875e+01
2.021536636352539062e+01
2.020740699768066406e+01
2.022525787353515625e+01
2.020118522644042969e+01
2.021361351013183594e+01
2.020332908630371094e+01
2.022074317932128906e+01
2.022166442871093750e+01
2.020278930664062500e+01
2.020720863342285156e+01
2.020747756958007812e+01
2.021986579895019531e+01
2.019919204711914062e+01
2.021926116943359375e+01
2.021687889099121094e+01
2.020823097229003906e+01
2.020164108276367188e+01
2.021950721740722656e+01
2.020732116699218750e+01
2.021683311462402344e+01
2.020431518554687500e+01
2.021848678588867188e+01
2.022069931030273438e+01
2.021575927734375000e+01
2.021563148498535156e+01
2.021483802795410156e+01
2.021711158752441406e+01
2.021504402160644531e+01
2.020437431335449219e+01
2.022171783447265625e+01
2.019903564453125000e+01
2.021655082702636719e+01
2.020653343200683594e+01
2.020052719116210938e+01
2.020792961120605469e+01
2.021245574951171875e+01
2.021426391601562500e+01
2.023162841796875000e+01
2.020483016967773438e+01
2.020905876159667969e+01
2.021949768066406250e+01
2.023399353027343750e+01
2.022541046142578125e+01
2.019985961914062500e+01
2.021531486511230469e+01
2.019896316528320312e+01
2.021018218994140625e+01
2.021775436401367188e+01
2.020828819274902344e+01
2.020624542236328125e+01
2.021438217163085938e+01
2.021058654785156250e+01
2.020413208007812500e+01
2.020559501647949219e+01
2.021120834350585938e+01
2.022428512573242188e+01
2.021816253662109375e+01
2.022461891174316406e+01
2.023789024353027344e+01
2.020744895935058594e+01
2.022704505920410156e+01
2.020149612426757812e+01
2.021432113647460938e+01
2.020164489746093750e+01
2.023195457458496094e+01
2.021775627136230469e+01
2.020637893676757812e+01
2.021322631835937500e+01
2.020582771301269531e+01
2.021190261840820312e+01
2.023417282104492188e+01
2.022155761718750000e+01
2.021476364135742188e+01
2.020262145996093750e+01
2.021934700012207031e+01
2.020653724670410156e+01
2.020616149902343750e+01
2.021548843383789062e+01
2.023077201843261719e+01
2.021261405944824219e+01
2.021429634094238281e+01
2.021833419799804688e+01
2.020963668823242188e+01
2.021041297912597656e+01
2.021559143066406250e+01
2.021920013427734375e+01
2.021730041503906250e+01
2.022656631469726562e+01
2.021528625488281250e+01
2.020958328247070312e+01
2.021090126037597656e+01
2.020273017883300781e+01
2.019700431823730469e+01
2.021474266052246094e+01
2.020493316650390625e+01
2.022178459167480469e+01
2.020071792602539062e+01
2.020532608032226562e+01
2.020140266418457031e+01
2.023989486694335938e+01
2.021912574768066406e+01
2.021392250061035156e+01
2.020755767822265625e+01
2.020519638061523438e+01
2.019600868225097656e+01
2.020017433166503906e+01
2.021224784851074219e+01
2.020274162292480469e+01
2.020823478698730469e+01
2.019908523559570312e+01
2.021762657165527344e+01
2.021763229370117188e+01
2.021074485778808594e+01
2.020858955383300781e+01
2.020071983337402344e+01
2.020433425903320312e+01
2.020186805725097656e+01
2.020716476440429688e+01
2.020018959045410156e+01
2.021992111206054688e+01
2.020167922973632812e+01
2.019773101806640625e+01
2.020351028442382812e+01
2.024180030822753906e+01
2.022014617919921875e+01
2.021073532104492188e+01
2.021866989135742188e+01
2.023866844177246094e+01
2.020498847961425781e+01
2.020869064331054688e+01
2.020825386047363281e+01
2.021358680725097656e+01
2.021766471862792969e+01
2.020736122131347656e+01
2.020909881591796875e+01
2.022102546691894531e+01
2.021663093566894531e+01
2.020398521423339844e+01
2.024168205261230469e+01
2.020844459533691406e+01
2.020075798034667969e+01
2.020575523376464844e+01
2.020095825195312500e+01
2.022467422485351562e+01
2.021861457824707031e+01
2.020947265625000000e+01
2.022770309448242188e+01
2.021068191528320312e+01
2.022211456298828125e+01
2.019800186157226562e+01
2.020584678649902344e+01
2.022366333007812500e+01
2.020488357543945312e+01
2.022226715087890625e+01
2.020148468017578125e+01
2.021138954162597656e+01
2.020476722717285156e+01
2.020048904418945312e+01
2.021074295043945312e+01
2.022933006286621094e+01
2.020536231994628906e+01
2.022196197509765625e+01
2.021280479431152344e+01
2.020689201354980469e+01
2.022038078308105469e+01
2.020929145812988281e+01
2.021674156188964844e+01
2.020173835754394531e+01
2.020321655273437500e+01
2.021090888977050781e+01
2.022594642639160156e+01
2.021741676330566406e+01
2.021380043029785156e+01
2.022054862976074219e+01
2.021943283081054688e+01
2.020176696777343750e+01
2.021268463134765625e+01
2.023963356018066406e+01
2.020917892456054688e+01
2.023446846008300781e+01
2.020871543884277344e+01
2.021359252929687500e+01
2.021353340148925781e+01
2.020833969116210938e+01
2.021996116638183594e+01
2.021259498596191406e+01
2.021397209167480469e+01
2.022318077087402344e+01
2.020742416381835938e+01
2.021946716308593750e+01
2.021412849426269531e+01
2.020994377136230469e+01
2.019911193847656250e+01
2.021210289001464844e+01
2.020603370666503906e+01
2.020525169372558594e+01
2.022891998291015625e+01
2.022160339355468750e+01
2.020387268066406250e+01
2.022434997558593750e+01
2.019987869262695312e+01
2.022068023681640625e+01
2.020441436767578125e+01
2.020871734619140625e+01
2.021475791931152344e+01
2.021149635314941406e+01
2.021262931823730469e+01
2.022139739990234375e+01
2.021354293823242188e+01
2.020232963562011719e+01
2.020175933837890625e+01
2.021093368530273438e+01
2.023864936828613281e+01
2.021530532836914062e+01
2.020956993103027344e+01
2.021936798095703125e+01
2.020961189270019531e+01
2.022637748718261719e+01
2.020703697204589844e+01
2.020625686645507812e+01
2.022607994079589844e+01
2.022823524475097656e+01
2.022100257873535156e+01
2.022624206542968750e+01
2.021735382080078125e+01
2.020826911926269531e+01
2.019877433776855469e+01
2.021645545959472656e+01
2.022230529785156250e+01
2.020849609375000000e+01
2.020328330993652344e+01
2.019896888732910156e+01
2.020648002624511719e+01
2.021772193908691406e+01
2.021202278137207031e+01
2.020548629760742188e+01
2.020028686523437500e+01
2.020333862304687500e+01
2.020755577087402344e+01
2.022418212890625000e+01
2.021084022521972656e+01
2.020032119750976562e+01
2.020982360839843750e+01
2.020800399780273438e+01
2.021987533569335938e+01
2.022695732116699219e+01
2.020523452758789062e+01
2.019480705261230469e+01
2.020535850524902344e+01
2.022091484069824219e+01
2.021534919738769531e+01
2.020853042602539062e+01
2.019843673706054688e+01
2.020964050292968750e+01
2.020921897888183594e+01
2.020572853088378906e+01
2.021025085449218750e+01
2.021076011657714844e+01
2.021625137329101562e+01
2.019815826416015625e+01
2.020678520202636719e+01
2.022476005554199219e+01
2.020621490478515625e+01
2.021560096740722656e+01
2.021825027465820312e+01
2.020900535583496094e+01
2.019923210144042969e+01
2.020966529846191406e+01
2.021254920959472656e+01
2.019819450378417969e+01
2.019770240783691406e+01
2.021247673034667969e+01
2.020734024047851562e+01
2.021152877807617188e+01
2.021782112121582031e+01
2.020447921752929688e+01
2.021129608154296875e+01
2.021174621582031250e+01
2.019897651672363281e+01
2.020422744750976562e+01
2.020816802978515625e+01
2.022237777709960938e+01
2.022256278991699219e+01
2.021261787414550781e+01
2.021426010131835938e+01
2.020535087585449219e+01
2.021973228454589844e+01
2.021306991577148438e+01
2.020142364501953125e+01
2.021774101257324219e+01
2.021438980102539062e+01
2.023639488220214844e+01
2.021083259582519531e+01
2.021161842346191406e+01
2.020672798156738281e+01
2.022807502746582031e+01
2.021598243713378906e+01
2.021386337280273438e+01
2.022454452514648438e+01
2.021346092224121094e+01
2.020353507995605469e+01
2.020312690734863281e+01
2.020368003845214844e+01
2.021266174316406250e+01
2.022210693359375000e+01
2.022075462341308594e+01
2.021152877807617188e+01
2.021054649353027344e+01
2.020827865600585938e+01
2.020651245117187500e+01
2.023151969909667969e+01
2.019470596313476562e+01
2.021408081054687500e+01
2.022137451171875000e+01
2.022012519836425781e+01
2.020270156860351562e+01
2.021308135986328125e+01
2.020724296569824219e+01
2.020562171936035156e+01
2.020705223083496094e+01
2.022854423522949219e+01
2.022852325439453125e+01
2.021548080444335938e+01
2.020291328430175781e+01
2.020134353637695312e+01
2.019791030883789062e+01
2.020315742492675781e+01
2.019670867919921875e+01
2.020661544799804688e+01
2.021103096008300781e+01
2.021375274658203125e+01
2.021243667602539062e+01
2.020695304870605469e+01
2.022702980041503906e+01
2.020494270324707031e+01
2.021796607971191406e+01
2.020635223388671875e+01
2.020440673828125000e+01
2.021516036987304688e+01
2.021700096130371094e+01
2.022271347045898438e+01
2.021798515319824219e+01
2.024037742614746094e+01
2.020718002319335938e+01
2.022103309631347656e+01
2.021970176696777344e+01
2.021431159973144531e+01
2.021328544616699219e+01
2.020348930358886719e+01
2.022676467895507812e+01
2.021450805664062500e+01
2.019759368896484375e+01
2.020749282836914062e+01
2.023370552062988281e+01
2.023242950439453125e+01
2.021452713012695312e+01
2.020360755920410156e+01
2.023013687133789062e+01
2.021522712707519531e+01
2.021761703491210938e+01
2.022080802917480469e+01
2.020553207397460938e+01
2.021439552307128906e+01
2.025144195556640625e+01
2.020534133911132812e+01
2.019917869567871094e+01
2.021445274353027344e+01
2.021900749206542969e+01
2.020040130615234375e+01
2.020557594299316406e+01
2.023615074157714844e+01
2.020677566528320312e+01
2.023065376281738281e+01
2.021891403198242188e+01
2.020357131958007812e+01
2.020234489440917969e+01
2.021364784240722656e+01
2.023649215698242188e+01
2.020731163024902344e+01
2.021164703369140625e+01
2.021120643615722656e+01
2.021410560607910156e+01
2.020079994201660156e+01
2.021547317504882812e+01
2.023450469970703125e+01
2.021203041076660156e+01
2.024699783325195312e+01
2.021194839477539062e+01
2.022588729858398438e+01
2.021306610107421875e+01
2.020401000976562500e+01
2.020880508422851562e+01
2.023403358459472656e+01
2.020887565612792969e+01
2.021331405639648438e+01
2.020869445800781250e+01
2.020711517333984375e+01
2.022215080261230469e+01
2.020479774475097656e+01
2.021607208251953125e+01
2.020384216308593750e+01
2.021210861206054688e+01
2.023221969604492188e+01
2.021142578125000000e+01
2.020355796813964844e+01
2.021301651000976562e+01
2.022047996520996094e+01
2.020742416381835938e+01
2.021831512451171875e+01
2.021260070800781250e+01
2.021555709838867188e+01
2.020808601379394531e+01
2.021403694152832031e+01
2.019686889648437500e+01
2.021566390991210938e+01
2.021366310119628906e+01
2.021192932128906250e+01
2.022457313537597656e+01
2.020650863647460938e+01
2.019354629516601562e+01
2.021210289001464844e+01
2.022652244567871094e+01
2.021124076843261719e+01
2.020748901367187500e+01
2.019978523254394531e+01
2.019705963134765625e+01
2.020978355407714844e+01
2.021966552734375000e+01
2.022406959533691406e+01
2.020697975158691406e+01
2.021981620788574219e+01
2.020665931701660156e+01
2.019606781005859375e+01
2.020796012878417969e+01
2.020102500915527344e+01
2.021431159973144531e+01
2.022076034545898438e+01
2.021199989318847656e+01
2.020286941528320312e+01
2.021991348266601562e+01
2.021847724914550781e+01
2.021166801452636719e+01
2.020860099792480469e+01
2.021704483032226562e+01
2.022357749938964844e+01
2.020669937133789062e+01
2.022238349914550781e+01
2.020078659057617188e+01
2.020520210266113281e+01
2.020654487609863281e+01
2.021324920654296875e+01
2.021534156799316406e+01
2.020873451232910156e+01
2.020692825317382812e+01
2.022570228576660156e+01
2.020861625671386719e+01
2.020688056945800781e+01
2.020714378356933594e+01
2.021639823913574219e+01
2.021715164184570312e+01
2.020648765563964844e+01
2.021058273315429688e+01
2.020021438598632812e+01
2.021704483032226562e+01
2.021996688842773438e+01
2.020627593994140625e+01
2.021972846984863281e+01
2.020884895324707031e+01
2.019837760925292969e+01
2.020199966430664062e+01
2.020943450927734375e+01
2.021483230590820312e+01
2.020955467224121094e+01
2.020157432556152344e+01
2.021045494079589844e+01
2.021492385864257812e+01
2.020701980590820312e+01
2.021176338195800781e+01
2.020746612548828125e+01
2.020597267150878906e+01
2.021994018554687500e+01
2.020619773864746094e+01
2.020667266845703125e+01
2.020135116577148438e+01
2.021672058105468750e+01
2.020701217651367188e+01
2.020464134216308594e+01
2.026247024536132812e+01
2.022372627258300781e+01
2.020584297180175781e+01
2.022915649414062500e+01
2.020911788940429688e+01
2.021420669555664062e+01
2.023609924316406250e+01
2.021844673156738281e+01
2.020093154907226562e+01
2.020584106445312500e+01
2.022547721862792969e+01
2.022501945495605469e+01
2.021157264709472656e+01
2.021333694458007812e+01
2.020305061340332031e+01
2.022632598876953125e+01
2.020549774169921875e+01
2.022049903869628906e+01
2.020542716979980469e+01
2.021288490295410156e+01
2.021924209594726562e+01
2.021328163146972656e+01
2.021348190307617188e+01
2.020615386962890625e+01
2.020024871826171875e+01
2.021398925781250000e+01
2.021357345581054688e+01
2.020965385437011719e+01
2.022292709350585938e+01
2.020782852172851562e+01
2.019589424133300781e+01
2.022326469421386719e+01
2.020821952819824219e+01
2.020549964904785156e+01
2.020757102966308594e+01
2.021845054626464844e+01
2.021172332763671875e+01
2.020863723754882812e+01
2.021560668945312500e+01
2.019794082641601562e+01
2.022019004821777344e+01
2.020913696289062500e+01
2.020689582824707031e+01
2.020195770263671875e+01
2.020642089843750000e+01
2.023298835754394531e+01
2.020490074157714844e+01
2.020964622497558594e+01
2.020857810974121094e+01
2.021417427062988281e+01
2.020657920837402344e+01
2.022274398803710938e+01
2.021269607543945312e+01
2.020352172851562500e+01
2.021275711059570312e+01
2.023615455627441406e+01
2.021486473083496094e+01
2.021529960632324219e+01
2.020220947265625000e+01
2.021657180786132812e+01
2.022527122497558594e+01
2.020439338684082031e+01
2.021494293212890625e+01
2.022842407226562500e+01
2.020571517944335938e+01
2.021523857116699219e+01
2.020478820800781250e+01
2.020375061035156250e+01
2.020310592651367188e+01
2.020279312133789062e+01
2.020083999633789062e+01
2.019816207885742188e+01
2.019820976257324219e+01
2.021316337585449219e+01
2.021426010131835938e+01
2.023765373229980469e+01
2.022087478637695312e+01
2.021249961853027344e+01
2.020946311950683594e+01
2.023241996765136719e+01
2.021283912658691406e+01
2.021982955932617188e+01
2.022610473632812500e+01
2.021076011657714844e+01
2.021714019775390625e+01
2.021133613586425781e+01
2.020107460021972656e+01
2.020709609985351562e+01
2.020830535888671875e+01
2.020987510681152344e+01
2.020480537414550781e+01
2.019947052001953125e+01
2.021098899841308594e+01
2.019877433776855469e+01
2.021189880371093750e+01
2.022271347045898438e+01
2.024170875549316406e+01
2.020138168334960938e+01
2.019813919067382812e+01
2.021129417419433594e+01
2.022562599182128906e+01
2.021734619140625000e+01
2.021029663085937500e+01
2.020808982849121094e+01
2.022179412841796875e+01
2.019967269897460938e+01
2.021257209777832031e+01
2.021062278747558594e+01
2.021726226806640625e+01
2.019871330261230469e+01
2.022371864318847656e+01
2.023170089721679688e+01
2.020366668701171875e+01
2.020116233825683594e+01
2.021858978271484375e+01
2.022166633605957031e+01
2.020892906188964844e+01
2.021043586730957031e+01
2.021846389770507812e+01
2.019685363769531250e+01
2.020243072509765625e+01
2.021273803710937500e+01
2.020930290222167969e+01
2.021612548828125000e+01
2.020605087280273438e+01
2.022373390197753906e+01
2.020656013488769531e+01
2.023066329956054688e+01
2.021143341064453125e+01
2.021049308776855469e+01
2.021881103515625000e+01
2.019933509826660156e+01
2.020465850830078125e+01
2.021566390991210938e+01
2.021674537658691406e+01
2.020491218566894531e+01
2.020711135864257812e+01
2.019779014587402344e+01
2.020988845825195312e+01
2.022185897827148438e+01
2.021343040466308594e+01
2.023018264770507812e+01
2.021108055114746094e+01
2.019989967346191406e+01
2.021197891235351562e+01
2.021734619140625000e+01
2.020908927917480469e+01
2.020476722717285156e+01
2.019909477233886719e+01
2.021865081787109375e+01
2.021032524108886719e+01
2.020273208618164062e+01
2.020035171508789062e+01
2.021629142761230469e+01
2.021025276184082031e+01
2.020767784118652344e+01
2.020276069641113281e+01
2.020093345642089844e+01
2.020410156250000000e+01
2.021950912475585938e+01
2.022018051147460938e+01
2.019792366027832031e+01
2.020528793334960938e+01
2.021748352050781250e+01
2.020491790771484375e+01
2.020958137512207031e+01
2.021192359924316406e+01
2.020421600341796875e+01
2.020952415466308594e+01
2.020198822021484375e+01
2.019931602478027344e+01
2.019991683959960938e+01
2.020078659057617188e+01
2.020707130432128906e+01
2.021525382995605469e+01
2.022947692871093750e+01
2.021557426452636719e+01
2.023236083984375000e+01
2.020346450805664062e+01
2.021502876281738281e+01
2.024320220947265625e+01
2.022538375854492188e+01
2.021517562866210938e+01
2.020056343078613281e+01
2.020357894897460938e+01
2.020422172546386719e+01
2.021615028381347656e+01
2.021999931335449219e+01
2.021104431152343750e+01
2.020844459533691406e+01
2.023175239562988281e+01
2.021261787414550781e+01
2.020996856689453125e+01
2.020928764343261719e+01
2.020725631713867188e+01
2.020494461059570312e+01
2.020657348632812500e+01
2.021434593200683594e+01
2.020633316040039062e+01
2.020234489440917969e+01
2.020955467224121094e+01
2.022428321838378906e+01
2.022554397583007812e+01
2.022211456298828125e+01
2.021483802795410156e+01
2.020964241027832031e+01
2.021797943115234375e+01
2.024840354919433594e+01
2.022284889221191406e+01
2.020978164672851562e+01
2.020601081848144531e+01
2.023537635803222656e+01
2.020604133605957031e+01
2.020127677917480469e+01
2.020637702941894531e+01
2.021043968200683594e+01
2.020414733886718750e+01
2.019296646118164062e+01
2.021152114868164062e+01
2.022112846374511719e+01
2.020401191711425781e+01
2.022558975219726562e+01
2.020715141296386719e+01
2.020785331726074219e+01
2.020975303649902344e+01
2.021515846252441406e+01
2.021369171142578125e+01
2.024156379699707031e+01
2.021254920959472656e+01
2.020143508911132812e+01
2.022110366821289062e+01
2.020616722106933594e+01
2.019865036010742188e+01
2.023735237121582031e+01
2.020277976989746094e+01
2.021462059020996094e+01
2.021403312683105469e+01
2.021696662902832031e+01
2.019915390014648438e+01
2.019735908508300781e+01
2.020430564880371094e+01
2.020863533020019531e+01
2.021929931640625000e+01
2.022728538513183594e+01
2.021212768554687500e+01
2.020965385437011719e+01
2.022172737121582031e+01
2.020359420776367188e+01
2.020127487182617188e+01
2.022199630737304688e+01
2.020815658569335938e+01
2.020203971862792969e+01
2.022022247314453125e+01
2.020183753967285156e+01
2.025996017456054688e+01
2.020873451232910156e+01
2.021420288085937500e+01
2.021411895751953125e+01
2.023144531250000000e+01
2.020626449584960938e+01
2.021784400939941406e+01
2.020879173278808594e+01
2.021327018737792969e+01
2.020544624328613281e+01
2.021188735961914062e+01
2.024010658264160156e+01
2.020534133911132812e+01
2.020981025695800781e+01
2.021683502197265625e+01
2.022475242614746094e+01
2.021398353576660156e+01
2.021000671386718750e+01
2.020619010925292969e+01
2.021907043457031250e+01
2.020398521423339844e+01
2.021884727478027344e+01
2.019923210144042969e+01
2.021096420288085938e+01
2.020309448242187500e+01
2.019239425659179688e+01
2.021009445190429688e+01
2.022800064086914062e+01
2.020996284484863281e+01
2.021684265136718750e+01
2.021208000183105469e+01
2.021829605102539062e+01
2.020519447326660156e+01
2.020932579040527344e+01
2.020529937744140625e+01
2.022580337524414062e+01
2.021900749206542969e+01
2.020258140563964844e+01
2.021084403991699219e+01
2.021835517883300781e+01
2.021108627319335938e+01
2.019936180114746094e+01
2.020624351501464844e+01
2.020715904235839844e+01
2.020948219299316406e+01
2.022509574890136719e+01
2.021147155761718750e+01
2.021986579895019531e+01
2.021774291992187500e+01
2.020549774169921875e+01
2.021617889404296875e+01
2.021280288696289062e+01
2.020133590698242188e+01
2.022410583496093750e+01
2.023778343200683594e+01
2.021358299255371094e+01
2.020202255249023438e+01
2.020998191833496094e+01
2.021682357788085938e+01
2.020889282226562500e+01
2.022113227844238281e+01
2.021449661254882812e+01
2.021697998046875000e+01
2.021767234802246094e+01
2.023286247253417969e+01
2.021446418762207031e+01
2.020661354064941406e+01
2.021770095825195312e+01
2.021336364746093750e+01
2.021670150756835938e+01
2.023359298706054688e+01
2.020926666259765625e+01
2.021742057800292969e+01
2.022879409790039062e+01
2.021840095520019531e+01
2.023888206481933594e+01
2.020174026489257812e+01
2.021583747863769531e+01
2.021188354492187500e+01
2.023066711425781250e+01
2.020219612121582031e+01
2.020143318176269531e+01
2.020570945739746094e+01
2.021207237243652344e+01
2.019709777832031250e+01
2.021890068054199219e+01
2.021471214294433594e+01
2.020323753356933594e+01
2.021334457397460938e+01
2.020480155944824219e+01
2.020491790771484375e+01
2.020564842224121094e+01
2.019451141357421875e+01
2.021231842041015625e+01
2.021389389038085938e+01
2.022020149230957031e+01
2.021357727050781250e+01
2.019907379150390625e+01
2.021337699890136719e+01
2.021149444580078125e+01
2.020246887207031250e+01
2.021227836608886719e+01
2.020424461364746094e+01
2.021212959289550781e+01
2.021800231933593750e+01
2.020888137817382812e+01
2.020871162414550781e+01
2.021398353576660156e+01
2.021024894714355469e+01
2.020990562438964844e+01
2.020401382446289062e+01
2.021296501159667969e+01
2.020089530944824219e+01
2.020889282226562500e+01
2.022165489196777344e+01
2.020519447326660156e+01
2.022157096862792969e+01
2.021114730834960938e+01
2.021047401428222656e+01
2.020565795898437500e+01
2.020499610900878906e+01
2.020561027526855469e+01
2.020793724060058594e+01
2.020596313476562500e+01
2.020267677307128906e+01
2.020576858520507812e+01
2.020430374145507812e+01
2.020165252685546875e+01
2.020823860168457031e+01
2.022412109375000000e+01
2.020428085327148438e+01
2.021249198913574219e+01
2.020269966125488281e+01
2.020763015747070312e+01
2.021266937255859375e+01
2.020441246032714844e+01
2.020966339111328125e+01
2.020955085754394531e+01
2.021345520019531250e+01
2.020112037658691406e+01
2.022176170349121094e+01
2.022279930114746094e+01
2.021542358398437500e+01
2.020363044738769531e+01
2.021483993530273438e+01
2.022381591796875000e+01
2.021197319030761719e+01
2.020416450500488281e+01
2.021058845520019531e+01
2.020545959472656250e+01
2.020585441589355469e+01
2.020003890991210938e+01
2.020932197570800781e+01
2.019519615173339844e+01
2.021163749694824219e+01
2.020359611511230469e+01
2.021458244323730469e+01
2.023191070556640625e+01
2.020060348510742188e+01
2.022046661376953125e+01
2.021382904052734375e+01
2.021633338928222656e+01
2.022075080871582031e+01
