2.034283256530761719e+01
2.021342658996582031e+01
2.020160293579101562e+01
2.020706176757812500e+01
2.019654846191406250e+01
2.019923210144042969e+01
2.020055007934570312e+01
2.020898628234863281e+01
2.019213485717773438e+01
2.020076942443847656e+01
2.019468307495117188e+01
2.019455337524414062e+01
2.021281814575195312e+01
2.019892311096191406e+01
2.019736480712890625e+01
2.019990921020507812e+01
2.019601821899414062e+01
2.019226455688476562e+01
2.020268630981445312e+01
2.019586944580078125e+01
2.020144462585449219e+01
2.020204544067382812e+01
2.019386863708496094e+01
2.019221496582031250e+01
2.019959449768066406e+01
2.019384574890136719e+01
2.019535636901855469e+01
2.019877433776855469e+01
2.019543266296386719e+01
2.019658470153808594e+01
2.019959640502929688e+01
2.019980049133300781e+01
2.019583511352539062e+01
2.019830131530761719e+01
2.019914627075195312e+01
2.019793128967285156e+01
2.019886779785156250e+01
2.019799804687500000e+01
2.020648765563964844e+01
2.019648170471191406e+01
2.019413375854492188e+01
2.019584465026855469e+01
2.019358825683593750e+01
2.019766235351562500e+01
2.019962882995605469e+01
2.020176315307617188e+01
2.019562721252441406e+01
2.019969558715820312e+01
2.020008850097656250e+01
2.019634628295898438e+01
2.020122718811035156e+01
2.019773292541503906e+01
2.020079040527343750e+01
2.020262718200683594e+01
2.019024085998535156e+01
2.019768714904785156e+01
2.019420623779296875e+01
2.019665336608886719e+01
2.020166397094726562e+01
2.019805908203125000e+01
2.019079780578613281e+01
2.021806907653808594e+01
2.019366645812988281e+01
2.019998359680175781e+01
2.019791793823242188e+01
2.019837760925292969e+01
2.020907592773437500e+01
2.020333290100097656e+01
2.020162773132324219e+01
2.020410346984863281e+01
2.019141960144042969e+01
2.019548225402832031e+01
2.019727706909179688e+01
2.020385551452636719e+01
2.020264625549316406e+01
2.019695472717285156e+01
2.020037460327148438e+01
2.019544982910156250e+01
2.019302749633789062e+01
2.019425773620605469e+01
2.019267463684082031e+01
2.019448852539062500e+01
2.020687103271484375e+01
2.019796943664550781e+01
2.019828605651855469e+01
2.019764900207519531e+01
2.020656967163085938e+01
2.019581222534179688e+01
2.019096946716308594e+01
2.020044326782226562e+01
2.021554374694824219e+01
2.019544601440429688e+01
2.019252395629882812e+01
2.019548034667968750e+01
2.019759750366210938e+01
2.020277404785156250e+01
2.021181488037109375e+01
2.019838523864746094e+01
2.020292282104492188e+01
2.020192718505859375e+01
2.019650650024414062e+01
2.019427299499511719e+01
2.019160461425781250e+01
2.020008850097656250e+01
2.020585632324218750e+01
2.020264625549316406e+01
2.019742965698242188e+01
2.019755744934082031e+01
2.020234298706054688e+01
2.019467926025390625e+01
2.019637680053710938e+01
2.019391059875488281e+01
2.019775962829589844e+01
2.019719123840332031e+01
2.019964408874511719e+01
2.019787788391113281e+01
2.019896316528320312e+01
2.020163154602050781e+01
2.019753646850585938e+01
2.019517517089843750e+01
2.019565391540527344e+01
2.019393157958984375e+01
2.019983673095703125e+01
2.019423675537109375e+01
2.019588661193847656e+01
2.019182777404785156e+01
2.020429611206054688e+01
2.020287513732910156e+01
2.020033264160156250e+01
2.020328903198242188e+01
2.020404434204101562e+01
2.021958541870117188e+01
2.019722747802734375e+01
2.019177818298339844e+01
2.019362449645996094e+01
2.019392013549804688e+01
2.019536781311035156e+01
2.019734764099121094e+01
2.020587730407714844e+01
2.019989776611328125e+01
2.020462417602539062e+01
2.019489669799804688e+01
2.019907951354980469e+01
2.019698333740234375e+01
2.019293785095214844e+01
2.019619178771972656e+01
2.019562911987304688e+01
2.020219230651855469e+01
2.020015716552734375e+01
2.019712829589843750e+01
2.019828033447265625e+01
2.019814872741699219e+01
2.020281791687011719e+01
2.020165252685546875e+01
2.020630073547363281e+01
2.019925308227539062e+01
2.019135093688964844e+01
2.020016479492187500e+01
2.019738388061523438e+01
2.019417381286621094e+01
2.019307327270507812e+01
2.020275878906250000e+01
2.019756126403808594e+01
2.020239448547363281e+01
2.019426155090332031e+01
2.019250679016113281e+01
2.019356346130371094e+01
2.019386672973632812e+01
2.019426918029785156e+01
2.019418525695800781e+01
2.020522880554199219e+01
2.019776916503906250e+01
2.019791221618652344e+01
2.020213127136230469e+01
2.019681167602539062e+01
2.019674301147460938e+01
2.019868659973144531e+01
2.018963050842285156e+01
2.019123458862304688e+01
2.019329071044921875e+01
2.019845199584960938e+01
2.020001029968261719e+01
2.020252418518066406e+01
2.019807434082031250e+01
2.020167922973632812e+01
2.019585609436035156e+01
2.019429397583007812e+01
2.020276260375976562e+01
2.019618797302246094e+01
2.019659614562988281e+01
2.019551849365234375e+01
2.019609832763671875e+01
2.020329284667968750e+01
2.018509101867675781e+01
2.019423484802246094e+01
2.020034599304199219e+01
2.019447898864746094e+01
2.021279907226562500e+01
2.021499633789062500e+01
2.019958114624023438e+01
2.019805908203125000e+01
2.019663619995117188e+01
2.019346237182617188e+01
2.019656372070312500e+01
2.019808006286621094e+01
2.019715881347656250e+01
2.020266723632812500e+01
2.020310783386230469e+01
2.019445800781250000e+01
2.019348907470703125e+01
2.020483016967773438e+01
2.019474220275878906e+01
2.019941139221191406e+01
2.020215606689453125e+01
2.020252609252929688e+01
2.019772720336914062e+01
2.020003128051757812e+01
2.021010780334472656e+01
2.019233703613281250e+01
2.020127105712890625e+01
2.021207427978515625e+01
2.020495223999023438e+01
2.019179344177246094e+01
2.019917106628417969e+01
2.020009803771972656e+01
2.019353675842285156e+01
2.019835281372070312e+01
2.020028495788574219e+01
2.020031356811523438e+01
2.019581604003906250e+01
2.019678688049316406e+01
2.019493865966796875e+01
2.019443511962890625e+01
2.020067405700683594e+01
2.019028091430664062e+01
2.019942092895507812e+01
2.019659042358398438e+01
2.019596481323242188e+01
2.019050788879394531e+01
2.019584465026855469e+01
2.019939804077148438e+01
2.020041656494140625e+01
2.019699287414550781e+01
2.019458770751953125e+01
2.019272804260253906e+01
2.019252967834472656e+01
2.020035362243652344e+01
2.019502258300781250e+01
2.020185661315917969e+01
2.019848823547363281e+01
2.018951034545898438e+01
2.019710540771484375e+01
2.019448661804199219e+01
2.019774055480957031e+01
2.020009040832519531e+01
2.019680976867675781e+01
2.019459915161132812e+01
2.020475006103515625e+01
2.019486808776855469e+01
2.020611381530761719e+01
2.019867897033691406e+01
2.019456672668457031e+01
2.019742965698242188e+01
2.020354652404785156e+01
2.019948196411132812e+01
2.020413970947265625e+01
2.020323371887207031e+01
2.019564437866210938e+01
2.019789886474609375e+01
2.019656562805175781e+01
2.020149230957031250e+01
2.019380378723144531e+01
2.019907951354980469e+01
2.019284439086914062e+01
2.020552635192871094e+01
2.020231628417968750e+01
2.020248222351074219e+01
2.019740295410156250e+01
2.020012283325195312e+01
2.019832229614257812e+01
2.019630622863769531e+01
2.021452140808105469e+01
2.020781326293945312e+01
2.019291305541992188e+01
2.019870376586914062e+01
2.019077110290527344e+01
2.019637298583984375e+01
2.019380950927734375e+01
2.019813728332519531e+01
2.019278717041015625e+01
2.019654655456542969e+01
2.020306968688964844e+01
2.019555854797363281e+01
2.019418525695800781e+01
2.019455718994140625e+01
2.021222496032714844e+01
2.019375610351562500e+01
2.019912719726562500e+01
2.020762252807617188e+01
2.019584846496582031e+01
2.019749450683593750e+01
2.019360542297363281e+01
2.021647071838378906e+01
2.021326255798339844e+01
2.019167900085449219e+01
2.020103836059570312e+01
2.019877243041992188e+01
2.019661331176757812e+01
2.019842720031738281e+01
2.019684028625488281e+01
2.019972419738769531e+01
2.019776535034179688e+01
2.020375061035156250e+01
2.019446754455566406e+01
2.019241333007812500e+01
2.019454956054687500e+01
2.020134353637695312e+01
2.019496345520019531e+01
2.020249176025390625e+01
2.021013069152832031e+01
2.019723129272460938e+01
2.022192192077636719e+01
2.019796943664550781e+01
2.019701004028320312e+01
2.020190238952636719e+01
2.020307159423828125e+01
2.019111061096191406e+01
2.019702529907226562e+01
2.019957542419433594e+01
2.020129776000976562e+01
2.019779205322265625e+01
2.019553184509277344e+01
2.019076156616210938e+01
2.020223617553710938e+01
2.020048522949218750e+01
2.019569396972656250e+01
2.019967651367187500e+01
2.020314788818359375e+01
2.019694137573242188e+01
2.019256401062011719e+01
2.019790077209472656e+01
2.019002532958984375e+01
2.019845390319824219e+01
2.020334243774414062e+01
2.020254325866699219e+01
2.018996047973632812e+01
2.019582176208496094e+01
2.019688034057617188e+01
2.019338035583496094e+01
2.019806480407714844e+01
2.019777870178222656e+01
2.019577407836914062e+01
2.020493507385253906e+01
2.020000076293945312e+01
2.019697761535644531e+01
2.021139907836914062e+01
2.020145606994628906e+01
2.019523811340332031e+01
2.020031356811523438e+01
2.020013809204101562e+01
2.019721984863281250e+01
2.019809341430664062e+01
2.020555305480957031e+01
2.019272613525390625e+01
2.019748687744140625e+01
2.021504211425781250e+01
2.019538688659667969e+01
2.020115661621093750e+01
2.019689750671386719e+01
2.019828987121582031e+01
2.019130706787109375e+01
2.020068168640136719e+01
2.019869613647460938e+01
2.019749832153320312e+01
2.019940185546875000e+01
2.019624137878417969e+01
2.020192718505859375e+01
2.020384025573730469e+01
2.019387817382812500e+01
2.020239830017089844e+01
2.020363426208496094e+01
2.019645309448242188e+01
2.019052886962890625e+01
2.019640350341796875e+01
2.019959449768066406e+01
2.019751930236816406e+01
2.019279289245605469e+01
2.020201492309570312e+01
2.020431137084960938e+01
2.020241165161132812e+01
2.019974899291992188e+01
2.019442939758300781e+01
2.021934890747070312e+01
2.019524002075195312e+01
2.019441795349121094e+01
2.019516563415527344e+01
2.019945144653320312e+01
2.020085906982421875e+01
2.019485473632812500e+01
2.019649505615234375e+01
2.019978141784667969e+01
2.019903373718261719e+01
2.019852066040039062e+01
2.020733833312988281e+01
2.019278144836425781e+01
2.019823455810546875e+01
2.019879150390625000e+01
2.019890785217285156e+01
2.019146537780761719e+01
2.019659805297851562e+01
2.019627952575683594e+01
2.020681762695312500e+01
2.019189643859863281e+01
2.020264244079589844e+01
2.019998359680175781e+01
2.019549369812011719e+01
2.020476531982421875e+01
2.020299148559570312e+01
2.019960403442382812e+01
2.019039916992187500e+01
2.019322013854980469e+01
2.020526695251464844e+01
2.021854782104492188e+01
2.019836235046386719e+01
2.020532417297363281e+01
2.020019149780273438e+01
2.019349288940429688e+01
2.020719718933105469e+01
2.019616508483886719e+01
2.019954299926757812e+01
2.020637893676757812e+01
2.019517326354980469e+01
2.019393539428710938e+01
2.019947433471679688e+01
2.019579315185546875e+01
2.020178794860839844e+01
2.019749450683593750e+01
2.020048713684082031e+01
2.019848442077636719e+01
2.019716072082519531e+01
2.019789314270019531e+01
2.019865798950195312e+01
2.019864845275878906e+01
2.019632530212402344e+01
2.019963645935058594e+01
2.020599174499511719e+01
2.020267868041992188e+01
2.020345497131347656e+01
2.019269371032714844e+01
2.019769287109375000e+01
2.019640159606933594e+01
2.020420837402343750e+01
2.020016670227050781e+01
2.019712829589843750e+01
2.019642257690429688e+01
2.019823455810546875e+01
2.019519615173339844e+01
2.020195007324218750e+01
2.020178222656250000e+01
2.019520759582519531e+01
2.019945716857910156e+01
2.019510459899902344e+01
2.020114898681640625e+01
2.019455337524414062e+01
2.020247268676757812e+01
2.019956779479980469e+01
2.019573211669921875e+01
2.020893859863281250e+01
2.019676017761230469e+01
2.019256210327148438e+01
2.019944763183593750e+01
2.020368003845214844e+01
2.020754432678222656e+01
2.020453453063964844e+01
2.019621467590332031e+01
2.019545555114746094e+01
2.019512367248535156e+01
2.019418334960937500e+01
2.019168853759765625e+01
2.019830703735351562e+01
2.019185447692871094e+01
2.019917678833007812e+01
2.019677734375000000e+01
2.019508934020996094e+01
2.019608116149902344e+01
2.019869613647460938e+01
2.020107841491699219e+01
2.020396232604980469e+01
2.019170570373535156e+01
2.019761276245117188e+01
2.019592857360839844e+01
2.019452095031738281e+01
2.020748710632324219e+01
2.020387268066406250e+01
2.019419860839843750e+01
2.019908332824707031e+01
2.019292259216308594e+01
2.020166969299316406e+01
2.020021057128906250e+01
2.019820213317871094e+01
2.019838523864746094e+01
2.019853782653808594e+01
2.020040512084960938e+01
2.019239616394042969e+01
2.019634437561035156e+01
2.019728660583496094e+01
2.019518661499023438e+01
2.019495391845703125e+01
2.019446182250976562e+01
2.019962692260742188e+01
2.020278930664062500e+01
2.020101547241210938e+01
2.020073509216308594e+01
2.020512771606445312e+01
2.019721221923828125e+01
2.019861221313476562e+01
2.020309257507324219e+01
2.019581413269042969e+01
2.019337272644042969e+01
2.020628547668457031e+01
2.019629287719726562e+01
2.019959449768066406e+01
2.020461654663085938e+01
2.019473838806152344e+01
2.019318008422851562e+01
2.020863914489746094e+01
2.019195556640625000e+01
2.021174812316894531e+01
2.019927787780761719e+01
2.019356346130371094e+01
2.019548988342285156e+01
2.019103813171386719e+01
2.021487617492675781e+01
2.020357894897460938e+01
2.020093727111816406e+01
2.020437622070312500e+01
2.020001411437988281e+01
2.019241905212402344e+01
2.019918060302734375e+01
2.019930076599121094e+01
2.019631958007812500e+01
2.020090103149414062e+01
2.019330215454101562e+01
2.019937324523925781e+01
2.019907760620117188e+01
2.020593833923339844e+01
2.019337463378906250e+01
2.019699859619140625e+01
2.018841171264648438e+01
2.019676399230957031e+01
2.019664001464843750e+01
2.020135879516601562e+01
2.019112586975097656e+01
2.019851875305175781e+01
2.019261741638183594e+01
2.019765853881835938e+01
2.019965744018554688e+01
2.020581626892089844e+01
2.022757911682128906e+01
2.019870376586914062e+01
2.020706176757812500e+01
2.019591903686523438e+01
2.019370079040527344e+01
2.020211982727050781e+01
2.019665145874023438e+01
2.019362831115722656e+01
2.020096778869628906e+01
2.019687080383300781e+01
2.019872474670410156e+01
2.020272254943847656e+01
2.020043182373046875e+01
2.019414138793945312e+01
2.020709228515625000e+01
2.020230865478515625e+01
2.019414329528808594e+01
2.021144294738769531e+01
2.019919204711914062e+01
2.020720863342285156e+01
2.019206809997558594e+01
2.020141983032226562e+01
2.019388008117675781e+01
2.019754791259765625e+01
2.019805717468261719e+01
2.019019126892089844e+01
2.020467376708984375e+01
2.019302558898925781e+01
2.019946098327636719e+01
2.020421409606933594e+01
2.020084190368652344e+01
2.019279861450195312e+01
2.020943641662597656e+01
2.019870376586914062e+01
2.019498825073242188e+01
2.019564056396484375e+01
2.020352745056152344e+01
2.020532989501953125e+01
2.019962120056152344e+01
2.020109748840332031e+01
2.019740295410156250e+01
2.019570922851562500e+01
2.019849395751953125e+01
2.019617652893066406e+01
2.019771957397460938e+01
2.019942474365234375e+01
2.019495391845703125e+01
2.019486808776855469e+01
2.019786643981933594e+01
2.019797134399414062e+01
2.020264244079589844e+01
2.019224929809570312e+01
2.020542144775390625e+01
2.020303726196289062e+01
2.019460678100585938e+01
2.021268272399902344e+01
2.020054817199707031e+01
2.019688987731933594e+01
2.019841766357421875e+01
2.020087051391601562e+01
2.019847106933593750e+01
2.021486663818359375e+01
2.020609283447265625e+01
2.020100212097167969e+01
2.020773506164550781e+01
2.020268249511718750e+01
2.020691490173339844e+01
2.019740867614746094e+01
2.019259643554687500e+01
2.019970512390136719e+01
2.019215393066406250e+01
2.019802093505859375e+01
2.020525169372558594e+01
2.019149780273437500e+01
2.019669914245605469e+01
2.019911956787109375e+01
2.019863891601562500e+01
2.019567680358886719e+01
2.021401596069335938e+01
2.021161651611328125e+01
2.019982528686523438e+01
2.020503997802734375e+01
2.019845962524414062e+01
2.019204902648925781e+01
2.019138336181640625e+01
2.020881462097167969e+01
2.020065689086914062e+01
2.018759536743164062e+01
2.019705772399902344e+01
2.019570732116699219e+01
2.019420433044433594e+01
2.020358848571777344e+01
2.019906806945800781e+01
2.019609260559082031e+01
2.019201278686523438e+01
2.019639587402343750e+01
2.019801139831542969e+01
2.021105766296386719e+01
2.019109916687011719e+01
2.020010948181152344e+01
2.019847869873046875e+01
2.020134353637695312e+01
2.019666481018066406e+01
2.019692993164062500e+01
2.019329452514648438e+01
2.019568252563476562e+01
2.019742584228515625e+01
2.021144485473632812e+01
2.021016883850097656e+01
2.019849205017089844e+01
2.021595382690429688e+01
2.019019889831542969e+01
2.020437240600585938e+01
2.019795036315917969e+01
2.020156097412109375e+01
2.020057487487792969e+01
2.019672584533691406e+01
2.019690513610839844e+01
2.019286537170410156e+01
2.020584487915039062e+01
2.019609832763671875e+01
2.020914268493652344e+01
2.019530868530273438e+01
2.019462585449218750e+01
2.019044876098632812e+01
2.019615554809570312e+01
2.019920158386230469e+01
2.019509315490722656e+01
2.020027351379394531e+01
2.019449806213378906e+01
2.019264602661132812e+01
2.020472526550292969e+01
2.019809722900390625e+01
2.019340705871582031e+01
2.019355392456054688e+01
2.019902229309082031e+01
2.019504737854003906e+01
2.019759178161621094e+01
2.019981956481933594e+01
2.020159149169921875e+01
2.019890022277832031e+01
2.019902420043945312e+01
2.019950866699218750e+01
2.019363594055175781e+01
2.019716262817382812e+01
2.019622421264648438e+01
2.019699859619140625e+01
2.020063781738281250e+01
2.019766044616699219e+01
2.019781875610351562e+01
2.020080947875976562e+01
2.020303916931152344e+01
2.019609260559082031e+01
2.019589614868164062e+01
2.019789505004882812e+01
2.020163345336914062e+01
2.019398307800292969e+01
2.020480155944824219e+01
2.019771957397460938e+01
2.019466209411621094e+01
2.019792366027832031e+01
2.019970703125000000e+01
2.020362472534179688e+01
2.019849777221679688e+01
2.020640563964843750e+01
2.019878196716308594e+01
2.021245002746582031e+01
2.021056938171386719e+01
2.019690513610839844e+01
2.019540405273437500e+01
2.020514297485351562e+01
2.018993759155273438e+01
2.019752883911132812e+01
2.019629478454589844e+01
2.020503616333007812e+01
2.020895385742187500e+01
2.019597434997558594e+01
2.019480514526367188e+01
2.019342041015625000e+01
2.019598960876464844e+01
2.019511985778808594e+01
2.020366859436035156e+01
2.019661712646484375e+01
2.019418907165527344e+01
2.019201660156250000e+01
2.019094467163085938e+01
2.019445991516113281e+01
2.020117187500000000e+01
2.020110702514648438e+01
2.019443511962890625e+01
2.020397949218750000e+01
2.019494438171386719e+01
2.019990348815917969e+01
2.019126701354980469e+01
2.019538688659667969e+01
2.020544624328613281e+01
2.019566345214843750e+01
2.019641685485839844e+01
2.020128059387207031e+01
2.019375228881835938e+01
2.020382118225097656e+01
2.019635772705078125e+01
2.019738006591796875e+01
2.020458984375000000e+01
2.019602775573730469e+01
2.019350814819335938e+01
2.019488525390625000e+01
2.019766044616699219e+01
2.019546318054199219e+01
2.019762039184570312e+01
2.019631958007812500e+01
2.019472885131835938e+01
2.019577598571777344e+01
2.019581413269042969e+01
2.019042587280273438e+01
2.019529151916503906e+01
2.019348526000976562e+01
2.019912719726562500e+01
2.020429801940917969e+01
2.020524215698242188e+01
2.019658851623535156e+01
2.019082260131835938e+01
2.019866180419921875e+01
2.020090675354003906e+01
2.019841003417968750e+01
2.019244766235351562e+01
2.019874763488769531e+01
2.019319343566894531e+01
2.020208358764648438e+01
2.019546318054199219e+01
2.019498634338378906e+01
2.020054817199707031e+01
2.020461654663085938e+01
2.019819641113281250e+01
2.019935417175292969e+01
2.020784378051757812e+01
2.020609283447265625e+01
2.019878768920898438e+01
2.019900894165039062e+01
2.019514846801757812e+01
2.019350433349609375e+01
2.019629287719726562e+01
2.019584846496582031e+01
2.019633674621582031e+01
2.019958686828613281e+01
2.019489860534667969e+01
2.019251632690429688e+01
2.019341468811035156e+01
2.019901466369628906e+01
2.020388603210449219e+01
2.021442222595214844e+01
2.019779205322265625e+01
2.019548606872558594e+01
2.020527648925781250e+01
2.020606613159179688e+01
2.019851493835449219e+01
2.019311332702636719e+01
2.019777107238769531e+01
2.019385337829589844e+01
2.019672966003417969e+01
2.019538879394531250e+01
2.019472122192382812e+01
2.019557571411132812e+01
2.021454620361328125e+01
2.019588661193847656e+01
2.019413375854492188e+01
2.019699668884277344e+01
2.019837570190429688e+01
2.019927215576171875e+01
2.021401214599609375e+01
2.021343231201171875e+01
2.019965171813964844e+01
2.019591522216796875e+01
2.020674324035644531e+01
2.019202423095703125e+01
2.019738960266113281e+01
2.019520187377929688e+01
2.019792366027832031e+01
2.019928932189941406e+01
2.020038223266601562e+01
2.020428085327148438e+01
2.020515060424804688e+01
2.019083976745605469e+01
2.019139671325683594e+01
2.019957351684570312e+01
2.019590759277343750e+01
2.020323181152343750e+01
2.019820404052734375e+01
2.020393371582031250e+01
2.019071960449218750e+01
2.019746017456054688e+01
2.019917106628417969e+01
2.020223999023437500e+01
2.020169448852539062e+01
2.019572448730468750e+01
2.019587898254394531e+01
2.020629882812500000e+01
2.022585678100585938e+01
2.019784545898437500e+01
2.019991302490234375e+01
2.019579505920410156e+01
2.019892120361328125e+01
2.020648193359375000e+01
2.019468307495117188e+01
2.019361495971679688e+01
2.020006370544433594e+01
2.019009208679199219e+01
2.019345092773437500e+01
2.019714355468750000e+01
2.019117546081542969e+01
2.019285964965820312e+01
2.020814132690429688e+01
2.020268630981445312e+01
2.019676399230957031e+01
2.019805526733398438e+01
2.019951820373535156e+01
2.020290374755859375e+01
2.020278739929199219e+01
2.021343994140625000e+01
2.019887351989746094e+01
2.019633483886718750e+01
2.020031738281250000e+01
2.019791221618652344e+01
2.019212722778320312e+01
2.020052528381347656e+01
2.019575500488281250e+01
2.019844245910644531e+01
2.020318794250488281e+01
2.020655250549316406e+01
2.020167732238769531e+01
2.019857215881347656e+01
2.020141983032226562e+01
2.019779586791992188e+01
2.020540237426757812e+01
2.020393180847167969e+01
2.019841003417968750e+01
2.020174217224121094e+01
2.019515609741210938e+01
2.020171737670898438e+01
2.020030975341796875e+01
2.019547080993652344e+01
2.019738006591796875e+01
2.020211601257324219e+01
2.019357872009277344e+01
2.019417190551757812e+01
2.019042205810546875e+01
2.019315719604492188e+01
2.021960639953613281e+01
2.019557571411132812e+01
2.020050239562988281e+01
2.019771003723144531e+01
2.019665718078613281e+01
2.019660758972167969e+01
2.020057296752929688e+01
2.020036125183105469e+01
2.019706535339355469e+01
2.020945549011230469e+01
2.019637107849121094e+01
2.019816589355468750e+01
2.019205093383789062e+01
2.020080375671386719e+01
2.019695091247558594e+01
2.020129966735839844e+01
2.019524574279785156e+01
2.019339942932128906e+01
2.019889068603515625e+01
2.019830703735351562e+01
2.019614219665527344e+01
2.019256019592285156e+01
2.019741821289062500e+01
2.019330024719238281e+01
2.019703674316406250e+01
2.019625091552734375e+01
2.019658660888671875e+01
2.019920730590820312e+01
2.020491600036621094e+01
2.018808364868164062e+01
2.020447731018066406e+01
2.020078659057617188e+01
2.019775962829589844e+01
2.019746971130371094e+01
2.020483970642089844e+01
2.019216156005859375e+01
2.019638824462890625e+01
2.020629119873046875e+01
2.019160079956054688e+01
2.019336700439453125e+01
2.021156120300292969e+01
2.019742202758789062e+01
2.019132423400878906e+01
2.021741676330566406e+01
2.020784759521484375e+01
2.019659805297851562e+01
2.019367790222167969e+01
2.019294166564941406e+01
2.020013046264648438e+01
2.019285392761230469e+01
2.019658088684082031e+01
2.022203063964843750e+01
2.020165443420410156e+01
2.019244956970214844e+01
2.019568252563476562e+01
2.019899368286132812e+01
2.019749641418457031e+01
2.020159912109375000e+01
2.019679832458496094e+01
2.019935989379882812e+01
2.020061492919921875e+01
2.020761108398437500e+01
2.019472312927246094e+01
2.019975662231445312e+01
2.020069122314453125e+01
2.019578170776367188e+01
2.019482612609863281e+01
2.020071792602539062e+01
2.019643974304199219e+01
2.019776916503906250e+01
2.019325256347656250e+01
2.020059776306152344e+01
2.019642448425292969e+01
2.019172477722167969e+01
2.019576454162597656e+01
2.019605255126953125e+01
2.019860076904296875e+01
2.019828987121582031e+01
2.022284126281738281e+01
2.020365715026855469e+01
2.019934272766113281e+01
2.019905853271484375e+01
2.019898033142089844e+01
2.020463371276855469e+01
2.020359420776367188e+01
2.020377922058105469e+01
2.020629310607910156e+01
2.020134162902832031e+01
2.019318199157714844e+01
2.019848823547363281e+01
2.019521331787109375e+01
2.019874191284179688e+01
2.021255874633789062e+01
2.020760536193847656e+01
2.020408630371093750e+01
