8.418664336204528809e-02
7.771949470043182373e-02
5.578587949275970459e-02
3.599563986063003540e-02
2.975808642804622650e-02
2.660393528640270233e-02
2.418616041541099548e-02
2.217315696179866791e-02
2.026852406561374664e-02
1.861782744526863098e-02
1.718993112444877625e-02
1.586685515940189362e-02
1.453861407935619354e-02
1.362559851258993149e-02
1.260951068252325058e-02
1.177013479173183441e-02
1.079489476978778839e-02
1.028036233037710190e-02
9.689253754913806915e-03
9.112577885389328003e-03
8.627250790596008301e-03
8.245808072388172150e-03
7.805690634995698929e-03
7.495035883039236069e-03
7.107647135853767395e-03
6.786026060581207275e-03
6.516372784972190857e-03
6.306360941380262375e-03
6.260633002966642380e-03
5.984974559396505356e-03
5.807715933769941330e-03
5.749703850597143173e-03
5.479625891894102097e-03
5.125707015395164490e-03
5.321148317307233810e-03
4.888121504336595535e-03
4.809346050024032593e-03
4.967734217643737793e-03
4.891490098088979721e-03
4.529873840510845184e-03
4.400763660669326782e-03
4.453551489859819412e-03
4.188145510852336884e-03
4.283116199076175690e-03
4.164292477071285248e-03
4.132207017391920090e-03
4.282792564481496811e-03
3.893978660926222801e-03
4.071690142154693604e-03
3.871663939207792282e-03
3.794406307861208916e-03
3.936944995075464249e-03
3.573447465896606445e-03
3.553008195012807846e-03
3.683310467749834061e-03
3.543624188750982285e-03
3.444339381530880928e-03
3.571742679923772812e-03
3.427389077842235565e-03
3.419928485527634621e-03
3.322750097140669823e-03
3.281779587268829346e-03
3.395509440451860428e-03
3.371242899447679520e-03
3.300384618341922760e-03
3.109328681603074074e-03
3.186313668265938759e-03
3.061418421566486359e-03
3.277876647189259529e-03
2.957344986498355865e-03
2.915048971772193909e-03
3.031807253137230873e-03
2.909771399572491646e-03
3.130459226667881012e-03
2.805687021464109421e-03
2.984932623803615570e-03
3.042669035494327545e-03
2.901527332141995430e-03
2.778381109237670898e-03
2.835670486092567444e-03
2.805745229125022888e-03
2.766310004517436028e-03
2.696026582270860672e-03
2.770070452243089676e-03
2.611106261610984802e-03
2.589774550870060921e-03
2.849691314622759819e-03
2.616787794977426529e-03
2.763418946415185928e-03
2.639514626935124397e-03
2.491263439878821373e-03
2.594548277556896210e-03
2.406147075816988945e-03
2.580086467787623405e-03
2.514296909794211388e-03
2.457315567880868912e-03
2.387017942965030670e-03
2.508622594177722931e-03
2.622976200655102730e-03
2.616388723254203796e-03
2.265488728880882263e-03
2.270063618198037148e-03
2.253738464787602425e-03
2.382259583100676537e-03
2.662501763552427292e-03
2.471476094797253609e-03
2.263175789266824722e-03
2.254214603453874588e-03
2.228065393865108490e-03
2.416751347482204437e-03
2.220133086666464806e-03
2.369013382121920586e-03
2.311788499355316162e-03
2.154547953978180885e-03
2.136120805516839027e-03
2.129923319444060326e-03
2.255320083349943161e-03
2.342667663469910622e-03
2.193295164033770561e-03
2.157078124582767487e-03
2.273478545248508453e-03
2.213268307968974113e-03
2.115983283147215843e-03
2.215573331341147423e-03
2.106973202899098396e-03
2.034822013229131699e-03
2.155464608222246170e-03
2.093664603307843208e-03
2.093893708661198616e-03
2.223215997219085693e-03
1.927941688336431980e-03
1.986301504075527191e-03
2.561597619205713272e-03
2.034850884228944778e-03
1.988302916288375854e-03
2.011776901781558990e-03
1.958576729521155357e-03
2.331573050469160080e-03
1.974303275346755981e-03
1.814290415495634079e-03
2.385726664215326309e-03
1.998428022488951683e-03
1.838339376263320446e-03
1.822867896407842636e-03
2.003353321924805641e-03
1.997149316594004631e-03
2.124126534909009933e-03
1.929867896251380444e-03
1.815799972973763943e-03
1.853037509135901928e-03
1.856267917901277542e-03
2.206932986155152321e-03
1.949408673681318760e-03
1.831457135267555714e-03
1.894351909868419170e-03
1.915562315843999386e-03
2.046008827164769173e-03
1.982818823307752609e-03
1.897807233035564423e-03
1.729942741803824902e-03
1.777043216861784458e-03
1.993359299376606941e-03
1.785040716640651226e-03
1.872669905424118042e-03
2.058038488030433655e-03
1.917376648634672165e-03
1.733199460431933403e-03
1.910236314870417118e-03
1.766668283380568027e-03
1.765299472026526928e-03
1.804239582270383835e-03
1.764564309269189835e-03
1.989333424717187881e-03
1.788523513823747635e-03
1.705603557638823986e-03
1.719277352094650269e-03
1.764191780239343643e-03
2.145971404388546944e-03
1.802849583327770233e-03
1.588028622791171074e-03
1.781469327397644520e-03
1.694670063443481922e-03
1.861696131527423859e-03
1.931521459482610226e-03
1.600161544047296047e-03
1.649699639528989792e-03
1.720711588859558105e-03
1.685235067270696163e-03
1.812031609006226063e-03
1.695421873591840267e-03
1.675377483479678631e-03
1.824662555009126663e-03
2.107512904331088066e-03
1.645567128434777260e-03
1.712828292511403561e-03
1.601102296262979507e-03
1.654188032262027264e-03
1.729155192151665688e-03
1.736159669235348701e-03
1.837433315813541412e-03
1.659570727497339249e-03
1.583053381182253361e-03
1.628162222914397717e-03
1.603215350769460201e-03
1.749049290083348751e-03
1.638074987567961216e-03
1.714406185783445835e-03
1.545124687254428864e-03
1.603696960955858231e-03
1.707498217001557350e-03
2.038555219769477844e-03
1.573211979120969772e-03
1.444283989258110523e-03
1.648233621381223202e-03
1.536250114440917969e-03
1.653457991778850555e-03
1.942060422152280807e-03
1.691194367595016956e-03
1.486139488406479359e-03
1.445714151486754417e-03
1.534893875941634178e-03
1.632324187085032463e-03
1.494750031270086765e-03
1.718936720862984657e-03
1.730093848891556263e-03
1.492224051617085934e-03
1.524517545476555824e-03
1.711364137008786201e-03
1.548244152218103409e-03
1.466053538024425507e-03
1.764419721439480782e-03
1.611292362213134766e-03
1.436876831576228142e-03
1.666678930632770061e-03
1.430309144780039787e-03
1.485906774178147316e-03
1.594527740962803364e-03
1.630374928936362267e-03
1.446779118850827217e-03
1.693978672847151756e-03
1.551885972730815411e-03
1.539621618576347828e-03
1.535376650281250477e-03
1.533438800834119320e-03
1.411523669958114624e-03
1.504832529462873936e-03
1.478447113186120987e-03
1.631072023883461952e-03
1.901512965559959412e-03
1.516716438345611095e-03
1.406138064339756966e-03
1.348939724266529083e-03
1.626132521778345108e-03
1.549571985378861427e-03
1.413160469383001328e-03
1.735281315632164478e-03
1.521867234259843826e-03
1.570698106661438942e-03
1.368722412735223770e-03
1.421737251803278923e-03
1.626122742891311646e-03
1.483360305428504944e-03
1.350993523374199867e-03
1.430651056580245495e-03
1.465536304749548435e-03
1.667874632403254509e-03
1.372361788526177406e-03
1.630991348065435886e-03
1.369138364680111408e-03
1.397884218022227287e-03
1.651269267313182354e-03
1.461623702198266983e-03
1.423365902155637741e-03
1.470446935854852200e-03
1.512355054728686810e-03
1.529988250695168972e-03
1.371275051496922970e-03
1.374260638840496540e-03
1.445460016839206219e-03
1.484100357629358768e-03
1.506823347881436348e-03
1.320063020102679729e-03
1.541721052490174770e-03
1.484503271058201790e-03
1.428546849638223648e-03
1.451796968467533588e-03
1.396380248479545116e-03
1.475987955927848816e-03
1.380535075441002846e-03
1.824864652007818222e-03
1.375791034661233425e-03
1.292995293624699116e-03
1.269515138119459152e-03
1.505613327026367188e-03
1.615580753423273563e-03
1.265043043531477451e-03
1.335881999693810940e-03
1.373018254525959492e-03
1.447809161618351936e-03
1.371487625874578953e-03
1.511833630502223969e-03
1.373153529129922390e-03
1.269016996957361698e-03
1.373392413370311260e-03
1.398133928887546062e-03
1.307499594986438751e-03
1.388541539199650288e-03
1.598056522198021412e-03
1.326640020124614239e-03
1.255527720786631107e-03
1.352540683001279831e-03
1.307938480749726295e-03
1.229927875101566315e-03
1.484903390519320965e-03
1.337827532552182674e-03
1.376355648972094059e-03
1.395102939568459988e-03
1.389942597597837448e-03
1.291380613110959530e-03
1.212036237120628357e-03
1.909842132590711117e-03
1.425320631824433804e-03
1.207715249620378017e-03
1.305912155658006668e-03
1.212066854350268841e-03
1.462367479689419270e-03
1.408237614668905735e-03
1.341333379969000816e-03
1.416883314959704876e-03
1.289170468226075172e-03
1.207551802508533001e-03
1.301319687627255917e-03
1.423371024429798126e-03
1.440888270735740662e-03
1.295134657993912697e-03
1.231458620168268681e-03
1.319839037023484707e-03
1.434330595657229424e-03
1.272828667424619198e-03
1.252711750566959381e-03
1.266679260879755020e-03
1.342610339634120464e-03
1.274419017136096954e-03
1.410445664077997208e-03
1.252877525985240936e-03
1.317321555688977242e-03
1.339466427452862263e-03
1.433726632967591286e-03
1.319881062954664230e-03
1.235324540175497532e-03
1.225818181410431862e-03
1.306436490267515182e-03
1.351786311715841293e-03
1.198316458612680435e-03
1.284657628275454044e-03
1.368353841826319695e-03
1.198921701870858669e-03
1.375787076540291309e-03
1.189370290376245975e-03
1.644749310798943043e-03
1.197002944536507130e-03
1.149783725850284100e-03
1.269767410121858120e-03
1.315605826675891876e-03
1.335060573183000088e-03
1.508957357145845890e-03
1.192885683849453926e-03
1.148581504821777344e-03
1.264295540750026703e-03
1.297632465139031410e-03
1.225692802108824253e-03
1.447083777748048306e-03
1.290200976654887199e-03
1.313163083977997303e-03
1.222344348207116127e-03
1.200256403535604477e-03
1.226422959007322788e-03
1.425045193172991276e-03
1.196472672745585442e-03
1.185293076559901237e-03
1.308915088884532452e-03
1.400788431055843830e-03
1.215606811456382275e-03
1.189199974760413170e-03
1.439027138985693455e-03
1.168786897324025631e-03
1.120920060202479362e-03
1.139190746471285820e-03
1.219774130731821060e-03
1.436508027836680412e-03
1.210825168527662754e-03
1.197193050757050514e-03
1.144586480222642422e-03
1.145317684859037399e-03
1.318580121733248234e-03
1.244602492079138756e-03
1.321713556535542011e-03
1.212963135913014412e-03
1.091689453460276127e-03
1.185585046187043190e-03
1.584657933562994003e-03
1.334128552116453648e-03
1.201361883431673050e-03
1.085384166799485683e-03
1.109320670366287231e-03
1.430396107025444508e-03
1.174853998236358166e-03
1.079316483810544014e-03
1.281583332456648350e-03
1.155724865384399891e-03
1.249319990165531635e-03
1.234238734468817711e-03
1.428784104064106941e-03
1.247547683306038380e-03
1.285357517190277576e-03
1.129361917264759541e-03
1.103667425923049450e-03
1.150313182733952999e-03
1.244889339432120323e-03
1.254644826985895634e-03
1.156460377387702465e-03
1.107422634959220886e-03
1.354096224531531334e-03
1.130563789047300816e-03
1.099700341001152992e-03
1.358346664346754551e-03
1.227186527103185654e-03
1.139139989390969276e-03
1.403314061462879181e-03
1.153844757936894894e-03
1.104233670048415661e-03
1.231812057085335255e-03
1.168538932688534260e-03
1.107080257497727871e-03
1.213360344991087914e-03
1.141616376116871834e-03
1.339992973953485489e-03
1.143900677561759949e-03
1.070099533535540104e-03
1.059776521287858486e-03
1.366421114653348923e-03
1.155510777607560158e-03
1.077301451005041599e-03
1.138463849201798439e-03
1.363953459076583385e-03
1.311173778958618641e-03
1.115119433961808681e-03
1.207983237691223621e-03
1.194547861814498901e-03
1.123318332247436047e-03
1.072290469892323017e-03
1.304961275309324265e-03
1.112015452235937119e-03
1.206327811814844608e-03
1.030713552609086037e-03
1.133828307501971722e-03
1.463292632251977921e-03
1.066510681994259357e-03
1.117473701015114784e-03
1.587796024978160858e-03
1.103759161196649075e-03
9.890521178022027016e-04
1.094067585654556751e-03
1.119858003221452236e-03
1.237147836945950985e-03
1.228278968483209610e-03
1.143195666372776031e-03
1.052355743013322353e-03
1.254177768714725971e-03
1.194321666844189167e-03
1.230512978509068489e-03
1.116205705329775810e-03
1.147998729720711708e-03
1.232948154211044312e-03
1.274522161111235619e-03
1.045628101564943790e-03
1.051099738106131554e-03
1.080232323147356510e-03
1.456327736377716064e-03
1.089903409592807293e-03
1.034955959767103195e-03
1.129492418840527534e-03
1.112088910304009914e-03
1.068060519173741341e-03
1.104601542465388775e-03
1.067472272552549839e-03
1.138423685915768147e-03
1.059800037182867527e-03
1.151264645159244537e-03
1.202907995320856571e-03
1.048852107487618923e-03
1.068807323463261127e-03
1.198870129883289337e-03
1.260402495972812176e-03
1.119107124395668507e-03
1.040224917232990265e-03
1.073618535883724689e-03
1.062600989826023579e-03
1.087769633159041405e-03
1.257904339581727982e-03
1.251824083738029003e-03
1.223597209900617599e-03
9.785551810637116432e-04
1.044867327436804771e-03
1.196848577819764614e-03
1.201301813125610352e-03
1.343941548839211464e-03
1.043910277076065540e-03
9.572407579980790615e-04
1.090306090191006660e-03
1.033803564496338367e-03
1.101240166462957859e-03
1.093041617423295975e-03
1.271598623134195805e-03
1.039481605403125286e-03
1.023947843350470066e-03
1.201026723720133305e-03
1.026821671985089779e-03
1.016077003441751003e-03
1.105299568735063076e-03
1.204992877319455147e-03
1.132442965172231197e-03
1.016167807392776012e-03
1.064023352228105068e-03
1.064821612089872360e-03
1.114647020585834980e-03
1.275594229809939861e-03
1.025840057991445065e-03
9.780870750546455383e-04
9.824301814660429955e-04
1.127753057517111301e-03
1.188195310533046722e-03
1.045654877088963985e-03
1.235572388395667076e-03
1.008088933303952217e-03
1.115584163926541805e-03
1.165078487247228622e-03
1.137945335358381271e-03
9.426409378647804260e-04
9.734359337016940117e-04
1.078609027899801731e-03
1.173305325210094452e-03
1.084721880033612251e-03
1.203647116199135780e-03
1.109907403588294983e-03
1.202844665385782719e-03
1.075335545465350151e-03
9.609451517462730408e-04
1.018399023450911045e-03
1.145957270637154579e-03
1.042234245687723160e-03
9.869770146906375885e-04
1.019005896523594856e-03
1.036675879731774330e-03
1.199116348288953304e-03
1.174937468022108078e-03
1.244267099536955357e-03
1.035771449096500874e-03
9.584305807948112488e-04
1.104881404899060726e-03
1.079470850527286530e-03
9.957019938156008720e-04
1.237255521118640900e-03
1.102265086956322193e-03
9.724796400405466557e-04
1.047817058861255646e-03
9.822939755395054817e-04
1.374355633743107319e-03
1.055223634466528893e-03
9.349526371806859970e-04
9.309140732511878014e-04
1.055100350640714169e-03
1.050437917001545429e-03
1.041953801177442074e-03
1.362776150926947594e-03
1.046917517669498920e-03
9.544805507175624371e-04
1.026256592012941837e-03
9.796306258067488670e-04
1.121250330470502377e-03
1.096283318474888802e-03
1.039537950418889523e-03
9.761388064362108707e-04
1.069934573024511337e-03
9.482334717176854610e-04
1.036089612171053886e-03
1.064605428837239742e-03
1.028027618303894997e-03
1.075704116374254227e-03
1.245070481672883034e-03
1.041396055370569229e-03
1.000421820208430290e-03
9.488791110925376415e-04
9.628334082663059235e-04
1.259227632544934750e-03
9.782039560377597809e-04
1.102748792618513107e-03
9.667155682109296322e-04
1.020022900775074959e-03
9.883096208795905113e-04
1.227062894031405449e-03
9.651105501689016819e-04
9.581962367519736290e-04
1.205029780976474285e-03
1.004124060273170471e-03
9.342673583887517452e-04
9.448964847251772881e-04
1.379173481836915016e-03
9.764606365934014320e-04
9.576454758644104004e-04
9.985665092244744301e-04
9.321835241280496120e-04
9.746327996253967285e-04
1.084796851500868797e-03
1.003838260658085346e-03
9.720912203192710876e-04
9.811432100832462311e-04
9.537831065244972706e-04
9.955121204257011414e-04
1.016881549730896950e-03
1.088290824554860592e-03
9.746971772983670235e-04
9.672160958871245384e-04
1.100726425647735596e-03
9.616791503503918648e-04
1.007299637421965599e-03
9.756179642863571644e-04
1.023960299789905548e-03
1.025332021526992321e-03
1.134948688559234142e-03
9.600183111615478992e-04
9.552784613333642483e-04
1.081736525520682335e-03
9.942494798451662064e-04
9.260799270123243332e-04
1.019400544464588165e-03
9.528165101073682308e-04
1.034912536852061749e-03
1.025254605337977409e-03
9.850376518443226814e-04
9.660900686867535114e-04
9.608192485757172108e-04
9.910713415592908859e-04
9.686815901659429073e-04
9.813961805775761604e-04
9.867625776678323746e-04
1.048149191774427891e-03
1.081213587895035744e-03
9.202609071508049965e-04
1.013022381812334061e-03
9.202733053825795650e-04
1.028519705869257450e-03
1.016856636852025986e-03
9.567392407916486263e-04
9.515188285149633884e-04
1.013845903798937798e-03
1.059959060512483120e-03
9.026355110108852386e-04
9.960450697690248489e-04
1.088453806005418301e-03
9.621217031963169575e-04
9.476416744291782379e-04
9.227501577697694302e-04
1.519341487437486649e-03
9.595035808160901070e-04
9.344556601718068123e-04
9.099321323446929455e-04
9.025980834849178791e-04
1.090677687898278236e-03
1.045814249664545059e-03
1.076236367225646973e-03
9.143328643403947353e-04
9.756062645465135574e-04
8.877562941052019596e-04
1.110283890739083290e-03
1.198285259306430817e-03
9.234499884769320488e-04
9.893089300021529198e-04
9.058033465407788754e-04
1.058018649928271770e-03
9.490632219240069389e-04
9.847936453297734261e-04
8.911520126275718212e-04
1.073625520803034306e-03
8.974270895123481750e-04
9.474970283918082714e-04
1.100155292078852654e-03
9.298326913267374039e-04
9.308586013503372669e-04
9.469178621657192707e-04
1.028414932079613209e-03
8.936202502809464931e-04
8.766877581365406513e-04
1.048641395755112171e-03
1.312448643147945404e-03
8.975559030659496784e-04
9.295694180764257908e-04
8.593610837124288082e-04
9.448123164474964142e-04
1.173619530163705349e-03
1.011435990221798420e-03
1.109335222281515598e-03
9.500151500105857849e-04
9.026257903315126896e-04
1.056647161021828651e-03
8.904220303520560265e-04
9.028530912473797798e-04
1.165369641967117786e-03
9.047278435900807381e-04
8.984084706753492355e-04
1.005068887025117874e-03
9.111383114941418171e-04
9.962487965822219849e-04
9.446830954402685165e-04
9.325409773737192154e-04
8.724875515326857567e-04
9.266749839298427105e-04
1.297359354794025421e-03
9.376754751428961754e-04
8.952473290264606476e-04
9.330280590802431107e-04
9.853998199105262756e-04
1.121472800150513649e-03
9.046320337802171707e-04
1.076794811524450779e-03
8.795891772024333477e-04
8.998505072668194771e-04
1.320026116445660591e-03
8.928299648687243462e-04
9.401697898283600807e-04
8.966709137894213200e-04
8.968580514192581177e-04
9.779067477211356163e-04
1.072471146471798420e-03
1.146536786109209061e-03
9.188428521156311035e-04
8.847926510497927666e-04
9.090604144148528576e-04
8.791937725618481636e-04
1.022512558847665787e-03
9.228604612872004509e-04
1.017138361930847168e-03
9.118498419411480427e-04
8.919741376303136349e-04
8.995605167001485825e-04
9.434069506824016571e-04
1.118302461691200733e-03
9.893821552395820618e-04
9.233614546246826649e-04
8.795457542873919010e-04
8.549862541258335114e-04
9.014173410832881927e-04
9.314522612839937210e-04
1.168379094451665878e-03
1.009372994303703308e-03
8.524250006303191185e-04
1.126241404563188553e-03
9.635380702093243599e-04
1.119383028708398342e-03
8.740772609598934650e-04
8.671988034620881081e-04
8.219268056564033031e-04
8.736751624383032322e-04
1.116699306294322014e-03
9.348823805339634418e-04
1.030413201078772545e-03
8.749028202146291733e-04
8.548228070139884949e-04
9.095493005588650703e-04
1.070351223461329937e-03
8.947907481342554092e-04
8.729770779609680176e-04
8.504358120262622833e-04
9.079277515411376953e-04
9.924118639901280403e-04
1.051522674970328808e-03
9.146814118139445782e-04
9.407672914676368237e-04
9.196175960823893547e-04
1.020341529510915279e-03
9.119885507971048355e-04
8.552696672268211842e-04
8.489596657454967499e-04
9.501865715719759464e-04
1.030155573971569538e-03
1.025377772748470306e-03
9.032824891619384289e-04
9.132884442806243896e-04
9.388979524374008179e-04
9.676418267190456390e-04
1.275804010219871998e-03
8.957796962931752205e-04
9.270849404856562614e-04
8.432769682258367538e-04
8.559972629882395267e-04
1.085452502593398094e-03
8.904448477551341057e-04
8.887661388143897057e-04
9.210159769281744957e-04
9.112154366448521614e-04
9.695413173176348209e-04
8.774112793616950512e-04
8.227443904615938663e-04
8.480866090394556522e-04
1.228211913257837296e-03
9.182665380649268627e-04
8.670191164128482342e-04
8.588905911892652512e-04
8.955007651820778847e-04
9.222930530086159706e-04
9.368747123517096043e-04
8.675293647684156895e-04
8.396479533985257149e-04
9.779862593859434128e-04
9.452424710616469383e-04
1.054507563821971416e-03
9.182270150631666183e-04
8.329365518875420094e-04
8.007191936485469341e-04
8.991346112452447414e-04
9.736521751619875431e-04
9.030347573570907116e-04
9.277067147195339203e-04
8.856758358888328075e-04
9.869508212432265282e-04
9.271957096643745899e-04
1.021553180180490017e-03
8.370531140826642513e-04
8.741802303120493889e-04
8.072864147834479809e-04
1.215871074236929417e-03
8.631037198938429356e-04
8.109831251204013824e-04
8.014834602363407612e-04
1.401922199875116348e-03
1.027139951474964619e-03
8.631150703877210617e-04
8.026609430089592934e-04
8.947257883846759796e-04
8.313262369483709335e-04
1.075881067663431168e-03
8.946335292421281338e-04
8.753094589337706566e-04
8.258975576609373093e-04
8.603396127000451088e-04
9.001237340271472931e-04
9.075872367247939110e-04
1.209263922646641731e-03
8.953139185905456543e-04
8.803250966593623161e-04
8.326202514581382275e-04
8.372140582650899887e-04
8.795903413556516171e-04
9.055789560079574585e-04
8.732491405680775642e-04
1.194967655465006828e-03
8.956770179793238640e-04
8.347737602889537811e-04
8.744862279854714870e-04
8.517373353242874146e-04
9.840423008427023888e-04
9.953252738341689110e-04
9.046344202943146229e-04
8.710076799616217613e-04
8.031739271245896816e-04
8.280111360363662243e-04
8.518564864061772823e-04
9.243225795216858387e-04
9.841776918619871140e-04
8.547886391170322895e-04
8.176887058652937412e-04
9.219481144100427628e-04
8.502582786604762077e-04
9.136652224697172642e-04
9.296729695051908493e-04
8.311649435199797153e-04
1.163483248092234135e-03
9.320976678282022476e-04
8.178964490070939064e-04
8.110715425573289394e-04
9.257500059902667999e-04
8.638416766189038754e-04
7.967570563778281212e-04
8.054895442910492420e-04
1.085061812773346901e-03
8.817808120511472225e-04
7.993502076715230942e-04
8.024800335988402367e-04
1.088784309104084969e-03
9.223415981978178024e-04
8.418140932917594910e-04
9.025005274452269077e-04
8.824830292724072933e-04
9.125781944021582603e-04
8.412779425270855427e-04
8.138801786117255688e-04
1.179123646579682827e-03
8.934076759032905102e-04
8.452876936644315720e-04
8.373108576051890850e-04
8.470622124150395393e-04
8.350053103640675545e-04
8.346118847839534283e-04
8.542771101929247379e-04
8.465982391498982906e-04
9.183881920762360096e-04
8.166600018739700317e-04
8.639565203338861465e-04
1.085322350263595581e-03
8.182149031199514866e-04
8.513502543792128563e-04
8.179942960850894451e-04
8.342776563949882984e-04
8.938409737311303616e-04
8.143744198605418205e-04
8.628515643067657948e-04
9.008438792079687119e-04
1.053977874107658863e-03
8.481010445393621922e-04
8.358306367881596088e-04
9.032547241076827049e-04
9.470976074226200581e-04
8.095444645732641220e-04
8.011254249140620232e-04
7.845659274607896805e-04
8.115789969451725483e-04
9.261834784410893917e-04
9.329029126092791557e-04
8.137537515722215176e-04
8.693102863617241383e-04
9.824421722441911697e-04
1.040758914314210415e-03
8.335416205227375031e-04
8.321103523485362530e-04
7.887876126915216446e-04
9.848681511357426643e-04
9.691776358522474766e-04
8.249090751633048058e-04
8.145999163389205933e-04
7.861737394705414772e-04
9.203839581459760666e-04
8.513133507221937180e-04
8.653567056171596050e-04
9.118847665376961231e-04
9.337854571640491486e-04
8.873539045453071594e-04
8.872058242559432983e-04
7.870917906984686852e-04
8.093917276710271835e-04
8.101616986095905304e-04
8.703796775080263615e-04
1.040113042108714581e-03
9.325523278675973415e-04
8.495984948240220547e-04
8.123730076476931572e-04
8.300187764689326286e-04
8.284536306746304035e-04
8.394615724682807922e-04
7.971190498210489750e-04
9.309779852628707886e-04
8.926592417992651463e-04
9.119112510234117508e-04
8.018647204153239727e-04
7.988510769791901112e-04
7.938568596728146076e-04
7.938659400679171085e-04
9.254991309717297554e-04
9.673005552031099796e-04
8.121864520944654942e-04
7.956399931572377682e-04
8.969064801931381226e-04
1.075755688361823559e-03
7.784084300510585308e-04
8.600051514804363251e-04
7.683690637350082397e-04
1.065829535946249962e-03
8.203276083804666996e-04
7.500233477912843227e-04
9.908813517540693283e-04
8.169260108843445778e-04
7.756378618068993092e-04
7.721802103333175182e-04
1.009257044643163681e-03
9.645846439525485039e-04
7.837549201212823391e-04
7.694333908148109913e-04
7.828618399798870087e-04
8.631463279016315937e-04
8.767251856625080109e-04
8.434331975877285004e-04
7.931606960482895374e-04
7.819599122740328312e-04
9.424229501746594906e-04
8.414257317781448364e-04
9.585914667695760727e-04
9.982903720811009407e-04
9.873105445876717567e-04
7.725603063590824604e-04
7.426747470162808895e-04
7.596130599267780781e-04
8.252980769611895084e-04
1.012354739941656590e-03
8.719465695321559906e-04
8.020545355975627899e-04
7.812878466211259365e-04
7.801677566021680832e-04
7.968851132318377495e-04
8.121820865198969841e-04
8.121552527882158756e-04
9.617255418561398983e-04
8.268099045380949974e-04
7.578096119686961174e-04
7.826506043784320354e-04
1.074134139344096184e-03
8.156643016263842583e-04
7.734811515547335148e-04
7.409902173094451427e-04
9.191547287628054619e-04
8.278390741907060146e-04
7.682787836529314518e-04
8.414036710746586323e-04
8.426647400483489037e-04
8.137276745401322842e-04
7.608241285197436810e-04
8.269711397588253021e-04
9.261963423341512680e-04
8.601127192378044128e-04
7.942915544845163822e-04
8.178571006283164024e-04
8.977584075182676315e-04
1.010745065286755562e-03
8.068943279795348644e-04
7.455942686647176743e-04
7.900808705016970634e-04
1.105475006625056267e-03
7.785702473483979702e-04
8.395361364819109440e-04
7.658953545615077019e-04
9.737492655403912067e-04
8.154190145432949066e-04
8.568855701014399529e-04
7.912148721516132355e-04
7.495736354030668736e-04
8.030429016798734665e-04
7.837871089577674866e-04
1.136441598646342754e-03
7.938039489090442657e-04
7.821961189620196819e-04
7.896926254034042358e-04
8.540581911802291870e-04
7.847408414818346500e-04
7.942616939544677734e-04
9.666709229350090027e-04
8.385145920328795910e-04
8.071887423284351826e-04
8.121753344312310219e-04
7.962920935824513435e-04
7.354026893153786659e-04
7.782844477333128452e-04
7.805334171280264854e-04
8.138925186358392239e-04
8.153361268341541290e-04
8.940861443988978863e-04
8.534676162526011467e-04
9.812491480261087418e-04
8.613173849880695343e-04
7.756087579764425755e-04
7.335901027545332909e-04
7.460471242666244507e-04
1.029887236654758453e-03
7.818946032784879208e-04
7.487882976420223713e-04
8.404484833590686321e-04
8.856556378304958344e-04
7.362868636846542358e-04
7.601073593832552433e-04
9.418657864443957806e-04
8.212053216993808746e-04
7.970735896378755569e-04
7.832091650925576687e-04
7.503595552407205105e-04
8.763872901909053326e-04
7.818944286555051804e-04
8.127584587782621384e-04
7.937608752399682999e-04
7.751410012133419514e-04
8.466259459964931011e-04
7.633981877006590366e-04
8.034239872358739376e-04
7.712418446317315102e-04
9.940131567418575287e-04
8.532788488082587719e-04
7.942619849927723408e-04
7.335439440794289112e-04
7.375851273536682129e-04
7.510574650950729847e-04
8.149392670020461082e-04
9.344476857222616673e-04
8.366943220607936382e-04
8.893036283552646637e-04
7.803150219842791557e-04
7.555913180112838745e-04
7.786256610415875912e-04
8.025313145481050014e-04
1.059790723957121372e-03
7.607212755829095840e-04
8.913187775760889053e-04
8.339368505403399467e-04
7.493833545595407486e-04
1.165433437563478947e-03
7.665263838134706020e-04
7.474648300558328629e-04
7.474283920601010323e-04
7.646758458577096462e-04
7.547235582023859024e-04
8.561171125620603561e-04
8.141739526763558388e-04
8.451671455986797810e-04
7.964026881381869316e-04
8.602816378697752953e-04
7.440835470333695412e-04
8.124422747641801834e-04
7.505922112613916397e-04
7.586582214571535587e-04
7.765404297970235348e-04
8.012450416572391987e-04
7.562952232547104359e-04
7.579320226795971394e-04
8.097818936221301556e-04
8.616470731794834137e-04
8.047482697293162346e-04
1.172029995359480381e-03
7.854569121263921261e-04
7.178303203545510769e-04
7.155218045227229595e-04
7.444490329362452030e-04
7.633083732798695564e-04
8.361372165381908417e-04
1.076343236491084099e-03
7.721817237325012684e-04
7.727242191322147846e-04
7.667227764613926411e-04
7.894372101873159409e-04
7.509283022955060005e-04
8.479728130623698235e-04
7.682026480324566364e-04
7.432433194480836391e-04
8.581398869864642620e-04
7.708436460234224796e-04
7.408382371068000793e-04
8.673992124386131763e-04
8.948487229645252228e-04
7.788106449879705906e-04
8.383266977034509182e-04
7.764240726828575134e-04
7.549092988483607769e-04
7.435666047967970371e-04
1.022680313326418400e-03
8.122400613501667976e-04
7.461876957677304745e-04
1.130998251028358936e-03
7.649029721505939960e-04
7.647665333934128284e-04
7.326587219722568989e-04
7.236932870000600815e-04
9.377168025821447372e-04
7.621711120009422302e-04
7.983113755472004414e-04
7.454163278453052044e-04
7.557569188065826893e-04
8.090093033388257027e-04
8.098289254121482372e-04
7.502719527110457420e-04
7.324919570237398148e-04
8.044355199672281742e-04
8.060238324105739594e-04
8.130418718792498112e-04
8.447279687970876694e-04
7.187597220763564110e-04
8.243083721026778221e-04
7.711657672189176083e-04
8.227846701629459858e-04
7.660517585463821888e-04
7.397126173600554466e-04
7.911564316600561142e-04
7.596215582452714443e-04
7.360284216701984406e-04
8.000020170584321022e-04
8.045162539929151535e-04
8.776314789429306984e-04
7.566202548332512379e-04
7.746261544525623322e-04
7.513877353630959988e-04
7.434689905494451523e-04
9.620337514206767082e-04
9.074931731447577477e-04
7.953408639878034592e-04
7.138019427657127380e-04
7.070098072290420532e-04
8.008435834199190140e-04
8.283222559839487076e-04
8.083390421234071255e-04
8.091040654107928276e-04
8.080216939561069012e-04
7.109878351911902428e-04
7.433467544615268707e-04
7.490654825232923031e-04
8.512500789947807789e-04
8.042480912990868092e-04
7.990465383045375347e-04
7.960572838783264160e-04
6.968837697058916092e-04
1.011153799481689930e-03
7.594490307383239269e-04
7.109850994311273098e-04
7.267075125128030777e-04
7.642509299330413342e-04
7.913294830359518528e-04
7.629914325661957264e-04
8.318056352436542511e-04
8.640462765470147133e-04
7.925344398245215416e-04
7.183591369539499283e-04
7.269805064424872398e-04
9.293775656260550022e-04
8.381537045352160931e-04
7.497502956539392471e-04
7.165027200244367123e-04
9.023977909237146378e-04
7.551092421635985374e-04
7.085576071403920650e-04
7.066687103360891342e-04
7.575351628474891186e-04
1.060349517501890659e-03
7.699170964770019054e-04
7.034380687400698662e-04
7.011183770373463631e-04
7.344834739342331886e-04
7.667541503906250000e-04
7.812061230652034283e-04
1.046720542944967747e-03
7.544209365732967854e-04
8.616702398285269737e-04
8.405866683460772038e-04
7.305402541533112526e-04
7.197440718300640583e-04
7.348865037783980370e-04
7.726178155280649662e-04
7.613882771693170071e-04
7.369812228716909885e-04
7.270608912222087383e-04
7.881683413870632648e-04
1.004959456622600555e-03
8.760592900216579437e-04
7.600240642204880714e-04
6.945702480152249336e-04
1.122141256928443909e-03
8.343543158844113350e-04
7.044521044008433819e-04
7.176273502409458160e-04
7.099619833752512932e-04
7.388269877992570400e-04
7.883555954322218895e-04
7.715466199442744255e-04
7.789466180838644505e-04
8.200096199288964272e-04
8.223429322242736816e-04
8.898379746824502945e-04
7.243896834552288055e-04
7.173698977567255497e-04
7.308161002583801746e-04
1.020512310788035393e-03
7.243241416290402412e-04
6.914210389368236065e-04
7.690156344324350357e-04
7.722007576376199722e-04
8.100728737190365791e-04
7.410260732285678387e-04
7.377458969131112099e-04
7.640696130692958832e-04
7.626138394698500633e-04
7.738814456388354301e-04
8.786881226114928722e-04
7.422675262205302715e-04
9.094744455069303513e-04
7.037124014459550381e-04
6.853307713754475117e-04
7.844386273063719273e-04
7.742118905298411846e-04
7.318127318285405636e-04
8.333466248586773872e-04
9.325816063210368156e-04
7.350399391725659370e-04
7.172698969952762127e-04
6.960752652958035469e-04
9.819089900702238083e-04
7.488488918170332909e-04
6.948482478037476540e-04
7.116501219570636749e-04
7.252572104334831238e-04
7.696273969486355782e-04
8.347841794602572918e-04
8.247693185694515705e-04
7.415937725454568863e-04
8.543506264686584473e-04
7.436005980707705021e-04
7.315687253139913082e-04
7.139504887163639069e-04
7.286177715286612511e-04
9.753158665262162685e-04
7.378667360171675682e-04
6.923475302755832672e-04
6.860227440483868122e-04
7.200807449407875538e-04
7.803379558026790619e-04
7.738991407677531242e-04
7.930295541882514954e-04
7.566934218630194664e-04
7.066422840580344200e-04
7.731458172202110291e-04
7.440754561685025692e-04
8.973319781944155693e-04
7.346259080804884434e-04
6.901293527334928513e-04
7.274579838849604130e-04
7.176193175837397575e-04
9.187052492052316666e-04
7.172481273300945759e-04
7.060034549795091152e-04
6.979173631407320499e-04
8.015304920263588428e-04
7.270544883795082569e-04
9.968694066628813744e-04
9.661377989687025547e-04
8.152346708811819553e-04
7.120331865735352039e-04
7.338548311963677406e-04
7.322247838601469994e-04
7.285146857611835003e-04
7.510620635002851486e-04
8.331419085152447224e-04
8.138847188092768192e-04
7.760029402561485767e-04
7.930711726658046246e-04
6.866215844638645649e-04
9.533539414405822754e-04
6.801352719776332378e-04
6.989382673054933548e-04
9.964804630726575851e-04
7.435438456013798714e-04
6.950172828510403633e-04
7.145747076719999313e-04
9.174281731247901917e-04
7.454186561517417431e-04
6.989773828536272049e-04
7.622704724781215191e-04
7.417449960485100746e-04
8.104064618237316608e-04
7.128091529011726379e-04
7.074118475429713726e-04
7.166112191043794155e-04
7.174774655140936375e-04
8.109829504974186420e-04
8.174027316272258759e-04
7.554965559393167496e-04
7.259303820319473743e-04
7.016388699412345886e-04
7.312956731766462326e-04
7.461235509254038334e-04
7.030746201053261757e-04
7.578245713375508785e-04
7.576820789836347103e-04
7.833495037630200386e-04
7.366149220615625381e-04
7.357362192124128342e-04
6.980168982408940792e-04
7.267352193593978882e-04
8.183137397281825542e-04
7.269278285093605518e-04
9.435695828869938850e-04
7.387571968138217926e-04
7.658890681341290474e-04
7.695459644310176373e-04
8.171127410605549812e-04
7.098210626281797886e-04
7.738985004834830761e-04
7.861552876420319080e-04
6.922446773387491703e-04
6.632884615100920200e-04
7.190935430116951466e-04
7.192522170953452587e-04
7.587866857647895813e-04
7.609664462506771088e-04
8.176854462362825871e-04
7.155858911573886871e-04
7.033938309177756310e-04
6.939792656339704990e-04
7.474555168300867081e-04
7.043583318591117859e-04
7.016403833404183388e-04
7.843669154681265354e-04
9.098420850932598114e-04
7.706257747486233711e-04
7.576711359433829784e-04
7.464617374353110790e-04
7.100026705302298069e-04
7.804358028806746006e-04
7.869753753766417503e-04
7.264007581397891045e-04
9.124137577600777149e-04
7.123359246179461479e-04
6.873325328342616558e-04
6.853403756394982338e-04
6.806463352404534817e-04
7.789102965034544468e-04
7.231837953440845013e-04
7.519639912061393261e-04
7.637517992407083511e-04
7.163215195760130882e-04
7.482003420591354370e-04
7.033839356154203415e-04
6.800185656175017357e-04
6.914926343597471714e-04
8.102540159597992897e-04
7.306798943318426609e-04
7.508214330300688744e-04
7.354138651862740517e-04
7.657526293769478798e-04
8.478693198412656784e-04
6.864642491564154625e-04
6.793456268496811390e-04
7.158431108109652996e-04
7.943756063468754292e-04
7.420202018693089485e-04
1.041880692355334759e-03
7.585535640828311443e-04
7.570412708446383476e-04
6.897139828652143478e-04
6.974617717787623405e-04
7.222676067613065243e-04
7.442528149113059044e-04
7.154416525736451149e-04
7.124090916477143764e-04
9.767170995473861694e-04
8.209210354834794998e-04
7.064692326821386814e-04
7.775023696012794971e-04
6.997918244451284409e-04
7.394449203275144100e-04
6.637740880250930786e-04
6.659603677690029144e-04
8.103272994048893452e-04
8.099522674456238747e-04
7.501930231228470802e-04
6.842497386969625950e-04
6.939119775779545307e-04
7.358110160566866398e-04
6.901446031406521797e-04
7.323278696276247501e-04
7.806199137121438980e-04
7.110223523341119289e-04
7.707641925662755966e-04
6.924623739905655384e-04
7.425385410897433758e-04
7.326204213313758373e-04
6.823846488259732723e-04
6.773518980480730534e-04
7.685869350098073483e-04
8.564943564124405384e-04
8.772030705586075783e-04
6.999485776759684086e-04
6.736319628544151783e-04
6.715241470374166965e-04
7.911178399808704853e-04
7.829350070096552372e-04
7.094389875419437885e-04
7.445602677762508392e-04
7.860970217734575272e-04
6.803482538089156151e-04
7.258901605382561684e-04
8.353290031664073467e-04
7.577364449389278889e-04
7.026030798442661762e-04
6.763313431292772293e-04
7.320832228288054466e-04
7.195259677246212959e-04
8.268153760582208633e-04
7.852335111238062382e-04
7.159690139815211296e-04
7.431232370436191559e-04
7.040134514681994915e-04
7.406941149383783340e-04
6.991865811869502068e-04
6.779691902920603752e-04
1.013753120787441730e-03
6.927945651113986969e-04
7.024253136478364468e-04
6.821845890954136848e-04
7.298390846699476242e-04
7.065645186230540276e-04
7.743300520814955235e-04
6.862297304905951023e-04
8.120944257825613022e-04
7.055955938994884491e-04
7.050890126265585423e-04
6.796740926802158356e-04
7.201625267043709755e-04
9.741727262735366821e-04
7.936737383715808392e-04
6.934966077096760273e-04
6.782191339880228043e-04
6.904814508743584156e-04
7.921720971353352070e-04
6.849798955954611301e-04
1.039834809489548206e-03
7.013058057054877281e-04
7.125416886992752552e-04
7.284866878762841225e-04
6.836944376118481159e-04
6.958993035368621349e-04
7.175920181907713413e-04
9.472807287238538265e-04
7.294713868759572506e-04
6.926296628080308437e-04
6.532138795591890812e-04
6.979083991609513760e-04
6.942990585230290890e-04
7.193394703790545464e-04
7.156002684496343136e-04
8.430524030700325966e-04
7.497832993976771832e-04
6.934134289622306824e-04
6.754628848284482956e-04
7.287443731911480427e-04
7.178439991548657417e-04
7.018438191153109074e-04
7.297270349226891994e-04
8.697044686414301395e-04
8.615656406618654728e-04
6.953097181394696236e-04
6.852889200672507286e-04
6.473182584159076214e-04
6.656155455857515335e-04
6.719507509842514992e-04
6.968111847527325153e-04
7.221009000204503536e-04
8.472402696497738361e-04
6.990625988692045212e-04
6.813542568124830723e-04
7.115881307981908321e-04
6.634605815634131432e-04
7.033406291157007217e-04
7.213337230496108532e-04
7.196532096713781357e-04
7.254143711179494858e-04
7.459329208359122276e-04
7.321335724554955959e-04
7.167590665630996227e-04
6.876651314087212086e-04
7.020328775979578495e-04
7.265786989592015743e-04
6.821567076258361340e-04
6.561869522556662560e-04
6.945744971744716167e-04
6.968902889639139175e-04
7.212595664896070957e-04
6.786510930396616459e-04
9.075289708562195301e-04
7.502775406464934349e-04
6.614932208321988583e-04
6.811595521867275238e-04
7.007255335338413715e-04
7.751297089271247387e-04
6.988258101046085358e-04
6.596245220862329006e-04
6.651170551776885986e-04
7.577661890536546707e-04
8.189496002160012722e-04
6.811096100136637688e-04
7.099072099663317204e-04
6.621371139772236347e-04
6.937511498108506203e-04
7.792229880578815937e-04
7.163856644183397293e-04
6.527305231429636478e-04
7.035209564492106438e-04
9.690836886875331402e-04
7.128151482902467251e-04
6.871080258861184120e-04
7.260451093316078186e-04
6.694970652461051941e-04
6.523051415570080280e-04
7.365584606304764748e-04
9.710410377010703087e-04
7.455340819433331490e-04
6.565162912011146545e-04
6.714796181768178940e-04
7.330733933486044407e-04
6.795887020416557789e-04
6.849535857327282429e-04
6.849491619504988194e-04
6.951983086764812469e-04
7.147648138925433159e-04
6.989216781221330166e-04
6.966445362195372581e-04
7.561102975159883499e-04
6.875518010929226875e-04
7.088869460858404636e-04
6.726312567479908466e-04
6.918630679138004780e-04
7.025953382253646851e-04
7.004208746366202831e-04
7.159984670579433441e-04
6.763786659575998783e-04
6.697443313896656036e-04
9.213327430188655853e-04
6.771986372768878937e-04
6.597499595955014229e-04
7.282517035491764545e-04
7.966687553562223911e-04
6.557140150107443333e-04
6.326931761577725410e-04
6.360402330756187439e-04
7.609326858073472977e-04
7.100257789716124535e-04
6.749125896021723747e-04
7.115552434697747231e-04
6.917776190675795078e-04
7.182335248216986656e-04
7.156276842579245567e-04
7.082001538947224617e-04
6.725466810166835785e-04
7.141091045923531055e-04
6.998245953582227230e-04
6.842657458037137985e-04
6.639608764089643955e-04
7.383223273791372776e-04
7.672111969441175461e-04
6.393067305907607079e-04
6.523870979435741901e-04
7.552563911303877831e-04
6.903653265908360481e-04
9.122050832957029343e-04
6.868549971841275692e-04
6.946016801521182060e-04
6.402852013707160950e-04
6.785045261494815350e-04
6.463406607508659363e-04
6.623533554375171661e-04
8.487183949910104275e-04
7.326766499318182468e-04
6.929324590601027012e-04
7.713611121289432049e-04
6.690634763799607754e-04
8.514207438565790653e-04
6.667059496976435184e-04
6.468666251748800278e-04
6.399695412255823612e-04
7.440447807312011719e-04
6.580729968845844269e-04
7.231818162836134434e-04
8.961210842244327068e-04
7.854138966649770737e-04
6.704204133711755276e-04
6.680053193122148514e-04
6.616020109504461288e-04
7.197613595053553581e-04
8.504585712216794491e-04
6.731122848577797413e-04
6.878445274196565151e-04
6.656038458459079266e-04
7.771868840791285038e-04
6.830363417975604534e-04
7.489693234674632549e-04
6.719428929500281811e-04
6.537839653901755810e-04
6.467723869718611240e-04
7.852330454625189304e-04
6.958781741559505463e-04
6.857264088466763496e-04
7.173991180025041103e-04
6.898163119331002235e-04
6.901636370457708836e-04
6.881806766614317894e-04
9.023455204442143440e-04
6.660428480245172977e-04
6.373840733431279659e-04
7.385454373434185982e-04
7.016104063950479031e-04
6.815825472585856915e-04
6.348618771880865097e-04
8.627832867205142975e-04
8.221061434596776962e-04
6.685337284579873085e-04
6.302412948571145535e-04
6.242069648578763008e-04
6.725687999278306961e-04
6.794448709115386009e-04
6.901997840031981468e-04
9.288916480727493763e-04
6.723842816427350044e-04
6.382690044119954109e-04
6.452734232880175114e-04
7.110927253961563110e-04
7.279366836883127689e-04
7.216205704025924206e-04
7.401333423331379890e-04
6.645399844273924828e-04
6.728671141900122166e-04
6.570591940544545650e-04
6.647901027463376522e-04
7.198472740128636360e-04
8.082651183940470219e-04
7.391459657810628414e-04
6.427046610042452812e-04
6.414896924979984760e-04
6.742997793480753899e-04
6.642021471634507179e-04
8.661527535878121853e-04
7.155519560910761356e-04
6.312209297902882099e-04
8.362520602531731129e-04
7.003978244028985500e-04
6.295070634223520756e-04
7.528262794949114323e-04
6.736526265740394592e-04
6.583897047676146030e-04
6.495100678876042366e-04
7.066356483846902847e-04
7.087332196533679962e-04
7.401095936074852943e-04
6.827696342952549458e-04
6.529402453452348709e-04
7.076025940477848053e-04
6.587748648598790169e-04
7.362743490375578403e-04
8.422603714279830456e-04
7.225697627291083336e-04
6.492144893854856491e-04
6.215922185219824314e-04
7.240164559334516525e-04
8.943268330767750740e-04
6.474715191870927811e-04
6.110247923061251640e-04
6.567335221916437149e-04
6.844572490081191063e-04
7.970109581947326660e-04
6.599660846404731274e-04
6.380648119375109673e-04
7.402602932415902615e-04
7.554607582278549671e-04
6.381561979651451111e-04
6.894271937198936939e-04
6.534295971505343914e-04
7.056950707919895649e-04
6.918542203493416309e-04
6.329703610390424728e-04
6.714650662615895271e-04
7.568747969344258308e-04
7.434741710312664509e-04
6.570554105564951897e-04
6.339841056615114212e-04
6.623195367865264416e-04
6.731746834702789783e-04
6.373054930008947849e-04
7.087992853485047817e-04
7.509264978580176830e-04
6.860974826849997044e-04
7.343487231992185116e-04
6.529009551741182804e-04
7.316385745070874691e-04
7.269199704751372337e-04
7.557640201412141323e-04
6.604303489439189434e-04
6.481795571744441986e-04
6.839759298600256443e-04
6.984245846979320049e-04
8.089540060609579086e-04
6.681284867227077484e-04
6.319808308035135269e-04
7.002326892688870430e-04
6.690369336865842342e-04
7.101715309545397758e-04
6.238367059268057346e-04
6.301442626863718033e-04
6.575422012247145176e-04
7.166557479649782181e-04
6.687212153337895870e-04
6.756620132364332676e-04
6.774961366318166256e-04
6.795875960960984230e-04
7.265972089953720570e-04
6.813254440203309059e-04
7.621594122610986233e-04
6.811386556364595890e-04
6.909359362907707691e-04
7.095704786479473114e-04
6.382194696925580502e-04
7.806437206454575062e-04
6.403573206625878811e-04
6.428646156564354897e-04
6.686914712190628052e-04
7.664890144951641560e-04
6.774081266485154629e-04
6.564326467923820019e-04
7.432386046275496483e-04
7.081849034875631332e-04
6.532163824886083603e-04
6.904571782797574997e-04
6.740491953678429127e-04
6.675287731923162937e-04
6.381716812029480934e-04
9.230120340362191200e-04
6.664504762738943100e-04
6.411469657905399799e-04
6.406148895621299744e-04
6.815458182245492935e-04
7.044464000500738621e-04
7.792721735313534737e-04
7.021211204119026661e-04
6.637666374444961548e-04
6.390672060661017895e-04
6.980901816859841347e-04
6.879894644953310490e-04
6.343410932458937168e-04
6.224833196029067039e-04
6.423838203772902489e-04
7.006510277278721333e-04
8.737434400245547295e-04
6.609221454709768295e-04
6.252982420846819878e-04
8.174079121090471745e-04
6.795513909310102463e-04
7.992567261680960655e-04
6.692839669995009899e-04
6.319084204733371735e-04
6.356320227496325970e-04
6.275308551266789436e-04
6.434795795939862728e-04
6.847123149782419205e-04
7.543765823356807232e-04
6.599755724892020226e-04
7.207927992567420006e-04
6.455995026044547558e-04
6.259497604332864285e-04
7.532545714639127254e-04
6.312759360298514366e-04
6.502477335743606091e-04
7.362500764429569244e-04
6.405527819879353046e-04
6.979049067012965679e-04
8.821950177662074566e-04
6.815070519223809242e-04
6.660867948085069656e-04
6.297445506788790226e-04
6.285137496888637543e-04
7.277827244251966476e-04
7.389782113023102283e-04
6.538957240991294384e-04
6.437475094571709633e-04
6.651107687503099442e-04
6.992814596742391586e-04
6.320470711216330528e-04
7.603631820529699326e-04
7.038577459752559662e-04
8.307477692142128944e-04
7.080167997628450394e-04
6.313892081379890442e-04
6.363020511344075203e-04
7.101751980371773243e-04
6.417754339054226875e-04
6.695448537357151508e-04
6.298798834905028343e-04
8.415841148234903812e-04
6.747038569301366806e-04
6.686437991447746754e-04
6.469311192631721497e-04
6.384107400663197041e-04
6.428081542253494263e-04
7.755305850878357887e-04
6.243634852580726147e-04
6.405597669072449207e-04
6.626485846936702728e-04
6.661027437075972557e-04
6.380922277458012104e-04
6.933316471986472607e-04
6.726593128405511379e-04
6.642683874815702438e-04
7.084919488988816738e-04
6.746634608134627342e-04
8.052313933148980141e-04
7.219114340841770172e-04
6.528004305437207222e-04
6.286432617343962193e-04
6.409627385437488556e-04
6.361794658005237579e-04
6.899024592712521553e-04
7.255516247823834419e-04
6.832601502537727356e-04
6.303961854428052902e-04
6.388672627508640289e-04
6.934661068953573704e-04
7.898479234427213669e-04
6.484023178927600384e-04
6.851445650681853294e-04
6.447174237109720707e-04
6.235663895495235920e-04
6.516859284602105618e-04
6.682455423288047314e-04
7.056508911773562431e-04
6.671954761259257793e-04
6.389071349985897541e-04
6.706828135065734386e-04
8.093811920844018459e-04
6.509374943561851978e-04
6.457129493355751038e-04
6.558998138643801212e-04
6.563434726558625698e-04
8.738198084756731987e-04
6.406983011402189732e-04
6.193654262460768223e-04
7.701244321651756763e-04
6.593766156584024429e-04
6.254769396036863327e-04
6.399948033504188061e-04
6.606547394767403603e-04
6.603102083317935467e-04
7.845790241844952106e-04
6.179072079248726368e-04
6.321264081634581089e-04
6.510336534120142460e-04
7.187290466390550137e-04
6.569310207851231098e-04
6.431553047150373459e-04
6.434222450479865074e-04
6.815505912527441978e-04
6.714689661748707294e-04
6.346018635667860508e-04
6.221847143024206161e-04
7.829593960195779800e-04
6.997252930887043476e-04
8.503248100169003010e-04
6.692283204756677151e-04
6.112140254117548466e-04
6.179222255013883114e-04
7.393301348201930523e-04
6.837727269157767296e-04
6.666854023933410645e-04
5.982205038890242577e-04
6.631240248680114746e-04
9.059472358785569668e-04
7.160896202549338341e-04
6.267205462791025639e-04
6.011311779730021954e-04
6.297113141044974327e-04
6.422331207431852818e-04
8.305739029310643673e-04
6.639256607741117477e-04
6.474626716226339340e-04
7.040027994662523270e-04
6.385103333741426468e-04
6.057788850739598274e-04
6.375172524712979794e-04
6.440924480557441711e-04
9.524503839202225208e-04
6.475364789366722107e-04
6.812494830228388309e-04
6.431123474612832069e-04
6.221658550202846527e-04
6.234422908164560795e-04
6.272336468100547791e-04
9.068391518667340279e-04
7.834247662685811520e-04
7.391319377347826958e-04
6.441656150855123997e-04
6.394191295839846134e-04
6.378242396749556065e-04
6.351722986437380314e-04
6.704351981170475483e-04
6.190601852722465992e-04
6.948345690034329891e-04
6.931482348591089249e-04
6.388920592144131660e-04
6.567907985299825668e-04
7.350273663178086281e-04
6.564458017237484455e-04
6.446579936891794205e-04
6.975824944674968719e-04
6.410562200471758842e-04
6.651238654740154743e-04
6.147131789475679398e-04
6.457014824263751507e-04
6.842574803158640862e-04
6.616462487727403641e-04
6.862204172648489475e-04
6.202443619258701801e-04
6.936112768016755581e-04
6.350218318402767181e-04
6.480867741629481316e-04
6.359696853905916214e-04
