8.476997166872024536e-02
8.411406725645065308e-02
8.393420279026031494e-02
7.585668563842773438e-02
5.909205600619316101e-02
5.308557674288749695e-02
4.976332560181617737e-02
4.728195816278457642e-02
4.417809098958969116e-02
3.896893188357353210e-02
3.472237288951873779e-02
3.189108893275260925e-02
2.984117716550827026e-02
2.822375670075416565e-02
2.663526125252246857e-02
2.509720809757709503e-02
2.382671646773815155e-02
2.256898768246173859e-02
2.134262397885322571e-02
2.048019133508205414e-02
1.946205645799636841e-02
1.864174939692020416e-02
1.780189946293830872e-02
1.695442385971546173e-02
1.648063585162162781e-02
1.561067067086696625e-02
1.511223334819078445e-02
1.462520938366651535e-02
1.401277817785739899e-02
1.359255984425544739e-02
1.303644012659788132e-02
1.259945519268512726e-02
1.223295554518699646e-02
1.184994913637638092e-02
1.142499968409538269e-02
1.101328246295452118e-02
1.075233798474073410e-02
1.032669749110937119e-02
1.013309136033058167e-02
9.778043255209922791e-03
9.520401246845722198e-03
9.272946976125240326e-03
8.985678665339946747e-03
8.733303286135196686e-03
8.513282984495162964e-03
8.145738393068313599e-03
8.092529140412807465e-03
7.954823784530162811e-03
7.726723328232765198e-03
7.507970090955495834e-03
7.367076352238655090e-03
7.189472205936908722e-03
6.934037432074546814e-03
6.802391260862350464e-03
6.684285588562488556e-03
6.563737057149410248e-03
6.386529188603162766e-03
6.244926247745752335e-03
6.115315016359090805e-03
6.085110828280448914e-03
5.995572544634342194e-03
5.823329091072082520e-03
5.728251766413450241e-03
5.602048244327306747e-03
5.526658147573471069e-03
5.392740480601787567e-03
5.347091238945722580e-03
5.216343794018030167e-03
5.106824450194835663e-03
5.069528240710496902e-03
5.020714830607175827e-03
4.897102247923612595e-03
4.752136301249265671e-03
4.832057747989892960e-03
4.683030769228935242e-03
4.665534012019634247e-03
4.588794894516468048e-03
4.475044086575508118e-03
4.451252985745668411e-03
4.420982208102941513e-03
4.356347955763339996e-03
4.260769113898277283e-03
4.247193690389394760e-03
4.160989541560411453e-03
4.218804184347391129e-03
4.082338418811559677e-03
4.053117707371711731e-03
3.958371933549642563e-03
3.904536599293351173e-03
3.873841837048530579e-03
3.872062079608440399e-03
3.789346897974610329e-03
3.757316619157791138e-03
3.728840500116348267e-03
3.650279017165303230e-03
3.671673825010657310e-03
3.566978033632040024e-03
3.582997247576713562e-03
3.528402652591466904e-03
3.475714009255170822e-03
3.477033693343400955e-03
3.372191451489925385e-03
3.419938031584024429e-03
3.357975743710994720e-03
3.310999833047389984e-03
3.353154752403497696e-03
3.281945129856467247e-03
3.215690376237034798e-03
3.219806123524904251e-03
3.224313957616686821e-03
3.138704691082239151e-03
3.141613909974694252e-03
3.131711855530738831e-03
3.083225805312395096e-03
3.110026707872748375e-03
3.040097886696457863e-03
2.999600721523165703e-03
2.967152046039700508e-03
2.958134049549698830e-03
2.934165298938751221e-03
2.897562691941857338e-03
2.942295745015144348e-03
2.871134551241993904e-03
2.856907201930880547e-03
2.886875532567501068e-03
2.820649417117238045e-03
2.797939581796526909e-03
2.799062756821513176e-03
2.747813938185572624e-03
2.729319967329502106e-03
2.726764883846044540e-03
2.753813983872532845e-03
2.642252715304493904e-03
2.703394042328000069e-03
2.639290178194642067e-03
2.702201483771204948e-03
2.634812844917178154e-03
2.678864402696490288e-03
2.634333213791251183e-03
2.592663513496518135e-03
2.552527235820889473e-03
2.564510796219110489e-03
2.576755359768867493e-03
2.478110603988170624e-03
2.544845454394817352e-03
2.499733585864305496e-03
2.469622995704412460e-03
2.446484053507447243e-03
2.430438064038753510e-03
2.485948847606778145e-03
2.511473605409264565e-03
2.374282572418451309e-03
2.369264140725135803e-03
2.403997350484132767e-03
2.403583144769072533e-03
2.389948582276701927e-03
2.456780988723039627e-03
2.323277527466416359e-03
2.278005704283714294e-03
2.324552508071064949e-03
2.330431947484612465e-03
2.306928392499685287e-03
2.308232244104146957e-03
2.284493064507842064e-03
2.252635080367326736e-03
2.242403104901313782e-03
2.255202503874897957e-03
2.256685402244329453e-03
2.201839815825223923e-03
2.202994888648390770e-03
2.237754408270120621e-03
2.161115873605012894e-03
2.169186715036630630e-03
2.134390408173203468e-03
2.160728210583329201e-03
2.177366754040122032e-03
2.172588603571057320e-03
2.146989339962601662e-03
2.098178490996360779e-03
2.113410271704196930e-03
2.079230034723877907e-03
2.128638792783021927e-03
2.070417162030935287e-03
2.022380707785487175e-03
2.064256463199853897e-03
2.069938229396939278e-03
2.064802218228578568e-03
2.047671703621745110e-03
2.037887461483478546e-03
2.106091240420937538e-03
2.014289842918515205e-03
2.016420476138591766e-03
2.022422850131988525e-03
1.993547659367322922e-03
1.996776554733514786e-03
2.010560594499111176e-03
1.940949703566730022e-03
1.986971125006675720e-03
1.942973933182656765e-03
1.935470267198979855e-03
1.953286817297339439e-03
1.953133149072527885e-03
1.887448132038116455e-03
1.985602313652634621e-03
1.925978343933820724e-03
1.914684660732746124e-03
1.879109884612262249e-03
1.931885373778641224e-03
1.907872036099433899e-03
1.868424587883055210e-03
1.889994950033724308e-03
1.871507382020354271e-03
1.896911766380071640e-03
1.882200129330158234e-03
1.851613866165280342e-03
1.854305271990597248e-03
1.820567180402576923e-03
1.828474574722349644e-03
1.836009556427598000e-03
1.860187738202512264e-03
1.803956460207700729e-03
1.787817804142832756e-03
1.814289833419024944e-03
1.800997531972825527e-03
1.769292633980512619e-03
1.765567110851407051e-03
1.789142028428614140e-03
1.804991043172776699e-03
1.749007264152169228e-03
1.748984213918447495e-03
1.731193275190889835e-03
1.765640103258192539e-03
1.723324763588607311e-03
1.768894959241151810e-03
1.736787962727248669e-03
1.704336376860737801e-03
1.734818564727902412e-03
1.755299395881593227e-03
1.699273707345128059e-03
1.711413380689918995e-03
1.706980285234749317e-03
1.724310102872550488e-03
1.680469373241066933e-03
1.630016369745135307e-03
1.679084496572613716e-03
1.719552557915449142e-03
1.723454683087766171e-03
1.621477887965738773e-03
1.688266755081713200e-03
1.653300016187131405e-03
1.659786328673362732e-03
1.635120832361280918e-03
1.621705479919910431e-03
1.661076210439205170e-03
1.678637228906154633e-03
1.658431952819228172e-03
1.652397448197007179e-03
1.597782014869153500e-03
1.594269298948347569e-03
1.622208859771490097e-03
1.642360351979732513e-03
1.600376563146710396e-03
1.600491814315319061e-03
1.615315093658864498e-03
1.590507221408188343e-03
1.576456590555608273e-03
1.605088356882333755e-03
1.554319867864251137e-03
1.573696965351700783e-03
1.571268192492425442e-03
1.588359009474515915e-03
1.588168786838650703e-03
1.547620166093111038e-03
1.587881124578416348e-03
1.565398881211876869e-03
1.531740650534629822e-03
1.567440805956721306e-03
1.562658930197358131e-03
1.565954997204244137e-03
1.518276170827448368e-03
1.517286757007241249e-03
1.593591412529349327e-03
1.517907483503222466e-03
1.492163515649735928e-03
1.506013097241520882e-03
1.520910416729748249e-03
1.503883162513375282e-03
1.511804759502410889e-03
1.525107654742896557e-03
1.543378690257668495e-03
1.483926316723227501e-03
1.462564570829272270e-03
1.514138421043753624e-03
1.471598749049007893e-03
1.495572389103472233e-03
1.479834085330367088e-03
1.477547804825007915e-03
1.486941706389188766e-03
1.454561832360923290e-03
1.494819764047861099e-03
1.445367815904319286e-03
1.461109495721757412e-03
1.440281863324344158e-03
1.461936277337372303e-03
1.418616157025098801e-03
1.442144042812287807e-03
1.455104560591280460e-03
1.464166911318898201e-03
1.472434145398437977e-03
1.472657197155058384e-03
1.431625685654580593e-03
1.414919388480484486e-03
1.403158996254205704e-03
1.451225602068006992e-03
1.425186987034976482e-03
1.426742877811193466e-03
1.404494279995560646e-03
1.405313028953969479e-03
1.410230295732617378e-03
1.426726812496781349e-03
1.407447387464344501e-03
1.401417306624352932e-03
1.435874495655298233e-03
1.350590493530035019e-03
1.427617040462791920e-03
1.380418194457888603e-03
1.371153863146901131e-03
1.391053083352744579e-03
1.361578470095992088e-03
1.428551855497062206e-03
1.363280462101101875e-03
1.365522854030132294e-03
1.360790687613189220e-03
1.379384542815387249e-03
1.398968743160367012e-03
1.367485499940812588e-03
1.357036060653626919e-03
1.369000296108424664e-03
1.332198153249919415e-03
1.365049625746905804e-03
1.325628603808581829e-03
1.383331720717251301e-03
1.347827143035829067e-03
1.340602058917284012e-03
1.352685969322919846e-03
1.326088560745120049e-03
1.329438062384724617e-03
1.364481169730424881e-03
1.364599331282079220e-03
1.313073909841477871e-03
1.309781102463603020e-03
1.305923098698258400e-03
1.369004836305975914e-03
1.299436204135417938e-03
1.315482892096042633e-03
1.315402332693338394e-03
1.295922556892037392e-03
1.315369969233870506e-03
1.300773816183209419e-03
1.301492680795490742e-03
1.297754002735018730e-03
1.306398655287921429e-03
1.316997571848332882e-03
1.328716170974075794e-03
1.307454076595604420e-03
1.308447099290788174e-03
1.279529300518333912e-03
1.285154139623045921e-03
1.318158465437591076e-03
1.308966544456779957e-03
1.294212299399077892e-03
1.289231237024068832e-03
1.278809737414121628e-03
1.277354895137250423e-03
1.293317880481481552e-03
1.250991830602288246e-03
1.290258020162582397e-03
1.264683553017675877e-03
1.267136074602603912e-03
1.271555083803832531e-03
1.238732249476015568e-03
1.317654736340045929e-03
1.262945123016834259e-03
1.242477446794509888e-03
1.212117727845907211e-03
1.258879085071384907e-03
1.243336475454270840e-03
1.243238802999258041e-03
1.249987515620887280e-03
1.254014438018202782e-03
1.245160470716655254e-03
1.237242831848561764e-03
1.233928371220827103e-03
1.253416412509977818e-03
1.241416088305413723e-03
1.219558995217084885e-03
1.203714171424508095e-03
1.210444490425288677e-03
1.259307027794420719e-03
1.228129141964018345e-03
1.218794379383325577e-03
1.220406964421272278e-03
1.220029545947909355e-03
1.209786976687610149e-03
1.200338476337492466e-03
1.242885482497513294e-03
1.203785068355500698e-03
1.223518280312418938e-03
1.208662171848118305e-03
1.209034817293286324e-03
1.191570772789418697e-03
1.199854421429336071e-03
1.218075514771044254e-03
1.222624676302075386e-03
1.233926741406321526e-03
1.212991192005574703e-03
1.190546900033950806e-03
1.182635780423879623e-03
1.214820425957441330e-03
1.209740294143557549e-03
1.167981070466339588e-03
1.192153082229197025e-03
1.183396554552018642e-03
1.163045293651521206e-03
1.169099472463130951e-03
1.235008821822702885e-03
1.180995372124016285e-03
1.181457191705703735e-03
1.152326236478984356e-03
1.153246848843991756e-03
1.189874135889112949e-03
1.168065937235951424e-03
1.175243640318512917e-03
1.170909730717539787e-03
1.153617631644010544e-03
1.169283175840973854e-03
1.140938606113195419e-03
1.172846765257418156e-03
1.139665138907730579e-03
1.162171130999922752e-03
1.166022731922566891e-03
1.155944075435400009e-03
1.178101985715329647e-03
1.141719287261366844e-03
1.151322037912905216e-03
1.165978028438985348e-03
1.136488863267004490e-03
1.142493914812803268e-03
1.149902236647903919e-03
1.137852901592850685e-03
1.138584106229245663e-03
1.151347183622419834e-03
1.154920784756541252e-03
1.121579436585307121e-03
1.134540885686874390e-03
1.132486155256628990e-03
1.129128271713852882e-03
1.127807889133691788e-03
1.110888551920652390e-03
1.124233240261673927e-03
1.139918342232704163e-03
1.157775055617094040e-03
1.106636947952210903e-03
1.114693470299243927e-03
1.139012747444212437e-03
1.136001199483871460e-03
1.157204038463532925e-03
1.105510047636926174e-03
1.092911232262849808e-03
1.137012965045869350e-03
1.121312612667679787e-03
1.133055426180362701e-03
1.118163112550973892e-03
1.105565112084150314e-03
1.087721786461770535e-03
1.115824677981436253e-03
1.121877459809184074e-03
1.133470563217997551e-03
1.121381879784166813e-03
1.071086036972701550e-03
1.128315110690891743e-03
1.122393645346164703e-03
1.089232973754405975e-03
1.074495608918368816e-03
1.090243924409151077e-03
1.126007060520350933e-03
1.100688008591532707e-03
1.093828817829489708e-03
1.122352550737559795e-03
1.077729510143399239e-03
1.090164878405630589e-03
1.103091053664684296e-03
1.070297439582645893e-03
1.074292929843068123e-03
1.111882156692445278e-03
1.079474808648228645e-03
1.079282257705926895e-03
1.079294481314718723e-03
1.082850387319922447e-03
1.069348072633147240e-03
1.078438479453325272e-03
1.100530149415135384e-03
1.087533426471054554e-03
1.081898459233343601e-03
1.059223664924502373e-03
1.062485389411449432e-03
1.056976383551955223e-03
1.068145968019962311e-03
1.060804119333624840e-03
1.080138841643929482e-03
1.076135551556944847e-03
1.057776971720159054e-03
1.061955117620527744e-03
1.083349692635238171e-03
1.041591749526560307e-03
1.044002710841596127e-03
1.055393600836396217e-03
1.054749242030084133e-03
1.085646217688918114e-03
1.046768622472882271e-03
1.047339872457087040e-03
1.060695271007716656e-03
1.058620633557438850e-03
1.067536766640841961e-03
1.028985832817852497e-03
1.028067781589925289e-03
1.038218149915337563e-03
1.067723729647696018e-03
1.055962755344808102e-03
1.029359875246882439e-03
1.045501674525439739e-03
1.052234787493944168e-03
1.050834893248975277e-03
1.032404717989265919e-03
1.018913579173386097e-03
1.091410522349178791e-03
1.006660633720457554e-03
1.014105044305324554e-03
1.038866001181304455e-03
1.040798379108309746e-03
1.021237345412373543e-03
1.054161577485501766e-03
1.056443084962666035e-03
1.026485231705009937e-03
1.027906197123229504e-03
1.032386324368417263e-03
1.058905734680593014e-03
1.042863703332841396e-03
1.008660066872835159e-03
1.020081224851310253e-03
1.034734887070953846e-03
1.027852413244545460e-03
1.015353482216596603e-03
1.044889562763273716e-03
1.008728402666747570e-03
1.015870831906795502e-03
1.024742959998548031e-03
1.028066151775419712e-03
9.997336892411112785e-04
9.843375300988554955e-04
1.003941404633224010e-03
9.992497507482767105e-04
1.002819975838065147e-03
9.969443781301379204e-04
1.017131726257503033e-03
1.029310747981071472e-03
1.016063499264419079e-03
1.021602191030979156e-03
9.918895084410905838e-04
9.932914981618523598e-04
9.790041949599981308e-04
1.014689332805573940e-03
1.039333525113761425e-03
9.941810276359319687e-04
9.904946200549602509e-04
1.013631699606776237e-03
1.005476107820868492e-03
9.961820906028151512e-04
1.014289795421063900e-03
1.006027916446328163e-03
9.831123752519488335e-04
9.837066754698753357e-04
1.016029738821089268e-03
9.924609912559390068e-04
9.975229622796177864e-04
1.013427274301648140e-03
1.001792144961655140e-03
9.784767171368002892e-04
9.957216680049896240e-04
9.921519085764884949e-04
9.976769797503948212e-04
1.028474536724388599e-03
9.769790340214967728e-04
9.622946381568908691e-04
9.945204947143793106e-04
1.006730366498231888e-03
9.795045480132102966e-04
9.568419191054999828e-04
9.679350769147276878e-04
9.923906764015555382e-04
9.860192658379673958e-04
9.792967466637492180e-04
9.862425504252314568e-04
9.673914173617959023e-04
9.969865204766392708e-04
9.754109196364879608e-04
9.891813388094305992e-04
9.624122176319360733e-04
9.932374814525246620e-04
9.502905886620283127e-04
9.494171827100217342e-04
1.011167652904987335e-03
1.003660960122942924e-03
9.754008497111499310e-04
9.516954305581748486e-04
9.927111677825450897e-04
9.673922322690486908e-04
9.503735927864909172e-04
9.792771888896822929e-04
9.755488135851919651e-04
9.977100417017936707e-04
9.622095385566353798e-04
9.967300575226545334e-04
9.444334427826106548e-04
9.574844734743237495e-04
9.456310071982443333e-04
9.920838056132197380e-04
9.589456021785736084e-04
9.720493690110743046e-04
9.555993601679801941e-04
9.426133474335074425e-04
9.663554956205189228e-04
9.588118991814553738e-04
9.510481613688170910e-04
9.655728936195373535e-04
9.376306552439928055e-04
9.289395529776811600e-04
9.932678658515214920e-04
9.613130823709070683e-04
9.304906707257032394e-04
9.610811248421669006e-04
9.452715166844427586e-04
9.282305836677551270e-04
9.421649156138300896e-04
9.430611971765756607e-04
9.944542543962597847e-04
9.585091029293835163e-04
9.274919866584241390e-04
9.399286936968564987e-04
9.370743646286427975e-04
9.395817178301513195e-04
9.249063441529870033e-04
9.572993731126189232e-04
9.424148593097925186e-04
9.297374053858220577e-04
9.638980845920741558e-04
9.626418468542397022e-04
9.211311116814613342e-04
9.214493329636752605e-04
9.301598183810710907e-04
9.254723554477095604e-04
9.130190010182559490e-04
9.495434933342039585e-04
9.168527903966605663e-04
9.693342726677656174e-04
9.185046073980629444e-04
9.108825470320880413e-04
9.271361632272601128e-04
9.399352129548788071e-04
9.155026054941117764e-04
9.143726783804595470e-04
9.325611754320561886e-04
9.254926117137074471e-04
9.308622102253139019e-04
9.177734609693288803e-04
9.067417122423648834e-04
9.253949974663555622e-04
9.300465462729334831e-04
9.334572823718190193e-04
9.123678901232779026e-04
9.250721777789294720e-04
9.403867879882454872e-04
9.210821590386331081e-04
9.081280441023409367e-04
9.159087203443050385e-04
9.221659274771809578e-04
8.901719120331108570e-04
9.346673614345490932e-04
9.068300714716315269e-04
9.012670489028096199e-04
9.220258216373622417e-04
9.127823286689817905e-04
9.189896518364548683e-04
9.286619024351239204e-04
9.063334437087178230e-04
9.063491597771644592e-04
9.084813646040856838e-04
8.959752158261835575e-04
8.900489774532616138e-04
9.273401810787618160e-04
9.392335196025669575e-04
9.150319383479654789e-04
9.078111033886671066e-04
9.280776139348745346e-04
9.002424776554107666e-04
8.841509697958827019e-04
9.141620248556137085e-04
9.146101656369864941e-04
9.127241792157292366e-04
9.087621583603322506e-04
9.138129535131156445e-04
8.938495302572846413e-04
9.161259513348340988e-04
9.049121290445327759e-04
9.220159263350069523e-04
8.876164210960268974e-04
9.011476067826151848e-04
9.067745995707809925e-04
9.046530467458069324e-04
9.012316586449742317e-04
8.888143929652869701e-04
9.200415806844830513e-04
8.964375592768192291e-04
9.010483627207577229e-04
8.788491250015795231e-04
8.815667824819684029e-04
8.877989603206515312e-04
8.952693315222859383e-04
8.706484804861247540e-04
8.820889634080231190e-04
8.821152732707560062e-04
8.888701559044420719e-04
8.896682993508875370e-04
8.884684066288173199e-04
8.904098649509251118e-04
9.110902901738882065e-04
8.975242963060736656e-04
8.776067988947033882e-04
8.760336786508560181e-04
8.992849034257233143e-04
8.937450475059449673e-04
8.748224354349076748e-04
8.856379427015781403e-04
8.887482690624892712e-04
8.806579280644655228e-04
8.730849949643015862e-04
8.836105698719620705e-04
8.876835345290601254e-04
8.613971294835209846e-04
8.906666189432144165e-04
8.876406354829668999e-04
8.857244392856955528e-04
8.609147043898701668e-04
8.861208916641771793e-04
8.695728611201047897e-04
8.701274637132883072e-04
8.757560863159596920e-04
8.803075179457664490e-04
8.733089198358356953e-04
8.801909280009567738e-04
8.625899790786206722e-04
8.756919414736330509e-04
8.741869824007153511e-04
8.801282383501529694e-04
8.570891222916543484e-04
8.725245716050267220e-04
8.779143681749701500e-04
8.784073870629072189e-04
8.701397455297410488e-04
8.629442891106009483e-04
8.493364439345896244e-04
8.735703886486589909e-04
8.711936534382402897e-04
8.741761557757854462e-04
8.608959615230560303e-04
8.678114973008632660e-04
8.553834632039070129e-04
8.496491354890167713e-04
8.678541053086519241e-04
8.844399708323180676e-04
8.656536811031401157e-04
8.768840343691408634e-04
8.814482716843485832e-04
8.425397099927067757e-04
8.540782146155834198e-04
8.754941518418490887e-04
8.412230527028441429e-04
8.688269299454987049e-04
8.553179795853793621e-04
8.667327347211539745e-04
8.421587990596890450e-04
8.476276416331529617e-04
8.390831062570214272e-04
8.714509895071387291e-04
8.593534585088491440e-04
8.706665248610079288e-04
8.441790123470127583e-04
8.609862416051328182e-04
8.535280358046293259e-04
8.583360468037426472e-04
8.472991758026182652e-04
8.639056468382477760e-04
8.549899212084710598e-04
8.300776244141161442e-04
8.427881984971463680e-04
8.491784101352095604e-04
8.525878074578940868e-04
8.457903168164193630e-04
8.770686690695583820e-04
8.262358605861663818e-04
8.587944321334362030e-04
8.413628092966973782e-04
8.370800642296671867e-04
8.612226811237633228e-04
8.677471196278929710e-04
8.527375757694244385e-04
8.231092360801994801e-04
8.444455452263355255e-04
8.532245410606265068e-04
8.902357658371329308e-04
8.645409834571182728e-04
8.361643995158374310e-04
8.270049002021551132e-04
8.449427550658583641e-04
9.031065856106579304e-04
8.286463562399148941e-04
8.227670332416892052e-04
8.300677291117608547e-04
8.478686795569956303e-04
8.221364114433526993e-04
8.111422648653388023e-04
8.654957637190818787e-04
8.306461386382579803e-04
8.461936959065496922e-04
8.473473135381937027e-04
8.345885435119271278e-04
8.427276625297963619e-04
8.370437426492571831e-04
8.527444442734122276e-04
8.352292352356016636e-04
8.187444182112812996e-04
8.202192839235067368e-04
8.339214837178587914e-04
8.391243754886090755e-04
8.213395485654473305e-04
8.575398242101073265e-04
8.297293097712099552e-04
8.209486841224133968e-04
8.289429242722690105e-04
8.280385518446564674e-04
8.156704134307801723e-04
8.252693805843591690e-04
8.326059323735535145e-04
8.269929676316678524e-04
8.229408413171768188e-04
8.491252083331346512e-04
8.278230088762938976e-04
8.208514191210269928e-04
8.255908614955842495e-04
8.003150578588247299e-04
8.128684130497276783e-04
8.560267160646617413e-04
8.376576006412506104e-04
8.159474818967282772e-04
8.195317350327968597e-04
8.220226736739277840e-04
8.195572881959378719e-04
8.243596530519425869e-04
8.281870395876467228e-04
8.253881824202835560e-04
8.278610184788703918e-04
8.188190404325723648e-04
8.388337446376681328e-04
8.253487176261842251e-04
8.146116160787642002e-04
8.088427130132913589e-04
8.124993764795362949e-04
8.315648883581161499e-04
8.320336346514523029e-04
8.254526183009147644e-04
7.936310139484703541e-04
8.346634567715227604e-04
8.242584881372749805e-04
7.976648630574345589e-04
8.185650222003459930e-04
8.170218206942081451e-04
8.236594148911535740e-04
8.038632222451269627e-04
7.930494030006229877e-04
8.132503135129809380e-04
8.341188658960163593e-04
8.387896814383566380e-04
7.981599192135035992e-04
8.146358886733651161e-04
8.104826556518673897e-04
8.176185074262320995e-04
8.077937527559697628e-04
8.124872110784053802e-04
8.182901656255125999e-04
7.960216025821864605e-04
8.032765472307801247e-04
7.970000151544809341e-04
8.075256482698023319e-04
8.180138538591563702e-04
8.267477969639003277e-04
7.967474521137773991e-04
7.986545679159462452e-04
8.155150571838021278e-04
8.058350067585706711e-04
7.970372680574655533e-04
8.455433999188244343e-04
7.842011982575058937e-04
7.954371976666152477e-04
8.197479182854294777e-04
8.072780910879373550e-04
8.093248470686376095e-04
8.038691012188792229e-04
8.159324061125516891e-04
8.077353704720735550e-04
8.059830870479345322e-04
8.009213488548994064e-04
7.999286754056811333e-04
7.829274982213973999e-04
7.881565834395587444e-04
8.058117236942052841e-04
7.914524758234620094e-04
7.869684486649930477e-04
8.050882024690508842e-04
8.063623099587857723e-04
7.890503620728850365e-04
8.075608639046549797e-04
8.055415237322449684e-04
8.010365418158471584e-04
7.810662500560283661e-04
8.095044177025556564e-04
7.708775228820741177e-04
8.158679120242595673e-04
7.846870576031506062e-04
7.727622869424521923e-04
7.769567309878766537e-04
7.926132529973983765e-04
8.056848309934139252e-04
8.050634060055017471e-04
8.048476884141564369e-04
7.895348244346678257e-04
7.735028048045933247e-04
7.797972648404538631e-04
7.763004396110773087e-04
7.743663736619055271e-04
8.005747804418206215e-04
7.918188348412513733e-04
7.946698460727930069e-04
7.904363446868956089e-04
7.928966078907251358e-04
7.916739559732377529e-04
7.968048448674380779e-04
7.825125940144062042e-04
7.676422828808426857e-04
8.069465402513742447e-04
7.947252015583217144e-04
7.904670201241970062e-04
8.273546118289232254e-04
7.876906311139464378e-04
7.673730142414569855e-04
8.211364038288593292e-04
7.768314681015908718e-04
7.778177969157695770e-04
7.762762834317982197e-04
7.712481892667710781e-04
7.702625007368624210e-04
7.720565190538764000e-04
7.572412723675370216e-04
7.980446680448949337e-04
7.722525624558329582e-04
8.042489062063395977e-04
7.738564745523035526e-04
7.804327760823071003e-04
7.659168331883847713e-04
7.868526736274361610e-04
8.084264700300991535e-04
7.993645849637687206e-04
7.598467636853456497e-04
7.827655645087361336e-04
7.661778363399207592e-04
7.737145642749965191e-04
7.805728237144649029e-04
7.692286744713783264e-04
7.733043748885393143e-04
7.698379922658205032e-04
7.703983574174344540e-04
7.703461451455950737e-04
7.733159582130610943e-04
7.816738216206431389e-04
7.609879248775541782e-04
7.577817304991185665e-04
7.626165752299129963e-04
7.949008722789585590e-04
7.750937365926802158e-04
7.605658611282706261e-04
7.652175263501703739e-04
7.700030691921710968e-04
7.781715248711407185e-04
7.687970064580440521e-04
7.808143272995948792e-04
7.810302777215838432e-04
7.435384322889149189e-04
7.657513488084077835e-04
8.207503124140202999e-04
7.612368208356201649e-04
7.461010827682912350e-04
7.551447488367557526e-04
7.677974645048379898e-04
7.803249172866344452e-04
7.802117615938186646e-04
7.466964889317750931e-04
7.871646666899323463e-04
7.593174814246594906e-04
7.441515917889773846e-04
7.625469588674604893e-04
7.662102580070495605e-04
7.734096143394708633e-04
7.512702723033726215e-04
7.469164556823670864e-04
7.614917703904211521e-04
7.561036618426442146e-04
7.853634306229650974e-04
7.679815171286463737e-04
7.650881889276206493e-04
7.578927907161414623e-04
7.806831854395568371e-04
7.834009593352675438e-04
7.639424875378608704e-04
7.598978118039667606e-04
7.391317631117999554e-04
7.311185472644865513e-04
7.611910696141421795e-04
7.580079836770892143e-04
7.551173912361264229e-04
7.540485239587724209e-04
7.803734042681753635e-04
7.501442451030015945e-04
7.545018452219665051e-04
7.526887929998338223e-04
7.790768286213278770e-04
7.733457605354487896e-04
7.547505083493888378e-04
7.588329026475548744e-04
7.435457082465291023e-04
7.496412727050483227e-04
7.414197316393256187e-04
7.620402029715478420e-04
7.615424692630767822e-04
7.619088282808661461e-04
7.572400500066578388e-04
7.501497166231274605e-04
7.433299906551837921e-04
7.403462659567594528e-04
7.492579752579331398e-04
7.374014821834862232e-04
7.402370101772248745e-04
7.570766611024737358e-04
7.598275551572442055e-04
7.411150727421045303e-04
7.464842055924236774e-04
7.489861454814672470e-04
7.637651870027184486e-04
7.407371886074542999e-04
7.304919417947530746e-04
7.341318414546549320e-04
7.551521412096917629e-04
7.700706482864916325e-04
7.505830726586282253e-04
7.299021235667169094e-04
7.288880879059433937e-04
7.306464249268174171e-04
7.416823646053671837e-04
7.470085402019321918e-04
7.528574205935001373e-04
7.564923726022243500e-04
7.565444102510809898e-04
7.443480426445603371e-04
7.416133303195238113e-04
7.291033980436623096e-04
7.675542728975415230e-04
7.312446250580251217e-04
7.483451627194881439e-04
7.245422457344830036e-04
7.460150518454611301e-04
7.357466383837163448e-04
7.491077412851154804e-04
7.365200435742735863e-04
7.498159538954496384e-04
7.434972212649881840e-04
7.414423744194209576e-04
7.334005786105990410e-04
7.331900415010750294e-04
7.307949708774685860e-04
7.411286933347582817e-04
7.342706667259335518e-04
7.505581597797572613e-04
7.442967034876346588e-04
7.356788846664130688e-04
7.171736797317862511e-04
7.240049890242516994e-04
7.406841032207012177e-04
7.409130921587347984e-04
7.479019113816320896e-04
7.297751726582646370e-04
7.248697220347821712e-04
7.473541190847754478e-04
7.537098717875778675e-04
7.322206511162221432e-04
7.343586185015738010e-04
7.215216755867004395e-04
7.328288047574460506e-04
7.218307582661509514e-04
7.253219955600798130e-04
7.306021288968622684e-04
7.220611441880464554e-04
7.424927316606044769e-04
7.530674920417368412e-04
7.328627980314195156e-04
7.245577289722859859e-04
7.175057544372975826e-04
7.238868856802582741e-04
7.294545066542923450e-04
7.333022076636552811e-04
7.388090016320347786e-04
7.393636624328792095e-04
7.232612697407603264e-04
7.252547075040638447e-04
7.165845017880201340e-04
7.329607033170759678e-04
7.528144633397459984e-04
7.235833909362554550e-04
7.383822812698781490e-04
7.328634383156895638e-04
7.335687987506389618e-04
7.263150182552635670e-04
7.310797227546572685e-04
7.124945987015962601e-04
7.525989785790443420e-04
7.208840106613934040e-04
7.185331778600811958e-04
7.241867133416235447e-04
7.291825604625046253e-04
7.199716637842357159e-04
7.113536703400313854e-04
7.140425150282680988e-04
7.497400511056184769e-04
7.344324840232729912e-04
7.343398174270987511e-04
7.313811220228672028e-04
6.992932176217436790e-04
7.121449452824890614e-04
7.447160314768552780e-04
7.368295919150114059e-04
7.135618361644446850e-04
7.188834133557975292e-04
7.249956834129989147e-04
7.376239518634974957e-04
7.274484378285706043e-04
7.315312977880239487e-04
7.137806387618184090e-04
7.217742386274039745e-04
7.124066469259560108e-04
7.115892367437481880e-04
7.065042736940085888e-04
7.130556623451411724e-04
7.282765582203865051e-04
7.115360349416732788e-04
7.297726697288453579e-04
7.117623463273048401e-04
7.162802503444254398e-04
7.177190273068845272e-04
7.125615375116467476e-04
7.126221898943185806e-04
7.012808346189558506e-04
7.079041679389774799e-04
7.287512416951358318e-04
7.331831729970872402e-04
7.134284824132919312e-04
7.010900299064815044e-04
7.002970087341964245e-04
7.240992272272706032e-04
7.302200538106262684e-04
7.138607325032353401e-04
6.991818081587553024e-04
7.165659335441887379e-04
7.151950267143547535e-04
7.136142812669277191e-04
7.152420585043728352e-04
7.091762381605803967e-04
7.128078141249716282e-04
7.264250889420509338e-04
7.038805633783340454e-04
7.370783714577555656e-04
7.163432310335338116e-04
6.898900028318166733e-04
7.081915391609072685e-04
7.014319999143481255e-04
7.115582702681422234e-04
7.117231725715100765e-04
7.129774894565343857e-04
7.066373946145176888e-04
7.258873665705323219e-04
7.127678254619240761e-04
7.256368990056216717e-04
7.148192962631583214e-04
6.938233273103833199e-04
7.070220308378338814e-04
7.047952967695891857e-04
7.087773992680013180e-04
6.830897182226181030e-04
7.109491270966827869e-04
7.082241936586797237e-04
7.042782963253557682e-04
6.941165192984044552e-04
6.967097287997603416e-04
7.085254765115678310e-04
7.050438434816896915e-04
7.126483833417296410e-04
6.937413127161562443e-04
7.054175366647541523e-04
7.184837595559656620e-04
7.065488607622683048e-04
7.117560598999261856e-04
6.907634087838232517e-04
7.059373892843723297e-04
7.274562376551330090e-04
7.153560291044414043e-04
7.073191227391362190e-04
6.904109031893312931e-04
7.072706357575953007e-04
6.964913918636739254e-04
6.978831952437758446e-04
6.989392568357288837e-04
7.269709021784365177e-04
7.135429186746478081e-04
7.010402041487395763e-04
6.944267079234123230e-04
7.107399287633597851e-04
7.140258676372468472e-04
6.974293501116335392e-04
6.867703632451593876e-04
7.148750009946525097e-04
7.358501898124814034e-04
6.907008355483412743e-04
6.751159089617431164e-04
6.980921607464551926e-04
6.914828554727137089e-04
7.210657349787652493e-04
7.039424381218850613e-04
7.252120412886142731e-04
6.949712987989187241e-04
7.023281068541109562e-04
6.963661289773881435e-04
6.879355642013251781e-04
6.925116176716983318e-04
6.967189256101846695e-04
6.822833092883229256e-04
7.108408026397228241e-04
6.938537699170410633e-04
6.959142629057168961e-04
7.393490523099899292e-04
6.945088971406221390e-04
6.887431954964995384e-04
7.007878739386796951e-04
6.942077307030558586e-04
6.803961587138473988e-04
6.788700702600181103e-04
6.862353766337037086e-04
7.043932564556598663e-04
6.794033106416463852e-04
7.174286874942481518e-04
6.974879652261734009e-04
6.960672326385974884e-04
6.803920841775834560e-04
6.819391273893415928e-04
7.246960885822772980e-04
6.875640829093754292e-04
6.993334973230957985e-04
6.800087867304682732e-04
7.006893865764141083e-04
6.861544679850339890e-04
6.828877376392483711e-04
6.835341337136924267e-04
6.811646744608879089e-04
6.947859656065702438e-04
6.926673813723027706e-04
6.846915930509567261e-04
7.039975607767701149e-04
7.050294661894440651e-04
6.727848667651414871e-04
6.892678211443126202e-04
6.552949198521673679e-04
6.906746421009302139e-04
6.932613905519247055e-04
6.830475176684558392e-04
6.921729072928428650e-04
6.976107251830399036e-04
6.816794630140066147e-04
6.999860052019357681e-04
6.892615929245948792e-04
6.890771328471601009e-04
6.751051987521350384e-04
6.859698914922773838e-04
7.164152339100837708e-04
6.876285187900066376e-04
6.763448473066091537e-04
6.717593059875071049e-04
6.822736468166112900e-04
7.125946576707065105e-04
6.893678219057619572e-04
6.908780196681618690e-04
7.128671277314424515e-04
6.771094049327075481e-04
6.926610367372632027e-04
6.818755646236240864e-04
6.605677772313356400e-04
6.730532622896134853e-04
6.819004192948341370e-04
6.799558759666979313e-04
6.810934282839298248e-04
6.824453594163060188e-04
6.714887567795813084e-04
7.059311028569936752e-04
6.688854773528873920e-04
6.855047540739178658e-04
6.739079253748059273e-04
7.063723169267177582e-04
6.675341865047812462e-04
6.645157118327915668e-04
6.625471287406980991e-04
6.702927639707922935e-04
6.619986961595714092e-04
6.712665781378746033e-04
6.845435127615928650e-04
6.726669380441308022e-04
6.635564495809376240e-04
6.757374503649771214e-04
6.765682483091950417e-04
6.708904984407126904e-04
6.795761873945593834e-04
6.750744068995118141e-04
6.981924525462090969e-04
6.862881127744913101e-04
7.170101744122803211e-04
6.729484302923083305e-04
6.671404698863625526e-04
6.738909287378191948e-04
6.760947871953248978e-04
6.780748371966183186e-04
6.782370619475841522e-04
6.778414244763553143e-04
6.581306224688887596e-04
6.735420902259647846e-04
6.907112547196447849e-04
6.752539193257689476e-04
6.617515464313328266e-04
6.794007495045661926e-04
6.818668916821479797e-04
6.624703528359532356e-04
6.819702684879302979e-04
6.845726747997105122e-04
6.570037221536040306e-04
6.546974764205515385e-04
6.540729082189500332e-04
6.629137787967920303e-04
6.759695825167000294e-04
6.847304757684469223e-04
6.731745670549571514e-04
6.942379986867308617e-04
6.512615946121513844e-04
6.625356618314981461e-04
6.685103289783000946e-04
6.827032775618135929e-04
6.931876996532082558e-04
6.880164728499948978e-04
6.609925185330212116e-04
6.591592100448906422e-04
6.728329462930560112e-04
6.591115961782634258e-04
6.672061863355338573e-04
6.861264701001346111e-04
6.718531367368996143e-04
6.779677351005375385e-04
6.626184331253170967e-04
6.469700601883232594e-04
6.799971451982855797e-04
6.798386457376182079e-04
6.797577370889484882e-04
6.715584313496947289e-04
6.669334834441542625e-04
6.632779259234666824e-04
6.748107261955738068e-04
6.784135475754737854e-04
6.722751422785222530e-04
6.760485121048986912e-04
6.683343090116977692e-04
6.660379585810005665e-04
6.683849496766924858e-04
6.601594504900276661e-04
6.489069201052188873e-04
6.940792663954198360e-04
6.692422321066260338e-04
6.515599088743329048e-04
6.706383428536355495e-04
6.898266728967428207e-04
6.628210539929568768e-04
6.506385980173945427e-04
6.834834348410367966e-04
6.648504058830440044e-04
6.493252003565430641e-04
6.622302462346851826e-04
6.631008000113070011e-04
6.681602098979055882e-04
6.939424783922731876e-04
6.796090747229754925e-04
6.599465850740671158e-04
6.384116713888943195e-04
6.561496411450207233e-04
6.585770170204341412e-04
6.912059616297483444e-04
6.687554414384067059e-04
6.707530119456350803e-04
6.761621916666626930e-04
6.616024184040725231e-04
6.400316487997770309e-04
6.396626704372465611e-04
6.527623045258224010e-04
6.465827464126050472e-04
6.562565686181187630e-04
6.456568371504545212e-04
6.565987714566290379e-04
6.591449491679668427e-04
6.630356074310839176e-04
6.859796121716499329e-04
6.593054276891052723e-04
6.752185290679335594e-04
6.592507124878466129e-04
6.610430427826941013e-04
6.350457551889121532e-04
6.586128147318959236e-04
6.515422137454152107e-04
6.533444975502789021e-04
6.609091069549322128e-04
6.718544173054397106e-04
6.588008254766464233e-04
6.490076193585991859e-04
6.622459040954709053e-04
6.577342282980680466e-04
6.524132331833243370e-04
6.444221944548189640e-04
6.700450321659445763e-04
6.562293856404721737e-04
6.683254032395780087e-04
6.468531792052090168e-04
6.658635684289038181e-04
6.601763889193534851e-04
6.557186716236174107e-04
6.605741218663752079e-04
6.442759768106043339e-04
6.553044659085571766e-04
6.552977138198912144e-04
6.995348376221954823e-04
6.595972226932644844e-04
6.443031015805900097e-04
6.320295506156980991e-04
6.455585826188325882e-04
6.606356473639607430e-04
6.527335499413311481e-04
6.467393832281231880e-04
6.465492187999188900e-04
6.459070136770606041e-04
6.417016847990453243e-04
6.482714670710265636e-04
6.906666676513850689e-04
6.470989901572465897e-04
6.290826131589710712e-04
6.362196290865540504e-04
6.395565578714013100e-04
6.428492488339543343e-04
6.957552395761013031e-04
6.481710588559508324e-04
6.343824206851422787e-04
6.392150535248219967e-04
6.512284162454307079e-04
6.596238818019628525e-04
6.413846276700496674e-04
6.611509597860276699e-04
6.442152080126106739e-04
6.426793406717479229e-04
6.350210751406848431e-04
6.453892565332353115e-04
6.357010570354759693e-04
6.535907159559428692e-04
6.603559013456106186e-04
6.413343944586813450e-04
6.297753425315022469e-04
6.232093437574803829e-04
6.711011519655585289e-04
6.519334856420755386e-04
6.287632277235388756e-04
6.321931141428649426e-04
6.510346429422497749e-04
6.471245433203876019e-04
6.287476280704140663e-04
6.413953960873186588e-04
6.374793592840433121e-04
6.429698551073670387e-04
6.519725429825484753e-04
6.458334974013268948e-04
6.552614504471421242e-04
6.329420139081776142e-04
6.420700228773057461e-04
6.496715941466391087e-04
6.458361167460680008e-04
6.428341730497777462e-04
6.345701985992491245e-04
6.413705996237695217e-04
6.448600906878709793e-04
6.481847376562654972e-04
6.338992388918995857e-04
6.378089310601353645e-04
6.544939824379980564e-04
6.327728624455630779e-04
6.487026112154126167e-04
6.460142321884632111e-04
6.432009977288544178e-04
6.415667012333869934e-04
6.719712400808930397e-04
6.421341095119714737e-04
6.433950038626790047e-04
6.335115176625549793e-04
6.342073320411145687e-04
6.229011341929435730e-04
6.446563056670129299e-04
6.386519526131451130e-04
6.362348794937133789e-04
6.406608736142516136e-04
6.439380231313407421e-04
6.401936407200992107e-04
6.504612392745912075e-04
6.233215099200606346e-04
6.519115995615720749e-04
6.358333630487322807e-04
6.752962945029139519e-04
6.431835354305803776e-04
6.247270503081381321e-04
6.426922627724707127e-04
6.503476761281490326e-04
6.458844291046261787e-04
6.353472708724439144e-04
6.545218056999146938e-04
6.370844203047454357e-04
6.275833584368228912e-04
6.354363285936415195e-04
6.442078156396746635e-04
6.430789362639188766e-04
6.269964505918323994e-04
6.353990756906569004e-04
6.222089868970215321e-04
6.256739143282175064e-04
6.490260711871087551e-04
6.447096820920705795e-04
6.347201415337622166e-04
6.320624961517751217e-04
6.220973446033895016e-04
6.393126095645129681e-04
6.467177881859242916e-04
6.425130413845181465e-04
6.441959994845092297e-04
6.303996779024600983e-04
6.256789201870560646e-04
6.374225486069917679e-04
6.520037422887980938e-04
6.184465601108968258e-04
6.450540386140346527e-04
6.306240684352815151e-04
6.200141506269574165e-04
6.090704118832945824e-04
6.223797099664807320e-04
6.373818032443523407e-04
6.468431674875319004e-04
6.628364208154380322e-04
6.354596116580069065e-04
6.205383688211441040e-04
6.348558235913515091e-04
6.495426641777157784e-04
6.143576465547084808e-04
6.187603576108813286e-04
6.348208407871425152e-04
6.268874276429414749e-04
6.458284915424883366e-04
6.318126688711345196e-04
6.394264055415987968e-04
6.166567327454686165e-04
6.267417920753359795e-04
6.320777465589344501e-04
6.292859907262027264e-04
6.288258009590208530e-04
6.403799634426832199e-04
6.331544136628508568e-04
6.138201570138335228e-04
6.269175210036337376e-04
6.259174551814794540e-04
6.568442913703620434e-04
6.423344020731747150e-04
6.146610830910503864e-04
6.063745240680873394e-04
6.180940545164048672e-04
6.352136260829865932e-04
6.570059340447187424e-04
6.428152555599808693e-04
6.238210480660200119e-04
6.265059928409755230e-04
6.263154209591448307e-04
6.356821977533400059e-04
6.291440222412347794e-04
6.226768600754439831e-04
6.607144605368375778e-04
6.209804560057818890e-04
6.108533707447350025e-04
6.128158420324325562e-04
6.240528309717774391e-04
6.249478901736438274e-04
6.342087872326374054e-04
6.172084249556064606e-04
6.349353934638202190e-04
6.239166250452399254e-04
6.141047924757003784e-04
6.114313728176057339e-04
6.291595054790377617e-04
6.251707673072814941e-04
6.109469686634838581e-04
6.244676769711077213e-04
6.223188829608261585e-04
6.419031415134668350e-04
6.322738481685519218e-04
6.268261931836605072e-04
6.218823837116360664e-04
6.157750030979514122e-04
6.204262026585638523e-04
6.177045288495719433e-04
6.195012829266488552e-04
6.220205104909837246e-04
6.211661384440958500e-04
6.374279037117958069e-04
6.194720044732093811e-04
6.256478955037891865e-04
6.385311135090887547e-04
6.297574727796018124e-04
6.232561427168548107e-04
6.059455336071550846e-04
6.256382912397384644e-04
6.139907636679708958e-04
6.237730267457664013e-04
6.332534831017255783e-04
6.200885400176048279e-04
6.079906015656888485e-04
6.168224499560892582e-04
6.157064344733953476e-04
6.206601392477750778e-04
6.171392160467803478e-04
6.077801226638257504e-04
6.203615339472889900e-04
6.273621111176908016e-04
6.207680562511086464e-04
6.346742156893014908e-04
6.203146767802536488e-04
6.147920503281056881e-04
5.970512283965945244e-04
6.256497581489384174e-04
6.254835752770304680e-04
6.381989223882555962e-04
6.197902257554233074e-04
6.294531631283462048e-04
6.060350569896399975e-04
6.084420019760727882e-04
6.133634597063064575e-04
6.194448797032237053e-04
6.009140051901340485e-04
6.166177336126565933e-04
6.129641551524400711e-04
6.248322897590696812e-04
6.074456614442169666e-04
6.101678009144961834e-04
6.262940005399286747e-04
6.086798966862261295e-04
6.055957637727260590e-04
6.209850544109940529e-04
6.528415833599865437e-04
6.097443401813507080e-04
5.986920441500842571e-04
6.126777734607458115e-04
6.041160668246448040e-04
6.300510722212493420e-04
6.102177430875599384e-04
6.037069833837449551e-04
6.083517218939960003e-04
6.151561974547803402e-04
6.159421755000948906e-04
6.109367823228240013e-04
6.353292847052216530e-04
6.124256178736686707e-04
6.007514311932027340e-04
6.175912567414343357e-04
6.076051504351198673e-04
6.192917935550212860e-04
6.054795230738818645e-04
6.318725645542144775e-04
6.011052173562347889e-04
6.159399636089801788e-04
6.195043097250163555e-04
6.117387092672288418e-04
6.201871437951922417e-04
6.247419514693319798e-04
6.034941761754453182e-04
6.053538527339696884e-04
6.095386343076825142e-04
6.103109335526823997e-04
6.232298328541219234e-04
6.073155673220753670e-04
6.241637165658175945e-04
6.209440180100500584e-04
6.008610944263637066e-04
6.123534403741359711e-04
6.134315626695752144e-04
6.068200455047190189e-04
6.021617446094751358e-04
6.071671377867460251e-04
6.272590835578739643e-04
6.098735611885786057e-04
5.934759974479675293e-04
6.183744990266859531e-04
6.063514738343656063e-04
6.115889409556984901e-04
6.133744027465581894e-04
6.090415408834815025e-04
6.139950128272175789e-04
5.999326822347939014e-04
5.863614496774971485e-04
5.930850747972726822e-04
6.179850315675139427e-04
6.271514575928449631e-04
6.036391132511198521e-04
6.162116187624633312e-04
6.022177985869348049e-04
6.187309627421200275e-04
6.181321223266422749e-04
6.085162749513983727e-04
6.005340255796909332e-04
5.867131403647363186e-04
6.068074144423007965e-04
5.952586652711033821e-04
6.031855009496212006e-04
6.102618644945323467e-04
6.032005767337977886e-04
6.127306260168552399e-04
6.001791334711015224e-04
6.241364753805100918e-04
6.093955016694962978e-04
6.298099178820848465e-04
5.924798897467553616e-04
6.022695451974868774e-04
6.165527738630771637e-04
6.071634707041084766e-04
6.059520528651773930e-04
6.022637244313955307e-04
6.040201405994594097e-04
6.171981221996247768e-04
6.276607746258378029e-04
6.256648921407759190e-04
5.812182789668440819e-04
6.035731057636439800e-04
6.005970062687993050e-04
5.947254830971360207e-04
6.078973528929054737e-04
6.319459062069654465e-04
5.953237414360046387e-04
5.926348385401070118e-04
6.132706184871494770e-04
6.086669163778424263e-04
6.009834469296038151e-04
6.130192778073251247e-04
6.527154473587870598e-04
5.844492116011679173e-04
5.972235230728983879e-04
5.998365231789648533e-04
5.967449978925287724e-04
6.051561213098466396e-04
5.980448331683874130e-04
5.868827574886381626e-04
6.162943900562822819e-04
6.041291635483503342e-04
6.075670826248824596e-04
6.025279872119426727e-04
5.959577392786741257e-04
6.073821568861603737e-04
5.845738342031836510e-04
6.114634452387690544e-04
6.034769467078149319e-04
6.098772864788770676e-04
6.007263436913490295e-04
5.940346163697540760e-04
6.014711689203977585e-04
6.011311197653412819e-04
6.047902279533445835e-04
5.912940832786262035e-04
5.929531180299818516e-04
6.034778198227286339e-04
6.051475065760314465e-04
5.947575555182993412e-04
6.063630571588873863e-04
5.961026181466877460e-04
6.032783421687781811e-04
5.942806019447743893e-04
5.914339562878012657e-04
6.258439389057457447e-04
6.094065611250698566e-04
5.902521661482751369e-04
5.930027691647410393e-04
6.119883619248867035e-04
5.959093687124550343e-04
5.878524971194565296e-04
5.915841320529580116e-04
5.774612654931843281e-04
5.951634375378489494e-04
5.974186933599412441e-04
5.967800389043986797e-04
5.941789713688194752e-04
6.159067270345985889e-04
5.883772973902523518e-04
6.062961183488368988e-04
5.936082452535629272e-04
5.952944629825651646e-04
5.910962936468422413e-04
5.951626808382570744e-04
5.770779098384082317e-04
5.920298863202333450e-04
5.957999383099377155e-04
5.866855499334633350e-04
6.151584093458950520e-04
6.167539977468550205e-04
5.937102832831442356e-04
5.842227255925536156e-04
6.133893621154129505e-04
6.029426003806293011e-04
6.001897854730486870e-04
5.913518834859132767e-04
5.838380893692374229e-04
5.932971835136413574e-04
5.943573196418583393e-04
5.953664658591151237e-04
6.037662969902157784e-04
5.936590605415403843e-04
5.879259551875293255e-04
5.873776390217244625e-04
5.836934433318674564e-04
5.898021627217531204e-04
5.873124464415013790e-04
5.869144806638360023e-04
6.031827651895582676e-04
5.937418900430202484e-04
5.812177550978958607e-04
5.854810588061809540e-04
5.945332231931388378e-04
6.166262319311499596e-04
5.921699921600520611e-04
5.891547771170735359e-04
5.971168284304440022e-04
5.952980718575417995e-04
5.821392987854778767e-04
5.903779529035091400e-04
5.840248777531087399e-04
5.896301008760929108e-04
5.772457807324826717e-04
5.872914334759116173e-04
5.884383572265505791e-04
5.982533912174403667e-04
5.896420916542410851e-04
5.891733453609049320e-04
5.881432443857192993e-04
6.076448480598628521e-04
5.866717547178268433e-04
5.858546355739235878e-04
5.850412999279797077e-04
5.925156292505562305e-04
5.825280095450580120e-04
5.919177201576530933e-04
5.783098749816417694e-04
5.988816265016794205e-04
5.845951382070779800e-04
5.751117714680731297e-04
5.987447220832109451e-04
5.981439026072621346e-04
5.690996767953038216e-04
5.884029087610542774e-04
5.871203029528260231e-04
5.886123981326818466e-04
5.894956993870437145e-04
6.114447605796158314e-04
6.144381477497518063e-04
5.976593820378184319e-04
5.772166769020259380e-04
5.649987142533063889e-04
5.915709189139306545e-04
5.960818380117416382e-04
5.845269770361483097e-04
5.990603240206837654e-04
5.860507371835410595e-04
5.837430362589657307e-04
5.829039146192371845e-04
5.747130489908158779e-04
6.160550401546061039e-04
5.911152111366391182e-04
5.758815095759928226e-04
5.884089623577892780e-04
5.911402986384928226e-04
5.960556445643305779e-04
5.850536399520933628e-04
5.886710714548826218e-04
5.849107401445508003e-04
5.915948422625660896e-04
5.957992980256676674e-04
5.954036605544388294e-04
5.805128021165728569e-04
5.761694628745317459e-04
5.682339542545378208e-04
5.917181842960417271e-04
5.746488459408283234e-04
6.082821055315434933e-04
5.824688123539090157e-04
5.971687496639788151e-04
5.739884218201041222e-04
5.771567812189459801e-04
5.943999858573079109e-04
5.917254020459949970e-04
5.721920169889926910e-04
6.159056210890412331e-04
5.688124219886958599e-04
5.815162439830601215e-04
5.944233271293342113e-04
5.946620949544012547e-04
6.013290258124470711e-04
5.918857059441506863e-04
5.578987766057252884e-04
5.760206840932369232e-04
5.884807324036955833e-04
5.933426436968147755e-04
5.888527375645935535e-04
5.761672509834170341e-04
5.769996787421405315e-04
5.830843583680689335e-04
5.690151010639965534e-04
5.886373110115528107e-04
5.925387376919388771e-04
5.790315335616469383e-04
5.770029383711516857e-04
5.833412287756800652e-04
5.781816435046494007e-04
5.732863210141658783e-04
5.777859478257596493e-04
5.768630071543157101e-04
5.757468752562999725e-04
5.938258836977183819e-04
5.865509156137704849e-04
5.730124539695680141e-04
5.821182858198881149e-04
5.789219285361468792e-04
5.688730743713676929e-04
5.820400547236204147e-04
5.859768134541809559e-04
5.842014215886592865e-04
5.762597429566085339e-04
5.822933744639158249e-04
5.860317614860832691e-04
5.879390519112348557e-04
5.720840999856591225e-04
5.796658806502819061e-04
5.848917062394320965e-04
5.827625282108783722e-04
5.751745193265378475e-04
5.800852668471634388e-04
5.836361669935286045e-04
5.886660655960440636e-04
5.645161727443337440e-04
5.723256035707890987e-04
5.917975795455276966e-04
5.690257530659437180e-04
5.815827753394842148e-04
5.807350389659404755e-04
5.645559285767376423e-04
5.601577577181160450e-04
5.768238916061818600e-04
5.950088379904627800e-04
5.803466774523258209e-04
5.711613339371979237e-04
5.733385332860052586e-04
