2.514992654323577881e-01
2.093603760004043579e-01
1.783681809902191162e-01
1.299680918455123901e-01
1.132103949785232544e-01
1.053903400897979736e-01
9.901122003793716431e-02
9.335760772228240967e-02
8.917923271656036377e-02
8.475176990032196045e-02
8.123472332954406738e-02
7.806387543678283691e-02
7.548090815544128418e-02
7.219825685024261475e-02
6.906061619520187378e-02
6.690552085638046265e-02
6.457566469907760620e-02
6.265602260828018188e-02
6.017253175377845764e-02
5.858802795410156250e-02
5.663703382015228271e-02
5.548480153083801270e-02
5.394434183835983276e-02
5.273639410734176636e-02
5.123651772737503052e-02
5.034914612770080566e-02
4.906792566180229187e-02
4.809711128473281860e-02
4.746867716312408447e-02
4.653141275048255920e-02
4.564308747649192810e-02
4.489948600530624390e-02
4.448859766125679016e-02
4.340124502778053284e-02
4.288312792778015137e-02
4.246352985501289368e-02
4.187472164630889893e-02
4.143710806965827942e-02
4.085377603769302368e-02
4.032307863235473633e-02
4.003684595227241516e-02
3.916480764746665955e-02
3.898869827389717102e-02
3.856117650866508484e-02
3.806537762284278870e-02
3.770213946700096130e-02
3.725650161504745483e-02
3.692867606878280640e-02
3.654266521334648132e-02
3.628086298704147339e-02
3.613448515534400940e-02
3.547619655728340149e-02
3.548672050237655640e-02
3.501886501908302307e-02
3.454292938113212585e-02
3.464085608720779419e-02
3.421718999743461609e-02
3.408080711960792542e-02
3.376955538988113403e-02
3.342368826270103455e-02
3.314091637730598450e-02
3.296450898051261902e-02
3.297264501452445984e-02
3.251636400818824768e-02
3.229550272226333618e-02
3.210636228322982788e-02
3.173859789967536926e-02
3.169378265738487244e-02
3.163474425673484802e-02
3.129241615533828735e-02
3.123136609792709351e-02
3.092432580888271332e-02
3.075681999325752258e-02
3.067024983465671539e-02
3.047920949757099152e-02
3.007081523537635803e-02
2.988231740891933441e-02
2.991941384971141815e-02
2.989065833389759064e-02
2.951869927346706390e-02
2.940864302217960358e-02
2.932808361947536469e-02
2.933261170983314514e-02
2.906528487801551819e-02
2.889316901564598083e-02
2.901365607976913452e-02
2.867425046861171722e-02
2.838939428329467773e-02
2.830668725073337555e-02
2.824292331933975220e-02
2.817176841199398041e-02
2.836992964148521423e-02
2.773302234709262848e-02
2.775951847434043884e-02
2.757536992430686951e-02
2.747571840882301331e-02
2.737259492278099060e-02
2.724756672978401184e-02
2.712416276335716248e-02
2.719542011618614197e-02
2.684414945542812347e-02
2.691946923732757568e-02
2.721650525927543640e-02
2.656041271984577179e-02
2.677165158092975616e-02
2.634946256875991821e-02
2.629491686820983887e-02
2.629628963768482208e-02
2.610613778233528137e-02
2.628948539495468140e-02
2.599516324698925018e-02
2.595997601747512817e-02
2.595450542867183685e-02
2.571448683738708496e-02
2.567204274237155914e-02
2.568503096699714661e-02
2.544580027461051941e-02
2.535816468298435211e-02
2.534093707799911499e-02
2.522687800228595734e-02
2.512836642563343048e-02
2.509948983788490295e-02
2.488922327756881714e-02
2.492895163595676422e-02
2.480735071003437042e-02
2.464840747416019440e-02
2.471620403230190277e-02
2.457566373050212860e-02
2.437262795865535736e-02
2.453587390482425690e-02
2.431466616690158844e-02
2.441783621907234192e-02
2.416895888745784760e-02
2.415290102362632751e-02
2.420509792864322662e-02
2.409940399229526520e-02
2.399133332073688507e-02
2.391508966684341431e-02
2.371953614056110382e-02
2.378064952790737152e-02
2.378108724951744080e-02
2.375091053545475006e-02
2.355157956480979919e-02
2.351316623389720917e-02
2.364761382341384888e-02
2.337159216403961182e-02
2.315793186426162720e-02
2.326289191842079163e-02
2.327081561088562012e-02
2.302952297031879425e-02
2.316007576882839203e-02
2.317203208804130554e-02
2.309537492692470551e-02
2.289462089538574219e-02
2.289269492030143738e-02
2.285723201930522919e-02
2.270705997943878174e-02
2.291073091328144073e-02
2.264873310923576355e-02
2.261539921164512634e-02
2.249446697533130646e-02
2.267564646899700165e-02
2.250381000339984894e-02
2.230977453291416168e-02
2.253555133938789368e-02
2.231398597359657288e-02
2.231793291866779327e-02
2.222723886370658875e-02
2.204402908682823181e-02
2.214284054934978485e-02
2.220014669001102448e-02
2.215438149869441986e-02
2.200284786522388458e-02
2.200369723141193390e-02
2.176369726657867432e-02
2.179113216698169708e-02
2.178657613694667816e-02
2.172341383993625641e-02
2.178946137428283691e-02
2.153251133859157562e-02
2.161969430744647980e-02
2.142742089927196503e-02
2.159736305475234985e-02
2.141709439456462860e-02
2.140965312719345093e-02
2.123918384313583374e-02
2.155590988695621490e-02
2.111249975860118866e-02
2.119394950568675995e-02
2.132291346788406372e-02
2.121243625879287720e-02
2.123440988361835480e-02
2.119763381779193878e-02
2.100730687379837036e-02
2.094866335391998291e-02
2.099126391112804413e-02
2.099549211561679840e-02
2.089440263807773590e-02
2.086620405316352844e-02
2.075064927339553833e-02
2.086929604411125183e-02
2.082049101591110229e-02
2.061178907752037048e-02
2.069717831909656525e-02
2.057078480720520020e-02
2.065490558743476868e-02
2.052186243236064911e-02
2.043355256319046021e-02
2.042251266539096832e-02
2.053465321660041809e-02
2.044978179037570953e-02
2.032622508704662323e-02
2.043286897242069244e-02
2.026438899338245392e-02
2.040685527026653290e-02
2.039986476302146912e-02
2.012327313423156738e-02
2.018775604665279388e-02
2.013540267944335938e-02
2.017437666654586792e-02
2.021666616201400757e-02
2.018197067081928253e-02
2.010656148195266724e-02
2.021013386547565460e-02
1.976827718317508698e-02
1.985155232250690460e-02
1.988878846168518066e-02
1.988362707197666168e-02
1.990009099245071411e-02
1.989051327109336853e-02
1.972061395645141602e-02
1.947173103690147400e-02
1.969155669212341309e-02
1.964883506298065186e-02
1.966633461415767670e-02
1.958988793194293976e-02
1.956292241811752319e-02
1.961733959615230560e-02
1.955315284430980682e-02
1.954583078622817993e-02
1.950632594525814056e-02
1.933988928794860840e-02
1.938812062144279480e-02
1.940915733575820923e-02
1.940122619271278381e-02
1.927204430103302002e-02
1.926934719085693359e-02
1.940517872571945190e-02
1.934129558503627777e-02
1.922963373363018036e-02
1.933310553431510925e-02
1.913092657923698425e-02
1.926503702998161316e-02
1.914780400693416595e-02
1.902981474995613098e-02
1.903955265879631042e-02
1.908532902598381042e-02
1.917065307497978210e-02
1.905324310064315796e-02
1.890959590673446655e-02
1.889797300100326538e-02
1.893544569611549377e-02
1.897965371608734131e-02
1.892313174903392792e-02
1.890787295997142792e-02
1.884215138852596283e-02
1.873559691011905670e-02
1.879196055233478546e-02
1.874291338026523590e-02
1.892239972949028015e-02
1.870706863701343536e-02
1.855220645666122437e-02
1.871100440621376038e-02
1.863494515419006348e-02
1.866258494555950165e-02
1.865862868726253510e-02
1.854588277637958527e-02
1.860431954264640808e-02
1.866669021546840668e-02
1.845196262001991272e-02
1.837223395705223083e-02
1.834509521722793579e-02
1.846824213862419128e-02
1.852449029684066772e-02
1.846318878233432770e-02
1.827413216233253479e-02
1.831482537090778351e-02
1.849001832306385040e-02
1.830178499221801758e-02
1.831136085093021393e-02
1.823440380394458771e-02
1.842699013650417328e-02
1.813233084976673126e-02
1.826740801334381104e-02
1.838619634509086609e-02
1.826998963952064514e-02
1.816567964851856232e-02
1.812926866114139557e-02
1.805060543119907379e-02
1.796551048755645752e-02
1.806217245757579803e-02
1.810193806886672974e-02
1.801319606602191925e-02
1.800195872783660889e-02
1.800286024808883667e-02
1.798258349299430847e-02
1.800389774143695831e-02
1.796926558017730713e-02
1.800566352903842926e-02
1.809564046561717987e-02
1.784146577119827271e-02
1.794255711138248444e-02
1.795855164527893066e-02
1.786348037421703339e-02
1.787695102393627167e-02
1.780204288661479950e-02
1.776841282844543457e-02
1.777883991599082947e-02
1.778019405901432037e-02
1.785509660840034485e-02
1.775995083153247833e-02
1.777758076786994934e-02
1.768049597740173340e-02
1.788906380534172058e-02
1.758160069584846497e-02
1.769405417144298553e-02
1.758701726794242859e-02
1.775490492582321167e-02
1.758883334696292877e-02
1.759809814393520355e-02
1.750363223254680634e-02
1.752350851893424988e-02
1.723703928291797638e-02
1.749142631888389587e-02
1.747960597276687622e-02
1.737907528877258301e-02
1.744617149233818054e-02
1.764556020498275757e-02
1.741873286664485931e-02
1.736630499362945557e-02
1.751092448830604553e-02
1.736081205308437347e-02
1.748338714241981506e-02
1.726439222693443298e-02
1.730070076882839203e-02
1.722696609795093536e-02
1.726850122213363647e-02
1.730370894074440002e-02
1.731537841260433197e-02
1.735100336372852325e-02
1.718214899301528931e-02
1.730957441031932831e-02
1.717032678425312042e-02
1.712215319275856018e-02
1.712707057595252991e-02
1.719067804515361786e-02
1.706644333899021149e-02
1.712428592145442963e-02
1.725111156702041626e-02
1.720053702592849731e-02
1.696803420782089233e-02
1.714020036160945892e-02
1.711213402450084686e-02
1.702895388007164001e-02
1.711226068437099457e-02
1.703828200697898865e-02
1.698818430304527283e-02
1.694780215620994568e-02
1.702093333005905151e-02
1.692296937108039856e-02
1.695454865694046021e-02
1.688352786004543304e-02
1.695205643773078918e-02
1.707176119089126587e-02
1.673926785588264465e-02
1.689749956130981445e-02
1.670943014323711395e-02
1.689210347831249237e-02
1.685070618987083435e-02
1.687282510101795197e-02
1.684413477778434753e-02
1.670586876571178436e-02
1.680806651711463928e-02
1.681723073124885559e-02
1.682117767632007599e-02
1.675686240196228027e-02
1.672941260039806366e-02
1.670234277844429016e-02
1.668170094490051270e-02
1.675336435437202454e-02
1.677725277841091156e-02
1.664895191788673401e-02
1.647608540952205658e-02
1.657782308757305145e-02
1.668524369597434998e-02
1.659336686134338379e-02
1.658245734870433807e-02
1.656114310026168823e-02
1.671594008803367615e-02
1.652355119585990906e-02
1.657157950103282928e-02
1.647357270121574402e-02
1.662656851112842560e-02
1.646253094077110291e-02
1.645587757229804993e-02
1.650049537420272827e-02
1.647652126848697662e-02
1.637962460517883301e-02
1.634866930544376373e-02
1.648819819092750549e-02
1.646238379180431366e-02
1.652733795344829559e-02
1.638865098357200623e-02
1.640769839286804199e-02
1.635451242327690125e-02
1.627594605088233948e-02
1.625060476362705231e-02
1.638182438910007477e-02
1.634966209530830383e-02
1.648654602468013763e-02
1.625260338187217712e-02
1.622706651687622070e-02
1.625873334705829620e-02
1.624036207795143127e-02
1.628671959042549133e-02
1.641674898564815521e-02
1.628799922764301300e-02
1.624132879078388214e-02
1.620630733668804169e-02
1.627083867788314819e-02
1.620498113334178925e-02
1.618359796702861786e-02
1.626089215278625488e-02
1.627386920154094696e-02
1.618003472685813904e-02
1.618825457990169525e-02
1.632007956504821777e-02
1.602135784924030304e-02
1.610721088945865631e-02
1.631010510027408600e-02
1.615795493125915527e-02
1.617362163960933685e-02
1.607594639062881470e-02
1.614848896861076355e-02
1.608770154416561127e-02
1.611344330012798309e-02
1.614886522293090820e-02
1.618859171867370605e-02
1.601595059037208557e-02
1.617354340851306915e-02
1.598492451012134552e-02
1.599923893809318542e-02
1.608206145465373993e-02
1.614475063979625702e-02
1.604729518294334412e-02
1.598828099668025970e-02
1.603480055928230286e-02
1.592492312192916870e-02
1.588171720504760742e-02
1.611758023500442505e-02
1.600471325218677521e-02
1.583842001855373383e-02
1.592019014060497284e-02
1.594559103250503540e-02
1.585235632956027985e-02
1.587262935936450958e-02
1.588457450270652771e-02
1.591127365827560425e-02
1.587196439504623413e-02
1.583002135157585144e-02
1.586441509425640106e-02
1.594131626188755035e-02
1.574485376477241516e-02
1.581526733934879303e-02
1.575411297380924225e-02
1.583329029381275177e-02
1.584749296307563782e-02
1.580549404025077820e-02
1.575363241136074066e-02
1.579937152564525604e-02
1.588133722543716431e-02
1.576593145728111267e-02
1.567691750824451447e-02
1.567263342440128326e-02
1.576048135757446289e-02
1.564236171543598175e-02
1.560054626315832138e-02
1.559138111770153046e-02
1.568401791155338287e-02
1.561722811311483383e-02
1.567858457565307617e-02
1.562038902193307877e-02
1.564865373075008392e-02
1.568816974759101868e-02
1.559723820537328720e-02
1.565066352486610413e-02
1.569578796625137329e-02
1.562271732836961746e-02
1.562235224992036819e-02
1.562389265745878220e-02
