2.026769447326660156e+01
2.023767280578613281e+01
2.022235488891601562e+01
2.022146606445312500e+01
2.001546859741210938e+01
1.982025527954101562e+01
1.959982490539550781e+01
1.915399932861328125e+01
1.890454292297363281e+01
1.838934898376464844e+01
1.791640472412109375e+01
1.725632858276367188e+01
1.670378303527832031e+01
1.623537635803222656e+01
1.588100814819335938e+01
1.539775180816650391e+01
1.502897834777832031e+01
1.464518928527832031e+01
1.424710750579833984e+01
1.386994647979736328e+01
1.349598121643066406e+01
1.310452747344970703e+01
1.279028034210205078e+01
1.246336460113525391e+01
1.220887947082519531e+01
1.196706295013427734e+01
1.171577358245849609e+01
1.147459411621093750e+01
1.127914047241210938e+01
1.103983879089355469e+01
1.090859985351562500e+01
1.069893836975097656e+01
1.047939682006835938e+01
1.034362983703613281e+01
1.019711589813232422e+01
1.008146572113037109e+01
9.950539588928222656e+00
9.796330451965332031e+00
9.724625587463378906e+00
9.630255699157714844e+00
9.502779960632324219e+00
9.394645690917968750e+00
9.319670677185058594e+00
9.227687835693359375e+00
9.158520698547363281e+00
9.085075378417968750e+00
8.984869956970214844e+00
8.945407867431640625e+00
8.847191810607910156e+00
8.747715950012207031e+00
8.692948341369628906e+00
8.642048835754394531e+00
8.629377365112304688e+00
8.570967674255371094e+00
8.465702056884765625e+00
8.466486930847167969e+00
8.408596038818359375e+00
8.380423545837402344e+00
8.312920570373535156e+00
8.275122642517089844e+00
8.214545249938964844e+00
8.202293395996093750e+00
8.138407707214355469e+00
8.116209983825683594e+00
8.074648857116699219e+00
8.041731834411621094e+00
8.038879394531250000e+00
7.952124118804931641e+00
7.988572597503662109e+00
7.922606468200683594e+00
7.862833023071289062e+00
7.866178035736083984e+00
7.806505680084228516e+00
7.813111782073974609e+00
7.825732707977294922e+00
7.720786571502685547e+00
7.710649013519287109e+00
7.706532001495361328e+00
7.729691505432128906e+00
7.660036563873291016e+00
7.659921169281005859e+00
7.637002944946289062e+00
7.631249904632568359e+00
7.612100601196289062e+00
7.587285041809082031e+00
7.531500816345214844e+00
7.556667804718017578e+00
7.512908458709716797e+00
7.459093570709228516e+00
7.534540653228759766e+00
7.469785213470458984e+00
7.434641361236572266e+00
7.449425697326660156e+00
7.377120971679687500e+00
7.373145103454589844e+00
7.405503273010253906e+00
7.382443904876708984e+00
7.385410785675048828e+00
7.328865051269531250e+00
7.317271232604980469e+00
7.315643787384033203e+00
7.316420078277587891e+00
7.282670497894287109e+00
7.268661499023437500e+00
7.265545368194580078e+00
7.270917892456054688e+00
7.228925228118896484e+00
7.235944747924804688e+00
7.217391967773437500e+00
7.166602134704589844e+00
7.178363323211669922e+00
7.156219482421875000e+00
7.176432132720947266e+00
7.153556346893310547e+00
7.147606849670410156e+00
7.144428253173828125e+00
7.102339267730712891e+00
7.109838962554931641e+00
7.111239910125732422e+00
7.110558032989501953e+00
7.082815647125244141e+00
7.087183475494384766e+00
7.042305469512939453e+00
7.083242416381835938e+00
7.023204803466796875e+00
7.025691986083984375e+00
6.987415790557861328e+00
7.031685829162597656e+00
6.967566490173339844e+00
6.969080448150634766e+00
6.959077358245849609e+00
7.033346652984619141e+00
6.973384380340576172e+00
6.937162399291992188e+00
6.939040660858154297e+00
6.960644721984863281e+00
6.931693077087402344e+00
6.953525543212890625e+00
6.891725063323974609e+00
6.919747829437255859e+00
6.880907058715820312e+00
6.900302410125732422e+00
6.871675014495849609e+00
6.826447486877441406e+00
6.843225955963134766e+00
6.847564697265625000e+00
6.897060871124267578e+00
6.809187412261962891e+00
6.880318164825439453e+00
6.827702999114990234e+00
6.803338050842285156e+00
6.781279087066650391e+00
6.800544738769531250e+00
6.838070869445800781e+00
6.783853054046630859e+00
6.781765460968017578e+00
6.854717254638671875e+00
6.759864807128906250e+00
6.729907989501953125e+00
6.732723236083984375e+00
6.754088401794433594e+00
6.779403209686279297e+00
6.706593036651611328e+00
6.692211627960205078e+00
6.701346874237060547e+00
6.737978935241699219e+00
6.704737663269042969e+00
6.711673259735107422e+00
6.722321033477783203e+00
6.678361892700195312e+00
6.673069477081298828e+00
6.682085990905761719e+00
6.719860076904296875e+00
6.701915740966796875e+00
6.689167976379394531e+00
6.706671714782714844e+00
6.665103912353515625e+00
6.657465457916259766e+00
6.683302402496337891e+00
6.640428066253662109e+00
6.634257793426513672e+00
6.715445995330810547e+00
6.638038158416748047e+00
6.642367839813232422e+00
6.628899097442626953e+00
6.560938835144042969e+00
6.618799209594726562e+00
6.645221233367919922e+00
6.647194385528564453e+00
6.615403175354003906e+00
6.604319572448730469e+00
6.592114925384521484e+00
6.598958015441894531e+00
6.555912494659423828e+00
6.594148635864257812e+00
6.575114250183105469e+00
6.615077495574951172e+00
6.574348449707031250e+00
6.526395320892333984e+00
6.602456092834472656e+00
6.527755260467529297e+00
6.547297000885009766e+00
6.532667636871337891e+00
6.550666809082031250e+00
6.551032066345214844e+00
6.542708873748779297e+00
6.529367923736572266e+00
6.501397609710693359e+00
6.553742885589599609e+00
6.570936679840087891e+00
6.487417697906494141e+00
6.510498523712158203e+00
6.488850593566894531e+00
6.560737609863281250e+00
6.542284965515136719e+00
6.512051105499267578e+00
6.487613201141357422e+00
6.481854438781738281e+00
6.489410400390625000e+00
6.545921325683593750e+00
6.479625225067138672e+00
6.484313488006591797e+00
6.438642978668212891e+00
6.508693695068359375e+00
6.467093944549560547e+00
6.484689235687255859e+00
6.500556468963623047e+00
6.420329570770263672e+00
6.483334541320800781e+00
6.463299274444580078e+00
6.457349777221679688e+00
6.461614608764648438e+00
6.437235355377197266e+00
6.458376407623291016e+00
6.443500518798828125e+00
6.390408992767333984e+00
6.414588451385498047e+00
6.446981430053710938e+00
6.452926158905029297e+00
6.442478179931640625e+00
6.446027755737304688e+00
6.410858154296875000e+00
6.413680553436279297e+00
6.409284591674804688e+00
6.390697002410888672e+00
6.440349578857421875e+00
6.386913776397705078e+00
6.386207103729248047e+00
6.372620105743408203e+00
6.379180908203125000e+00
6.398092746734619141e+00
6.395536899566650391e+00
6.381113052368164062e+00
6.408824920654296875e+00
6.388045310974121094e+00
6.384729862213134766e+00
6.378546237945556641e+00
6.378428936004638672e+00
6.339362144470214844e+00
6.352710723876953125e+00
6.416918277740478516e+00
6.373852729797363281e+00
6.384204387664794922e+00
6.341159343719482422e+00
6.382452964782714844e+00
6.425985336303710938e+00
6.363424301147460938e+00
6.331725597381591797e+00
6.344430446624755859e+00
6.371181964874267578e+00
6.326473236083984375e+00
6.363820075988769531e+00
6.332495689392089844e+00
6.344337463378906250e+00
6.330815315246582031e+00
6.271980762481689453e+00
6.332920551300048828e+00
6.331766605377197266e+00
6.299772262573242188e+00
6.278778553009033203e+00
6.334752559661865234e+00
6.322815895080566406e+00
6.303807735443115234e+00
6.318580150604248047e+00
6.323310852050781250e+00
6.274864673614501953e+00
6.299382209777832031e+00
6.287875175476074219e+00
6.284177303314208984e+00
6.297325611114501953e+00
6.260900974273681641e+00
6.285847663879394531e+00
6.266542911529541016e+00
6.253517627716064453e+00
6.270595073699951172e+00
6.272836208343505859e+00
6.248089790344238281e+00
6.281561851501464844e+00
6.264036655426025391e+00
6.225816249847412109e+00
6.253583431243896484e+00
6.235774517059326172e+00
6.263223648071289062e+00
6.245615482330322266e+00
6.255777835845947266e+00
6.203197002410888672e+00
6.230967521667480469e+00
6.268730640411376953e+00
6.217398166656494141e+00
6.239885330200195312e+00
6.260694503784179688e+00
6.263601779937744141e+00
6.207844734191894531e+00
6.202599048614501953e+00
6.279237747192382812e+00
6.267782688140869141e+00
6.246021270751953125e+00
6.240921974182128906e+00
6.180748939514160156e+00
6.200133800506591797e+00
6.232210159301757812e+00
6.200636386871337891e+00
6.212911128997802734e+00
6.221213340759277344e+00
6.260848999023437500e+00
6.185970306396484375e+00
6.243535995483398438e+00
6.228982925415039062e+00
6.189992904663085938e+00
6.147851943969726562e+00
6.220391273498535156e+00
6.166404247283935547e+00
6.127176761627197266e+00
6.172769069671630859e+00
6.142650127410888672e+00
6.132178306579589844e+00
6.143966197967529297e+00
6.154540061950683594e+00
6.160797595977783203e+00
6.179392814636230469e+00
6.251633644104003906e+00
6.149221897125244141e+00
6.174954414367675781e+00
6.170574665069580078e+00
6.141108989715576172e+00
6.116257190704345703e+00
6.132039070129394531e+00
6.128513813018798828e+00
6.185141563415527344e+00
6.160778522491455078e+00
6.154865264892578125e+00
6.158271312713623047e+00
6.150273323059082031e+00
6.131132125854492188e+00
6.157089710235595703e+00
6.100837230682373047e+00
6.099198818206787109e+00
6.145436763763427734e+00
6.111062526702880859e+00
6.121829986572265625e+00
6.195747852325439453e+00
6.124001026153564453e+00
6.166922092437744141e+00
6.136209964752197266e+00
6.135084629058837891e+00
6.085920333862304688e+00
6.125304222106933594e+00
6.082774162292480469e+00
6.108808517456054688e+00
6.063042163848876953e+00
6.103836059570312500e+00
6.142941951751708984e+00
6.118345260620117188e+00
6.048546314239501953e+00
6.100078582763671875e+00
6.105701446533203125e+00
6.088716983795166016e+00
6.114403247833251953e+00
6.110363960266113281e+00
6.103704452514648438e+00
6.067205429077148438e+00
6.090125560760498047e+00
6.079139709472656250e+00
6.098225116729736328e+00
6.075354576110839844e+00
6.068097591400146484e+00
6.078227996826171875e+00
6.091828823089599609e+00
6.084125995635986328e+00
6.056587696075439453e+00
6.056982517242431641e+00
6.024744033813476562e+00
6.037950992584228516e+00
6.053195476531982422e+00
6.058966159820556641e+00
6.046216964721679688e+00
6.062790870666503906e+00
6.132104873657226562e+00
6.068816184997558594e+00
6.060027599334716797e+00
6.047735214233398438e+00
6.037916183471679688e+00
6.031084537506103516e+00
6.037474632263183594e+00
6.038177967071533203e+00
6.029157638549804688e+00
6.014437675476074219e+00
6.053134918212890625e+00
6.017438411712646484e+00
6.016577720642089844e+00
6.039391517639160156e+00
6.045881271362304688e+00
5.966135978698730469e+00
6.053473472595214844e+00
5.992919445037841797e+00
5.988608837127685547e+00
6.067665100097656250e+00
5.966673851013183594e+00
6.047113418579101562e+00
6.040472030639648438e+00
6.012387752532958984e+00
6.001549720764160156e+00
6.046781063079833984e+00
6.040921688079833984e+00
6.051356315612792969e+00
6.001163482666015625e+00
6.041027545928955078e+00
6.024810791015625000e+00
6.005528450012207031e+00
5.979146957397460938e+00
6.036125183105468750e+00
6.011723995208740234e+00
5.984292984008789062e+00
6.014464855194091797e+00
6.008734226226806641e+00
5.992486953735351562e+00
5.980497360229492188e+00
6.010065078735351562e+00
5.984527111053466797e+00
5.978932857513427734e+00
5.949075222015380859e+00
5.993322849273681641e+00
5.976840019226074219e+00
5.984287261962890625e+00
5.990931034088134766e+00
6.022171020507812500e+00
5.977061748504638672e+00
5.976926803588867188e+00
5.962702274322509766e+00
5.946449756622314453e+00
5.978352546691894531e+00
5.963898658752441406e+00
5.957509994506835938e+00
5.953114986419677734e+00
5.972507953643798828e+00
5.978447437286376953e+00
5.958034992218017578e+00
5.941281318664550781e+00
5.974767208099365234e+00
5.910685539245605469e+00
5.938446998596191406e+00
5.979233264923095703e+00
5.935706615447998047e+00
5.934941291809082031e+00
5.967786788940429688e+00
5.962502956390380859e+00
5.957188129425048828e+00
5.985944747924804688e+00
5.944752216339111328e+00
5.964319705963134766e+00
5.992960929870605469e+00
5.948250293731689453e+00
5.955779552459716797e+00
5.976210117340087891e+00
5.946306705474853516e+00
5.935981750488281250e+00
5.953876972198486328e+00
5.975042343139648438e+00
5.978247642517089844e+00
5.898565292358398438e+00
5.920277595520019531e+00
5.929879665374755859e+00
5.953329563140869141e+00
5.935467243194580078e+00
5.919565677642822266e+00
5.942339897155761719e+00
5.941402912139892578e+00
5.929364681243896484e+00
5.864116191864013672e+00
5.919668197631835938e+00
5.996572971343994141e+00
5.883829593658447266e+00
5.888876438140869141e+00
5.876358985900878906e+00
5.864186286926269531e+00
5.910723209381103516e+00
5.860210418701171875e+00
5.947607994079589844e+00
5.887124538421630859e+00
5.910589694976806641e+00
5.905839443206787109e+00
5.901164054870605469e+00
5.906998157501220703e+00
5.871925830841064453e+00
5.880289077758789062e+00
5.897778511047363281e+00
5.882686138153076172e+00
5.889470100402832031e+00
5.891085147857666016e+00
5.898788452148437500e+00
5.883930683135986328e+00
5.873597621917724609e+00
5.927591323852539062e+00
5.910332202911376953e+00
5.913915634155273438e+00
5.893284320831298828e+00
5.909494400024414062e+00
5.908565998077392578e+00
5.898090839385986328e+00
5.917358398437500000e+00
5.893067359924316406e+00
5.850764751434326172e+00
5.897816658020019531e+00
5.873197078704833984e+00
5.871841907501220703e+00
5.878990650177001953e+00
5.880937099456787109e+00
5.923499584197998047e+00
5.864169120788574219e+00
5.866123676300048828e+00
5.880920886993408203e+00
5.855050086975097656e+00
5.792330265045166016e+00
5.818458080291748047e+00
5.831251621246337891e+00
5.859806537628173828e+00
5.857200622558593750e+00
5.840424537658691406e+00
5.871778011322021484e+00
5.857732295989990234e+00
5.867528915405273438e+00
5.831287860870361328e+00
5.833026409149169922e+00
5.818019866943359375e+00
5.862189769744873047e+00
5.917508125305175781e+00
5.873409748077392578e+00
5.899618625640869141e+00
5.830462932586669922e+00
5.882941246032714844e+00
5.854476451873779297e+00
5.886943817138671875e+00
5.896280288696289062e+00
5.876846313476562500e+00
5.821907997131347656e+00
5.794540882110595703e+00
5.877477169036865234e+00
5.842271804809570312e+00
5.845268726348876953e+00
5.839027404785156250e+00
5.903443336486816406e+00
5.864045619964599609e+00
5.829647064208984375e+00
5.923672676086425781e+00
5.807496070861816406e+00
5.855027675628662109e+00
5.842073440551757812e+00
5.872769355773925781e+00
5.853003978729248047e+00
5.850422382354736328e+00
5.834795475006103516e+00
5.828536033630371094e+00
5.869488716125488281e+00
5.799449920654296875e+00
5.852157115936279297e+00
5.880921363830566406e+00
5.856176376342773438e+00
5.897017955780029297e+00
5.787691593170166016e+00
5.833718776702880859e+00
5.792427062988281250e+00
5.834578037261962891e+00
5.788322925567626953e+00
5.788346290588378906e+00
5.816405773162841797e+00
5.844783782958984375e+00
5.798416614532470703e+00
5.785129070281982422e+00
5.818246364593505859e+00
5.824116230010986328e+00
5.804548263549804688e+00
5.773284912109375000e+00
5.774386882781982422e+00
5.807156562805175781e+00
5.755948543548583984e+00
5.794178009033203125e+00
5.817909240722656250e+00
5.839193344116210938e+00
5.813769340515136719e+00
5.790099143981933594e+00
5.846114635467529297e+00
5.796350479125976562e+00
5.797169208526611328e+00
5.803753376007080078e+00
5.739461898803710938e+00
5.737485885620117188e+00
5.758029460906982422e+00
5.770834922790527344e+00
5.809251785278320312e+00
5.785500049591064453e+00
5.810077190399169922e+00
5.792215824127197266e+00
5.758387088775634766e+00
5.769486904144287109e+00
5.767810344696044922e+00
5.757351875305175781e+00
5.824290752410888672e+00
5.786281585693359375e+00
5.767100811004638672e+00
5.753272056579589844e+00
5.762516975402832031e+00
5.765924930572509766e+00
5.754888534545898438e+00
5.760281085968017578e+00
5.788150787353515625e+00
5.762190818786621094e+00
5.764325618743896484e+00
5.787601947784423828e+00
5.752023220062255859e+00
5.791072845458984375e+00
5.771808624267578125e+00
5.768285274505615234e+00
5.776524066925048828e+00
5.771930694580078125e+00
5.783390998840332031e+00
5.721929550170898438e+00
5.783654689788818359e+00
5.766413211822509766e+00
5.766783714294433594e+00
5.787316799163818359e+00
5.748244762420654297e+00
5.796383380889892578e+00
5.799242973327636719e+00
5.768733024597167969e+00
5.756800174713134766e+00
5.728666305541992188e+00
5.818822860717773438e+00
5.733276367187500000e+00
5.774794101715087891e+00
5.804080486297607422e+00
5.772742748260498047e+00
5.781773090362548828e+00
5.801670551300048828e+00
5.735672473907470703e+00
5.753521919250488281e+00
5.711036682128906250e+00
5.714567661285400391e+00
5.847502708435058594e+00
5.711318969726562500e+00
5.702148437500000000e+00
5.769061565399169922e+00
5.715988159179687500e+00
5.742469310760498047e+00
5.719205379486083984e+00
5.692895889282226562e+00
5.694262027740478516e+00
5.728452205657958984e+00
5.750177860260009766e+00
5.714436054229736328e+00
5.756921291351318359e+00
5.770758152008056641e+00
5.715949058532714844e+00
5.723868370056152344e+00
5.712037563323974609e+00
5.733320713043212891e+00
5.737269401550292969e+00
5.720841884613037109e+00
5.720775604248046875e+00
5.725482940673828125e+00
5.723587036132812500e+00
5.695864677429199219e+00
5.741708755493164062e+00
5.701697826385498047e+00
5.709839344024658203e+00
5.696335792541503906e+00
5.727556228637695312e+00
5.748446941375732422e+00
5.677669048309326172e+00
5.710251808166503906e+00
5.650061607360839844e+00
5.656745910644531250e+00
5.680280208587646484e+00
5.684745311737060547e+00
5.667100429534912109e+00
5.670978546142578125e+00
5.698104381561279297e+00
5.710935592651367188e+00
5.688092231750488281e+00
5.690052509307861328e+00
5.664435386657714844e+00
5.643937110900878906e+00
5.714487552642822266e+00
5.708754062652587891e+00
5.703432559967041016e+00
5.634258270263671875e+00
5.657409191131591797e+00
5.693796157836914062e+00
5.664903163909912109e+00
5.727888107299804688e+00
5.688518524169921875e+00
5.658759593963623047e+00
5.687447071075439453e+00
5.685865402221679688e+00
5.734789848327636719e+00
5.629183292388916016e+00
5.657336235046386719e+00
5.711355686187744141e+00
5.669393062591552734e+00
5.668734073638916016e+00
5.689634323120117188e+00
5.626017093658447266e+00
5.704572200775146484e+00
5.657352924346923828e+00
5.704187393188476562e+00
5.700778961181640625e+00
5.672245979309082031e+00
5.635002136230468750e+00
5.680634975433349609e+00
5.691519260406494141e+00
5.669425964355468750e+00
5.714313030242919922e+00
5.674481391906738281e+00
5.663250923156738281e+00
5.647548198699951172e+00
5.627872467041015625e+00
5.679413318634033203e+00
5.639300823211669922e+00
5.643993377685546875e+00
5.650981426239013672e+00
5.639363288879394531e+00
5.702563762664794922e+00
5.682414531707763672e+00
5.672836780548095703e+00
5.643955707550048828e+00
5.608286857604980469e+00
5.676897048950195312e+00
5.659381866455078125e+00
5.668595790863037109e+00
5.642305850982666016e+00
5.633077144622802734e+00
5.625355243682861328e+00
5.586547374725341797e+00
5.677024364471435547e+00
5.601992607116699219e+00
5.641797542572021484e+00
5.630916118621826172e+00
5.664772987365722656e+00
5.631853103637695312e+00
5.662593841552734375e+00
5.641262054443359375e+00
5.630393505096435547e+00
5.670526981353759766e+00
5.626820087432861328e+00
5.656833171844482422e+00
5.605638504028320312e+00
5.662959098815917969e+00
5.680480003356933594e+00
5.614994525909423828e+00
5.623523712158203125e+00
5.607161521911621094e+00
5.591978549957275391e+00
5.577688217163085938e+00
5.650284767150878906e+00
5.636385917663574219e+00
5.607712268829345703e+00
5.668183326721191406e+00
5.607735157012939453e+00
5.610636711120605469e+00
5.638141155242919922e+00
5.617400646209716797e+00
5.632828712463378906e+00
5.625294208526611328e+00
5.575568199157714844e+00
5.618397235870361328e+00
5.610376834869384766e+00
5.574805259704589844e+00
5.601676464080810547e+00
5.607403278350830078e+00
5.586637020111083984e+00
5.570693492889404297e+00
5.618177413940429688e+00
5.620666027069091797e+00
5.584477901458740234e+00
5.599876403808593750e+00
5.677376270294189453e+00
5.627354621887207031e+00
5.610807418823242188e+00
5.696182727813720703e+00
5.603435039520263672e+00
5.585443496704101562e+00
5.623773097991943359e+00
5.622243881225585938e+00
5.655885219573974609e+00
5.568948745727539062e+00
5.575642585754394531e+00
5.591625690460205078e+00
5.576641559600830078e+00
5.605649948120117188e+00
5.605108737945556641e+00
5.617049694061279297e+00
5.629758834838867188e+00
5.581017971038818359e+00
5.592292308807373047e+00
5.561857700347900391e+00
5.606649875640869141e+00
5.584201335906982422e+00
5.571207523345947266e+00
5.525141239166259766e+00
5.590938568115234375e+00
5.601217746734619141e+00
5.632584571838378906e+00
5.605916500091552734e+00
5.592048645019531250e+00
5.571606636047363281e+00
5.590920448303222656e+00
5.633301734924316406e+00
5.601045131683349609e+00
5.564622879028320312e+00
5.609718322753906250e+00
5.620004177093505859e+00
5.583190441131591797e+00
5.575122356414794922e+00
5.598951816558837891e+00
5.570933341979980469e+00
5.584948062896728516e+00
5.544113636016845703e+00
5.589291572570800781e+00
5.568262100219726562e+00
5.554866313934326172e+00
5.548511981964111328e+00
5.556998252868652344e+00
5.602513313293457031e+00
5.567267417907714844e+00
5.571609973907470703e+00
5.598646163940429688e+00
5.594806671142578125e+00
5.588090419769287109e+00
5.562161922454833984e+00
5.565263748168945312e+00
5.538835048675537109e+00
5.590394020080566406e+00
5.571203708648681641e+00
5.591962337493896484e+00
5.554755687713623047e+00
5.545439243316650391e+00
5.600116252899169922e+00
5.627026081085205078e+00
5.642317295074462891e+00
5.563982009887695312e+00
5.596975803375244141e+00
5.564294338226318359e+00
5.590505123138427734e+00
5.534643650054931641e+00
5.606660366058349609e+00
5.573238849639892578e+00
5.625670909881591797e+00
5.545924186706542969e+00
5.577093124389648438e+00
5.571301937103271484e+00
5.523457050323486328e+00
5.580671310424804688e+00
5.547931671142578125e+00
5.630676746368408203e+00
5.538406372070312500e+00
5.605997085571289062e+00
5.574576854705810547e+00
5.573239326477050781e+00
5.612136840820312500e+00
5.564549446105957031e+00
5.563511848449707031e+00
5.558478355407714844e+00
5.582282543182373047e+00
5.537437438964843750e+00
5.595524787902832031e+00
5.586603164672851562e+00
5.547862529754638672e+00
5.588013172149658203e+00
5.535992622375488281e+00
5.531799793243408203e+00
5.566320896148681641e+00
5.553611755371093750e+00
5.523235321044921875e+00
5.563400745391845703e+00
5.522533893585205078e+00
5.562988281250000000e+00
5.511160373687744141e+00
5.570106029510498047e+00
5.530486583709716797e+00
5.555805206298828125e+00
5.555276393890380859e+00
5.524202346801757812e+00
5.547042369842529297e+00
5.546354770660400391e+00
5.595268249511718750e+00
5.594339847564697266e+00
5.552428722381591797e+00
5.527312755584716797e+00
5.535263061523437500e+00
5.501846313476562500e+00
5.549276828765869141e+00
5.600735664367675781e+00
5.528841495513916016e+00
5.504351139068603516e+00
5.549632549285888672e+00
5.562721729278564453e+00
5.573787212371826172e+00
5.582273960113525391e+00
5.533649444580078125e+00
5.545645713806152344e+00
5.532649517059326172e+00
5.507341384887695312e+00
5.530941486358642578e+00
5.528214454650878906e+00
5.633651733398437500e+00
5.564379692077636719e+00
5.592659950256347656e+00
5.553655147552490234e+00
5.600465774536132812e+00
5.640809535980224609e+00
5.556236743927001953e+00
5.594405174255371094e+00
5.589389801025390625e+00
5.550382137298583984e+00
5.530964374542236328e+00
5.568606853485107422e+00
5.527394771575927734e+00
5.534000396728515625e+00
5.529129505157470703e+00
5.549739837646484375e+00
5.477128982543945312e+00
5.627408027648925781e+00
5.606765747070312500e+00
5.553147315979003906e+00
5.517397880554199219e+00
5.513894081115722656e+00
5.520891189575195312e+00
5.547692298889160156e+00
5.547063827514648438e+00
5.572645664215087891e+00
5.483527183532714844e+00
5.509690761566162109e+00
5.482069969177246094e+00
5.507946968078613281e+00
5.529410839080810547e+00
5.498946189880371094e+00
5.582927227020263672e+00
5.488985061645507812e+00
5.536658763885498047e+00
5.510434150695800781e+00
5.470716476440429688e+00
5.471388339996337891e+00
5.513705253601074219e+00
5.548726558685302734e+00
5.497404575347900391e+00
5.488947868347167969e+00
5.503432273864746094e+00
5.488569736480712891e+00
5.517007350921630859e+00
5.516363143920898438e+00
5.505578041076660156e+00
5.540368556976318359e+00
5.492821693420410156e+00
5.489992141723632812e+00
5.519870758056640625e+00
5.523393154144287109e+00
5.497790813446044922e+00
5.534383773803710938e+00
5.472071647644042969e+00
5.484106540679931641e+00
5.520768165588378906e+00
5.512669086456298828e+00
5.522673606872558594e+00
5.494628906250000000e+00
5.533848762512207031e+00
5.563883304595947266e+00
5.516907215118408203e+00
5.486832141876220703e+00
5.491487026214599609e+00
5.479037284851074219e+00
5.513539314270019531e+00
5.537973403930664062e+00
5.457213878631591797e+00
5.500979900360107422e+00
5.475740909576416016e+00
5.515496253967285156e+00
5.547945976257324219e+00
5.500800609588623047e+00
5.527145862579345703e+00
5.560791969299316406e+00
5.507899284362792969e+00
