8.466474711894989014e-02
8.405705541372299194e-02
8.397246897220611572e-02
8.313152194023132324e-02
7.505467534065246582e-02
6.417736411094665527e-02
5.601261928677558899e-02
5.056808143854141235e-02
4.677729681134223938e-02
4.355642199516296387e-02
4.097071662545204163e-02
3.873624280095100403e-02
3.661732748150825500e-02
3.461749851703643799e-02
3.291380032896995544e-02
3.127859160304069519e-02
2.977254800498485565e-02
2.847398072481155396e-02
2.722576446831226349e-02
2.630954422056674957e-02
2.517314627766609192e-02
2.430347353219985962e-02
2.352699451148509979e-02
2.269980125129222870e-02
2.203753963112831116e-02
2.126852422952651978e-02
2.074953168630599976e-02
2.006118185818195343e-02
1.976446993649005890e-02
1.917749457061290741e-02
1.881944946944713593e-02
1.824679970741271973e-02
1.791122928261756897e-02
1.763072796165943146e-02
1.721235923469066620e-02
1.700027287006378174e-02
1.647967100143432617e-02
1.628140918910503387e-02
1.603426784276962280e-02
1.569442264735698700e-02
1.543540693819522858e-02
1.510641351342201233e-02
1.493452303111553192e-02
1.476276386529207230e-02
1.459654606878757477e-02
1.439855061471462250e-02
1.410675514489412308e-02
1.391395274549722672e-02
1.371023897081613541e-02
1.350588444620370865e-02
1.343396864831447601e-02
1.321530062705278397e-02
1.289485953748226166e-02
1.284385845065116882e-02
1.272684521973133087e-02
1.259642653167247772e-02
1.240669470280408859e-02
1.228339131921529770e-02
1.210625097155570984e-02
1.203265413641929626e-02
1.194108836352825165e-02
1.174556091427803040e-02
1.162235625088214874e-02
1.156662777066230774e-02
1.133966818451881409e-02
1.125781517475843430e-02
1.112198922783136368e-02
1.110605709254741669e-02
1.092288829386234283e-02
1.075437664985656738e-02
1.077865250408649445e-02
1.069455500692129135e-02
1.054767053574323654e-02
1.054604630917310715e-02
1.040469203144311905e-02
1.023238431662321091e-02
1.009998470544815063e-02
1.006869878619909286e-02
9.958893060684204102e-03
9.903672151267528534e-03
9.836859069764614105e-03
9.751650504767894745e-03
9.754398837685585022e-03
9.595878422260284424e-03
9.500220417976379395e-03
9.527059271931648254e-03
9.412705898284912109e-03
9.360470809042453766e-03
9.309948422014713287e-03
9.179328568279743195e-03
9.096452035009860992e-03
9.119135327637195587e-03
9.060412645339965820e-03
8.895157836377620697e-03
8.930694311857223511e-03
8.805227465927600861e-03
8.684548549354076385e-03
8.772191591560840607e-03
8.663441054522991180e-03
8.621928282082080841e-03
8.661333471536636353e-03
8.523933589458465576e-03
8.505923673510551453e-03
8.507132530212402344e-03
8.376545272767543793e-03
8.360658772289752960e-03
8.354046382009983063e-03
8.229563944041728973e-03
8.240109309554100037e-03
8.104559965431690216e-03
8.095774799585342407e-03
8.023120462894439697e-03
8.089485578238964081e-03
7.997867651283740997e-03
8.005893789231777191e-03
7.913947105407714844e-03
7.901565171778202057e-03
7.891546934843063354e-03
7.793842814862728119e-03
7.858908735215663910e-03
7.758432533591985703e-03
7.764700800180435181e-03
7.765747141093015671e-03
7.639059796929359436e-03
7.587323430925607681e-03
7.621863856911659241e-03
7.572868373245000839e-03
7.484643720090389252e-03
7.594009861350059509e-03
7.505626883357763290e-03
7.382894400507211685e-03
7.429583929479122162e-03
7.434478960931301117e-03
7.324964739382266998e-03
7.361034397035837173e-03
7.307942491024732590e-03
7.290793582797050476e-03
7.233603857457637787e-03
7.363417185842990875e-03
7.235613651573657990e-03
7.182288449257612228e-03
7.141665555536746979e-03
7.250109221786260605e-03
7.140830159187316895e-03
7.103733252733945847e-03
7.150389254093170166e-03
7.066025864332914352e-03
7.016720250248908997e-03
6.987925618886947632e-03
6.939230021089315414e-03
6.949745584279298782e-03
7.015635725110769272e-03
6.937855388969182968e-03
6.848033983260393143e-03
6.935918703675270081e-03
6.799961905926465988e-03
6.869076285511255264e-03
6.797117181122303009e-03
6.918584927916526794e-03
6.827408447861671448e-03
6.808566860854625702e-03
6.781033705919981003e-03
6.820004899054765701e-03
6.714397575706243515e-03
6.751051172614097595e-03
6.678014528006315231e-03
6.673421710729598999e-03
6.633214186877012253e-03
6.671957671642303467e-03
6.654245313256978989e-03
6.632434204220771790e-03
6.622149609029293060e-03
6.552783306688070297e-03
6.596817634999752045e-03
6.534437648952007294e-03
6.519792135804891586e-03
6.587931886315345764e-03
6.493777502328157425e-03
6.477940361946821213e-03
6.456062197685241699e-03
6.490110419690608978e-03
6.430629175156354904e-03
6.491422187536954880e-03
6.382216233760118484e-03
6.374014541506767273e-03
6.351574789732694626e-03
6.295066792517900467e-03
6.388568319380283356e-03
6.292678881436586380e-03
6.406608503311872482e-03
6.286259740591049194e-03
6.295022554695606232e-03
6.272455677390098572e-03
6.317444611340761185e-03
6.267077755182981491e-03
6.181765347719192505e-03
6.169237196445465088e-03
6.258052773773670197e-03
6.221759133040904999e-03
6.219932343810796738e-03
6.137501914054155350e-03
6.164409685879945755e-03
6.154428701847791672e-03
6.134409457445144653e-03
6.111193913966417313e-03
6.086294073611497879e-03
6.089471280574798584e-03
6.105821579694747925e-03
6.071744486689567566e-03
6.036957260221242905e-03
6.024717818945646286e-03
5.989973898977041245e-03
6.066799163818359375e-03
5.956468638032674789e-03
6.035411730408668518e-03
5.988143850117921829e-03
5.963788833469152451e-03
5.926892627030611038e-03
5.966687109321355820e-03
6.001918576657772064e-03
5.931093357503414154e-03
5.920324940234422684e-03
5.866659339517354965e-03
5.904785823076963425e-03
5.814021453261375427e-03
5.872692912817001343e-03
5.854425020515918732e-03
5.864583887159824371e-03
5.860835313796997070e-03
5.848755594342947006e-03
5.843830294907093048e-03
5.798458587378263474e-03
5.819437559694051743e-03
5.798617843538522720e-03
5.752866156399250031e-03
5.740438587963581085e-03
5.793474148958921432e-03
5.707962904125452042e-03
5.700156558305025101e-03
5.737344268709421158e-03
5.725915078073740005e-03
5.739848595112562180e-03
5.719054955989122391e-03
5.710449069738388062e-03
5.736233200877904892e-03
5.658078938722610474e-03
5.663197021931409836e-03
5.643311887979507446e-03
5.632283631712198257e-03
5.687448661774396896e-03
5.627191625535488129e-03
5.610408727079629898e-03
5.598207935690879822e-03
5.597836803644895554e-03
5.576749797910451889e-03
5.532917566597461700e-03
5.524381529539823532e-03
5.540896672755479813e-03
5.637840367853641510e-03
5.560584366321563721e-03
5.550685804337263107e-03
5.493324715644121170e-03
5.527385510504245758e-03
5.537156481295824051e-03
5.506704561412334442e-03
5.529363173991441727e-03
5.503084976226091385e-03
5.433268379420042038e-03
5.445619579404592514e-03
5.449949763715267181e-03
5.453476682305335999e-03
5.447673611342906952e-03
5.386259872466325760e-03
5.454305093735456467e-03
5.424375645816326141e-03
5.456128623336553574e-03
5.358418915420770645e-03
5.432139150798320770e-03
5.383974872529506683e-03
5.342979915440082550e-03
5.365228746086359024e-03
5.297806113958358765e-03
5.335287656635046005e-03
5.380475427955389023e-03
5.313389468938112259e-03
5.346961319446563721e-03
5.331801250576972961e-03
5.304319318383932114e-03
5.320607684552669525e-03
5.262287333607673645e-03
5.329237785190343857e-03
5.233064293861389160e-03
5.268155597150325775e-03
5.259955767542123795e-03
5.291298497468233109e-03
5.215323064476251602e-03
5.243625491857528687e-03
5.187522154301404953e-03
5.301687866449356079e-03
5.225779023021459579e-03
5.113668274134397507e-03
5.223752465099096298e-03
5.178180523216724396e-03
5.182650405913591385e-03
5.124893505126237869e-03
5.130668170750141144e-03
5.135959945619106293e-03
5.162026267498731613e-03
5.159147083759307861e-03
5.150954704731702805e-03
5.179137457162141800e-03
5.173166282474994659e-03
5.121515598148107529e-03
5.112859420478343964e-03
5.104363430291414261e-03
5.103315226733684540e-03
5.085626151412725449e-03
5.071079824119806290e-03
5.148344207555055618e-03
5.089106038212776184e-03
5.146341398358345032e-03
5.108435638248920441e-03
5.026761442422866821e-03
4.987208638340234756e-03
5.087099969387054443e-03
5.050333216786384583e-03
5.061526782810688019e-03
5.035319831222295761e-03
5.034998524934053421e-03
5.076210945844650269e-03
4.971774760633707047e-03
5.022935103625059128e-03
5.052593071013689041e-03
5.097600165754556656e-03
4.969127476215362549e-03
4.987040068954229355e-03
5.014476366341114044e-03
5.002265796065330505e-03
4.991116467863321304e-03
4.933792632073163986e-03
4.946359433233737946e-03
4.931256640702486038e-03
4.962828941643238068e-03
4.941930063068866730e-03
5.010667722672224045e-03
4.913507960736751556e-03
4.912174306809902191e-03
4.967956803739070892e-03
4.933256190270185471e-03
4.851902835071086884e-03
4.901753272861242294e-03
4.892043303698301315e-03
4.857002757489681244e-03
4.829285666346549988e-03
4.864895716309547424e-03
4.923397675156593323e-03
4.859046079218387604e-03
4.811737220734357834e-03
4.893477074801921844e-03
4.870407283306121826e-03
4.886626731604337692e-03
4.812873899936676025e-03
4.857437685132026672e-03
4.859864246100187302e-03
4.791619721800088882e-03
4.827775526791810989e-03
4.814082756638526917e-03
4.803937859833240509e-03
4.773020744323730469e-03
4.792423918843269348e-03
4.798843059688806534e-03
4.838253837078809738e-03
4.792452789843082428e-03
4.805637523531913757e-03
4.781859461218118668e-03
4.767582751810550690e-03
4.752682521939277649e-03
4.754482768476009369e-03
4.731843248009681702e-03
4.763841629028320312e-03
4.733221139758825302e-03
4.768413957208395004e-03
4.741653334349393845e-03
4.704105202108621597e-03
4.769591614603996277e-03
4.749803803861141205e-03
4.766358528286218643e-03
4.691874142736196518e-03
4.701615311205387115e-03
4.699084442108869553e-03
4.708793945610523224e-03
4.712023772299289703e-03
4.697524476796388626e-03
4.687099251896142960e-03
4.597262945026159286e-03
4.691853653639554977e-03
4.726519808173179626e-03
4.628592636436223984e-03
4.629130009561777115e-03
4.689190536737442017e-03
4.675723612308502197e-03
4.641493782401084900e-03
4.647488240152597427e-03
4.660639911890029907e-03
4.668062087148427963e-03
4.628908354789018631e-03
4.746170248836278915e-03
4.603573586791753769e-03
4.640778061002492905e-03
4.625684581696987152e-03
4.568958189338445663e-03
4.620664287358522415e-03
4.599870182573795319e-03
4.611145239323377609e-03
4.597822204232215881e-03
4.607188981026411057e-03
4.658702295273542404e-03
4.592735785990953445e-03
4.530806094408035278e-03
4.603906534612178802e-03
4.563507158309221268e-03
4.593617282807826996e-03
4.555699881166219711e-03
4.598470870405435562e-03
4.596280399709939957e-03
4.509517457336187363e-03
4.586108960211277008e-03
4.585894290357828140e-03
4.584053996950387955e-03
4.553674720227718353e-03
4.541247617453336716e-03
4.529104102402925491e-03
4.442562814801931381e-03
4.584379959851503372e-03
4.550233483314514160e-03
4.527803510427474976e-03
4.538753069937229156e-03
4.500603768974542618e-03
4.526933655142784119e-03
4.484772216528654099e-03
4.604256711900234222e-03
4.525738302618265152e-03
4.489386454224586487e-03
4.471779800951480865e-03
4.461389034986495972e-03
4.506001714617013931e-03
4.503943957388401031e-03
4.492134321480989456e-03
4.524594172835350037e-03
4.497196059674024582e-03
4.383878782391548157e-03
4.459790419787168503e-03
4.451593849807977676e-03
4.478137008845806122e-03
4.420761950314044952e-03
4.427724983543157578e-03
4.448957741260528564e-03
4.418591037392616272e-03
4.489519633352756500e-03
4.466586746275424957e-03
4.443547688424587250e-03
4.472549539059400558e-03
4.490771796554327011e-03
4.408414009958505630e-03
4.427424632012844086e-03
4.397524986416101456e-03
4.426420200616121292e-03
4.414056427776813507e-03
4.414053168147802353e-03
4.417935851961374283e-03
4.384719766676425934e-03
4.419567994773387909e-03
4.491323605179786682e-03
4.361885134130716324e-03
4.428668413311243057e-03
4.383980296552181244e-03
4.379329737275838852e-03
4.416099749505519867e-03
4.396162461489439011e-03
4.434679169207811356e-03
4.385584499686956406e-03
4.444355610758066177e-03
4.343471955507993698e-03
4.363069310784339905e-03
4.406421445310115814e-03
4.421397112309932709e-03
4.402266815304756165e-03
4.367857705801725388e-03
4.336314275860786438e-03
4.379019606858491898e-03
4.311557393521070480e-03
4.320170264691114426e-03
4.407566040754318237e-03
4.352855496108531952e-03
4.335612524300813675e-03
4.378586541861295700e-03
4.350397270172834396e-03
4.296264145523309708e-03
4.356645047664642334e-03
4.333964549005031586e-03
4.356456920504570007e-03
4.345421679317951202e-03
4.352693445980548859e-03
4.293900914490222931e-03
4.306907765567302704e-03
4.341496620327234268e-03
4.295315593481063843e-03
4.328808281570672989e-03
4.292512778192758560e-03
4.358735866844654083e-03
4.299957770854234695e-03
4.286228213459253311e-03
4.261559806764125824e-03
4.305027425289154053e-03
4.286725074052810669e-03
4.355775192379951477e-03
4.319876898080110550e-03
4.288432188332080841e-03
4.191028885543346405e-03
4.240036942064762115e-03
4.284673370420932770e-03
4.254931584000587463e-03
4.332373850047588348e-03
4.251331556588411331e-03
4.268043674528598785e-03
4.261665511876344681e-03
4.285354167222976685e-03
4.287120420485734940e-03
4.276399500668048859e-03
4.206853453069925308e-03
4.246626980602741241e-03
4.240939859300851822e-03
4.222526215016841888e-03
4.274655133485794067e-03
4.229842685163021088e-03
4.260211717337369919e-03
4.266241565346717834e-03
4.278738517314195633e-03
4.271368961781263351e-03
4.252777900546789169e-03
4.346036352217197418e-03
4.219988826662302017e-03
4.244561307132244110e-03
4.174205940216779709e-03
4.236623179167509079e-03
4.233798943459987640e-03
4.250780213624238968e-03
4.194096662104129791e-03
4.189854487776756287e-03
4.179698880761861801e-03
4.196553956717252731e-03
4.175666719675064087e-03
4.200465977191925049e-03
4.211446270346641541e-03
4.218643065541982651e-03
4.169896245002746582e-03
4.225773271173238754e-03
4.165832884609699249e-03
4.174861591309309006e-03
4.221675917506217957e-03
4.197568167001008987e-03
4.205870442092418671e-03
4.186817444860935211e-03
4.148254171013832092e-03
4.201307427138090134e-03
4.178209695965051651e-03
4.145174752920866013e-03
4.180171992629766464e-03
4.194611683487892151e-03
4.185502883046865463e-03
4.124317783862352371e-03
4.128116648644208908e-03
4.185605794191360474e-03
4.088768735527992249e-03
4.222758114337921143e-03
4.145693499594926834e-03
4.128856584429740906e-03
4.132425412535667419e-03
4.094966687262058258e-03
4.135549999773502350e-03
4.172051791101694107e-03
4.139495082199573517e-03
4.172195214778184891e-03
4.175419919192790985e-03
4.121104255318641663e-03
4.135321825742721558e-03
4.117381293326616287e-03
4.140360280871391296e-03
4.114059265702962875e-03
4.103699233382940292e-03
4.129564389586448669e-03
4.073574207723140717e-03
4.112751223146915436e-03
4.136838950216770172e-03
4.123130347579717636e-03
4.145588260143995285e-03
4.162693861871957779e-03
4.116547759622335434e-03
4.144440870732069016e-03
4.086606204509735107e-03
4.084874410182237625e-03
4.110119771212339401e-03
4.113005474209785461e-03
4.074728116393089294e-03
4.102359060198068619e-03
4.120446741580963135e-03
4.071956966072320938e-03
4.090651869773864746e-03
4.070009570568799973e-03
4.028864670544862747e-03
4.062371328473091125e-03
4.093023482710123062e-03
4.120129626244306564e-03
4.035192076116800308e-03
4.097337834537029266e-03
4.046652000397443771e-03
4.021147266030311584e-03
4.076958168298006058e-03
4.027143586426973343e-03
4.044524859637022018e-03
3.990349359810352325e-03
4.082219209522008896e-03
4.106455948203802109e-03
4.109549336135387421e-03
4.001197870820760727e-03
4.034415353089570999e-03
4.036118742078542709e-03
4.074675496667623520e-03
4.004901740700006485e-03
4.055631812661886215e-03
4.030359443277120590e-03
4.058733116835355759e-03
4.069027956575155258e-03
3.968369681388139725e-03
4.080361686646938324e-03
3.984535112977027893e-03
4.038839135318994522e-03
4.056029021739959717e-03
4.009389784187078476e-03
4.037632141262292862e-03
3.979296889156103134e-03
4.030418582260608673e-03
4.043935798108577728e-03
4.055885132402181625e-03
3.940201364457607269e-03
4.020164720714092255e-03
4.036947153508663177e-03
3.974897321313619614e-03
3.982915077358484268e-03
4.005785100162029266e-03
4.008951131254434586e-03
3.974683582782745361e-03
3.989842254668474197e-03
3.990584984421730042e-03
4.050228279083967209e-03
3.975962754338979721e-03
3.987079951912164688e-03
3.993938677012920380e-03
3.987585194408893585e-03
3.988008014857769012e-03
3.919015172868967056e-03
3.960576839745044708e-03
3.981967922300100327e-03
3.968812525272369385e-03
3.954247571527957916e-03
3.959549590945243835e-03
3.962734714150428772e-03
3.982034511864185333e-03
3.958480898290872574e-03
3.952685743570327759e-03
3.946932498365640640e-03
3.986978437751531601e-03
4.004576709121465683e-03
3.983450122177600861e-03
3.944834694266319275e-03
3.966084681451320648e-03
3.959959372878074646e-03
3.971066325902938843e-03
3.961992915719747543e-03
3.983193077147006989e-03
3.974860068410634995e-03
3.949900157749652863e-03
3.947099205106496811e-03
3.936799708753824234e-03
4.001890309154987335e-03
3.988483920693397522e-03
3.926848061382770538e-03
3.935677465051412582e-03
3.892131149768829346e-03
3.951615188270807266e-03
3.947815392166376114e-03
3.949989564716815948e-03
3.958938177675008774e-03
3.899041796103119850e-03
3.897946327924728394e-03
3.944414202123880386e-03
3.990844357758760452e-03
3.904118202626705170e-03
3.912788815796375275e-03
3.909721504896879196e-03
3.890116931870579720e-03
4.014547448605298996e-03
3.923017997294664383e-03
3.894241992384195328e-03
3.928274847567081451e-03
3.972082398831844330e-03
3.913186490535736084e-03
3.865290665999054909e-03
3.941693343222141266e-03
3.946122713387012482e-03
3.942300565540790558e-03
3.919133916497230530e-03
3.923366777598857880e-03
3.926761448383331299e-03
3.914086148142814636e-03
3.973107784986495972e-03
3.878238610923290253e-03
3.911285195499658585e-03
3.894823137670755386e-03
3.865682054311037064e-03
3.890457795932888985e-03
3.901934251189231873e-03
3.825757652521133423e-03
3.880771342664957047e-03
3.944490104913711548e-03
3.875721711665391922e-03
3.876778064295649529e-03
3.862014738842844963e-03
3.821498481556773186e-03
3.908778075128793716e-03
3.936492837965488434e-03
3.876100759953260422e-03
3.898156806826591492e-03
3.837006166577339172e-03
3.825663356110453606e-03
3.865478560328483582e-03
3.794554620981216431e-03
3.956673201173543930e-03
3.854136448353528976e-03
3.799327416345477104e-03
3.835631301626563072e-03
3.875233698636293411e-03
3.876286558806896210e-03
3.883261466398835182e-03
3.862655721604824066e-03
3.847289131954312325e-03
3.925695549696683884e-03
3.845210187137126923e-03
3.847095416858792305e-03
3.921970725059509277e-03
3.821616759523749352e-03
3.816522657871246338e-03
3.874077228829264641e-03
3.829067805781960487e-03
3.853742964565753937e-03
3.863444086164236069e-03
3.832166315987706184e-03
3.798404708504676819e-03
3.806883702054619789e-03
3.854548791423439980e-03
3.852810477837920189e-03
3.782013664022088051e-03
3.820086829364299774e-03
3.852848662063479424e-03
3.837748430669307709e-03
3.851270070299506187e-03
3.837012220174074173e-03
3.827582346275448799e-03
3.801515325903892517e-03
3.829593770205974579e-03
3.810445778071880341e-03
3.818900324404239655e-03
3.831132547929883003e-03
3.816706594079732895e-03
3.884212812408804893e-03
3.834501840174198151e-03
3.807581495493650436e-03
3.825326217338442802e-03
3.811897709965705872e-03
3.873884212225675583e-03
3.776664379984140396e-03
3.836595220491290092e-03
3.795841010287404060e-03
3.724280279129743576e-03
3.829713910818099976e-03
3.778589190915226936e-03
3.797898069024085999e-03
3.839695826172828674e-03
3.811539616435766220e-03
3.760852385312318802e-03
3.720785025507211685e-03
3.797850571572780609e-03
3.840535180643200874e-03
3.846639301627874374e-03
3.824345534667372704e-03
3.755556652322411537e-03
3.838292555883526802e-03
3.791209775954484940e-03
3.776049939915537834e-03
3.774399403482675552e-03
3.812684910371899605e-03
3.746994538232684135e-03
3.772004507482051849e-03
3.750560106709599495e-03
3.778210608288645744e-03
3.784997388720512390e-03
3.738564206287264824e-03
3.761253785341978073e-03
3.742554690688848495e-03
3.770102281123399734e-03
3.715848550200462341e-03
3.756412770599126816e-03
3.734296187758445740e-03
3.825275460258126259e-03
3.799409605562686920e-03
3.740619635209441185e-03
3.741557011380791664e-03
3.760029561817646027e-03
3.739995649084448814e-03
3.748105606064200401e-03
3.713003825396299362e-03
3.762292210012674332e-03
3.748994553461670876e-03
3.754759207367897034e-03
3.741392167285084724e-03
3.734300378710031509e-03
3.807216882705688477e-03
3.850091947242617607e-03
3.748474176973104477e-03
3.750887932255864143e-03
3.738238243386149406e-03
3.811639035120606422e-03
3.769900416955351830e-03
3.703032154589891434e-03
3.722025780007243156e-03
3.702843328937888145e-03
3.744913730770349503e-03
3.701712936162948608e-03
3.780186409130692482e-03
3.767236368730664253e-03
3.771776100620627403e-03
3.745592432096600533e-03
3.734963946044445038e-03
3.694211365655064583e-03
3.681639675050973892e-03
3.675749758258461952e-03
3.720927285030484200e-03
3.722013905644416809e-03
3.723022760823369026e-03
3.817757358774542809e-03
3.711117198690772057e-03
3.780841594561934471e-03
3.731647739186882973e-03
3.663839306682348251e-03
3.707896918058395386e-03
3.775284858420491219e-03
3.722682595252990723e-03
3.709710435941815376e-03
3.712452016770839691e-03
3.722055116668343544e-03
3.653789870440959930e-03
3.729159012436866760e-03
3.747013630345463753e-03
3.750518197193741798e-03
3.677503205835819244e-03
3.681523958221077919e-03
3.688378725200891495e-03
3.692233003675937653e-03
3.699799533933401108e-03
3.688920056447386742e-03
3.675643354654312134e-03
3.686154028400778770e-03
3.663568757474422455e-03
3.694967832416296005e-03
3.727490780875086784e-03
3.698031185194849968e-03
3.740588203072547913e-03
3.668216755613684654e-03
3.682566341012716293e-03
3.709747688844799995e-03
3.650774015113711357e-03
3.693718928843736649e-03
3.673524828627705574e-03
3.659908659756183624e-03
3.684166586026549339e-03
3.707879688590764999e-03
3.707984229549765587e-03
3.706345567479729652e-03
3.700860543176531792e-03
3.619033610448241234e-03
3.645501565188169479e-03
3.671298734843730927e-03
3.701585112139582634e-03
3.666066797450184822e-03
3.721789922565221786e-03
3.660197369754314423e-03
3.656178247183561325e-03
3.687582444399595261e-03
3.668464254587888718e-03
3.702403977513313293e-03
3.632939653471112251e-03
3.679833840578794479e-03
3.709539072588086128e-03
3.643389325588941574e-03
3.629190381616353989e-03
3.757737576961517334e-03
3.652822459116578102e-03
3.622802440077066422e-03
3.674007719382643700e-03
3.605987643823027611e-03
3.619237337261438370e-03
3.738509491086006165e-03
3.677447559311985970e-03
3.699690103530883789e-03
3.638432826846837997e-03
3.608676604926586151e-03
3.708183998242020607e-03
3.676048247143626213e-03
3.703225869685411453e-03
3.597398521378636360e-03
3.719249041751027107e-03
3.657409921288490295e-03
3.621823620051145554e-03
3.595405956730246544e-03
3.652857849374413490e-03
3.646517638117074966e-03
3.669830271974205971e-03
3.611279884353280067e-03
3.612834261730313301e-03
3.587112529203295708e-03
3.714984282851219177e-03
3.614489920437335968e-03
3.601414384320378304e-03
3.663165029138326645e-03
3.630563849583268166e-03
3.649905556812882423e-03
3.641397459432482719e-03
3.607848891988396645e-03
3.635922214016318321e-03
3.641167422756552696e-03
3.636582987383008003e-03
3.635462839156389236e-03
3.700651461258530617e-03
3.622736316174268723e-03
3.587243380025029182e-03
3.639639122411608696e-03
3.639236092567443848e-03
3.684239694848656654e-03
3.626528661698102951e-03
3.713333746418356895e-03
3.587402403354644775e-03
3.606426762416958809e-03
3.548013046383857727e-03
3.596938680857419968e-03
3.606235841289162636e-03
3.626987570896744728e-03
3.574256552383303642e-03
3.661962226033210754e-03
3.588812891393899918e-03
3.564505372196435928e-03
3.588938154280185699e-03
3.580806776881217957e-03
3.646960947662591934e-03
3.563410136848688126e-03
3.635290078818798065e-03
3.574764588847756386e-03
3.619957948103547096e-03
3.563127946108579636e-03
3.564485115930438042e-03
3.609811188653111458e-03
3.612220985814929008e-03
3.548755543306469917e-03
3.633943153545260429e-03
3.678041044622659683e-03
3.654889529570937157e-03
3.617905080318450928e-03
3.572820452973246574e-03
3.632562933489680290e-03
3.629994112998247147e-03
3.544996259734034538e-03
3.574911737814545631e-03
3.638838883489370346e-03
3.593642963096499443e-03
3.652531653642654419e-03
3.591226646676659584e-03
3.539794357493519783e-03
3.565581049770116806e-03
3.560123732313513756e-03
3.590351669117808342e-03
3.601028351113200188e-03
3.572710556909441948e-03
3.554041264578700066e-03
3.587927902117371559e-03
3.577717114239931107e-03
3.655143314972519875e-03
3.513621864840388298e-03
3.554703667759895325e-03
3.570583881810307503e-03
3.596409456804394722e-03
3.635502886027097702e-03
3.621766809374094009e-03
3.504575463011860847e-03
3.556828247383236885e-03
3.577421186491847038e-03
3.559722565114498138e-03
3.523376537486910820e-03
3.565302584320306778e-03
3.602199954912066460e-03
3.549459390342235565e-03
3.580771386623382568e-03
3.585065249353647232e-03
3.653967753052711487e-03
3.501508617773652077e-03
3.546964377164840698e-03
3.537168260663747787e-03
3.572741290554404259e-03
3.583130426704883575e-03
3.695763647556304932e-03
3.549407701939344406e-03
3.490522038191556931e-03
3.514014882966876030e-03
3.559027099981904030e-03
3.573081688955426216e-03
3.585714381188154221e-03
3.588574007153511047e-03
3.585551865398883820e-03
3.539036726579070091e-03
3.545934101566672325e-03
3.588626859709620476e-03
3.552312962710857391e-03
3.545992542058229446e-03
3.505330998450517654e-03
3.521299920976161957e-03
3.502443898469209671e-03
3.585482947528362274e-03
3.562934463843703270e-03
3.530997550114989281e-03
3.536553587764501572e-03
3.542752470821142197e-03
3.538356162607669830e-03
3.523961175233125687e-03
3.546162042766809464e-03
3.540515201166272163e-03
3.556569805368781090e-03
3.502089297398924828e-03
3.557680174708366394e-03
3.523550927639007568e-03
3.480591811239719391e-03
3.545240731909871101e-03
3.593069734051823616e-03
3.532385220751166344e-03
3.510974580422043800e-03
3.493534168228507042e-03
3.573936410248279572e-03
3.539959900081157684e-03
3.488549496978521347e-03
3.511470742523670197e-03
3.531003603711724281e-03
3.544774372130632401e-03
3.501690458506345749e-03
3.521702717989683151e-03
3.508951282128691673e-03
3.614238463342189789e-03
3.558197291567921638e-03
3.531823866069316864e-03
3.464020788669586182e-03
3.515613498166203499e-03
3.496897639706730843e-03
3.515938529744744301e-03
3.517426550388336182e-03
3.563861828297376633e-03
3.594944020733237267e-03
3.519309684634208679e-03
3.507620422169566154e-03
3.553405404090881348e-03
3.505175234749913216e-03
3.475315636023879051e-03
3.537393873557448387e-03
3.561586374416947365e-03
3.562311874702572823e-03
3.504925407469272614e-03
3.523051040247082710e-03
3.434564918279647827e-03
3.539226949214935303e-03
3.566267667338252068e-03
3.497584024444222450e-03
3.501207334920763969e-03
3.521770238876342773e-03
3.476322395727038383e-03
3.477798774838447571e-03
3.524121828377246857e-03
3.506934735924005508e-03
3.501826198771595955e-03
3.505017841234803200e-03
3.516236087307333946e-03
3.517163917422294617e-03
3.492379561066627502e-03
3.496098564937710762e-03
3.444761503487825394e-03
3.507580142468214035e-03
3.488162765279412270e-03
3.483742009848356247e-03
3.504561027511954308e-03
3.533280454576015472e-03
3.454433521255850792e-03
3.532555652782320976e-03
3.498160047456622124e-03
3.520631464198231697e-03
3.444807138293981552e-03
3.457596059888601303e-03
3.527576802298426628e-03
3.479465376585721970e-03
3.522180020809173584e-03
3.498665289953351021e-03
3.487149020656943321e-03
3.476591082289814949e-03
3.495534881949424744e-03
3.491864306852221489e-03
3.491629613563418388e-03
3.450800199061632156e-03
3.505443921312689781e-03
3.450675634667277336e-03
3.431038232520222664e-03
3.504776395857334137e-03
3.458177205175161362e-03
3.419126151129603386e-03
3.417786909267306328e-03
3.486758796498179436e-03
3.462423570454120636e-03
3.487783716991543770e-03
3.506013657897710800e-03
3.420941065996885300e-03
3.489285241812467575e-03
3.484328510239720345e-03
3.443621331825852394e-03
3.459336236119270325e-03
3.506150795146822929e-03
3.454723628237843513e-03
3.508216468617320061e-03
3.459725063294172287e-03
3.425799775868654251e-03
3.505852771922945976e-03
3.492802614346146584e-03
3.504416439682245255e-03
3.495632903650403023e-03
3.446662332862615585e-03
3.485924331471323967e-03
3.497977973893284798e-03
3.481475869193673134e-03
3.457566490396857262e-03
3.444368019700050354e-03
3.475887235254049301e-03
3.458553226664662361e-03
3.406505566090345383e-03
3.499174723401665688e-03
3.432977944612503052e-03
3.444216446951031685e-03
3.449084237217903137e-03
3.430180251598358154e-03
3.437920473515987396e-03
3.427680348977446556e-03
3.481436986476182938e-03
3.513026982545852661e-03
3.459291998296976089e-03
3.438471583649516106e-03
3.465235000476241112e-03
3.392234211787581444e-03
3.422354348003864288e-03
3.382180584594607353e-03
3.409774042665958405e-03
3.549263346940279007e-03
3.390889381989836693e-03
3.471540985628962517e-03
3.546468215063214302e-03
3.423074958845973015e-03
3.407275769859552383e-03
3.419171553105115891e-03
3.435317892581224442e-03
3.532536793500185013e-03
3.439892781898379326e-03
3.363389289006590843e-03
3.489973722025752068e-03
3.407154465094208717e-03
3.479671431705355644e-03
3.472297685220837593e-03
3.440016182139515877e-03
3.414310049265623093e-03
3.406984964385628700e-03
3.429774893447756767e-03
3.422768320888280869e-03
3.493558848276734352e-03
3.467292990535497665e-03
3.403488546609878540e-03
3.483003936707973480e-03
3.413242055103182793e-03
3.431066405028104782e-03
3.390596481040120125e-03
3.400423796847462654e-03
3.534907940775156021e-03
3.409315366297960281e-03
3.387987380847334862e-03
3.412257879972457886e-03
3.471850650385022163e-03
3.496749792248010635e-03
3.452784148976206779e-03
3.405035007745027542e-03
3.555990522727370262e-03
3.431515069678425789e-03
3.359111491590738297e-03
3.405543975532054901e-03
3.411227604374289513e-03
3.391364356502890587e-03
3.394927596673369408e-03
3.422069828957319260e-03
3.397940425202250481e-03
3.426898736506700516e-03
3.440496046096086502e-03
3.400327637791633606e-03
3.354787826538085938e-03
3.448364324867725372e-03
3.420688211917877197e-03
3.410465782508254051e-03
3.382893279194831848e-03
3.380317706614732742e-03
3.383984556421637535e-03
3.391284728422760963e-03
3.412480698898434639e-03
3.447387600317597389e-03
3.421402070671319962e-03
3.423424437642097473e-03
3.416737541556358337e-03
3.401073860004544258e-03
3.390577854588627815e-03
3.436136525124311447e-03
3.387870499864220619e-03
3.440318629145622253e-03
3.427410731092095375e-03
3.408311167731881142e-03
3.376950509846210480e-03
3.372313920408487320e-03
3.358675399795174599e-03
3.395119449123740196e-03
3.374292748048901558e-03
3.372736973688006401e-03
3.393654478713870049e-03
3.345553064718842506e-03
3.403086680918931961e-03
3.439111169427633286e-03
3.495384007692337036e-03
3.356348257511854172e-03
3.335703862830996513e-03
3.396650310605764389e-03
3.409301396459341049e-03
3.393599763512611389e-03
3.324921708554029465e-03
3.412320744246244431e-03
3.364621428772807121e-03
3.392305923625826836e-03
3.364533418789505959e-03
3.409056458622217178e-03
3.380966838449239731e-03
3.432570490986108780e-03
3.390253288671374321e-03
3.368426579982042313e-03
3.361831419169902802e-03
3.385371761396527290e-03
3.401609137654304504e-03
3.359253983944654465e-03
3.390537807717919350e-03
3.397505497559905052e-03
3.356714034453034401e-03
3.394352970644831657e-03
3.450786694884300232e-03
3.409740049391984940e-03
3.362969728186726570e-03
3.386435797438025475e-03
3.465493908151984215e-03
3.315170994028449059e-03
3.370675025507807732e-03
3.400138579308986664e-03
3.367027500644326210e-03
3.467157250270247459e-03
3.311551176011562347e-03
3.386574797332286835e-03
3.372484818100929260e-03
3.367923200130462646e-03
3.375076688826084137e-03
3.306319471448659897e-03
3.355935681611299515e-03
3.342690179124474525e-03
3.343387041240930557e-03
3.421089146286249161e-03
3.349292790517210960e-03
3.357795299962162971e-03
3.392062615603208542e-03
3.371684346348047256e-03
3.336478024721145630e-03
3.369239391759037971e-03
3.461526473984122276e-03
3.449867479503154755e-03
3.320251824334263802e-03
3.329760162159800529e-03
3.339400980621576309e-03
3.326159203425049782e-03
3.337326459586620331e-03
3.370074555277824402e-03
3.395721549168229103e-03
3.357518464326858521e-03
3.314531873911619186e-03
3.391793230548501015e-03
3.329028142616152763e-03
3.375944215804338455e-03
3.291575005277991295e-03
3.389806952327489853e-03
3.377648768946528435e-03
3.357612527906894684e-03
3.327176207676529884e-03
3.349054604768753052e-03
3.318230621516704559e-03
3.304827958345413208e-03
3.415260929614305496e-03
3.341255709528923035e-03
3.326427424326539040e-03
3.329739905893802643e-03
3.403235692530870438e-03
3.362275427207350731e-03
3.295153845101594925e-03
3.344664582982659340e-03
3.306439379230141640e-03
3.350052516907453537e-03
3.373375162482261658e-03
3.390904981642961502e-03
3.331055631861090660e-03
3.334847744554281235e-03
3.367936704307794571e-03
3.369142301380634308e-03
3.384151030331850052e-03
3.341678529977798462e-03
3.369386307895183563e-03
3.330365289002656937e-03
3.403150243684649467e-03
3.309389343485236168e-03
3.359083784744143486e-03
3.335788613185286522e-03
3.377571702003479004e-03
3.369580022990703583e-03
3.371858038008213043e-03
3.328474005684256554e-03
3.306329948827624321e-03
3.366831690073013306e-03
3.286907449364662170e-03
3.288184758275747299e-03
3.337313421070575714e-03
3.352638799697160721e-03
3.337488509714603424e-03
3.301405580714344978e-03
3.329604398459196091e-03
3.299379721283912659e-03
3.378527937456965446e-03
3.428754396736621857e-03
3.276568837463855743e-03
3.335474757477641106e-03
3.373709041625261307e-03
3.325101453810930252e-03
3.383126808330416679e-03
3.327692393213510513e-03
3.288295352831482887e-03
3.289925865828990936e-03
3.335422603413462639e-03
3.328805556520819664e-03
3.418646520003676414e-03
3.345004515722393990e-03
3.311502048745751381e-03
3.295198082923889160e-03
3.252406837418675423e-03
3.359230933710932732e-03
3.329336876049637794e-03
3.315633395686745644e-03
3.292599925771355629e-03
3.326499601826071739e-03
3.312559332698583603e-03
3.264529164880514145e-03
3.351021092385053635e-03
3.303387667983770370e-03
3.309661522507667542e-03
3.280470613390207291e-03
3.391062840819358826e-03
3.295321715995669365e-03
3.288289764896035194e-03
3.256204538047313690e-03
3.287276253104209900e-03
3.467123024165630341e-03
3.318718867376446724e-03
3.294977825134992599e-03
3.288684878498315811e-03
3.346075769513845444e-03
3.267621388658881187e-03
3.392629092559218407e-03
3.312831511721014977e-03
3.242467995733022690e-03
3.259933553636074066e-03
3.295713104307651520e-03
3.353246254846453667e-03
3.279012627899646759e-03
3.252413356676697731e-03
3.307581646367907524e-03
3.316831542178988457e-03
3.296056063845753670e-03
3.387994365766644478e-03
3.273905022069811821e-03
3.284937934949994087e-03
3.230072092264890671e-03
3.319480223581194878e-03
3.308939049020409584e-03
3.309044288471341133e-03
3.278615418821573257e-03
3.234832547605037689e-03
3.272772068157792091e-03
3.349963575601577759e-03
3.276656847447156906e-03
3.254483919590711594e-03
3.254058305174112320e-03
3.287117695435881615e-03
3.285051556304097176e-03
3.333262400701642036e-03
3.284242702648043633e-03
3.339149756357073784e-03
3.263289341703057289e-03
3.233906347304582596e-03
3.285351675003767014e-03
3.215653821825981140e-03
3.320717252790927887e-03
3.241453785449266434e-03
3.248813096433877945e-03
3.375262953341007233e-03
3.297574585303664207e-03
3.289431333541870117e-03
3.249547211453318596e-03
3.305042162537574768e-03
3.326463280245661736e-03
3.332463558763265610e-03
3.243103390559554100e-03
3.220866899937391281e-03
3.288286505267024040e-03
3.222155617550015450e-03
3.289051586762070656e-03
3.236420918256044388e-03
3.257669974118471146e-03
3.286414779722690582e-03
3.264395287260413170e-03
3.322588512673974037e-03
3.263977589085698128e-03
3.191422205418348312e-03
3.266406711190938950e-03
3.289848100394010544e-03
3.338800743222236633e-03
3.264156403020024300e-03
3.185097128152847290e-03
3.217498539015650749e-03
3.287122119218111038e-03
3.296869806945323944e-03
3.282686229795217514e-03
3.241557162255048752e-03
3.218840342015028000e-03
3.215457545593380928e-03
3.272433299571275711e-03
3.299046540632843971e-03
3.241185564547777176e-03
3.217542544007301331e-03
3.202697960659861565e-03
3.253884613513946533e-03
3.239116398617625237e-03
3.294232767075300217e-03
3.253759816288948059e-03
3.294809022918343544e-03
3.237620927393436432e-03
3.236874239519238472e-03
3.227825742214918137e-03
3.311560023576021194e-03
3.223238978534936905e-03
3.233903553336858749e-03
3.237137105315923691e-03
3.230787580832839012e-03
3.294666530564427376e-03
3.225405933335423470e-03
3.283717203885316849e-03
3.219075733795762062e-03
3.224902786314487457e-03
3.266824176535010338e-03
3.300685202702879906e-03
3.249394707381725311e-03
3.230894682928919792e-03
3.229981055483222008e-03
3.201660234481096268e-03
3.227666951715946198e-03
3.216229844838380814e-03
3.269189735874533653e-03
3.201948245987296104e-03
3.283698111772537231e-03
3.218940459191799164e-03
3.277229843661189079e-03
3.245868254452943802e-03
3.239108016714453697e-03
3.233034862205386162e-03
3.209592774510383606e-03
3.182537388056516647e-03
3.276242641732096672e-03
3.281870856881141663e-03
3.215147415176033974e-03
3.258606884628534317e-03
3.186736721545457840e-03
3.206701949238777161e-03
3.252689959481358528e-03
3.241466823965311050e-03
3.309426363557577133e-03
3.175686113536357880e-03
3.167487680912017822e-03
3.254214534536004066e-03
3.251354908570647240e-03
3.293280256912112236e-03
3.269328968599438667e-03
3.227371489629149437e-03
3.219509730115532875e-03
3.200317034497857094e-03
3.265976207330822945e-03
3.225090447813272476e-03
3.264391329139471054e-03
3.336322493851184845e-03
3.199347760528326035e-03
3.226293018087744713e-03
3.228948684409260750e-03
3.259083721786737442e-03
3.166527952998876572e-03
3.224058775231242180e-03
3.252703463658690453e-03
3.256270429119467735e-03
3.252375638112425804e-03
3.347370773553848267e-03
3.212800947949290276e-03
3.227988025173544884e-03
3.181543434038758278e-03
3.209642833098769188e-03
3.273333655670285225e-03
3.297423012554645538e-03
3.219761187210679054e-03
3.210202325135469437e-03
3.192310221493244171e-03
3.260003169998526573e-03
3.237022319808602333e-03
3.286348888650536537e-03
3.250128123909235001e-03
3.154660575091838837e-03
3.234823467209935188e-03
3.230129834264516830e-03
3.182900138199329376e-03
3.228946356102824211e-03
3.174812300130724907e-03
3.187688533216714859e-03
3.202687483280897141e-03
3.220999147742986679e-03
3.211134811863303185e-03
3.189780516549944878e-03
3.173968521878123283e-03
3.197680693119764328e-03
3.246693406254053116e-03
3.232536837458610535e-03
3.177575534209609032e-03
3.213287563994526863e-03
3.226253902539610863e-03
3.232616698369383812e-03
3.191024763509631157e-03
3.240757621824741364e-03
3.202851861715316772e-03
3.174841171130537987e-03
3.245109226554632187e-03
3.226508852094411850e-03
3.172348951920866966e-03
3.185514360666275024e-03
3.210054710507392883e-03
3.238460281863808632e-03
3.206447698175907135e-03
3.205369692295789719e-03
3.221056656911969185e-03
3.190757706761360168e-03
3.230073256418108940e-03
3.147499635815620422e-03
3.238845616579055786e-03
3.164025954902172089e-03
3.232377348467707634e-03
3.190116491168737411e-03
3.205551765859127045e-03
3.191651077941060066e-03
3.158775856718420982e-03
3.175920108333230019e-03
3.192454576492309570e-03
3.225442022085189819e-03
3.201861167326569557e-03
3.193587297573685646e-03
3.213967895135283470e-03
3.294488880783319473e-03
3.141338005661964417e-03
3.195499535650014877e-03
3.229236928746104240e-03
3.281312528997659683e-03
3.147362964227795601e-03
3.141659311950206757e-03
3.206643974408507347e-03
3.165681846439838409e-03
3.211435629054903984e-03
3.205627668648958206e-03
3.231976181268692017e-03
3.208130830898880959e-03
3.174578770995140076e-03
3.192713484168052673e-03
3.176262136548757553e-03
3.176642116159200668e-03
3.250393318012356758e-03
3.259134246036410332e-03
3.291107248514890671e-03
3.171678166836500168e-03
3.177875420078635216e-03
3.241540864109992981e-03
3.216548589989542961e-03
3.164882306009531021e-03
3.237291239202022552e-03
3.164036432281136513e-03
3.204838838428258896e-03
3.172343363985419273e-03
3.206600202247500420e-03
3.188167465850710869e-03
3.177802311256527901e-03
3.141526132822036743e-03
3.185201436281204224e-03
3.215007716789841652e-03
3.175493329763412476e-03
3.220605896785855293e-03
3.235726151615381241e-03
3.164810827001929283e-03
3.181352978572249413e-03
3.178574843332171440e-03
3.242148784920573235e-03
3.156121820211410522e-03
3.176809987053275108e-03
3.149675671011209488e-03
3.155134152621030807e-03
3.225025488063693047e-03
3.126459429040551186e-03
3.149366006255149841e-03
3.196343779563903809e-03
3.176788566634058952e-03
3.268402302637696266e-03
3.176997881382703781e-03
3.264437429606914520e-03
3.284101141616702080e-03
3.148620249703526497e-03
3.144909627735614777e-03
3.146649338304996490e-03
3.192415926605463028e-03
3.200284438207745552e-03
3.148683812469244003e-03
3.146380651742219925e-03
3.211737843230366707e-03
3.237261436879634857e-03
3.278707852587103844e-03
3.127128351479768753e-03
3.074198495596647263e-03
3.159657120704650879e-03
3.259408986195921898e-03
3.143493318930268288e-03
3.169049043208360672e-03
3.162642242386937141e-03
3.200404578819870949e-03
3.220350947231054306e-03
3.140480956062674522e-03
3.197999903932213783e-03
3.203372238203883171e-03
3.170726820826530457e-03
3.169160801917314529e-03
3.181727370247244835e-03
3.167703514918684959e-03
3.177249338477849960e-03
3.144648857414722443e-03
3.204500535503029823e-03
3.146955277770757675e-03
3.136784536764025688e-03
3.247081069275736809e-03
3.111046738922595978e-03
3.130193101242184639e-03
3.178549464792013168e-03
3.109682118520140648e-03
3.176101716235280037e-03
3.178251674398779869e-03
3.148349467664957047e-03
3.157382365316152573e-03
3.185010980814695358e-03
3.174914279952645302e-03
3.161746077239513397e-03
3.124681999906897545e-03
3.145443042740225792e-03
3.256439231336116791e-03
3.117400920018553734e-03
3.177031874656677246e-03
3.250884590670466423e-03
3.221330000087618828e-03
3.139890963211655617e-03
3.129319520667195320e-03
3.146224888041615486e-03
3.222146769985556602e-03
3.162018256261944771e-03
3.183550434187054634e-03
3.148000454530119896e-03
3.166296985000371933e-03
3.227333771064877510e-03
3.155034733936190605e-03
3.188873641192913055e-03
3.106603398919105530e-03
3.087667748332023621e-03
3.171930555254220963e-03
3.171451156958937645e-03
3.139917738735675812e-03
3.111748490482568741e-03
3.182921325787901878e-03
3.185536013916134834e-03
3.127520205453038216e-03
3.155154176056385040e-03
3.146973671391606331e-03
3.200229024514555931e-03
3.118919441476464272e-03
3.184358822181820869e-03
3.145481459796428680e-03
3.107440425083041191e-03
3.126443829387426376e-03
3.126993076875805855e-03
3.210323862731456757e-03
3.131595207378268242e-03
3.146706847473978996e-03
3.176805097609758377e-03
3.196773817762732506e-03
3.125738119706511497e-03
3.154787002131342888e-03
3.177528269588947296e-03
3.095961874350905418e-03
3.132120240479707718e-03
3.156782826408743858e-03
3.150280565023422241e-03
3.145800670608878136e-03
3.181792329996824265e-03
3.200697014108300209e-03
3.181621199473738670e-03
3.094550687819719315e-03
3.134414320811629295e-03
3.173215780407190323e-03
3.164393128827214241e-03
3.133156104013323784e-03
3.153925528749823570e-03
3.127104369923472404e-03
3.077789675444364548e-03
3.151985816657543182e-03
3.135486273095011711e-03
3.226543078199028969e-03
3.122948110103607178e-03
3.111737314611673355e-03
3.131773089990019798e-03
3.180394880473613739e-03
3.107600146904587746e-03
3.128320677205920219e-03
3.097896929830312729e-03
3.175648394972085953e-03
3.202263265848159790e-03
3.103389637544751167e-03
3.126014722511172295e-03
3.113135695457458496e-03
3.152780933305621147e-03
3.139666980132460594e-03
3.155342070385813713e-03
3.159608459100127220e-03
3.102064132690429688e-03
3.135982900857925415e-03
3.155556041747331619e-03
3.160370513796806335e-03
3.108097007498145103e-03
3.110344288870692253e-03
3.157645463943481445e-03
3.108605043962597847e-03
3.148827236145734787e-03
3.161001950502395630e-03
3.169932402670383453e-03
3.109736368060112000e-03
3.093169536441564560e-03
3.088097786530852318e-03
3.130581462755799294e-03
3.139351261779665947e-03
3.065881785005331039e-03
3.190980991348624229e-03
3.108770120888948441e-03
3.152239369228482246e-03
3.101803362369537354e-03
3.133814781904220581e-03
3.159645479172468185e-03
3.187731141224503517e-03
3.125353716313838959e-03
3.151246346533298492e-03
3.062346251681447029e-03
3.187359776347875595e-03
3.174484241753816605e-03
3.134427592158317566e-03
3.149567637592554092e-03
3.060515737161040306e-03
3.102490212768316269e-03
3.161512780934572220e-03
3.111718920990824699e-03
3.224435262382030487e-03
3.137792693451046944e-03
3.164993831887841225e-03
3.087431658059358597e-03
3.072006162256002426e-03
3.103499300777912140e-03
3.124979324638843536e-03
3.119003027677536011e-03
3.080285619944334030e-03
3.126786323264241219e-03
3.149773227050900459e-03
3.117697779089212418e-03
3.184904810041189194e-03
3.047724021598696709e-03
3.166415495797991753e-03
3.138499334454536438e-03
3.143858863040804863e-03
3.158653620630502701e-03
3.095080144703388214e-03
3.140503540635108948e-03
3.071358427405357361e-03
3.058676142245531082e-03
3.096878994256258011e-03
3.195095108821988106e-03
3.128677140921354294e-03
3.070496022701263428e-03
3.124631941318511963e-03
3.110841382294893265e-03
3.117688465863466263e-03
3.119447967037558556e-03
3.060802351683378220e-03
3.088566474616527557e-03
3.123938571661710739e-03
3.147492185235023499e-03
3.073853906244039536e-03
3.206790657714009285e-03
3.084469819441437721e-03
3.116005333140492439e-03
3.138458589091897011e-03
3.112293547019362450e-03
3.090090816840529442e-03
3.080235095694661140e-03
3.106578253209590912e-03
3.138530300930142403e-03
3.098884830251336098e-03
3.075463697314262390e-03
3.116125473752617836e-03
3.097323467954993248e-03
3.107711439952254295e-03
3.104087896645069122e-03
3.102042246609926224e-03
3.151640994474291801e-03
3.118069609627127647e-03
3.087925026193261147e-03
3.116839332506060600e-03
3.104705596342682838e-03
3.125809598714113235e-03
3.099500900134444237e-03
3.105584764853119850e-03
3.178368555381894112e-03
3.107818542048335075e-03
3.146295435726642609e-03
3.140759421512484550e-03
3.065935801714658737e-03
3.138949163258075714e-03
3.056113608181476593e-03
3.113572485744953156e-03
3.134186379611492157e-03
3.171041840687394142e-03
3.046032274141907692e-03
3.125693881884217262e-03
3.169334726408123970e-03
3.064185380935668945e-03
3.098138840869069099e-03
3.103493945673108101e-03
3.125327406451106071e-03
3.104170784354209900e-03
3.134279046207666397e-03
3.080015070736408234e-03
3.066183300688862801e-03
3.096631728112697601e-03
3.061018884181976318e-03
3.068738849833607674e-03
3.077763132750988007e-03
3.116100560873746872e-03
3.078110283240675926e-03
3.132039913907647133e-03
3.056076588109135628e-03
3.016875591129064560e-03
3.103523282334208488e-03
3.093321109190583229e-03
3.136619227007031441e-03
3.116043983027338982e-03
3.107690718024969101e-03
3.055257257074117661e-03
3.091611200943589211e-03
3.174085635691881180e-03
3.073686268180608749e-03
3.068638266995549202e-03
3.107040654867887497e-03
3.007472958415746689e-03
3.074123989790678024e-03
3.111410886049270630e-03
3.074302105233073235e-03
3.082901239395141602e-03
3.062336938455700874e-03
3.129609394818544388e-03
3.061927156522870064e-03
3.080947557464241982e-03
3.138463012874126434e-03
3.081734990701079369e-03
3.034290391951799393e-03
3.096571657806634903e-03
3.023604629561305046e-03
3.036849433556199074e-03
3.039244329556822777e-03
3.158457111567258835e-03
3.145201364532113075e-03
3.119166707620024681e-03
3.145380411297082901e-03
3.117539454251527786e-03
3.040602663531899452e-03
3.076080698519945145e-03
3.055066335946321487e-03
3.087117103859782219e-03
3.105354961007833481e-03
3.112959908321499825e-03
3.095752326771616936e-03
3.075772197917103767e-03
3.038452239707112312e-03
3.048423212021589279e-03
3.245857311412692070e-03
3.108934499323368073e-03
3.104723058640956879e-03
3.060947172343730927e-03
3.013546345755457878e-03
3.032934619113802910e-03
3.061194205656647682e-03
3.100823378190398216e-03
3.026875900104641914e-03
3.113704733550548553e-03
3.134943079203367233e-03
3.089777892455458641e-03
3.037803573533892632e-03
3.084361087530851364e-03
3.094700397923588753e-03
3.096826141700148582e-03
3.108703531324863434e-03
3.058505710214376450e-03
3.130877157673239708e-03
3.112572943791747093e-03
3.128473879769444466e-03
3.107872093096375465e-03
3.068616148084402084e-03
3.092263592407107353e-03
3.062555566430091858e-03
3.062780946493148804e-03
3.082484472543001175e-03
3.057806752622127533e-03
3.089693142101168633e-03
3.077158238738775253e-03
3.100774716585874557e-03
3.100636182352900505e-03
3.061197930946946144e-03
3.043831558898091316e-03
3.074481617659330368e-03
3.131508128717541695e-03
3.073169151321053505e-03
3.091379767283797264e-03
3.012652508914470673e-03
3.078120760619640350e-03
3.063465701416134834e-03
3.127119969576597214e-03
3.051658859476447105e-03
3.033198416233062744e-03
3.063255921006202698e-03
3.075617132708430290e-03
3.033567685633897781e-03
3.129384713247418404e-03
3.041551681235432625e-03
3.079016460105776787e-03
3.055990906432271004e-03
3.036853857338428497e-03
3.062293399125337601e-03
3.070652717724442482e-03
3.122881520539522171e-03
3.055161563679575920e-03
3.040219657123088837e-03
3.089609090238809586e-03
