2.520079016685485840e-01
2.515140473842620850e-01
2.514161467552185059e-01
2.466045171022415161e-01
1.518584489822387695e-01
1.091152653098106384e-01
9.460438042879104614e-02
8.497100323438644409e-02
7.830134779214859009e-02
7.302748411893844604e-02
6.838569790124893188e-02
6.505861133337020874e-02
6.157042458653450012e-02
5.918906629085540771e-02
5.658081173896789551e-02
5.449074879288673401e-02
5.266041681170463562e-02
5.098291486501693726e-02
4.976949095726013184e-02
4.836125299334526062e-02
4.714849963784217834e-02
4.618917778134346008e-02
4.485865309834480286e-02
4.423629119992256165e-02
4.311738163232803345e-02
4.210814833641052246e-02
4.181144759058952332e-02
4.121596366167068481e-02
4.017858579754829407e-02
3.974233940243721008e-02
3.903707116842269897e-02
3.856233879923820496e-02
3.799774125218391418e-02
3.796415030956268311e-02
3.709469735622406006e-02
3.697318956255912781e-02
3.648720309138298035e-02
3.589586541056632996e-02
3.540777415037155151e-02
3.536368906497955322e-02
3.478581830859184265e-02
3.429647162556648254e-02
3.419053554534912109e-02
3.359612822532653809e-02
3.335386142134666443e-02
3.341704979538917542e-02
3.303090855479240417e-02
3.259905427694320679e-02
3.227383270859718323e-02
3.234577178955078125e-02
3.192162141203880310e-02
3.146186470985412598e-02
3.138848021626472473e-02
3.129383549094200134e-02
3.128743171691894531e-02
3.076934255659580231e-02
3.059486672282218933e-02
3.029069304466247559e-02
3.040049411356449127e-02
2.975166030228137970e-02
2.992568537592887878e-02
2.960139885544776917e-02
2.943116240203380585e-02
2.921180985867977142e-02
2.916678041219711304e-02
2.901432290673255920e-02
2.877546474337577820e-02
2.879466675221920013e-02
2.867667563259601593e-02
2.827432937920093536e-02
2.832857705652713776e-02
2.843072079122066498e-02
2.787213586270809174e-02
2.782089449465274811e-02
2.787474915385246277e-02
2.750755846500396729e-02
2.754212170839309692e-02
2.755387872457504272e-02
2.718807756900787354e-02
2.680826373398303986e-02
2.697045169770717621e-02
2.691131830215454102e-02
2.659081481397151947e-02
2.675642073154449463e-02
2.669674158096313477e-02
2.633163705468177795e-02
2.658300846815109253e-02
2.623141184449195862e-02
2.616603113710880280e-02
2.609651908278465271e-02
2.583047561347484589e-02
2.608199603855609894e-02
2.575951814651489258e-02
2.565074339509010315e-02
2.564692869782447815e-02
2.544327452778816223e-02
2.542928047478199005e-02
2.543780021369457245e-02
2.531588822603225708e-02
2.514040842652320862e-02
2.515545114874839783e-02
2.508148923516273499e-02
2.490832097828388214e-02
2.464891225099563599e-02
2.470857277512550354e-02
2.453543432056903839e-02
2.454984374344348907e-02
2.462881244719028473e-02
2.466215565800666809e-02
2.440988086163997650e-02
2.436194568872451782e-02
2.411134168505668640e-02
2.416365593671798706e-02
2.411513775587081909e-02
2.397315204143524170e-02
2.401665039360523224e-02
2.387768216431140900e-02
2.386590838432312012e-02
2.384483255445957184e-02
2.376577444374561310e-02
2.349257841706275940e-02
2.353413589298725128e-02
2.338564768433570862e-02
2.365812659263610840e-02
2.365472912788391113e-02
2.339367754757404327e-02
2.328948304057121277e-02
2.309316024184226990e-02
2.327934280037879944e-02
2.318552136421203613e-02
2.322540245950222015e-02
2.313210070133209229e-02
2.315119095146656036e-02
2.302477322518825531e-02
2.298862673342227936e-02
2.293591760098934174e-02
2.276852913200855255e-02
2.286185137927532196e-02
2.283623069524765015e-02
2.251120284199714661e-02
2.268575876951217651e-02
2.265306375920772552e-02
2.272051572799682617e-02
2.229226380586624146e-02
2.225283347070217133e-02
2.235583961009979248e-02
2.239333651959896088e-02
2.231130190193653107e-02
2.230030857026576996e-02
2.213402278721332550e-02
2.217526547610759735e-02
2.221041359007358551e-02
2.209396660327911377e-02
2.212310768663883209e-02
2.208132110536098480e-02
2.194332890212535858e-02
2.191039361059665680e-02
2.172224596142768860e-02
2.184321545064449310e-02
2.173952199518680573e-02
2.175207808613777161e-02
2.158157527446746826e-02
2.172940783202648163e-02
2.157024852931499481e-02
2.150228619575500488e-02
2.142702974379062653e-02
2.119720168411731720e-02
2.136566862463951111e-02
2.134697511792182922e-02
2.144544385373592377e-02
2.135744504630565643e-02
2.133249305188655853e-02
2.134639210999011993e-02
2.125043608248233795e-02
2.109782956540584564e-02
2.107834815979003906e-02
2.121681533753871918e-02
2.108541131019592285e-02
2.119481563568115234e-02
2.099739573895931244e-02
2.098945528268814087e-02
2.102146483957767487e-02
2.081144414842128754e-02
2.076248638331890106e-02
2.073029614984989166e-02
2.082780748605728149e-02
2.105232141911983490e-02
2.092651836574077606e-02
2.075647190213203430e-02
2.054056525230407715e-02
2.070724964141845703e-02
2.075035311281681061e-02
2.060910500586032867e-02
2.067167311906814575e-02
2.037281356751918793e-02
2.031070925295352936e-02
2.054104767739772797e-02
2.049252577126026154e-02
2.035498619079589844e-02
2.061550319194793701e-02
2.028965577483177185e-02
2.030778862535953522e-02
2.022207528352737427e-02
2.041904442012310028e-02
2.018072456121444702e-02
2.004968561232089996e-02
2.008479274809360504e-02
2.056825347244739532e-02
2.015451341867446899e-02
2.005447074770927429e-02
2.004661969840526581e-02
2.026267163455486298e-02
2.000735141336917877e-02
1.995633915066719055e-02
2.003722824156284332e-02
1.993505284190177917e-02
2.004680782556533813e-02
1.975469104945659637e-02
2.015256695449352264e-02
1.996624283492565155e-02
1.975406892597675323e-02
1.978987269103527069e-02
1.983003504574298859e-02
1.994089595973491669e-02
1.980496011674404144e-02
1.958487369120121002e-02
1.954558864235877991e-02
1.955928467214107513e-02
1.972839422523975372e-02
1.956372149288654327e-02
1.948189735412597656e-02
1.969468593597412109e-02
1.956379227340221405e-02
1.945127174258232117e-02
1.960420422255992889e-02
1.941419020295143127e-02
1.953573524951934814e-02
1.956058293581008911e-02
1.944152452051639557e-02
1.968139968812465668e-02
1.936229877173900604e-02
1.929599046707153320e-02
1.937447115778923035e-02
1.938189007341861725e-02
1.942562684416770935e-02
1.930872537195682526e-02
1.919277571141719818e-02
1.910012215375900269e-02
1.903576403856277466e-02
1.907917298376560211e-02
1.935815252363681793e-02
1.924695260822772980e-02
1.904550194740295410e-02
1.911460049450397491e-02
1.899342425167560577e-02
1.887652277946472168e-02
1.911796629428863525e-02
1.900649815797805786e-02
1.894895359873771667e-02
1.900483109056949615e-02
1.890420354902744293e-02
1.899770647287368774e-02
1.887393929064273834e-02
1.887497864663600922e-02
1.890460774302482605e-02
1.896511204540729523e-02
1.878651417791843414e-02
1.888838969171047211e-02
1.882482692599296570e-02
1.863505877554416656e-02
1.894799247384071350e-02
1.866525597870349884e-02
1.881202869117259979e-02
1.865027658641338348e-02
1.850602403283119202e-02
1.867005787789821625e-02
1.879318058490753174e-02
1.862374320626258850e-02
1.846572756767272949e-02
1.846127025783061981e-02
1.853502355515956879e-02
1.859568059444427490e-02
1.855134405195713043e-02
1.843521185219287872e-02
1.853217743337154388e-02
1.837842725217342377e-02
1.851261220872402191e-02
1.849032193422317505e-02
1.854155398905277252e-02
1.824058964848518372e-02
1.831793785095214844e-02
1.831086911261081696e-02
1.827307976782321930e-02
1.829937286674976349e-02
1.836921274662017822e-02
1.818192750215530396e-02
1.831142045557498932e-02
1.823698729276657104e-02
1.852341927587985992e-02
1.827356405556201935e-02
1.831253804266452789e-02
1.807840168476104736e-02
1.822803914546966553e-02
1.811517402529716492e-02
1.817740872502326965e-02
1.813137345016002655e-02
1.834025606513023376e-02
1.810765825212001801e-02
1.804383285343647003e-02
1.809999160468578339e-02
1.818193309009075165e-02
1.816580630838871002e-02
1.786639355123043060e-02
1.806622371077537537e-02
1.810229197144508362e-02
1.817761920392513275e-02
1.809965446591377258e-02
1.806296594440937042e-02
1.801479235291481018e-02
1.778239570558071136e-02
1.776387915015220642e-02
1.802662387490272522e-02
1.783818751573562622e-02
1.800980232656002045e-02
1.802762225270271301e-02
1.780558563768863678e-02
1.789557747542858124e-02
1.780015230178833008e-02
1.775835454463958740e-02
1.781058125197887421e-02
1.778930984437465668e-02
1.771754957735538483e-02
1.765880547463893890e-02
1.772055216133594513e-02
1.757810637354850769e-02
1.753508672118186951e-02
1.774111948907375336e-02
1.784519478678703308e-02
1.774784922599792480e-02
1.771789975464344025e-02
1.759259775280952454e-02
1.768087223172187805e-02
1.753721386194229126e-02
1.764667965471744537e-02
1.757178828120231628e-02
1.764102652668952942e-02
1.766877435147762299e-02
1.747061125934123993e-02
1.771975681185722351e-02
1.765141077339649200e-02
1.743931695818901062e-02
1.744783483445644379e-02
1.752833649516105652e-02
1.750011369585990906e-02
1.762764342129230499e-02
1.739113032817840576e-02
1.743751019239425659e-02
1.762636192142963409e-02
1.733125001192092896e-02
1.744398102164268494e-02
1.737028174102306366e-02
1.740735769271850586e-02
1.743877120316028595e-02
1.757419668138027191e-02
1.708058826625347137e-02
1.728371717035770416e-02
1.760984584689140320e-02
1.750487647950649261e-02
1.726199313998222351e-02
1.728223077952861786e-02
1.768427342176437378e-02
1.744151674211025238e-02
1.750446483492851257e-02
1.726504974067211151e-02
1.722944341599941254e-02
1.726960204541683197e-02
1.730326563119888306e-02
1.745184883475303650e-02
1.731603965163230896e-02
1.740970276296138763e-02
1.723821833729743958e-02
1.719125919044017792e-02
1.714451052248477936e-02
1.710454747080802917e-02
1.717388071119785309e-02
1.698738709092140198e-02
1.735886186361312866e-02
1.705687306821346283e-02
1.726480945944786072e-02
1.713548973202705383e-02
1.709610782563686371e-02
1.685340330004692078e-02
1.710977591574192047e-02
1.726730167865753174e-02
1.716412976384162903e-02
1.720835268497467041e-02
1.704783178865909576e-02
1.693134009838104248e-02
1.704343222081661224e-02
1.715571060776710510e-02
1.702658273279666901e-02
1.681462489068508148e-02
1.686874404549598694e-02
1.702397130429744720e-02
1.706806384027004242e-02
1.704172790050506592e-02
1.698167994618415833e-02
1.683999039232730865e-02
1.690972037613391876e-02
1.694856956601142883e-02
1.695574074983596802e-02
1.688130386173725128e-02
1.689380779862403870e-02
1.688428968191146851e-02
1.693392172455787659e-02
1.669768244028091431e-02
1.688039302825927734e-02
1.698558963835239410e-02
1.679730787873268127e-02
1.681561954319477081e-02
1.690786145627498627e-02
1.673178002238273621e-02
1.667608693242073059e-02
1.684863865375518799e-02
1.679967716336250305e-02
1.690843701362609863e-02
1.671718992292881012e-02
1.680218987166881561e-02
1.678786613047122955e-02
1.669330149888992310e-02
1.685787364840507507e-02
1.665563508868217468e-02
1.674064435064792633e-02
1.657273434102535248e-02
1.675032079219818115e-02
1.663133874535560608e-02
1.679584197700023651e-02
1.684257388114929199e-02
1.659182645380496979e-02
1.665231399238109589e-02
1.666387915611267090e-02
1.653596013784408569e-02
1.662965305149555206e-02
1.662749052047729492e-02
1.647362299263477325e-02
1.666513271629810333e-02
1.661615446209907532e-02
1.668399386107921600e-02
1.660928502678871155e-02
1.646090857684612274e-02
1.644866168498992920e-02
1.667849533259868622e-02
1.661610603332519531e-02
1.655572839081287384e-02
1.667906902730464935e-02
1.649899594485759735e-02
1.668806187808513641e-02
1.648649759590625763e-02
1.643323712050914764e-02
1.657433621585369110e-02
1.666975580155849457e-02
1.648441329598426819e-02
1.636722125113010406e-02
1.637624949216842651e-02
1.638171263039112091e-02
1.638917438685894012e-02
1.652644388377666473e-02
1.645037904381752014e-02
1.661984249949455261e-02
1.643480733036994934e-02
1.631173864006996155e-02
1.641741767525672913e-02
1.626173034310340881e-02
1.639914512634277344e-02
1.634092815220355988e-02
1.627215184271335602e-02
1.644783839583396912e-02
1.646000146865844727e-02
1.637488976120948792e-02
1.633754000067710876e-02
1.645490713417530060e-02
1.648798026144504547e-02
1.637109555304050446e-02
1.637871935963630676e-02
1.634419709444046021e-02
1.642746105790138245e-02
1.626858115196228027e-02
1.637762039899826050e-02
1.639651134610176086e-02
1.627334021031856537e-02
1.628269068896770477e-02
1.625762693583965302e-02
1.613168790936470032e-02
1.620136573910713196e-02
1.629716157913208008e-02
1.623265258967876434e-02
1.639734767377376556e-02
1.610425487160682678e-02
1.631949096918106079e-02
1.626214943826198578e-02
