2.362471669912338257e-01
1.554073691368103027e-01
1.166500300168991089e-01
9.882620722055435181e-02
8.851001411676406860e-02
8.025285601615905762e-02
7.382944226264953613e-02
6.976766139268875122e-02
6.468144804239273071e-02
6.209150329232215881e-02
5.860349535942077637e-02
5.545246973633766174e-02
5.514368042349815369e-02
5.176465958356857300e-02
5.066104978322982788e-02
4.887503013014793396e-02
4.571485146880149841e-02
4.586219042539596558e-02
4.475634545087814331e-02
4.487692192196846008e-02
4.298011213541030884e-02
4.158659279346466064e-02
4.092127084732055664e-02
3.956073522567749023e-02
3.969661146402359009e-02
3.863552212715148926e-02
3.909816220402717590e-02
3.803537040948867798e-02
3.631350025534629822e-02
3.594444319605827332e-02
3.547805920243263245e-02
3.574029356241226196e-02
3.543215617537498474e-02
3.515485301613807678e-02
3.309684991836547852e-02
3.277828171849250793e-02
3.233049809932708740e-02
3.275175392627716064e-02
3.438830003142356873e-02
3.208593279123306274e-02
3.011095337569713593e-02
3.182438760995864868e-02
3.066487424075603485e-02
3.048090264201164246e-02
3.080859221518039703e-02
2.989166975021362305e-02
2.986808866262435913e-02
2.952050417661666870e-02
3.005275689065456390e-02
2.881634235382080078e-02
2.846578508615493774e-02
2.798840962350368500e-02
2.874874323606491089e-02
2.764196321368217468e-02
2.796585299074649811e-02
2.887915261089801788e-02
2.585890889167785645e-02
2.672228403389453888e-02
2.739809826016426086e-02
2.553682215511798859e-02
2.649966999888420105e-02
2.603873983025550842e-02
2.559540979564189911e-02
2.540176734328269958e-02
2.514842152595520020e-02
2.432224899530410767e-02
2.525417506694793701e-02
2.376056648790836334e-02
2.491034381091594696e-02
2.360360138118267059e-02
2.258261106908321381e-02
2.344123832881450653e-02
2.384369820356369019e-02
2.388459257781505585e-02
2.396183274686336517e-02
2.329607866704463959e-02
2.133150212466716766e-02
2.429293096065521240e-02
2.255236171185970306e-02
2.245120145380496979e-02
2.825088053941726685e-02
2.398191392421722412e-02
2.506817132234573364e-02
2.301384881138801575e-02
2.268829010426998138e-02
2.229999005794525146e-02
2.325386367738246918e-02
2.263783849775791168e-02
2.346314862370491028e-02
2.122860960662364960e-02
2.156616374850273132e-02
2.277806587517261505e-02
2.187235094606876373e-02
2.282684668898582458e-02
2.118853107094764709e-02
2.129428088665008545e-02
2.087647281587123871e-02
2.091315761208534241e-02
2.001815289258956909e-02
2.328647859394550323e-02
2.055274881422519684e-02
2.010906673967838287e-02
2.155248634517192841e-02
2.059544250369071960e-02
1.971911825239658356e-02
2.232596278190612793e-02
1.900249719619750977e-02
2.127148956060409546e-02
1.871122419834136963e-02
1.984467171132564545e-02
2.012800052762031555e-02
2.000189013779163361e-02
1.992669701576232910e-02
1.853297464549541473e-02
2.082512155175209045e-02
1.924143172800540924e-02
2.002178877592086792e-02
1.966349221765995026e-02
1.970576122403144836e-02
1.954535022377967834e-02
1.863504387438297272e-02
1.833167672157287598e-02
2.018749713897705078e-02
1.985666900873184204e-02
1.830995269119739532e-02
1.939697191119194031e-02
1.722983829677104950e-02
1.833495311439037323e-02
1.896199025213718414e-02
1.693302765488624573e-02
1.845725066959857941e-02
1.776251755654811859e-02
1.845690980553627014e-02
1.890521124005317688e-02
1.821983605623245239e-02
1.778974570333957672e-02
1.756625249981880188e-02
1.745899580419063568e-02
1.769643835723400116e-02
1.939827576279640198e-02
1.650219038128852844e-02
1.709705777466297150e-02
1.850388944149017334e-02
1.702555641531944275e-02
1.744473725557327271e-02
1.716506667435169220e-02
1.759498938918113708e-02
1.844481565058231354e-02
1.666771993041038513e-02
1.856641843914985657e-02
1.568916812539100647e-02
1.660754717886447906e-02
1.765978708863258362e-02
1.615803688764572144e-02
1.892984099686145782e-02
1.618689671158790588e-02
1.605306193232536316e-02
1.809744536876678467e-02
1.560914982110261917e-02
1.687413267791271210e-02
1.711622625589370728e-02
1.787370070815086365e-02
1.516364514827728271e-02
1.936602964997291565e-02
1.703063212335109711e-02
1.520039979368448257e-02
1.628696732223033905e-02
1.656491309404373169e-02
1.547572389245033264e-02
1.721420884132385254e-02
1.550329755991697311e-02
1.505970861762762070e-02
1.672215200960636139e-02
1.638380065560340881e-02
1.511482428759336472e-02
1.539922133088111877e-02
1.567720063030719757e-02
1.423273142427206039e-02
1.490223966538906097e-02
1.738316565752029419e-02
1.534563768655061722e-02
1.550396718084812164e-02
1.541782356798648834e-02
1.640025712549686432e-02
1.583776436746120453e-02
1.486314367502927780e-02
1.440530642867088318e-02
1.719782315194606781e-02
1.370908133685588837e-02
1.441981457173824310e-02
1.770595647394657135e-02
1.453201193362474442e-02
1.563629880547523499e-02
1.468621101230382919e-02
1.409701630473136902e-02
1.388116925954818726e-02
1.495546847581863403e-02
1.704253256320953369e-02
1.351254805922508240e-02
1.427156664431095123e-02
1.366593129932880402e-02
1.738097704946994781e-02
1.360182184725999832e-02
1.396921183913946152e-02
1.401440985500812531e-02
1.420303061604499817e-02
1.535683684051036835e-02
1.502963062375783920e-02
1.316293329000473022e-02
1.453268341720104218e-02
1.433797739446163177e-02
1.465233229100704193e-02
1.545215025544166565e-02
1.331429835408926010e-02
1.397479232400655746e-02
1.335300132632255554e-02
1.325577218085527420e-02
1.390681322664022446e-02
1.619910448789596558e-02
1.274868287146091461e-02
1.347606163471937180e-02
1.326755434274673462e-02
1.286664512008428574e-02
1.397527847439050674e-02
1.421217620372772217e-02
1.552132610231637955e-02
1.268758345395326614e-02
1.289801485836505890e-02
1.490258704870939255e-02
1.468775887042284012e-02
1.279295142740011215e-02
1.313622016459703445e-02
1.342428848147392273e-02
1.421868894249200821e-02
1.337984856218099594e-02
1.274863164871931076e-02
1.319972518831491470e-02
1.298800110816955566e-02
1.311056781560182571e-02
1.258553192019462585e-02
1.316456589847803116e-02
1.384940743446350098e-02
1.276614423841238022e-02
1.345965545624494553e-02
1.333644147962331772e-02
1.232176739722490311e-02
1.260554790496826172e-02
1.353038661181926727e-02
1.372239366173744202e-02
1.425447128713130951e-02
1.253466308116912842e-02
1.403936930000782013e-02
1.295034307986497879e-02
1.242370903491973877e-02
1.344740949571132660e-02
1.118786819279193878e-02
1.390993315726518631e-02
1.226566545665264130e-02
1.405758224427700043e-02
1.228850986808538437e-02
1.180044375360012054e-02
1.250640582293272018e-02
1.293622702360153198e-02
1.340002287179231644e-02
1.325031183660030365e-02
1.181760337203741074e-02
1.240251865237951279e-02
1.226428709924221039e-02
1.215129904448986053e-02
1.176017988473176956e-02
1.326063461601734161e-02
1.222367119044065475e-02
1.340681035071611404e-02
1.182504836469888687e-02
1.178057119250297546e-02
1.242425572127103806e-02
1.180504634976387024e-02
1.283530890941619873e-02
1.213363092392683029e-02
1.323949638754129410e-02
1.429996918886899948e-02
1.206950005143880844e-02
1.211113668978214264e-02
1.350380852818489075e-02
1.139025669544935226e-02
1.208441518247127533e-02
1.206406764686107635e-02
1.180230919271707535e-02
1.210293639451265335e-02
1.199363637715578079e-02
1.134883984923362732e-02
1.487816125154495239e-02
1.156219188123941422e-02
1.156153436750173569e-02
1.161045860499143600e-02
1.261128578335046768e-02
1.308521721512079239e-02
1.133716013282537460e-02
1.078699808567762375e-02
1.247659511864185333e-02
1.231220178306102753e-02
1.071190088987350464e-02
1.121696922928094864e-02
1.142623927444219589e-02
1.166216749697923660e-02
1.200813148170709610e-02
1.184353232383728027e-02
1.062935031950473785e-02
1.085474621504545212e-02
1.216827984899282455e-02
1.186053361743688583e-02
1.281435042619705200e-02
1.082210242748260498e-02
1.298181898891925812e-02
1.093807909637689590e-02
1.125768292695283890e-02
1.158773154020309448e-02
1.321907993406057358e-02
1.096775941550731659e-02
1.107945106923580170e-02
1.174424774944782257e-02
1.081282924860715866e-02
1.295587792992591858e-02
1.144804432988166809e-02
1.132753584533929825e-02
1.107239443808794022e-02
1.171351596713066101e-02
1.042695809155702591e-02
1.243533659726381302e-02
1.092996448278427124e-02
1.317036151885986328e-02
1.045971177518367767e-02
9.848236106336116791e-03
1.144621893763542175e-02
1.260684896260499954e-02
1.121853012591600418e-02
1.047747768461704254e-02
1.194216497242450714e-02
1.084005460143089294e-02
1.076529361307621002e-02
1.260408759117126465e-02
1.007209904491901398e-02
1.292251143604516983e-02
1.124303694814443588e-02
1.077372208237648010e-02
1.050650514662265778e-02
1.106290984898805618e-02
9.892785921692848206e-03
1.138391345739364624e-02
1.154355239123106003e-02
1.066016498953104019e-02
1.101871021091938019e-02
1.106368657201528549e-02
1.040181983262300491e-02
1.079094037413597107e-02
1.217546407133340836e-02
1.143715623766183853e-02
9.541509672999382019e-03
1.423733215779066086e-02
1.016868650913238525e-02
1.034678425639867783e-02
1.047525927424430847e-02
1.031711045652627945e-02
1.166495773941278458e-02
1.044815313071012497e-02
1.103066746145486832e-02
1.082178670912981033e-02
1.061158254742622375e-02
1.010657101869583130e-02
1.008372101932764053e-02
1.235461886972188950e-02
1.154286041855812073e-02
1.159832160919904709e-02
1.001965440809726715e-02
9.823525324463844299e-03
1.026588771492242813e-02
1.303971558809280396e-02
9.982536546885967255e-03
2.034460753202438354e-02
1.337741781026124954e-02
1.147070433944463730e-02
1.158463116735219955e-02
1.214194577187299728e-02
1.292850449681282043e-02
1.171452086418867111e-02
1.114293001592159271e-02
1.224646065384149551e-02
1.039663143455982208e-02
1.149708312004804611e-02
1.116429734975099564e-02
1.132421288639307022e-02
1.144673954695463181e-02
1.130998693406581879e-02
1.125220302492380142e-02
1.013760454952716827e-02
1.238700468093156815e-02
1.079796440899372101e-02
1.232097111642360687e-02
1.064953021705150604e-02
1.035377942025661469e-02
1.296723261475563049e-02
1.058869063854217529e-02
1.285034231841564178e-02
1.043722312897443771e-02
1.022201124578714371e-02
1.005447562783956528e-02
1.392432395368814468e-02
9.248531423509120941e-03
1.081527583301067352e-02
1.095712464302778244e-02
9.911033324897289276e-03
1.138023007661104202e-02
1.072066370397806168e-02
1.042407937347888947e-02
1.144341100007295609e-02
1.018323469907045364e-02
9.636833332479000092e-03
1.148967165499925613e-02
9.962584823369979858e-03
1.005453243851661682e-02
9.948555380105972290e-03
1.174395252019166946e-02
1.111990027129650116e-02
9.599612094461917877e-03
1.035081874579191208e-02
1.268299855291843414e-02
9.052030742168426514e-03
1.026005577296018600e-02
1.240274496376514435e-02
1.058477628976106644e-02
1.135709136724472046e-02
9.853315539658069611e-03
1.006198208779096603e-02
9.996967390179634094e-03
1.015900634229183197e-02
1.248654536902904510e-02
9.473475627601146698e-03
9.188080206513404846e-03
1.086416002362966537e-02
9.565887041389942169e-03
1.005035266280174255e-02
1.086946483701467514e-02
8.850200101733207703e-03
9.093332104384899139e-03
1.037260890007019043e-02
1.150086801499128342e-02
1.014960836619138718e-02
1.315523125231266022e-02
8.616839535534381866e-03
9.888473898172378540e-03
8.971971459686756134e-03
1.103375758975744247e-02
9.728765115141868591e-03
1.096419896930456161e-02
1.216861233115196228e-02
8.945876732468605042e-03
1.099860761314630508e-02
9.934237226843833923e-03
8.800585754215717316e-03
9.752768091857433319e-03
9.679046459496021271e-03
9.981005452573299408e-03
9.334668517112731934e-03
9.618867188692092896e-03
9.269869886338710785e-03
1.043686922639608383e-02
1.084041129797697067e-02
8.710122667253017426e-03
1.063697785139083862e-02
8.685745298862457275e-03
2.129363454878330231e-02
2.152869850397109985e-02
1.547910086810588837e-02
1.430997159332036972e-02
1.410412508994340897e-02
1.323478575795888901e-02
1.387515012174844742e-02
1.320908125489950180e-02
1.302693318575620651e-02
1.259167771786451340e-02
1.253746822476387024e-02
1.338820531964302063e-02
1.194761972874403000e-02
1.258375588804483414e-02
1.331825647503137589e-02
1.183058880269527435e-02
1.100764982402324677e-02
1.466092839837074280e-02
1.183887757360935211e-02
1.121439877897500992e-02
1.159398537129163742e-02
1.295016612857580185e-02
1.099978666752576828e-02
1.054168120026588440e-02
1.200536452233791351e-02
1.189838256686925888e-02
1.127943303436040878e-02
1.193385384976863861e-02
1.112802140414714813e-02
1.125477626919746399e-02
1.108062546700239182e-02
1.149244327098131180e-02
1.188939344137907028e-02
1.115982513874769211e-02
1.133184228092432022e-02
1.214111689478158951e-02
1.081821508705615997e-02
1.066979952156543732e-02
1.150990836322307587e-02
1.161028072237968445e-02
1.176051516085863113e-02
1.037110481411218643e-02
1.172321848571300507e-02
1.173049863427877426e-02
1.041145715862512589e-02
1.251638680696487427e-02
1.111197285354137421e-02
1.063407771289348602e-02
1.107927598059177399e-02
1.135384477674961090e-02
9.911773726344108582e-03
1.154089253395795822e-02
1.190691255033016205e-02
1.060780510306358337e-02
1.032684091478586197e-02
1.092105265706777573e-02
1.013761479407548904e-02
1.119471900165081024e-02
1.106318924576044083e-02
1.103307958692312241e-02
1.018850598484277725e-02
1.005461718887090683e-02
9.489593096077442169e-03
1.322384737432003021e-02
9.742458350956439972e-03
9.991575032472610474e-03
1.320088654756546021e-02
9.492486715316772461e-03
9.240454994142055511e-03
1.164091750979423523e-02
9.779985994100570679e-03
1.196502987295389175e-02
9.611757472157478333e-03
9.706581942737102509e-03
1.194911263883113861e-02
9.925411082804203033e-03
1.097598671913146973e-02
9.785217233002185822e-03
1.037787273526191711e-02
1.073973439633846283e-02
1.048135105520486832e-02
1.101031247526407242e-02
9.394824504852294922e-03
9.066593833267688751e-03
1.118582859635353088e-02
1.127558015286922455e-02
1.024971716105937958e-02
1.221403479576110840e-02
9.519887156784534454e-03
9.299426339566707611e-03
1.081095729023218155e-02
9.883515536785125732e-03
1.024771574884653091e-02
1.004016492515802383e-02
9.899373166263103485e-03
9.698187001049518585e-03
1.061180140823125839e-02
1.007232815027236938e-02
1.046813093125820160e-02
1.193233765661716461e-02
8.944347500801086426e-03
9.342101402580738068e-03
1.042287610471248627e-02
9.084124118089675903e-03
1.053433958441019058e-02
9.739514440298080444e-03
1.004828698933124542e-02
9.937678463757038116e-03
1.518187392503023148e-02
9.725977666676044464e-03
9.145782329142093658e-03
9.367442689836025238e-03
8.761640638113021851e-03
1.170994713902473450e-02
1.055875979363918304e-02
1.074337400496006012e-02
9.429954923689365387e-03
1.051751431077718735e-02
8.704686537384986877e-03
9.024670347571372986e-03
1.024638395756483078e-02
1.084325462579727173e-02
9.878707118332386017e-03
9.650068357586860657e-03
9.819087572395801544e-03
9.916764684021472931e-03
8.977083489298820496e-03
9.970958344638347626e-03
9.717594832181930542e-03
1.028235629200935364e-02
9.907111525535583496e-03
9.273263625800609589e-03
1.064417697489261627e-02
9.925693273544311523e-03
9.585469961166381836e-03
8.703307248651981354e-03
1.145315915346145630e-02
9.777496568858623505e-03
9.318406693637371063e-03
1.070095505565404892e-02
9.016585536301136017e-03
9.263357147574424744e-03
1.079903356730937958e-02
8.556622080504894257e-03
9.590831585228443146e-03
1.025368273258209229e-02
9.790292941033840179e-03
9.652802720665931702e-03
9.976414963603019714e-03
8.787325583398342133e-03
9.179603308439254761e-03
1.115846447646617889e-02
9.605666622519493103e-03
9.130014106631278992e-03
9.697976522147655487e-03
1.088792085647583008e-02
9.587370790541172028e-03
9.096833877265453339e-03
9.806189686059951782e-03
9.182203561067581177e-03
9.004594758152961731e-03
8.937489241361618042e-03
9.717042557895183563e-03
9.722257032990455627e-03
9.345657192170619965e-03
9.005518630146980286e-03
1.132195722311735153e-02
8.729894645512104034e-03
9.606866165995597839e-03
9.977793321013450623e-03
9.657466784119606018e-03
9.137756191194057465e-03
1.029465161263942719e-02
8.312221616506576538e-03
1.044143922626972198e-02
8.690407499670982361e-03
1.106297690421342850e-02
1.063429005444049835e-02
8.675607852637767792e-03
8.892538025975227356e-03
8.487630635499954224e-03
9.901838377118110657e-03
9.262531064450740814e-03
9.532709605991840363e-03
8.868165314197540283e-03
8.504324592649936676e-03
9.795852936804294586e-03
1.122941542416810989e-02
9.575510397553443909e-03
8.410822600126266479e-03
8.872535079717636108e-03
9.813827462494373322e-03
8.646565489470958710e-03
8.886971510946750641e-03
9.437913075089454651e-03
9.353095665574073792e-03
1.001677196472883224e-02
8.786496706306934357e-03
8.723735809326171875e-03
1.090876944363117218e-02
9.007515385746955872e-03
1.000264193862676620e-02
9.132329374551773071e-03
8.532212115824222565e-03
8.913193829357624054e-03
9.571194648742675781e-03
8.700706064701080322e-03
8.453223854303359985e-03
9.289732202887535095e-03
1.026075892150402069e-02
8.356281556189060211e-03
8.690360002219676971e-03
9.241663850843906403e-03
9.967041201889514923e-03
8.747537620365619659e-03
8.892301470041275024e-03
9.498341009020805359e-03
9.811597876250743866e-03
8.200882002711296082e-03
8.552622050046920776e-03
1.319790445268154144e-02
8.740013465285301208e-03
8.323335088789463043e-03
8.467990905046463013e-03
9.450261481106281281e-03
8.913043886423110962e-03
1.147194579243659973e-02
8.976389653980731964e-03
1.111739967018365860e-02
8.528621867299079895e-03
8.837652392685413361e-03
9.472065605223178864e-03
8.515587076544761658e-03
9.108331054449081421e-03
9.050496853888034821e-03
1.199038326740264893e-02
8.709587156772613525e-03
7.790962234139442444e-03
9.331545792520046234e-03
8.195235393941402435e-03
1.099574193358421326e-02
7.658423855900764465e-03
8.273511193692684174e-03
9.160406887531280518e-03
8.459591306746006012e-03
9.613627567887306213e-03
9.911044500768184662e-03
8.361314423382282257e-03
8.016875945031642914e-03
9.137826040387153625e-03
1.011161413043737411e-02
8.174796588718891144e-03
9.909619577229022980e-03
7.941667921841144562e-03
8.015156723558902740e-03
9.865198284387588501e-03
8.629349991679191589e-03
1.011427678167819977e-02
7.853125222027301788e-03
8.750190027058124542e-03
9.765856899321079254e-03
8.540633134543895721e-03
8.292392827570438385e-03
9.078478440642356873e-03
8.555020205676555634e-03
8.187232539057731628e-03
8.923932909965515137e-03
8.437830954790115356e-03
9.171960875391960144e-03
8.575640618801116943e-03
8.898401632905006409e-03
8.544151671230792999e-03
8.632014505565166473e-03
9.501991793513298035e-03
7.836152799427509308e-03
8.526311255991458893e-03
9.274248965084552765e-03
9.313867427408695221e-03
8.812087588012218475e-03
8.438435383141040802e-03
8.634327910840511322e-03
9.110250510275363922e-03
8.603460155427455902e-03
8.264441043138504028e-03
8.050359785556793213e-03
8.321267552673816681e-03
8.295658975839614868e-03
8.219089359045028687e-03
9.462269023060798645e-03
8.146454580128192902e-03
8.762344717979431152e-03
7.910215295851230621e-03
9.010112844407558441e-03
7.741171400994062424e-03
8.310603909194469452e-03
9.996766224503517151e-03
8.174451999366283417e-03
8.042919449508190155e-03
8.712089620530605316e-03
7.820639759302139282e-03
8.917285129427909851e-03
8.092192932963371277e-03
1.032337453216314316e-02
7.538404315710067749e-03
7.751474156975746155e-03
1.030942890793085098e-02
7.460389286279678345e-03
8.207169361412525177e-03
8.455105125904083252e-03
7.953660562634468079e-03
7.995489984750747681e-03
9.229136630892753601e-03
8.080643601715564728e-03
7.822837680578231812e-03
9.918504394590854645e-03
9.361457079648971558e-03
7.361710537225008011e-03
7.658231072127819061e-03
8.445273153483867645e-03
8.413784205913543701e-03
1.080995053052902222e-02
8.405609056353569031e-03
7.537059020251035690e-03
9.581373073160648346e-03
7.519237231463193893e-03
8.135646581649780273e-03
8.783560246229171753e-03
8.501908741891384125e-03
7.606143597513437271e-03
8.636214770376682281e-03
8.925572037696838379e-03
7.934038527309894562e-03
7.832009345293045044e-03
9.442096576094627380e-03
7.685163524001836777e-03
9.712905623018741608e-03
8.076726458966732025e-03
8.071380667388439178e-03
1.188184972852468491e-02
7.347793318331241608e-03
7.641519885510206223e-03
9.040636941790580750e-03
8.873672224581241608e-03
8.356638252735137939e-03
8.034084923565387726e-03
8.178012445569038391e-03
7.776608690619468689e-03
1.049519982188940048e-02
7.369701750576496124e-03
7.798905484378337860e-03
8.215818554162979126e-03
8.125792257487773895e-03
9.760760702192783356e-03
9.249292314052581787e-03
8.105227723717689514e-03
8.055332116782665253e-03
7.784125860780477524e-03
7.905700244009494781e-03
8.447907865047454834e-03
7.935211993753910065e-03
8.718333207070827484e-03
7.937396876513957977e-03
7.651195395737886429e-03
9.778941050171852112e-03
9.546240791678428650e-03
8.012468926608562469e-03
7.124840281903743744e-03
9.250571019947528839e-03
7.362453732639551163e-03
1.011084485799074173e-02
7.373124826699495316e-03
9.529379196465015411e-03
7.884885184466838837e-03
7.235037628561258316e-03
1.163593493402004242e-02
7.273727096617221832e-03
7.718262728303670883e-03
7.374639157205820084e-03
8.614997379481792450e-03
7.506436202675104141e-03
8.477913215756416321e-03
9.537030942738056183e-03
7.466937880963087082e-03
7.232175674289464951e-03
8.313659578561782837e-03
1.000607758760452271e-02
7.265887688845396042e-03
7.496190257370471954e-03
8.511709049344062805e-03
7.920076139271259308e-03
7.279073353856801987e-03
9.562024846673011780e-03
8.909016847610473633e-03
7.270426023751497269e-03
8.513599634170532227e-03
8.135454729199409485e-03
8.100205101072788239e-03
7.778538390994071960e-03
8.559960871934890747e-03
7.336579263210296631e-03
7.989572361111640930e-03
9.365423582494258881e-03
7.529746741056442261e-03
7.582486607134342194e-03
7.773942779749631882e-03
8.163136430084705353e-03
7.817530073225498199e-03
7.386552635580301285e-03
1.036877650767564774e-02
7.392853498458862305e-03
8.656451478600502014e-03
8.338268846273422241e-03
7.104802411049604416e-03
7.177583407610654831e-03
8.865040726959705353e-03
8.387497626245021820e-03
7.390781305730342865e-03
7.561486214399337769e-03
7.803401909768581390e-03
7.641433738172054291e-03
9.627853520214557648e-03
7.584709674119949341e-03
8.022385649383068085e-03
8.479375392198562622e-03
8.270118385553359985e-03
8.991411887109279633e-03
7.206500042229890823e-03
8.225305937230587006e-03
7.559219840914011002e-03
8.996536955237388611e-03
7.661276031285524368e-03
8.169302716851234436e-03
7.564275525510311127e-03
9.221324697136878967e-03
6.993649993091821671e-03
8.878600783646106720e-03
7.548755034804344177e-03
7.699317298829555511e-03
8.483901619911193848e-03
8.044331334531307220e-03
7.400840520858764648e-03
7.743111345916986465e-03
1.078722812235355377e-02
7.021247874945402145e-03
7.225395645946264267e-03
8.790500462055206299e-03
7.028791587799787521e-03
8.616075851023197174e-03
8.187337778508663177e-03
6.982701364904642105e-03
7.280809804797172546e-03
8.077737875282764435e-03
9.660719893872737885e-03
7.134198211133480072e-03
7.533403113484382629e-03
9.973641484975814819e-03
7.725504226982593536e-03
7.364698685705661774e-03
7.138523273169994354e-03
7.799605838954448700e-03
9.336923249065876007e-03
7.651997264474630356e-03
7.163562811911106110e-03
8.491110056638717651e-03
1.052258163690567017e-02
7.229686714708805084e-03
7.637166418135166168e-03
8.085961453616619110e-03
7.254384923726320267e-03
8.797554299235343933e-03
7.185818627476692200e-03
8.622112683951854706e-03
7.088557817041873932e-03
7.665479555726051331e-03
7.747589144855737686e-03
8.172715082764625549e-03
9.740341454744338989e-03
7.820308208465576172e-03
8.116982877254486084e-03
7.348110899329185486e-03
7.488865870982408524e-03
8.941045030951499939e-03
6.832445506006479263e-03
8.090416900813579559e-03
7.416779175400733948e-03
7.957240566611289978e-03
7.407377008348703384e-03
7.156762294471263885e-03
9.111362509429454803e-03
6.890975870192050934e-03
1.206689514219760895e-02
7.219900377094745636e-03
7.642318494617938995e-03
7.661385927349328995e-03
7.549942471086978912e-03
9.295595809817314148e-03
7.011445704847574234e-03
8.324126712977886200e-03
8.151650428771972656e-03
8.976570330560207367e-03
7.772753946483135223e-03
7.276738993823528290e-03
7.632457185536623001e-03
7.670938502997159958e-03
7.580329664051532745e-03
7.595716975629329681e-03
7.078079041093587875e-03
9.251765906810760498e-03
8.739960379898548126e-03
6.939359940588474274e-03
8.061856962740421295e-03
8.102286607027053833e-03
7.789588999003171921e-03
7.555516902357339859e-03
9.811227209866046906e-03
7.781486492604017258e-03
7.380810100585222244e-03
7.971343584358692169e-03
8.280454203486442566e-03
7.467917166650295258e-03
7.086318451911211014e-03
7.620982360094785690e-03
8.127072826027870178e-03
7.588318083435297012e-03
7.486361544579267502e-03
7.326910737901926041e-03
8.440108038485050201e-03
7.946141995489597321e-03
7.027330342680215836e-03
7.622424978762865067e-03
9.862768463790416718e-03
7.167448755353689194e-03
6.841949652880430222e-03
8.572336286306381226e-03
7.080737967044115067e-03
7.780065294355154037e-03
7.789369672536849976e-03
7.411370519548654556e-03
9.125139564275741577e-03
7.193808909505605698e-03
7.263939362019300461e-03
9.226492606103420258e-03
6.797620095312595367e-03
7.147483993321657181e-03
7.066984660923480988e-03
8.190853521227836609e-03
7.048945873975753784e-03
8.627139963209629059e-03
7.879416458308696747e-03
7.880236022174358368e-03
7.122794166207313538e-03
8.568881079554557800e-03
7.129556965082883835e-03
8.006697520613670349e-03
7.738212123513221741e-03
6.925024092197418213e-03
9.430515579879283905e-03
6.833894178271293640e-03
8.149356581270694733e-03
8.355058729648590088e-03
6.774211768060922623e-03
7.258715108036994934e-03
8.393827825784683228e-03
7.585294544696807861e-03
8.201918564736843109e-03
6.973512470722198486e-03
7.679156493395566940e-03
8.508910425007343292e-03
8.262407965958118439e-03
6.580480374395847321e-03
7.953193970024585724e-03
7.286523003131151199e-03
8.263299241662025452e-03
8.946766145527362823e-03
6.849778816103935242e-03
7.485924754291772842e-03
1.007302571088075638e-02
7.098638452589511871e-03
6.704960484057664871e-03
7.205937057733535767e-03
7.509409449994564056e-03
7.424597162753343582e-03
9.128126315772533417e-03
6.677896250039339066e-03
7.020137272775173187e-03
8.071022108197212219e-03
7.304841652512550354e-03
7.749013137072324753e-03
8.535833097994327545e-03
6.956744473427534103e-03
7.140070665627717972e-03
6.980997510254383087e-03
7.762312889099121094e-03
7.549725007265806198e-03
8.189062587916851044e-03
6.389905698597431183e-03
8.185553364455699921e-03
7.240977603942155838e-03
7.803642656654119492e-03
6.801660638302564621e-03
7.693791296333074570e-03
8.672242984175682068e-03
6.876662839204072952e-03
7.256758399307727814e-03
7.146723568439483643e-03
7.961133494973182678e-03
1.124361529946327209e-02
9.705734439194202423e-03
6.637349724769592285e-03
6.826863624155521393e-03
7.401741575449705124e-03
7.155805826187133789e-03
7.164112757891416550e-03
7.211267016828060150e-03
7.851790636777877808e-03
1.172171905636787415e-02
6.487624719738960266e-03
6.818335037678480148e-03
8.151789195835590363e-03
8.955033496022224426e-03
7.110870443284511566e-03
8.249236270785331726e-03
6.848209071904420853e-03
7.707686629146337509e-03
7.040657568722963333e-03
7.658320013433694839e-03
7.342130877077579498e-03
7.323802448809146881e-03
8.296442218124866486e-03
8.274705149233341217e-03
7.356965914368629456e-03
7.640330120921134949e-03
7.439950946718454361e-03
7.243434432893991470e-03
1.060151867568492889e-02
7.092757616192102432e-03
6.540961563587188721e-03
8.178476244211196899e-03
6.898470688611268997e-03
7.379622664302587509e-03
7.959582842886447906e-03
8.857686072587966919e-03
7.876137271523475647e-03
7.528321817517280579e-03
8.609103970229625702e-03
6.846651434898376465e-03
7.181069813668727875e-03
7.770583964884281158e-03
7.929619401693344116e-03
6.666030734777450562e-03
8.995680138468742371e-03
9.491280652582645416e-03
6.963321939110755920e-03
7.548724301159381866e-03
6.889067124575376511e-03
8.367752656340599060e-03
6.817893125116825104e-03
6.801793351769447327e-03
8.369982242584228516e-03
7.450019940733909607e-03
7.718662731349468231e-03
7.515482138842344284e-03
7.596997078508138657e-03
7.025356870144605637e-03
7.323068566620349884e-03
7.382753305137157440e-03
9.958991780877113342e-03
6.554499734193086624e-03
6.887835450470447540e-03
7.858943194150924683e-03
6.913725752383470535e-03
7.181716617196798325e-03
6.892907433211803436e-03
7.520810235291719437e-03
6.829765159636735916e-03
7.098217494785785675e-03
6.694438401609659195e-03
7.599080912768840790e-03
7.448291406035423279e-03
7.286505308002233505e-03
7.408718578517436981e-03
7.662774529308080673e-03
6.704737897962331772e-03
7.496035657823085785e-03
7.699770852923393250e-03
7.607088889926671982e-03
9.239309467375278473e-03
6.361897569149732590e-03
7.931357249617576599e-03
6.815174128860235214e-03
7.239608094096183777e-03
9.095507673919200897e-03
6.485976278781890869e-03
6.558705586940050125e-03
7.309663575142621994e-03
8.036945015192031860e-03
6.614826153963804245e-03
8.205809630453586578e-03
6.721447687596082687e-03
7.745194714516401291e-03
7.333385758101940155e-03
7.549835368990898132e-03
6.885172799229621887e-03
7.219986524432897568e-03
7.470011711120605469e-03
7.550995796918869019e-03
7.045069243758916855e-03
6.966772954910993576e-03
7.911661639809608459e-03
7.558878976851701736e-03
7.955593056976795197e-03
7.335226517170667648e-03
7.414922118186950684e-03
6.596452090889215469e-03
7.262661587446928024e-03
7.049154490232467651e-03
7.781021296977996826e-03
7.075412198901176453e-03
7.246056571602821350e-03
8.082620799541473389e-03
6.360045168548822403e-03
6.957337725907564163e-03
9.278042241930961609e-03
6.313985679298639297e-03
6.365532521158456802e-03
7.650168612599372864e-03
8.440557867288589478e-03
7.152815815061330795e-03
6.735680624842643738e-03
7.984201423823833466e-03
7.062317803502082825e-03
7.456855382770299911e-03
6.755189970135688782e-03
7.031777407974004745e-03
7.941110059618949890e-03
6.956828292459249496e-03
9.138039313256740570e-03
6.512865424156188965e-03
7.071356289088726044e-03
6.651854608207941055e-03
9.242601692676544189e-03
6.425359286367893219e-03
7.156615145504474640e-03
7.402738090604543686e-03
8.013541810214519501e-03
6.241436116397380829e-03
7.018513511866331100e-03
7.570798974484205246e-03
6.963474210351705551e-03
6.520026829093694687e-03
6.877606734633445740e-03
9.475962258875370026e-03
6.954070180654525757e-03
9.805890731513500214e-03
6.262995768338441849e-03
6.790359038859605789e-03
6.890459451824426651e-03
8.019394241273403168e-03
8.515218272805213928e-03
6.471975240856409073e-03
7.143009454011917114e-03
9.320779703557491302e-03
7.889663800597190857e-03
6.478963885456323624e-03
7.504642475396394730e-03
9.715912863612174988e-03
6.792680360376834869e-03
6.673039402812719345e-03
6.562462076544761658e-03
6.811559200286865234e-03
7.115480955690145493e-03
7.799253333359956741e-03
7.644813042134046555e-03
6.382874213159084320e-03
6.577918771654367447e-03
6.910220254212617874e-03
9.205707348883152008e-03
6.434833630919456482e-03
8.935557678341865540e-03
7.037391886115074158e-03
6.491530686616897583e-03
6.654765456914901733e-03
6.547834724187850952e-03
8.103787899017333984e-03
7.211379706859588623e-03
7.840951904654502869e-03
6.783634424209594727e-03
6.722324993461370468e-03
6.904279813170433044e-03
7.751142606139183044e-03
7.378834299743175507e-03
7.529487367719411850e-03
7.084670010954141617e-03
6.830471567809581757e-03
7.238454185426235199e-03
7.338579278439283371e-03
6.795906927436590195e-03
6.637568585574626923e-03
7.027148269116878510e-03
7.775789592415094376e-03
6.685638334602117538e-03
7.201004773378372192e-03
6.407898385077714920e-03
7.780301850289106369e-03
6.456402596086263657e-03
6.690246518701314926e-03
7.422149647027254105e-03
6.857636384665966034e-03
6.435949821025133133e-03
7.289822679013013840e-03
6.600965745747089386e-03
7.000416051596403122e-03
8.685860782861709595e-03
7.071476429700851440e-03
6.759589072316884995e-03
7.715450134128332138e-03
6.232650484889745712e-03
7.575123105198144913e-03
6.871790625154972076e-03
7.000377867370843887e-03
6.701700389385223389e-03
7.202095817774534225e-03
1.022314187139272690e-02
6.390704307705163956e-03
6.411038804799318314e-03
7.115417160093784332e-03
7.248396985232830048e-03
1.213932782411575317e-02
6.940287072211503983e-03
6.170406006276607513e-03
7.243696600198745728e-03
7.891759276390075684e-03
6.605382543057203293e-03
7.137469016015529633e-03
6.706072948873043060e-03
9.406877681612968445e-03
6.145963445305824280e-03
6.175311747938394547e-03
7.057721726596355438e-03
7.435100153088569641e-03
7.612496148794889450e-03
9.642037563025951385e-03
6.405449472367763519e-03
6.671108771115541458e-03
6.921923719346523285e-03
7.558669894933700562e-03
7.158348336815834045e-03
6.907130591571331024e-03
6.597063969820737839e-03
9.172570891678333282e-03
6.507697515189647675e-03
6.443909835070371628e-03
7.237990852445363998e-03
7.925181649625301361e-03
6.608969066292047501e-03
7.822213694453239441e-03
9.018987417221069336e-03
6.319792941212654114e-03
6.487380713224411011e-03
7.047087419778108597e-03
6.611711811274290085e-03
6.863696966320276260e-03
1.108451280742883682e-02
7.222345564514398575e-03
6.009003147482872009e-03
6.934021133929491043e-03
6.585995201021432877e-03
6.602408830076456070e-03
7.459024898707866669e-03
7.681320421397686005e-03
6.491551641374826431e-03
6.780787836760282516e-03
6.961158011108636856e-03
6.675038486719131470e-03
6.959131918847560883e-03
6.195904221385717392e-03
8.596767671406269073e-03
6.256013177335262299e-03
6.648879498243331909e-03
7.224291097372770309e-03
6.617435254156589508e-03
7.592570502310991287e-03
6.646010559052228928e-03
6.731598172336816788e-03
7.035596761852502823e-03
6.486036814749240875e-03
8.132426068186759949e-03
6.873503327369689941e-03
6.380949635058641434e-03
7.555431220680475235e-03
8.556830696761608124e-03
6.783123593777418137e-03
6.659515667706727982e-03
7.257068995386362076e-03
6.627159193158149719e-03
6.285673007369041443e-03
7.095133885741233826e-03
7.855486124753952026e-03
6.512099876999855042e-03
6.887153256684541702e-03
7.512332871556282043e-03
6.250314414501190186e-03
8.082333020865917206e-03
6.379146594554185867e-03
6.845125462859869003e-03
6.834839936345815659e-03
6.730900146067142487e-03
7.366870064288377762e-03
6.583158858120441437e-03
8.394073694944381714e-03
6.816185079514980316e-03
6.294608116149902344e-03
8.051116019487380981e-03
6.499156821519136429e-03
6.333717610687017441e-03
6.684562191367149353e-03
7.960240356624126434e-03
6.800549570471048355e-03
6.355520337820053101e-03
6.984613370150327682e-03
7.240062113851308823e-03
8.410664275288581848e-03
6.244441028684377670e-03
6.565066520124673843e-03
6.593079306185245514e-03
9.251825511455535889e-03
6.086076144129037857e-03
8.223248645663261414e-03
6.312657147645950317e-03
6.944939494132995605e-03
6.255525629967451096e-03
6.632670760154724121e-03
8.532824926078319550e-03
6.724130362272262573e-03
6.849948316812515259e-03
6.997943855822086334e-03
7.211395539343357086e-03
6.995100993663072586e-03
7.730417419224977493e-03
6.238443776965141296e-03
7.485187146812677383e-03
6.754780188202857971e-03
6.694712676107883453e-03
8.070296607911586761e-03
7.951880805194377899e-03
6.585172377526760101e-03
6.838261149823665619e-03
6.802996154874563217e-03
6.743678357452154160e-03
6.918933708220720291e-03
6.546793505549430847e-03
7.012265268713235855e-03
8.062520995736122131e-03
6.495658308267593384e-03
7.274342235177755356e-03
7.953745312988758087e-03
6.844636984169483185e-03
6.537059321999549866e-03
6.432065274566411972e-03
8.329271338880062103e-03
6.092747207731008530e-03
6.338016130030155182e-03
7.918540388345718384e-03
6.969515234231948853e-03
6.507589016109704971e-03
8.642324246466159821e-03
6.147059611976146698e-03
7.500655483454465866e-03
6.027202121913433075e-03
7.646127603948116302e-03
7.912479341030120850e-03
6.257446948438882828e-03
7.203686982393264771e-03
6.573665421456098557e-03
6.339026149362325668e-03
6.594846956431865692e-03
7.240535225719213486e-03
6.852588150650262833e-03
6.676240824162960052e-03
7.238831836730241776e-03
6.791467312723398209e-03
6.358002778142690659e-03
6.883115973323583603e-03
7.275803014636039734e-03
7.691624574363231659e-03
6.330183707177639008e-03
6.671743001788854599e-03
6.611925084143877029e-03
8.008794859051704407e-03
6.416336167603731155e-03
6.932554766535758972e-03
1.178414933383464813e-02
5.995512474328279495e-03
6.388447247445583344e-03
7.353376131504774094e-03
6.474503315985202789e-03
6.734122522175312042e-03
8.260505273938179016e-03
6.092424970120191574e-03
6.402597762644290924e-03
8.066040463745594025e-03
6.930451840162277222e-03
6.218327675014734268e-03
6.372728850692510605e-03
6.471614353358745575e-03
7.129032630473375320e-03
7.227975875139236450e-03
6.367382593452930450e-03
6.765197031199932098e-03
7.026825565844774246e-03
6.479610688984394073e-03
7.387631572782993317e-03
6.638735067099332809e-03
6.830339320003986359e-03
7.182731293141841888e-03
6.622636690735816956e-03
6.369024515151977539e-03
6.798260379582643509e-03
7.561714854091405869e-03
6.731547415256500244e-03
6.388692650943994522e-03
6.808995734900236130e-03
6.785583682358264923e-03
7.089283317327499390e-03
6.513740401715040207e-03
6.816696375608444214e-03
8.466858416795730591e-03
5.879202391952276230e-03
6.582320202142000198e-03
8.196870796382427216e-03
6.183168385177850723e-03
6.963955704122781754e-03
8.242785930633544922e-03
6.005408242344856262e-03
7.552433758974075317e-03
6.464370060712099075e-03
6.947026122361421585e-03
6.294384598731994629e-03
6.839264184236526489e-03
6.327406968921422958e-03
6.322805304080247879e-03
8.509083651006221771e-03
6.152777001261711121e-03
6.781328935176134109e-03
6.834571249783039093e-03
6.781715434044599533e-03
6.276814732700586319e-03
6.952625699341297150e-03
6.810630206018686295e-03
1.053466834127902985e-02
6.364614237099885941e-03
6.105012260377407074e-03
6.408370099961757660e-03
7.784184068441390991e-03
7.691255770623683929e-03
5.970051046460866928e-03
5.970227532088756561e-03
7.419902365654706955e-03
6.343752611428499222e-03
7.463508751243352890e-03
6.342000793665647507e-03
6.054020021110773087e-03
7.326456252485513687e-03
6.597920786589384079e-03
6.304475013166666031e-03
9.189738892018795013e-03
6.159008014947175980e-03
7.088190410286188126e-03
6.367702037096023560e-03
6.165431812405586243e-03
8.016634732484817505e-03
6.807046476751565933e-03
6.813910324126482010e-03
8.234820328652858734e-03
6.135884672403335571e-03
6.265604402869939804e-03
6.302834022790193558e-03
6.506531964987516403e-03
7.100880611687898636e-03
7.363172713667154312e-03
6.567137315869331360e-03
6.514917593449354172e-03
6.299202796071767807e-03
6.429601460695266724e-03
6.570167839527130127e-03
6.485996767878532410e-03
7.566385902464389801e-03
6.531848106533288956e-03
6.877188570797443390e-03
6.523015908896923065e-03
6.211323197931051254e-03
6.668848451226949692e-03
7.201066240668296814e-03
7.162212859839200974e-03
6.633072625845670700e-03
7.281584665179252625e-03
6.091490853577852249e-03
6.740199867635965347e-03
7.150444667786359787e-03
6.081771571189165115e-03
6.810302846133708954e-03
6.484187673777341843e-03
6.463403347879648209e-03
7.324983831495046616e-03
6.403123028576374054e-03
6.469195242971181870e-03
6.596867926418781281e-03
6.339455954730510712e-03
7.617694791406393051e-03
6.003124173730611801e-03
6.915892008692026138e-03
6.181424017995595932e-03
6.671424489468336105e-03
8.609723299741744995e-03
6.047715432941913605e-03
6.532100494951009750e-03
6.497988943010568619e-03
6.092933937907218933e-03
6.737912539392709732e-03
7.171529345214366913e-03
6.212195847183465958e-03
6.144155282527208328e-03
8.550184778869152069e-03
6.127846427261829376e-03
6.599730346351861954e-03
5.937695037573575974e-03
6.581012625247240067e-03
7.109187543392181396e-03
6.794747430831193924e-03
6.307429634034633636e-03
6.790554150938987732e-03
6.004137452691793442e-03
6.536494009196758270e-03
7.186009548604488373e-03
6.440675817430019379e-03
7.476089987903833389e-03
5.842497106641530991e-03
6.958234589546918869e-03
6.676109042018651962e-03
6.811381783336400986e-03
7.096331566572189331e-03
6.416778080165386200e-03
6.097436882555484772e-03
6.202160846441984177e-03
6.653393618762493134e-03
6.582845468074083328e-03
7.057596463710069656e-03
6.335991900414228439e-03
6.260935682803392410e-03
7.670999970287084579e-03
6.329500582069158554e-03
6.192226894199848175e-03
6.490084808319807053e-03
6.195898167788982391e-03
6.051154807209968567e-03
7.854195311665534973e-03
6.578093394637107849e-03
6.731213070452213287e-03
6.342414766550064087e-03
6.257938221096992493e-03
6.327720358967781067e-03
6.900257896631956100e-03
7.137295790016651154e-03
6.669736467301845551e-03
6.220477167516946793e-03
8.375496603548526764e-03
6.476426031440496445e-03
6.068983580917119980e-03
7.740213070064783096e-03
7.087841164320707321e-03
6.185943260788917542e-03
7.008085027337074280e-03
5.874373018741607666e-03
6.155658513307571411e-03
6.677396595478057861e-03
9.045648388564586639e-03
5.882950499653816223e-03
5.837894044816493988e-03
6.382078398019075394e-03
6.663290783762931824e-03
8.631594479084014893e-03
6.083839107304811478e-03
7.252939045429229736e-03
7.159362081438302994e-03
5.707428790628910065e-03
7.155648432672023773e-03
6.110829301178455353e-03
6.492898799479007721e-03
6.948152557015419006e-03
6.382153835147619247e-03
6.334586068987846375e-03
6.019685417413711548e-03
8.014288730919361115e-03
6.054486613720655441e-03
6.473551504313945770e-03
6.920588668435811996e-03
7.101571653038263321e-03
6.316015031188726425e-03
6.317857652902603149e-03
7.601456250995397568e-03
6.412215530872344971e-03
6.129367742687463760e-03
6.628947798162698746e-03
8.396455086767673492e-03
6.876342929899692535e-03
5.740686319768428802e-03
6.877285428345203400e-03
6.217561662197113037e-03
6.255839020013809204e-03
6.059620063751935959e-03
6.762258708477020264e-03
6.968246772885322571e-03
6.585638038814067841e-03
6.171929184347391129e-03
6.291802972555160522e-03
6.754531990736722946e-03
6.793887820094823837e-03
6.190110463649034500e-03
7.214594632387161255e-03
6.792972795665264130e-03
6.783225573599338531e-03
6.130554247647523880e-03
7.068963721394538879e-03
7.290577050298452377e-03
6.077046040445566177e-03
6.316207349300384521e-03
9.200536645948886871e-03
6.019237451255321503e-03
6.064610090106725693e-03
6.543748546391725540e-03
8.387148380279541016e-03
6.420246325433254242e-03
5.722748115658760071e-03
6.848602555692195892e-03
7.521797437220811844e-03
6.630684714764356613e-03
7.282602135092020035e-03
6.883053574711084366e-03
6.021976470947265625e-03
9.018804877996444702e-03
5.918513052165508270e-03
6.023915950208902359e-03
6.375565659254789352e-03
6.323086097836494446e-03
6.590672768652439117e-03
6.988711655139923096e-03
6.572616752237081528e-03
7.100879680365324020e-03
6.333390250802040100e-03
6.155946757644414902e-03
6.979255471378564835e-03
6.864068098366260529e-03
5.982242058962583542e-03
7.157200016081333160e-03
5.965554155409336090e-03
6.579867564141750336e-03
7.197869475930929184e-03
7.019783835858106613e-03
6.160968914628028870e-03
6.193331442773342133e-03
7.135415915399789810e-03
6.069234106689691544e-03
7.433523423969745636e-03
6.323963869363069534e-03
6.907323841005563736e-03
6.348636467009782791e-03
6.145967636257410049e-03
6.779659539461135864e-03
7.550624664872884750e-03
5.736370105296373367e-03
6.348524242639541626e-03
6.399856414645910263e-03
6.546456366777420044e-03
6.169618573039770126e-03
6.549199577420949936e-03
6.382012739777565002e-03
6.079306825995445251e-03
6.151095964014530182e-03
6.584678310900926590e-03
7.854448631405830383e-03
6.133861374109983444e-03
5.961292423307895660e-03
6.430064793676137924e-03
7.126246578991413116e-03
6.164973136037588120e-03
6.341395433992147446e-03
6.860919762402772903e-03
7.237709593027830124e-03
6.467562168836593628e-03
5.546938627958297729e-03
6.509850267320871353e-03
7.705742958933115005e-03
5.783291067928075790e-03
6.702018901705741882e-03
8.499682880938053131e-03
6.013120524585247040e-03
5.832132417708635330e-03
7.136631757020950317e-03
5.907212384045124054e-03
7.080171722918748856e-03
5.998301319777965546e-03
6.125598214566707611e-03
6.911125034093856812e-03
6.622479297220706940e-03
6.685202475637197495e-03
6.475435569882392883e-03
6.834426429122686386e-03
7.060196716338396072e-03
5.860690027475357056e-03
7.755313999950885773e-03
7.752554025501012802e-03
5.746983457356691360e-03
6.105758715420961380e-03
6.310530006885528564e-03
6.635614205151796341e-03
6.760055199265480042e-03
6.410034373402595520e-03
6.158029194921255112e-03
7.005785126239061356e-03
6.850577890872955322e-03
5.916093941777944565e-03
6.758398376405239105e-03
6.576658692210912704e-03
6.320998538285493851e-03
6.995111703872680664e-03
6.536728702485561371e-03
6.224655546247959137e-03
7.006647530943155289e-03
5.917441565543413162e-03
7.200899533927440643e-03
5.773204378783702850e-03
7.261185441166162491e-03
7.287786807864904404e-03
6.789481267333030701e-03
6.135243922472000122e-03
6.413162220269441605e-03
6.870774086564779282e-03
5.922945216298103333e-03
6.406770087778568268e-03
6.374830380082130432e-03
6.895015016198158264e-03
6.839554756879806519e-03
6.215135566890239716e-03
6.376244593411684036e-03
6.779794115573167801e-03
6.036986596882343292e-03
1.273469347506761551e-02
6.239219103008508682e-03
5.679850932210683823e-03
6.212337408214807510e-03
6.120368838310241699e-03
5.857274401932954788e-03
6.446643266826868057e-03
6.239178124815225601e-03
7.540911901742219925e-03
7.227770518511533737e-03
6.247672252357006073e-03
7.215323392301797867e-03
5.716313142329454422e-03
6.130352150648832321e-03
6.586649455130100250e-03
7.659306284040212631e-03
5.997575353831052780e-03
5.844533443450927734e-03
5.772616714239120483e-03
6.396832410246133804e-03
6.527421064674854279e-03
7.073677144944667816e-03
6.712702568620443344e-03
6.770353298634290695e-03
7.341152522712945938e-03
6.643450353294610977e-03
5.978617351502180099e-03
6.123611237853765488e-03
6.210369989275932312e-03
6.829009391367435455e-03
5.915826652199029922e-03
6.396687589585781097e-03
6.298645865172147751e-03
6.276044528931379318e-03
6.000070367008447647e-03
6.867330521345138550e-03
6.816695909947156906e-03
6.227284204214811325e-03
6.296677514910697937e-03
6.695335730910301208e-03
5.976331420242786407e-03
8.709507063031196594e-03
5.909178871661424637e-03
5.854476243257522583e-03
6.086345762014389038e-03
6.615315563976764679e-03
6.846304051578044891e-03
6.663782522082328796e-03
5.900650750845670700e-03
6.666915025562047958e-03
5.734464619308710098e-03
6.837452761828899384e-03
7.039091549813747406e-03
5.971821956336498260e-03
6.725860293954610825e-03
5.955590866506099701e-03
6.709919311106204987e-03
6.288176868110895157e-03
7.806819863617420197e-03
6.363087799400091171e-03
6.721248850226402283e-03
6.744487676769495010e-03
5.778033751994371414e-03
6.081619299948215485e-03
6.944436114281415939e-03
6.435137242078781128e-03
6.722740363329648972e-03
6.515647750347852707e-03
7.055551744997501373e-03
6.844621151685714722e-03
6.612237542867660522e-03
6.633723154664039612e-03
6.647823844105005264e-03
6.533521227538585663e-03
6.750207860022783279e-03
6.338503211736679077e-03
6.747378036379814148e-03
6.287910509854555130e-03
5.916127003729343414e-03
7.344333920627832413e-03
6.184705533087253571e-03
5.958973895758390427e-03
6.079276558011770248e-03
6.543375086039304733e-03
7.229549810290336609e-03
6.040472537279129028e-03
6.006211042404174805e-03
6.497170776128768921e-03
7.500993087887763977e-03
5.987707991153001785e-03
6.349475122988224030e-03
6.539404857903718948e-03
5.989308934658765793e-03
6.621197331696748734e-03
6.056276150047779083e-03
6.431614514440298080e-03
6.201583426445722580e-03
6.147617474198341370e-03
6.681147962808609009e-03
6.755849346518516541e-03
5.962588824331760406e-03
7.418179884552955627e-03
6.014415994286537170e-03
6.166575010865926743e-03
5.884099286049604416e-03
9.166019037365913391e-03
5.667380988597869873e-03
6.788853090256452560e-03
5.671424791216850281e-03
6.166255567222833633e-03
6.988458801060914993e-03
6.165305618196725845e-03
5.814648233354091644e-03
6.674600299447774887e-03
5.887153092771768570e-03
6.138157099485397339e-03
5.826534237712621689e-03
6.607451010495424271e-03
5.925153847783803940e-03
7.156846113502979279e-03
6.403650157153606415e-03
5.907085258513689041e-03
6.796957459300756454e-03
5.818397272378206253e-03
6.550758611410856247e-03
6.210294552147388458e-03
6.073765922337770462e-03
6.358209066092967987e-03
5.579420831054449081e-03
7.019838783890008926e-03
7.888164371252059937e-03
7.648427039384841919e-03
5.714481696486473083e-03
5.756887141615152359e-03
6.371314171701669693e-03
6.097997538745403290e-03
6.685932632535696030e-03
6.018182262778282166e-03
6.013290956616401672e-03
6.179900839924812317e-03
7.117168046534061432e-03
6.090478505939245224e-03
6.430090870708227158e-03
7.198378909379243851e-03
6.890692282468080521e-03
5.783748812973499298e-03
6.040991283953189850e-03
6.365418434143066406e-03
6.180134136229753494e-03
7.396908011287450790e-03
5.744307301938533783e-03
5.996828433126211166e-03
6.564721930772066116e-03
5.805786699056625366e-03
5.898709874600172043e-03
6.798599846661090851e-03
6.578424014151096344e-03
6.581345573067665100e-03
6.748500745743513107e-03
5.906074307858943939e-03
7.329241372644901276e-03
5.829630419611930847e-03
5.974110215902328491e-03
6.448975298553705215e-03
6.761046592146158218e-03
6.424132268875837326e-03
6.475392729043960571e-03
6.472209934145212173e-03
6.426641717553138733e-03
6.592030171304941177e-03
7.416390813887119293e-03
5.917320959270000458e-03
5.974103696644306183e-03
6.304033566266298294e-03
5.846871528774499893e-03
5.996388383209705353e-03
6.248641293495893478e-03
6.161025725305080414e-03
9.608767926692962646e-03
6.634407211095094681e-03
6.467113271355628967e-03
5.776185076683759689e-03
6.082124076783657074e-03
6.207778118550777435e-03
6.869781762361526489e-03
6.112491246312856674e-03
7.315971422940492630e-03
6.389154121279716492e-03
5.808298476040363312e-03
6.503320299088954926e-03
6.251239683479070663e-03
6.832440849393606186e-03
6.103925872594118118e-03
5.835771560668945312e-03
7.277283817529678345e-03
6.087772082537412643e-03
5.977474153041839600e-03
7.798437960445880890e-03
5.807130131870508194e-03
6.697627250105142593e-03
7.103000301867723465e-03
6.002556998282670975e-03
5.866120103746652603e-03
6.153016816824674606e-03
7.131132762879133224e-03
5.707096308469772339e-03
6.491958629339933395e-03
7.244171574711799622e-03
5.840593017637729645e-03
6.620536092668771744e-03
5.716033279895782471e-03
5.851180758327245712e-03
7.358954288065433502e-03
6.505631841719150543e-03
5.957145243883132935e-03
6.917755585163831711e-03
5.858749151229858398e-03
6.081713363528251648e-03
6.231004372239112854e-03
7.888244464993476868e-03
6.832193117588758469e-03
6.221143528819084167e-03
6.169809494167566299e-03
6.665766704827547073e-03
6.851614918559789658e-03
6.791344843804836273e-03
6.666970904916524887e-03
7.108512334525585175e-03
5.732026882469654083e-03
6.761144846677780151e-03
6.216070149093866348e-03
5.738192703574895859e-03
6.656429264694452286e-03
5.987647920846939087e-03
6.794793996959924698e-03
7.317221723496913910e-03
5.637374706566333771e-03
6.699872668832540512e-03
6.070130039006471634e-03
6.284762173891067505e-03
5.959026515483856201e-03
6.471247412264347076e-03
7.320689503103494644e-03
6.430541630834341049e-03
7.309623993933200836e-03
6.180677562952041626e-03
6.012666039168834686e-03
6.725721061229705811e-03
6.522149778902530670e-03
5.930099170655012131e-03
6.473048124462366104e-03
6.498733535408973694e-03
6.031490862369537354e-03
8.186438120901584625e-03
6.894423626363277435e-03
5.793257150799036026e-03
6.044095382094383240e-03
6.973737850785255432e-03
5.962081719189882278e-03
6.061943247914314270e-03
6.504491437226533890e-03
5.923325195908546448e-03
6.087697576731443405e-03
6.352812051773071289e-03
6.278303451836109161e-03
6.087719928473234177e-03
6.300737150013446808e-03
7.009066175669431686e-03
5.576462950557470322e-03
6.130272988229990005e-03
6.786508951336145401e-03
6.307963281869888306e-03
6.297091487795114517e-03
6.851421203464269638e-03
6.058381870388984680e-03
5.872074980288743973e-03
6.193593144416809082e-03
6.831942591816186905e-03
5.719618871808052063e-03
6.179514341056346893e-03
7.048836909234523773e-03
6.263478659093379974e-03
6.630964577198028564e-03
5.528535228222608566e-03
6.335303187370300293e-03
6.389989983290433884e-03
5.921110045164823532e-03
6.101060193032026291e-03
6.819961126893758774e-03
6.129367277026176453e-03
5.987541750073432922e-03
6.329732947051525116e-03
7.136575412005186081e-03
5.656706169247627258e-03
6.245261989533901215e-03
5.720541346818208694e-03
7.340647280216217041e-03
6.709403824061155319e-03
5.995649844408035278e-03
6.212275009602308273e-03
7.450787816196680069e-03
5.851481109857559204e-03
5.934393964707851410e-03
7.461244240403175354e-03
6.090601906180381775e-03
6.650404073297977448e-03
5.517090205103158951e-03
6.457172334194183350e-03
7.686505094170570374e-03
6.462547928094863892e-03
5.812400020658969879e-03
5.860441364347934723e-03
5.704434122890233994e-03
6.271467078477144241e-03
7.074826862663030624e-03
6.178349256515502930e-03
6.370632443577051163e-03
5.938070826232433319e-03
5.784510169178247452e-03
6.574328988790512085e-03
6.062481552362442017e-03
5.897046066820621490e-03
7.436979562044143677e-03
5.892955698072910309e-03
5.792543292045593262e-03
5.830996204167604446e-03
6.064566783607006073e-03
6.193883251398801804e-03
6.292542908340692520e-03
6.063333246856927872e-03
5.987972952425479889e-03
5.878058727830648422e-03
5.993101280182600021e-03
6.167405284941196442e-03
6.593157071620225906e-03
9.936964139342308044e-03
8.029939606785774231e-03
5.268333014100790024e-03
5.593190900981426239e-03
6.049992982298135757e-03
6.333592347800731659e-03
5.937768612056970596e-03
6.353089585900306702e-03
5.873739719390869141e-03
6.548880133777856827e-03
6.460063159465789795e-03
5.598788149654865265e-03
6.062859669327735901e-03
5.885938648134469986e-03
6.784358061850070953e-03
7.169034332036972046e-03
5.985810887068510056e-03
5.583178717643022537e-03
6.334674078971147537e-03
7.815243676304817200e-03
5.716613959521055222e-03
6.590263452380895615e-03
5.899972282350063324e-03
5.851081106811761856e-03
6.015783175826072693e-03
6.513781379908323288e-03
6.491934414952993393e-03
6.522518116980791092e-03
5.820385646075010300e-03
5.936492700129747391e-03
6.213690619915723801e-03
6.346921436488628387e-03
7.122356444597244263e-03
5.883567500859498978e-03
7.465593051165342331e-03
5.751124583184719086e-03
6.083481013774871826e-03
6.041403859853744507e-03
6.114051211625337601e-03
5.693097133189439774e-03
6.048411596566438675e-03
6.251296959817409515e-03
6.096232682466506958e-03
6.662354804575443268e-03
6.540199276059865952e-03
5.566876847296953201e-03
6.111659575253725052e-03
6.509825121611356735e-03
5.705469753593206406e-03
6.348900496959686279e-03
6.924807094037532806e-03
5.811297800391912460e-03
6.216670386493206024e-03
6.293719634413719177e-03
5.916830617934465408e-03
5.811427719891071320e-03
6.208994891494512558e-03
6.888383068144321442e-03
6.249610800296068192e-03
6.300869397819042206e-03
5.771573632955551147e-03
6.740259006619453430e-03
5.751812364906072617e-03
7.156511768698692322e-03
5.778639577329158783e-03
6.196120753884315491e-03
6.666027940809726715e-03
5.842773243784904480e-03
7.034481968730688095e-03
5.639554001390933990e-03
5.891270469874143600e-03
6.167756393551826477e-03
5.939572583884000778e-03
5.733571946620941162e-03
6.195224821567535400e-03
6.439492106437683105e-03
6.829498801380395889e-03
6.910074502229690552e-03
5.844754166901111603e-03
5.667650606483221054e-03
6.507754325866699219e-03
5.911566782742738724e-03
5.897647235542535782e-03
5.869912914931774139e-03
7.396705448627471924e-03
5.996461026370525360e-03
5.733381025493144989e-03
6.934565491974353790e-03
5.493748467415571213e-03
6.665352731943130493e-03
6.836250424385070801e-03
5.912906024605035782e-03
6.454023532569408417e-03
5.633368622511625290e-03
5.950934719294309616e-03
6.137932650744915009e-03
7.166611030697822571e-03
6.847027223557233810e-03
6.098155397921800613e-03
6.504763849079608917e-03
6.654818076640367508e-03
6.097087170928716660e-03
5.860247183591127396e-03
6.582276895642280579e-03
5.676003172993659973e-03
6.075159646570682526e-03
6.387198343873023987e-03
5.823986604809761047e-03
6.938230711966753006e-03
6.646215450018644333e-03
5.931197199970483780e-03
6.396129261702299118e-03
5.945978220552206039e-03
7.234199438244104385e-03
6.161704193800687790e-03
5.946615710854530334e-03
6.361592095345258713e-03
6.218785420060157776e-03
6.383734289556741714e-03
6.290639284998178482e-03
6.211583036929368973e-03
6.835648324340581894e-03
6.571880541741847992e-03
6.638927385210990906e-03
6.067594978958368301e-03
6.308020092546939850e-03
6.822720635682344437e-03
5.496067926287651062e-03
5.900022573769092560e-03
5.530651193112134933e-03
6.525170058012008667e-03
7.180585991591215134e-03
5.735836457461118698e-03
5.954958498477935791e-03
6.375093944370746613e-03
7.043641991913318634e-03
5.693546496331691742e-03
5.849156528711318970e-03
5.848882254213094711e-03
6.468272302299737930e-03
6.170733831822872162e-03
6.358080077916383743e-03
5.855873692780733109e-03
5.921175237745046616e-03
9.976473636925220490e-03
5.754002369940280914e-03
5.907359998673200607e-03
5.465316120535135269e-03
7.000927813351154327e-03
6.171414162963628769e-03
6.114548072218894958e-03
5.781680811196565628e-03
6.201607640832662582e-03
5.708442069590091705e-03
7.380826864391565323e-03
6.111636757850646973e-03
5.813488736748695374e-03
7.472453173249959946e-03
6.960074882954359055e-03
5.540577694773674011e-03
5.703501403331756592e-03
6.197468377649784088e-03
5.706876050680875778e-03
5.596274975687265396e-03
6.501951254904270172e-03
6.723826285451650620e-03
6.066271103918552399e-03
6.217846181243658066e-03
6.193309091031551361e-03
6.065908353775739670e-03
6.092438008636236191e-03
6.268401164561510086e-03
5.819955840706825256e-03
6.535785738378763199e-03
5.977672524750232697e-03
6.944874767214059830e-03
6.152936257421970367e-03
5.691179540008306503e-03
5.886374041438102722e-03
6.535628810524940491e-03
6.454977206885814667e-03
5.350644234567880630e-03
6.275663152337074280e-03
5.902167875319719315e-03
7.148601580411195755e-03
6.083143875002861023e-03
6.159688346087932587e-03
6.413649301975965500e-03
5.629479885101318359e-03
6.143790204077959061e-03
5.947322584688663483e-03
6.086207460612058640e-03
5.922981537878513336e-03
6.421441212296485901e-03
7.216822821646928787e-03
6.027181167155504227e-03
5.822848528623580933e-03
6.101683247834444046e-03
6.029324606060981750e-03
6.385714281350374222e-03
5.915733054280281067e-03
5.843423306941986084e-03
5.770084448158740997e-03
7.765952032059431076e-03
5.583597812801599503e-03
7.803554181009531021e-03
5.910835228860378265e-03
6.466082762926816940e-03
5.813700146973133087e-03
5.542251281440258026e-03
6.083324551582336426e-03
5.756340455263853073e-03
5.776084028184413910e-03
7.546716369688510895e-03
5.554425064474344254e-03
6.012987811118364334e-03
6.124903913587331772e-03
5.504185799509286880e-03
6.769561208784580231e-03
5.520192440599203110e-03
6.749444641172885895e-03
6.063146516680717468e-03
6.338320206850767136e-03
6.264877505600452423e-03
6.419449113309383392e-03
5.828796885907649994e-03
6.127624306827783585e-03
6.032032426446676254e-03
6.421977654099464417e-03
6.184346973896026611e-03
6.298875436186790466e-03
6.309595424681901932e-03
6.407080218195915222e-03
6.042713765054941177e-03
5.839810706675052643e-03
6.133075803518295288e-03
6.384666077792644501e-03
7.052761968225240707e-03
5.534306634217500687e-03
6.235821638256311417e-03
5.771124735474586487e-03
7.362307514995336533e-03
6.196615286171436310e-03
6.202085409313440323e-03
5.956698209047317505e-03
6.571821402758359909e-03
5.649540107697248459e-03
7.061365991830825806e-03
6.038539111614227295e-03
5.546970758587121964e-03
6.571125239133834839e-03
6.021946202963590622e-03
5.865413695573806763e-03
5.737266503274440765e-03
5.979329347610473633e-03
6.547478027641773224e-03
5.781844723969697952e-03
5.807440727949142456e-03
6.916508544236421585e-03
5.622386466711759567e-03
6.595408078283071518e-03
5.878329277038574219e-03
7.168097887188196182e-03
5.710395053029060364e-03
6.092503666877746582e-03
7.360696326941251755e-03
6.220065522938966751e-03
5.444661248475313187e-03
6.673881784081459045e-03
5.804254207760095596e-03
6.407603621482849121e-03
5.879261530935764313e-03
6.951823364943265915e-03
5.543749313801527023e-03
6.309819407761096954e-03
5.699468310922384262e-03
6.650553550571203232e-03
5.720595829188823700e-03
6.335633341223001480e-03
5.626804661005735397e-03
5.558746866881847382e-03
6.143858656287193298e-03
8.284886367619037628e-03
6.450115237385034561e-03
6.148268468677997589e-03
6.778301205486059189e-03
5.795934703201055527e-03
5.490196868777275085e-03
6.314235739409923553e-03
5.890269763767719269e-03
7.209161296486854553e-03
5.329690407961606979e-03
5.757688079029321671e-03
5.760326981544494629e-03
6.424495950341224670e-03
6.500711664557456970e-03
6.053437944501638412e-03
5.975808482617139816e-03
5.967124830931425095e-03
6.512623745948076248e-03
6.046527530997991562e-03
5.734179168939590454e-03
5.638596601784229279e-03
5.921530537307262421e-03
5.827134475111961365e-03
6.475105881690979004e-03
6.305976770818233490e-03
5.892152898013591766e-03
6.035615224391222000e-03
6.074236705899238586e-03
5.690481048077344894e-03
6.322031840682029724e-03
5.629864055663347244e-03
6.984875071793794632e-03
5.482571665197610855e-03
6.033201236277818680e-03
6.164209451526403427e-03
5.573416128754615784e-03
6.444483064115047455e-03
6.108130794018507004e-03
5.411561112850904465e-03
6.014176644384860992e-03
5.853702314198017120e-03
6.049897056072950363e-03
6.637918297201395035e-03
6.718772463500499725e-03
5.864664912223815918e-03
6.073419004678726196e-03
5.836513824760913849e-03
6.018676795065402985e-03
5.521896760910749435e-03
7.288502063602209091e-03
5.744740366935729980e-03
5.439030006527900696e-03
6.194551941007375717e-03
6.442243233323097229e-03
5.933464504778385162e-03
5.969120189547538757e-03
6.606971379369497299e-03
5.833429284393787384e-03
5.697866901755332947e-03
5.791256669908761978e-03
6.881916429847478867e-03
6.198140326887369156e-03
5.993900354951620102e-03
5.507571622729301453e-03
6.352022755891084671e-03
6.126313935965299606e-03
6.881210487335920334e-03
6.053162273019552231e-03
5.985915660858154297e-03
6.498971488326787949e-03
5.667389370501041412e-03
5.799496546387672424e-03
6.102708633989095688e-03
6.067353300750255585e-03
5.765515379607677460e-03
5.582695826888084412e-03
6.346871145069599152e-03
5.501333624124526978e-03
5.929231178015470505e-03
6.224710028618574142e-03
6.462018005549907684e-03
6.232579238712787628e-03
5.840997211635112762e-03
6.391268689185380936e-03
5.693420302122831345e-03
6.260187830775976181e-03
5.584047175943851471e-03
6.278588436543941498e-03
7.799084298312664032e-03
5.981335416436195374e-03
5.871348083019256592e-03
6.379783619195222855e-03
5.618695169687271118e-03
6.658758502453565598e-03
6.166133098304271698e-03
5.798948928713798523e-03
5.782508291304111481e-03
6.180894095450639725e-03
6.208877079188823700e-03
6.409129593521356583e-03
7.197658531367778778e-03
7.398732006549835205e-03
5.749440751969814301e-03
5.701656918972730637e-03
6.009441334754228592e-03
5.539373494684696198e-03
6.711008492857217789e-03
7.158459629863500595e-03
5.894702393561601639e-03
5.441063083708286285e-03
6.323418579995632172e-03
6.858339998871088028e-03
6.147222593426704407e-03
5.511256400495767593e-03
6.741572637110948563e-03
5.527804605662822723e-03
5.722602363675832748e-03
5.990080069750547409e-03
5.808648187667131424e-03
5.669328384101390839e-03
6.137426476925611496e-03
5.830297712236642838e-03
5.762072280049324036e-03
5.961556918919086456e-03
5.990062840282917023e-03
6.561652291566133499e-03
5.931630730628967285e-03
5.859166383743286133e-03
5.960839334875345230e-03
6.058536004275083542e-03
5.543535109609365463e-03
6.391352508217096329e-03
5.724675953388214111e-03
5.840762052685022354e-03
5.713456775993108749e-03
5.928334314376115799e-03
5.841858219355344772e-03
6.142212543636560440e-03
7.053253240883350372e-03
5.595858674496412277e-03
5.821076687425374985e-03
6.460457108914852142e-03
5.587956868112087250e-03
5.916334688663482666e-03
5.965645890682935715e-03
6.865327712148427963e-03
5.668348632752895355e-03
6.181376986205577850e-03
5.800507497042417526e-03
6.410216912627220154e-03
6.477548275142908096e-03
6.039566826075315475e-03
5.846172571182250977e-03
6.002703681588172913e-03
5.886664148420095444e-03
5.604055244475603104e-03
7.153425365686416626e-03
6.453079637140035629e-03
5.545834545046091080e-03
5.639549344778060913e-03
6.354062352329492569e-03
5.745319649577140808e-03
6.007675081491470337e-03
5.681402981281280518e-03
5.858794320374727249e-03
6.748675834387540817e-03
5.541150923818349838e-03
5.957989487797021866e-03
5.879203788936138153e-03
6.123292725533246994e-03
6.859251298010349274e-03
5.770885385572910309e-03
6.492011249065399170e-03
6.589609198272228241e-03
5.397474393248558044e-03
5.939745344221591949e-03
6.198853719979524612e-03
6.333868950605392456e-03
5.717901047319173813e-03
5.775328259915113449e-03
6.199526600539684296e-03
5.549629218876361847e-03
6.209941580891609192e-03
6.603014655411243439e-03
5.662884097546339035e-03
6.067630834877490997e-03
6.268206052482128143e-03
5.702214315533638000e-03
6.491025909781455994e-03
6.082931533455848694e-03
5.730081815272569656e-03
6.515633780509233475e-03
5.898471921682357788e-03
5.982259288430213928e-03
6.299667526036500931e-03
6.087764631956815720e-03
6.242846604436635971e-03
6.033560726791620255e-03
6.592862308025360107e-03
5.398862063884735107e-03
6.477251183241605759e-03
7.244241889566183090e-03
5.438155494630336761e-03
6.215567700564861298e-03
5.953678395599126816e-03
5.908948834985494614e-03
6.920064333826303482e-03
5.523027852177619934e-03
5.578662734478712082e-03
6.631151307374238968e-03
5.922729615122079849e-03
5.939169321209192276e-03
5.637917201966047287e-03
7.619565818458795547e-03
5.784855689853429794e-03
5.904962774366140366e-03
5.587533582001924515e-03
5.963627249002456665e-03
6.620385218411684036e-03
5.974103696644306183e-03
5.917632952332496643e-03
5.476040765643119812e-03
6.514485459774732590e-03
6.055869162082672119e-03
5.782258696854114532e-03
5.672096740454435349e-03
5.551533307880163193e-03
6.730710156261920929e-03
5.974085535854101181e-03
5.641998257488012314e-03
6.411537993699312210e-03
5.964172538369894028e-03
6.667556241154670715e-03
6.134878844022750854e-03
5.660171620547771454e-03
6.270331796258687973e-03
5.875360220670700073e-03
5.856501869857311249e-03
6.309668533504009247e-03
6.676489952951669693e-03
5.733614321798086166e-03
5.821588914841413498e-03
5.883020348846912384e-03
6.200030911713838577e-03
5.683204159140586853e-03
6.339369341731071472e-03
6.262217182666063309e-03
6.772621069103479385e-03
5.518144927918910980e-03
6.186454556882381439e-03
5.362269468605518341e-03
5.755127873271703720e-03
6.126734893769025803e-03
5.607205443084239960e-03
5.824955645948648453e-03
6.494180765002965927e-03
5.968402139842510223e-03
5.928025580942630768e-03
5.655216984450817108e-03
6.408348679542541504e-03
6.147024221718311310e-03
5.634940229356288910e-03
5.834809038788080215e-03
6.264183204621076584e-03
5.660764873027801514e-03
6.655562203377485275e-03
5.990743171423673630e-03
5.416905507445335388e-03
6.798855494707822800e-03
5.975680425763130188e-03
6.014044396579265594e-03
6.854087114334106445e-03
6.455507129430770874e-03
5.850771907716989517e-03
5.488807801157236099e-03
5.871505476534366608e-03
5.657101981341838837e-03
5.651982035487890244e-03
6.138064898550510406e-03
5.666080396622419357e-03
6.511128973215818405e-03
5.546160042285919189e-03
6.463131401687860489e-03
5.820959340780973434e-03
6.041510961949825287e-03
6.377982906997203827e-03
5.346185993403196335e-03
5.568759515881538391e-03
7.013553287833929062e-03
6.089251022785902023e-03
5.995965562760829926e-03
5.564784631133079529e-03
5.861744750291109085e-03
5.839877761900424957e-03
5.917443428188562393e-03
5.736084189265966415e-03
6.087733432650566101e-03
5.795015487819910049e-03
6.298690568655729294e-03
5.621911492198705673e-03
6.407504901289939880e-03
5.503509659320116043e-03
5.978088825941085815e-03
5.803026724606752396e-03
5.656358785927295685e-03
5.887031555175781250e-03
5.730703938752412796e-03
6.012631114572286606e-03
5.682709626853466034e-03
6.714840419590473175e-03
5.592874251306056976e-03
6.313559133559465408e-03
5.565596278756856918e-03
6.201752461493015289e-03
5.821558646857738495e-03
7.665624842047691345e-03
6.326491013169288635e-03
5.411648657172918320e-03
6.518944632261991501e-03
5.852579139173030853e-03
5.439104046672582626e-03
6.930058822035789490e-03
5.519320257008075714e-03
5.621497053653001785e-03
5.779652390629053116e-03
5.704367998987436295e-03
5.520787555724382401e-03
6.827748380601406097e-03
6.378882564604282379e-03
5.570565350353717804e-03
6.050316151231527328e-03
6.006828974932432175e-03
5.759376566857099533e-03
6.120981648564338684e-03
5.568231921643018723e-03
5.710206925868988037e-03
5.967748351395130157e-03
5.825065076351165771e-03
6.233650259673595428e-03
6.352571770548820496e-03
7.362235337495803833e-03
5.492446944117546082e-03
6.037409882992506027e-03
5.875959061086177826e-03
5.751274526119232178e-03
6.408303510397672653e-03
5.690202582627534866e-03
6.371054332703351974e-03
5.527835804969072342e-03
5.474315956234931946e-03
7.355990819633007050e-03
5.753185134381055832e-03
5.730613134801387787e-03
5.661866161972284317e-03
5.680318921804428101e-03
5.896964576095342636e-03
6.209924817085266113e-03
5.804266780614852905e-03
5.944475531578063965e-03
5.759869702160358429e-03
5.517932586371898651e-03
5.807456560432910919e-03
5.779272876679897308e-03
5.731826648116111755e-03
5.631575826555490494e-03
6.246803794056177139e-03
5.704766139388084412e-03
5.773479584604501724e-03
6.792409811168909073e-03
5.770505871623754501e-03
5.815040320158004761e-03
5.599326919764280319e-03
7.822623476386070251e-03
5.688670556992292404e-03
5.778431892395019531e-03
5.879766773432493210e-03
6.467065308243036270e-03
6.773277185857295990e-03
5.779986269772052765e-03
5.385399330407381058e-03
6.384249310940504074e-03
6.908863317221403122e-03
5.755070131272077560e-03
5.558663047850131989e-03
5.612958688288927078e-03
5.546180531382560730e-03
5.889491178095340729e-03
6.425087340176105499e-03
5.610140506178140640e-03
5.734417587518692017e-03
5.794609431177377701e-03
7.153284735977649689e-03
5.472165532410144806e-03
6.002010311931371689e-03
5.629296880215406418e-03
5.961639806628227234e-03
5.854948423802852631e-03
6.282888352870941162e-03
6.078153848648071289e-03
5.802128463983535767e-03
6.125058513134717941e-03
5.625724326819181442e-03
5.749497562646865845e-03
6.017434410750865936e-03
5.483598448336124420e-03
6.872841157019138336e-03
6.064265500754117966e-03
5.605471320450305939e-03
5.796444602310657501e-03
7.332938723266124725e-03
7.932868786156177521e-03
5.620326381176710129e-03
6.379267200827598572e-03
5.490045528858900070e-03
5.495396442711353302e-03
5.730750970542430878e-03
5.552057176828384399e-03
6.967941299080848694e-03
6.049695424735546112e-03
5.277375690639019012e-03
6.253222003579139709e-03
6.583528127521276474e-03
5.935042165219783783e-03
6.360046099871397018e-03
5.849449429661035538e-03
5.499053280800580978e-03
6.438916083425283432e-03
5.752312019467353821e-03
5.800988990813493729e-03
6.080771796405315399e-03
5.869874730706214905e-03
6.171343848109245300e-03
5.853159353137016296e-03
5.494089331477880478e-03
5.599771626293659210e-03
5.776064936071634293e-03
5.737847182899713516e-03
5.625346209853887558e-03
7.569297216832637787e-03
5.700222682207822800e-03
5.444667302072048187e-03
6.414287257939577103e-03
6.401314865797758102e-03
5.837878212332725525e-03
5.903312470763921738e-03
5.845975596457719803e-03
5.894981324672698975e-03
5.660703871399164200e-03
6.131124217063188553e-03
5.904493853449821472e-03
6.253588944673538208e-03
9.002117440104484558e-03
5.418856162577867508e-03
5.846071522682905197e-03
5.498174112290143967e-03
6.579889915883541107e-03
6.194290705025196075e-03
6.397745572030544281e-03
6.009947974234819412e-03
5.634202621877193451e-03
5.566808395087718964e-03
6.044459063559770584e-03
5.655827000737190247e-03
5.622503347694873810e-03
6.823503877967596054e-03
5.600492935627698898e-03
6.062387023121118546e-03
5.836761090904474258e-03
5.601002834737300873e-03
6.964477710425853729e-03
6.394647993147373199e-03
6.757277529686689377e-03
5.393949337303638458e-03
5.666855257004499435e-03
5.570989102125167847e-03
5.755228456109762192e-03
6.180703174322843552e-03
5.519832018762826920e-03
7.314309943467378616e-03
5.763216409832239151e-03
5.700213834643363953e-03
5.665030330419540405e-03
5.813761148601770401e-03
6.514663808047771454e-03
5.584341008216142654e-03
6.380503997206687927e-03
5.599702708423137665e-03
6.603929214179515839e-03
5.330556072294712067e-03
6.470493972301483154e-03
6.241108290851116180e-03
5.729637108743190765e-03
5.871880333870649338e-03
5.781874526292085648e-03
5.552567075937986374e-03
5.783162545412778854e-03
7.329707033932209015e-03
5.494929850101470947e-03
5.679189227521419525e-03
6.515648681670427322e-03
5.495746154338121414e-03
5.964461714029312134e-03
5.466601811349391937e-03
6.810692138969898224e-03
5.830704234540462494e-03
6.843238137662410736e-03
5.363696254789829254e-03
5.639744456857442856e-03
6.177720148116350174e-03
5.812171380966901779e-03
5.605036858469247818e-03
5.420508328825235367e-03
5.743836984038352966e-03
6.029716692864894867e-03
5.754322279244661331e-03
5.745747592300176620e-03
6.064777728170156479e-03
5.580015946179628372e-03
5.756379105150699615e-03
5.630248226225376129e-03
5.708661396056413651e-03
6.452973932027816772e-03
5.467976443469524384e-03
5.423964466899633408e-03
8.051913231611251831e-03
5.640144925564527512e-03
5.544622894376516342e-03
5.508608184754848480e-03
6.262702401727437973e-03
5.704326555132865906e-03
6.754603702574968338e-03
5.632952786982059479e-03
5.498894490301609039e-03
6.072663702070713043e-03
5.489421542733907700e-03
5.902449134737253189e-03
6.645329762250185013e-03
6.166383158415555954e-03
6.055342499166727066e-03
5.275387782603502274e-03
6.176919676363468170e-03
6.093388888984918594e-03
5.795970093458890915e-03
5.661933682858943939e-03
6.275887135416269302e-03
6.894115358591079712e-03
5.749780684709548950e-03
6.033268291503190994e-03
5.506781395524740219e-03
5.622420925647020340e-03
6.097367964684963226e-03
5.781513638794422150e-03
5.476253572851419449e-03
6.188770290464162827e-03
5.518050864338874817e-03
5.987426266074180603e-03
5.902447737753391266e-03
5.553240887820720673e-03
5.752038210630416870e-03
5.730129312723875046e-03
5.818780511617660522e-03
5.699312780052423477e-03
7.767671253532171249e-03
5.472201853990554810e-03
5.955616943538188934e-03
5.755376070737838745e-03
5.569921806454658508e-03
