2.510277628898620605e-01
2.218904048204421997e-01
1.512709259986877441e-01
1.390854418277740479e-01
1.337098926305770874e-01
1.291019320487976074e-01
1.262802928686141968e-01
1.226162537932395935e-01
1.187971904873847961e-01
1.146139800548553467e-01
1.107545644044876099e-01
1.058777123689651489e-01
1.026728823781013489e-01
1.002764701843261719e-01
9.640397131443023682e-02
9.393572807312011719e-02
9.124393761157989502e-02
8.784840255975723267e-02
8.521582186222076416e-02
8.272484689950942993e-02
8.055561035871505737e-02
7.736661285161972046e-02
7.455392926931381226e-02
7.129266113042831421e-02
6.962507218122482300e-02
6.739578396081924438e-02
6.527364253997802734e-02
6.359085440635681152e-02
6.204425171017646790e-02
5.995124951004981995e-02
5.817268043756484985e-02
5.754425004124641418e-02
5.602099746465682983e-02
5.448694899678230286e-02
5.275398120284080505e-02
5.190470814704895020e-02
5.077630281448364258e-02
4.971116781234741211e-02
4.899575933814048767e-02
4.808558523654937744e-02
4.728874564170837402e-02
4.655034840106964111e-02
4.530401155352592468e-02
4.502608254551887512e-02
4.411484673619270325e-02
4.339143261313438416e-02
4.269337281584739685e-02
4.210518300533294678e-02
4.128798097372055054e-02
4.105792567133903503e-02
4.024205356836318970e-02
3.989131003618240356e-02
3.923305496573448181e-02
3.903643786907196045e-02
3.876724466681480408e-02
3.786191716790199280e-02
3.721682727336883545e-02
3.725612536072731018e-02
3.669106215238571167e-02
3.629765659570693970e-02
3.591655939817428589e-02
3.565426915884017944e-02
3.512321412563323975e-02
3.443779796361923218e-02
3.461383283138275146e-02
3.417470306158065796e-02
3.387492895126342773e-02
3.393912315368652344e-02
3.383482247591018677e-02
3.287552669644355774e-02
3.248615562915802002e-02
3.239970654249191284e-02
3.241653367877006531e-02
3.219709917902946472e-02
3.168369457125663757e-02
3.105895780026912689e-02
3.138315677642822266e-02
3.108016774058341980e-02
3.061797097325325012e-02
3.022174350917339325e-02
3.004704974591732025e-02
3.030978888273239136e-02
2.963548339903354645e-02
2.953342907130718231e-02
2.932217158377170563e-02
2.973917312920093536e-02
2.887223102152347565e-02
2.860889397561550140e-02
2.869808673858642578e-02
2.825012244284152985e-02
2.835728228092193604e-02
2.799937687814235687e-02
2.803822048008441925e-02
2.782873623073101044e-02
2.766711078584194183e-02
2.727757021784782410e-02
2.704866603016853333e-02
2.717354521155357361e-02
2.670584432780742645e-02
2.661318518221378326e-02
2.669360116124153137e-02
2.662319131195545197e-02
2.660744264721870422e-02
2.580397017300128937e-02
2.595646679401397705e-02
2.577336318790912628e-02
2.549527212977409363e-02
2.563072741031646729e-02
2.524819970130920410e-02
2.539336122572422028e-02
2.516403235495090485e-02
2.495078556239604950e-02
2.466426417231559753e-02
2.436641603708267212e-02
2.469410002231597900e-02
2.447779849171638489e-02
2.436922490596771240e-02
2.447272278368473053e-02
2.391418255865573883e-02
2.401492558419704437e-02
2.394215203821659088e-02
2.376548014581203461e-02
2.340857684612274170e-02
2.336195297539234161e-02
2.344878390431404114e-02
2.329296059906482697e-02
2.355356514453887939e-02
2.309481985867023468e-02
2.291855961084365845e-02
2.262229844927787781e-02
2.297112531960010529e-02
2.264036051928997040e-02
2.250131964683532715e-02
2.247639931738376617e-02
2.252229116857051849e-02
2.217513322830200195e-02
2.222334593534469604e-02
2.212964929640293121e-02
2.223880775272846222e-02
2.194050140678882599e-02
2.192262560129165649e-02
2.165244892239570618e-02
2.165396139025688171e-02
2.134245075285434723e-02
2.175882272422313690e-02
2.153169922530651093e-02
2.128152921795845032e-02
2.128562889993190765e-02
2.113540656864643097e-02
2.115465886890888214e-02
2.112051844596862793e-02
2.062897197902202606e-02
2.087557688355445862e-02
2.045711688697338104e-02
2.040651440620422363e-02
2.056958526372909546e-02
2.049882337450981140e-02
2.057083882391452789e-02
2.031569369137287140e-02
1.996597461402416229e-02
2.036937326192855835e-02
2.019768767058849335e-02
1.994494162499904633e-02
1.991815306246280670e-02
2.005770429968833923e-02
1.990648172795772552e-02
1.962188631296157837e-02
1.967180334031581879e-02
1.967666298151016235e-02
1.948023214936256409e-02
1.959164626896381378e-02
1.930635049939155579e-02
1.945738680660724640e-02
1.923057623207569122e-02
1.924710161983966827e-02
1.913012191653251648e-02
1.923587545752525330e-02
1.891471631824970245e-02
1.896905340254306793e-02
1.896039210259914398e-02
1.908134482800960541e-02
1.854939199984073639e-02
1.887879706919193268e-02
1.877083815634250641e-02
1.854240335524082184e-02
1.856475509703159332e-02
1.837086305022239685e-02
1.836853101849555969e-02
1.845065504312515259e-02
1.808666065335273743e-02
1.831907220184803009e-02
1.833313517272472382e-02
1.820684224367141724e-02
1.805287227034568787e-02
1.804869621992111206e-02
1.814615167677402496e-02
1.802299916744232178e-02
1.798620820045471191e-02
1.782847382128238678e-02
1.777859032154083252e-02
1.765759475529193878e-02
1.769153773784637451e-02
1.754396595060825348e-02
1.749662868678569794e-02
1.757415942847728729e-02
1.739752665162086487e-02
1.746722497045993805e-02
1.739902980625629425e-02
1.719007268548011780e-02
1.737388037145137787e-02
1.719872094690799713e-02
1.725349575281143188e-02
1.708642765879631042e-02
1.711665838956832886e-02
1.689432375133037567e-02
1.690345071256160736e-02
1.676818169653415680e-02
1.700569316744804382e-02
1.689350605010986328e-02
1.685795933008193970e-02
1.692435331642627716e-02
1.691649295389652252e-02
1.654751598834991455e-02
1.665318757295608521e-02
1.652988791465759277e-02
1.653612777590751648e-02
1.657964847981929779e-02
1.637595146894454956e-02
1.626717299222946167e-02
1.646963879466056824e-02
1.628989167511463165e-02
1.620404049754142761e-02
1.635257154703140259e-02
1.613020524382591248e-02
1.614086888730525970e-02
1.631690375506877899e-02
1.621430926024913788e-02
1.635184511542320251e-02
1.611328125000000000e-02
1.582824438810348511e-02
1.595477573573589325e-02
1.599811390042304993e-02
1.569862850010395050e-02
1.573168486356735229e-02
1.581821776926517487e-02
1.588293164968490601e-02
1.572248525917530060e-02
1.567476987838745117e-02
1.562099996954202652e-02
1.566641405224800110e-02
1.585774682462215424e-02
1.558944862335920334e-02
1.540630310773849487e-02
1.547314599156379700e-02
1.527790352702140808e-02
1.539008691906929016e-02
1.536069065332412720e-02
1.547988038510084152e-02
1.520754024386405945e-02
1.528373081237077713e-02
1.510671712458133698e-02
1.509894523769617081e-02
1.515309140086174011e-02
1.507345028221607208e-02
1.510448101907968521e-02
1.490953844040632248e-02
1.496646367013454437e-02
1.492296718060970306e-02
1.497477851808071136e-02
1.490338891744613647e-02
1.495683379471302032e-02
1.480388548225164413e-02
1.488506235182285309e-02
1.476876158267259598e-02
1.458512339740991592e-02
1.481795869767665863e-02
1.469807140529155731e-02
1.466788258403539658e-02
1.467786636203527451e-02
1.460104342550039291e-02
1.477130409330129623e-02
1.463124807924032211e-02
1.458844915032386780e-02
1.453886553645133972e-02
1.482627075165510178e-02
1.432953774929046631e-02
1.436322368681430817e-02
1.416265126317739487e-02
1.438365690410137177e-02
1.437725964933633804e-02
1.420779153704643250e-02
1.428740844130516052e-02
1.441425923258066177e-02
1.416985597461462021e-02
1.419008895754814148e-02
1.419323775917291641e-02
1.422364264726638794e-02
1.413649972528219223e-02
1.405395846813917160e-02
1.409201323986053467e-02
1.391784753650426865e-02
1.411892194300889969e-02
1.414541993290185928e-02
1.387376431375741959e-02
1.386420149356126785e-02
1.402594614773988724e-02
1.394967362284660339e-02
1.373041514307260513e-02
1.368498522788286209e-02
1.388019043952226639e-02
1.370530296117067337e-02
1.373883336782455444e-02
1.373920217156410217e-02
1.375215128064155579e-02
1.352805923670530319e-02
1.373231131583452225e-02
1.352091133594512939e-02
1.378508005291223526e-02
1.351568568497896194e-02
1.361890323460102081e-02
1.350785605609416962e-02
1.336857583373785019e-02
1.351975463330745697e-02
1.327217090874910355e-02
1.345835532993078232e-02
1.324359048157930374e-02
1.335876993834972382e-02
1.332344394177198410e-02
1.343699544668197632e-02
1.346029154956340790e-02
1.323115266859531403e-02
1.315157022327184677e-02
1.332802046090364456e-02
1.311532687395811081e-02
1.318025868386030197e-02
1.315750461071729660e-02
1.326128933578729630e-02
1.306606829166412354e-02
1.305844262242317200e-02
1.306882128119468689e-02
1.293077692389488220e-02
1.311230193823575974e-02
1.308509986847639084e-02
1.302921585738658905e-02
1.288035698235034943e-02
1.299240533262491226e-02
1.284806709736585617e-02
1.297688391059637070e-02
1.302539929747581482e-02
1.288136932998895645e-02
1.291528996080160141e-02
1.292244438081979752e-02
1.299899071455001831e-02
1.286929193884134293e-02
1.279310695827007294e-02
1.277935504913330078e-02
1.265409961342811584e-02
1.279716659337282181e-02
1.276433654129505157e-02
1.247582864016294479e-02
1.264412980526685715e-02
1.261814497411251068e-02
1.260800380259752274e-02
1.255496684461832047e-02
1.253624446690082550e-02
1.261349860578775406e-02
1.249043364077806473e-02
1.255572494119405746e-02
1.244304701685905457e-02
1.255892589688301086e-02
1.247697323560714722e-02
1.245068106800317764e-02
1.246942486613988876e-02
1.235097274184226990e-02
1.242817845195531845e-02
1.235163398087024689e-02
1.237760577350854874e-02
1.251628529280424118e-02
1.230948232114315033e-02
1.232492458075284958e-02
1.223234832286834717e-02
1.235315110534429550e-02
1.226107683032751083e-02
1.210891827940940857e-02
1.231546234339475632e-02
1.217105705291032791e-02
1.216990686953067780e-02
1.219697855412960052e-02
1.204058714210987091e-02
1.213255524635314941e-02
1.201912946999073029e-02
1.207754481583833694e-02
1.203152444213628769e-02
1.202972419559955597e-02
1.192764192819595337e-02
1.204586680978536606e-02
1.198688335716724396e-02
1.204437483102083206e-02
1.197711564600467682e-02
1.196903456002473831e-02
1.188416499644517899e-02
1.200293004512786865e-02
1.191732287406921387e-02
1.183859165757894516e-02
1.191595755517482758e-02
1.192323770374059677e-02
1.181817520409822464e-02
1.181358098983764648e-02
1.175610255450010300e-02
1.169938500970602036e-02
1.183541212230920792e-02
1.177400350570678711e-02
1.167376618832349777e-02
1.167832035571336746e-02
1.176490914076566696e-02
1.173391938209533691e-02
1.182516384869813919e-02
1.169301476329565048e-02
1.163838710635900497e-02
1.160498801618814468e-02
1.166079286485910416e-02
1.148633938282728195e-02
1.159480307251214981e-02
1.145491190254688263e-02
1.165673974901437759e-02
1.158216316252946854e-02
1.153009291738271713e-02
1.152519509196281433e-02
1.145822554826736450e-02
1.134129427373409271e-02
1.138361264020204544e-02
1.141829509288072586e-02
1.146517414599657059e-02
1.146880723536014557e-02
1.143920049071311951e-02
1.145175658166408539e-02
1.134095527231693268e-02
1.141542289406061172e-02
1.122854743152856827e-02
1.143100950866937637e-02
1.123713981360197067e-02
1.126968394964933395e-02
1.120705250650644302e-02
1.136023923754692078e-02
1.129636913537979126e-02
1.129823643714189529e-02
1.110579259693622589e-02
1.112864073365926743e-02
1.115779206156730652e-02
1.112794969230890274e-02
1.108712237328290939e-02
1.120572537183761597e-02
1.120722852647304535e-02
1.118589192628860474e-02
1.099383458495140076e-02
1.104636117815971375e-02
1.110147871077060699e-02
1.107743103057146072e-02
1.124129444360733032e-02
1.112852059304714203e-02
1.098042540252208710e-02
1.106571871787309647e-02
1.099547557532787323e-02
1.101561263203620911e-02
1.103821583092212677e-02
1.102830376476049423e-02
1.098810229450464249e-02
1.101400889456272125e-02
1.095566526055335999e-02
1.084093004465103149e-02
1.098170317709445953e-02
1.082471851259469986e-02
1.088155992329120636e-02
1.091522350907325745e-02
1.086114533245563507e-02
1.085257809609174728e-02
1.082281861454248428e-02
1.074412744492292404e-02
1.095727551728487015e-02
1.073615159839391708e-02
1.076932623982429504e-02
1.072835270315408707e-02
1.082484703510999680e-02
1.069352589547634125e-02
1.071230694651603699e-02
1.072449889034032822e-02
1.076901238411664963e-02
1.073267962783575058e-02
1.078990288078784943e-02
1.070434693247079849e-02
1.081897318363189697e-02
1.058115065097808838e-02
1.066139061003923416e-02
1.065870001912117004e-02
1.055511180311441422e-02
1.078109443187713623e-02
1.064808759838342667e-02
1.055012829601764679e-02
1.067487429827451706e-02
1.048457808792591095e-02
