2.488740086555480957e-01
2.464670687913894653e-01
2.403866797685623169e-01
2.174876928329467773e-01
1.910643279552459717e-01
1.758245378732681274e-01
1.623330414295196533e-01
1.467659771442413330e-01
1.331732869148254395e-01
1.214173510670661926e-01
1.120398491621017456e-01
1.048414334654808044e-01
9.717510640621185303e-02
9.064251929521560669e-02
8.492486178874969482e-02
7.943483442068099976e-02
7.441596686840057373e-02
6.998888403177261353e-02
6.585672497749328613e-02
6.228874623775482178e-02
5.824420228600502014e-02
5.560332909226417542e-02
5.281920358538627625e-02
5.070756003260612488e-02
4.828805476427078247e-02
4.544404521584510803e-02
4.395640641450881958e-02
4.174821078777313232e-02
4.065006598830223083e-02
3.878413513302803040e-02
3.726137429475784302e-02
3.611175715923309326e-02
3.528138622641563416e-02
3.417446464300155640e-02
3.332474455237388611e-02
3.229660168290138245e-02
3.071749396622180939e-02
2.962308935821056366e-02
2.949972450733184814e-02
2.824337780475616455e-02
2.777712047100067139e-02
2.707359381020069122e-02
2.597830444574356079e-02
2.580703794956207275e-02
2.521866187453269958e-02
2.432561293244361877e-02
2.369165793061256409e-02
2.356124296784400940e-02
2.285652980208396912e-02
2.308630198240280151e-02
2.251366153359413147e-02
2.202901802957057953e-02
2.161218225955963135e-02
2.140147052705287933e-02
2.066950127482414246e-02
2.094997651875019073e-02
1.957727596163749695e-02
1.965001970529556274e-02
2.005486004054546356e-02
1.959708333015441895e-02
1.962542533874511719e-02
1.911128871142864227e-02
1.823794096708297729e-02
1.824581064283847809e-02
1.793717220425605774e-02
1.827151700854301453e-02
1.744517683982849121e-02
1.776398904621601105e-02
1.749067381024360657e-02
1.765261217951774597e-02
1.646172627806663513e-02
1.674302481114864349e-02
1.625280082225799561e-02
1.650691777467727661e-02
1.612769253551959991e-02
1.595101691782474518e-02
1.583382301032543182e-02
1.548486854881048203e-02
1.551201846450567245e-02
1.547518558800220490e-02
1.550595089793205261e-02
1.511299423873424530e-02
1.465505827218294144e-02
1.501686871051788330e-02
1.469076052308082581e-02
1.452998351305723190e-02
1.489160675555467606e-02
1.376055739820003510e-02
1.461587380617856979e-02
1.440254226326942444e-02
1.336119975894689560e-02
1.361269596964120865e-02
1.402901951223611832e-02
1.345846895128488541e-02
1.354747172445058823e-02
1.401054486632347107e-02
1.318269968032836914e-02
1.266898866742849350e-02
1.314193196594715118e-02
1.287644822150468826e-02
1.347711216658353806e-02
1.248645689338445663e-02
1.289953477680683136e-02
1.271721255034208298e-02
1.200588885694742203e-02
1.270059682428836823e-02
1.244673784822225571e-02
1.204158645123243332e-02
1.226146705448627472e-02
1.199645083397626877e-02
1.190869882702827454e-02
1.147949323058128357e-02
1.201701443642377853e-02
1.190749276429414749e-02
1.210977416485548019e-02
1.132448855787515640e-02
1.181907393038272858e-02
1.125758606940507889e-02
1.146826148033142090e-02
1.105844136327505112e-02
1.144960243254899979e-02
1.140375435352325439e-02
1.100658532232046127e-02
1.105925533920526505e-02
1.128190848976373672e-02
1.085485424846410751e-02
1.087076961994171143e-02
1.109833922237157822e-02
1.074620429426431656e-02
1.058818772435188293e-02
1.062243431806564331e-02
1.071031950414180756e-02
1.061708852648735046e-02
1.059529837220907211e-02
1.020252145826816559e-02
1.031337678432464600e-02
1.065435539931058884e-02
1.046757027506828308e-02
9.964797645807266235e-03
1.063696015626192093e-02
1.001930795609951019e-02
1.000089477747678757e-02
9.726996533572673798e-03
9.960418567061424255e-03
9.794238954782485962e-03
9.565545246005058289e-03
9.897022508084774017e-03
9.803462773561477661e-03
9.558143094182014465e-03
9.495637379586696625e-03
9.485566988587379456e-03
9.168453514575958252e-03
9.621649049222469330e-03
9.656216017901897430e-03
9.364459663629531860e-03
9.010169655084609985e-03
9.574022144079208374e-03
9.147204458713531494e-03
9.479475207626819611e-03
9.148435667157173157e-03
9.141357615590095520e-03
8.926176466047763824e-03
9.199606254696846008e-03
8.824173361063003540e-03
9.038890711963176727e-03
8.744013495743274689e-03
8.923597633838653564e-03
8.891406469047069550e-03
8.679055608808994293e-03
9.131439961493015289e-03
8.977670222520828247e-03
8.595949038863182068e-03
8.459076285362243652e-03
8.599747903645038605e-03
8.695260621607303619e-03
8.689280599355697632e-03
8.346342481672763824e-03
8.365814574062824249e-03
8.178022690117359161e-03
8.598697371780872345e-03
8.510521613061428070e-03
8.260421454906463623e-03
8.310618810355663300e-03
8.600063621997833252e-03
8.203567937016487122e-03
8.228302933275699615e-03
8.025669492781162262e-03
7.835984230041503906e-03
8.129813708364963531e-03
8.183849044144153595e-03
8.056468330323696136e-03
8.053376339375972748e-03
8.136377669870853424e-03
7.832881063222885132e-03
7.729022298008203506e-03
7.837959565222263336e-03
7.927118800580501556e-03
7.983827963471412659e-03
7.739798165857791901e-03
7.638314738869667053e-03
7.532815448939800262e-03
7.534313946962356567e-03
7.756277918815612793e-03
7.864913903176784515e-03
7.256328593939542770e-03
7.501887157559394836e-03
7.375558838248252869e-03
7.383299060165882111e-03
7.652789354324340820e-03
7.514722179621458054e-03
7.597582414746284485e-03
7.264317944645881653e-03
7.670956198126077652e-03
7.148831151425838470e-03
7.055849768221378326e-03
7.246638648211956024e-03
7.320804055780172348e-03
7.257451303303241730e-03
6.925120484083890915e-03
7.339529693126678467e-03
7.113011088222265244e-03
7.133508566766977310e-03
7.171401754021644592e-03
6.902425084263086319e-03
6.902832537889480591e-03
7.152253296226263046e-03
7.169105112552642822e-03
6.706806365400552750e-03
6.886949762701988220e-03
7.041204255074262619e-03
6.687732879072427750e-03
6.904174108058214188e-03
6.770739331841468811e-03
6.911566946655511856e-03
6.873386912047863007e-03
6.923012901097536087e-03
6.653115618973970413e-03
6.705657113343477249e-03
6.777748931199312210e-03
6.565693765878677368e-03
6.856369785964488983e-03
6.524296943098306656e-03
6.647446192800998688e-03
6.646699272096157074e-03
6.468851584941148758e-03
6.460969336330890656e-03
6.611805409193038940e-03
6.437809206545352936e-03
6.717330776154994965e-03
6.745326332747936249e-03
6.614756770431995392e-03
6.375088822096586227e-03
6.599239539355039597e-03
6.472881417721509933e-03
6.474432535469532013e-03
6.378376856446266174e-03
6.218161433935165405e-03
6.382706109434366226e-03
6.373452022671699524e-03
6.297515239566564560e-03
6.291707977652549744e-03
6.381166633218526840e-03
6.315783597528934479e-03
6.453933194279670715e-03
6.187770050019025803e-03
6.149333901703357697e-03
6.089623086154460907e-03
6.128741428256034851e-03
6.161439232528209686e-03
6.120671052485704422e-03
6.494915578514337540e-03
6.188116036355495453e-03
6.242808885872364044e-03
6.166680715978145599e-03
6.144508253782987595e-03
6.054026074707508087e-03
6.054642144590616226e-03
6.166564300656318665e-03
5.946818739175796509e-03
6.036222912371158600e-03
6.033938843756914139e-03
5.936300382018089294e-03
5.967128556221723557e-03
5.971384234726428986e-03
5.898884963244199753e-03
5.930270999670028687e-03
5.795897915959358215e-03
5.774674005806446075e-03
5.849495530128479004e-03
6.060462910681962967e-03
5.715142469853162766e-03
5.812115501612424850e-03
5.795988254249095917e-03
5.846501793712377548e-03
5.829086992889642715e-03
5.951096769422292709e-03
5.936531815677881241e-03
5.732440389692783356e-03
5.879126023501157761e-03
5.695148371160030365e-03
5.913731176406145096e-03
5.579659715294837952e-03
5.761672742664813995e-03
5.665416829288005829e-03
5.593625828623771667e-03
5.909548606723546982e-03
5.728574935346841812e-03
5.612745881080627441e-03
5.448652431368827820e-03
5.747518502175807953e-03
5.622749216854572296e-03
5.564992316067218781e-03
5.789915565401315689e-03
5.563966929912567139e-03
5.709004122763872147e-03
5.692445673048496246e-03
5.321588367223739624e-03
5.465379916131496429e-03
5.547082982957363129e-03
5.618855357170104980e-03
5.569652654230594635e-03
5.287930369377136230e-03
5.601054523140192032e-03
5.521333776414394379e-03
5.434596445411443710e-03
5.393261555582284927e-03
5.442042835056781769e-03
5.550014320760965347e-03
5.394321866333484650e-03
5.424824543297290802e-03
5.372929386794567108e-03
5.613011773675680161e-03
5.231197457760572433e-03
5.396151915192604065e-03
5.300905089825391769e-03
5.365218035876750946e-03
5.444244481623172760e-03
5.271372385323047638e-03
5.296665709465742111e-03
5.369641818106174469e-03
5.300676915794610977e-03
5.160300992429256439e-03
5.156362429261207581e-03
5.324751604348421097e-03
5.376873072236776352e-03
5.314284935593605042e-03
5.296236369758844376e-03
5.232936237007379532e-03
5.229740869253873825e-03
5.102658644318580627e-03
5.184761248528957367e-03
5.074565298855304718e-03
5.361809395253658295e-03
5.226813256740570068e-03
5.139028653502464294e-03
5.167501512914896011e-03
5.016644019633531570e-03
5.048860330134630203e-03
5.139660090208053589e-03
5.125772207975387573e-03
5.309266503900289536e-03
5.118276458233594894e-03
5.122695583850145340e-03
5.138030741363763809e-03
5.021051503717899323e-03
5.081759765744209290e-03
5.127134267240762711e-03
5.021876189857721329e-03
4.943626001477241516e-03
4.988105036318302155e-03
5.055694375187158585e-03
5.060195922851562500e-03
5.042367614805698395e-03
4.940177779644727707e-03
4.994410555809736252e-03
5.130816251039505005e-03
4.916100297123193741e-03
4.902464803308248520e-03
4.932668060064315796e-03
5.004271399229764938e-03
4.979031626135110855e-03
4.903885535895824432e-03
4.877746105194091797e-03
4.893742036074399948e-03
4.804937168955802917e-03
5.055742803961038589e-03
4.942593630403280258e-03
4.874585662037134171e-03
4.952040966600179672e-03
4.804173018783330917e-03
4.821624606847763062e-03
4.865210037678480148e-03
4.881331231445074081e-03
4.756771028041839600e-03
4.866200033575296402e-03
4.899053368717432022e-03
4.797581583261489868e-03
4.830174613744020462e-03
4.767237231135368347e-03
4.810004029422998428e-03
4.851870704442262650e-03
4.800235852599143982e-03
4.775501787662506104e-03
4.762945696711540222e-03
4.730263259261846542e-03
4.898110870271921158e-03
4.847643431276082993e-03
4.636401776224374771e-03
4.650568123906850815e-03
4.690451081842184067e-03
4.735838156193494797e-03
4.677188582718372345e-03
4.663304425776004791e-03
4.697199445217847824e-03
4.725683946162462234e-03
4.547188989818096161e-03
4.681001883000135422e-03
4.699999932199716568e-03
4.614642821252346039e-03
4.673240706324577332e-03
4.539496265351772308e-03
4.637104459106922150e-03
4.611217882484197617e-03
4.572883248329162598e-03
4.619896877557039261e-03
4.603441804647445679e-03
4.615156911313533783e-03
4.525821190327405930e-03
4.603718407452106476e-03
4.554609768092632294e-03
4.587590694427490234e-03
4.477501381188631058e-03
4.575335420668125153e-03
4.580743610858917236e-03
4.458277486264705658e-03
4.599774256348609924e-03
4.462633281946182251e-03
4.444810561835765839e-03
4.490152001380920410e-03
4.459453746676445007e-03
4.582313820719718933e-03
4.432330373674631119e-03
4.522236995398998260e-03
4.383378662168979645e-03
4.542406648397445679e-03
4.526622593402862549e-03
4.478147253394126892e-03
4.341230262070894241e-03
4.509930498898029327e-03
4.419159144163131714e-03
4.485448356717824936e-03
4.439653363078832626e-03
4.382618702948093414e-03
4.347539506852626801e-03
4.405838437378406525e-03
4.466001875698566437e-03
4.317400511354207993e-03
4.374268464744091034e-03
4.323688335716724396e-03
4.296430386602878571e-03
4.334015306085348129e-03
4.306730814278125763e-03
4.354560747742652893e-03
4.415060859173536301e-03
4.369954112917184830e-03
4.459871910512447357e-03
4.310037009418010712e-03
4.307421855628490448e-03
4.253934603184461594e-03
4.360635299235582352e-03
4.242676775902509689e-03
4.403571132570505142e-03
4.342565312981605530e-03
4.139315802603960037e-03
4.189215134829282761e-03
4.231846891343593597e-03
4.348470829427242279e-03
4.289698787033557892e-03
4.199353978037834167e-03
4.258883651345968246e-03
4.354134202003479004e-03
4.199659917503595352e-03
4.250747617334127426e-03
4.252557642757892609e-03
4.252314101904630661e-03
4.146593622863292694e-03
4.236136563122272491e-03
4.361158236861228943e-03
4.132090136408805847e-03
4.241270013153553009e-03
4.124035127460956573e-03
4.143437370657920837e-03
4.266744945198297501e-03
4.227442201226949692e-03
4.149769432842731476e-03
4.174836445599794388e-03
4.195122513920068741e-03
4.122356884181499481e-03
4.104451742023229599e-03
4.157425835728645325e-03
4.130239598453044891e-03
4.159787669777870178e-03
4.014838021248579025e-03
4.258347209542989731e-03
4.109431058168411255e-03
4.233091138303279877e-03
4.150793887674808502e-03
4.034285899251699448e-03
4.070881288498640060e-03
4.136163275688886642e-03
4.087077919393777847e-03
4.041041247546672821e-03
4.058165010064840317e-03
4.123432561755180359e-03
4.088522400707006454e-03
4.072864539921283722e-03
4.098193719983100891e-03
4.122430924326181412e-03
3.963562194257974625e-03
3.992673475295305252e-03
3.991523757576942444e-03
4.116727039217948914e-03
4.078247118741273880e-03
3.959766589105129242e-03
4.066832363605499268e-03
4.025029949843883514e-03
3.989344928413629532e-03
3.985439427196979523e-03
4.053185693919658661e-03
3.891632426530122757e-03
4.029311705380678177e-03
3.917483147233724594e-03
3.983760718256235123e-03
3.944582305848598480e-03
3.892134875059127808e-03
3.972809296101331711e-03
3.921481315046548843e-03
3.845261642709374428e-03
3.911342006176710129e-03
3.905386896803975105e-03
3.896695561707019806e-03
3.945342265069484711e-03
3.954030573368072510e-03
3.925888333469629288e-03
3.867938881739974022e-03
3.870456479489803314e-03
3.956665284931659698e-03
3.921221476048231125e-03
3.846063045784831047e-03
3.958265762776136398e-03
3.846007399260997772e-03
3.905361518263816833e-03
3.936138469725847244e-03
3.893179353326559067e-03
3.875602735206484795e-03
3.822793252766132355e-03
3.864884609356522560e-03
3.902477910742163658e-03
3.965170588344335556e-03
3.734805155545473099e-03
3.942000214010477066e-03
3.831732785329222679e-03
3.835573093965649605e-03
3.831900190562009811e-03
3.804792417213320732e-03
3.821611404418945312e-03
3.879662603139877319e-03
3.914347849786281586e-03
3.728308947756886482e-03
3.852164372801780701e-03
3.740296466276049614e-03
3.737911581993103027e-03
3.804770996794104576e-03
3.808235283941030502e-03
3.783823689445853233e-03
3.803033847361803055e-03
3.792616771534085274e-03
3.820902202278375626e-03
3.716011997312307358e-03
3.845902392640709877e-03
3.757804865017533302e-03
3.743543988093733788e-03
3.750328440219163895e-03
3.739683888852596283e-03
3.800676902756094933e-03
3.739143954589962959e-03
3.602697048336267471e-03
3.717575687915086746e-03
3.723529167473316193e-03
3.744357964023947716e-03
3.674047533422708511e-03
3.682646201923489571e-03
3.660689108073711395e-03
3.716737497597932816e-03
3.671864513307809830e-03
3.792897798120975494e-03
3.659844398498535156e-03
3.679732326418161392e-03
3.698907792568206787e-03
3.635382279753684998e-03
3.734011901542544365e-03
3.643480595201253891e-03
3.729201620444655418e-03
3.699462860822677612e-03
3.625857410952448845e-03
3.655205015093088150e-03
3.693151054903864861e-03
3.678255714476108551e-03
3.584259888157248497e-03
3.665540600195527077e-03
3.582953475415706635e-03
3.688743570819497108e-03
3.569223685190081596e-03
3.695732215419411659e-03
3.593757050111889839e-03
3.643214236944913864e-03
3.572689136490225792e-03
3.604691708460450172e-03
3.561731427907943726e-03
3.589893691241741180e-03
3.597333561629056931e-03
3.578383475542068481e-03
3.545573214069008827e-03
3.563028760254383087e-03
3.556335810571908951e-03
3.535489318892359734e-03
3.456966718658804893e-03
3.650570521131157875e-03
3.557480871677398682e-03
3.493568394333124161e-03
3.580958116799592972e-03
3.587702987715601921e-03
3.522173268720507622e-03
3.566624363884329796e-03
3.476418554782867432e-03
3.493870142847299576e-03
3.557537682354450226e-03
3.592180320993065834e-03
3.447330091148614883e-03
3.500322578474879265e-03
3.550424939021468163e-03
3.454850288107991219e-03
3.531003603711724281e-03
3.562567289918661118e-03
3.494510659947991371e-03
3.473938209936022758e-03
3.497619414702057838e-03
3.416328690946102142e-03
3.510140348225831985e-03
3.484496846795082092e-03
3.387892153114080429e-03
3.470374038442969322e-03
3.474610624834895134e-03
3.500735852867364883e-03
3.401691094040870667e-03
3.491240087896585464e-03
3.406980773434042931e-03
3.413602942600846291e-03
3.428185358643531799e-03
3.492627525702118874e-03
3.408600576221942902e-03
3.364003729075193405e-03
3.440423868596553802e-03
3.358274465426802635e-03
3.472327953204512596e-03
3.404809627681970596e-03
3.381369868293404579e-03
3.406748874112963676e-03
3.468839917331933975e-03
3.453439101576805115e-03
3.395537380129098892e-03
3.367567434906959534e-03
3.355857916176319122e-03
3.318867646157741547e-03
3.329983679577708244e-03
3.351879771798849106e-03
3.391722682863473892e-03
3.396955085918307304e-03
3.334524808451533318e-03
3.362545976415276527e-03
3.305882215499877930e-03
3.336743917316198349e-03
3.383088158443570137e-03
3.422764362767338753e-03
3.274238202720880508e-03
3.395322710275650024e-03
3.360022557899355888e-03
3.384959651157259941e-03
3.338627750054001808e-03
3.261667909100651741e-03
3.370547899976372719e-03
3.316970542073249817e-03
3.315333044156432152e-03
3.284093225374817848e-03
3.246242878958582878e-03
3.331322455778717995e-03
3.288669046014547348e-03
3.308230312541127205e-03
3.385722171515226364e-03
3.296221373602747917e-03
3.315003123134374619e-03
3.292523790150880814e-03
3.217555582523345947e-03
3.226371482014656067e-03
3.382297465577721596e-03
3.224371932446956635e-03
3.182820742949843407e-03
3.273451235145330429e-03
3.283269470557570457e-03
3.322669304907321930e-03
3.202781779691576958e-03
3.210724564269185066e-03
3.211291972547769547e-03
3.286186838522553444e-03
3.208625363186001778e-03
3.253520699217915535e-03
3.225489519536495209e-03
3.203670727089047432e-03
3.224881133064627647e-03
3.222552593797445297e-03
3.199591301381587982e-03
3.221386345103383064e-03
3.242930630221962929e-03
3.164803609251976013e-03
3.197475336492061615e-03
3.233531257137656212e-03
3.211151808500289917e-03
3.178227460011839867e-03
3.221856430172920227e-03
3.156104823574423790e-03
3.219207748770713806e-03
3.183559980243444443e-03
3.192047821357846260e-03
3.192333504557609558e-03
3.160198917612433434e-03
3.189963754266500473e-03
3.139328211545944214e-03
3.179388353601098061e-03
3.216027980670332909e-03
3.091046586632728577e-03
3.126239404082298279e-03
3.188891103491187096e-03
3.133864142000675201e-03
3.139573847874999046e-03
3.129535121843218803e-03
3.138179192319512367e-03
3.142074216157197952e-03
3.156451275572180748e-03
3.206562716513872147e-03
3.111382480710744858e-03
3.089251928031444550e-03
3.068689955398440361e-03
3.155958605930209160e-03
3.092918312177062035e-03
3.099813126027584076e-03
3.063854295760393143e-03
3.124489681795239449e-03
3.080714493989944458e-03
3.107760101556777954e-03
3.063490847125649452e-03
3.176669823005795479e-03
3.041321411728858948e-03
3.099998692050576210e-03
3.096042200922966003e-03
3.069997765123844147e-03
3.034240333363413811e-03
3.103626891970634460e-03
3.083649324253201485e-03
3.109481418505311012e-03
3.035940229892730713e-03
3.059984184801578522e-03
3.116922685876488686e-03
3.114613005891442299e-03
3.024604404345154762e-03
3.079398535192012787e-03
3.017182927578687668e-03
3.047311445698142052e-03
3.122481750324368477e-03
3.075268352404236794e-03
2.974736737087368965e-03
2.984655089676380157e-03
3.074774751439690590e-03
3.006384475156664848e-03
3.014418995007872581e-03
3.084326162934303284e-03
3.068626625463366508e-03
3.003798890858888626e-03
2.987351967021822929e-03
3.039059694856405258e-03
2.984685823321342468e-03
2.975327894091606140e-03
3.028843319043517113e-03
2.966767409816384315e-03
2.998104784637689590e-03
3.049551043659448624e-03
2.972092246636748314e-03
3.000930184498429298e-03
3.003646852448582649e-03
3.023534547537565231e-03
2.954658819362521172e-03
3.004323923960328102e-03
3.036320907995104790e-03
2.956032752990722656e-03
3.032483393326401711e-03
2.967845182865858078e-03
2.963333856314420700e-03
2.925578039139509201e-03
3.006489481776952744e-03
2.915990538895130157e-03
2.967224689200520515e-03
2.993984147906303406e-03
2.992397872731089592e-03
2.934547374024987221e-03
2.962839789688587189e-03
2.956473967060446739e-03
2.896980848163366318e-03
2.904862631112337112e-03
2.938539255410432816e-03
2.948566339910030365e-03
2.926938468590378761e-03
2.920170780271291733e-03
2.948487875983119011e-03
2.909425646066665649e-03
2.896214136853814125e-03
2.886973321437835693e-03
2.963556908071041107e-03
2.879736945033073425e-03
2.910439390689134598e-03
2.907085698097944260e-03
2.929480280727148056e-03
2.921629697084426880e-03
2.910542767494916916e-03
2.906785346567630768e-03
2.815159503370523453e-03
2.910785377025604248e-03
2.924070460721850395e-03
2.873959485441446304e-03
2.877098973840475082e-03
2.852848032489418983e-03
2.882683183997869492e-03
2.930526155978441238e-03
2.880675019696354866e-03
2.845898270606994629e-03
2.840209752321243286e-03
2.824687864631414413e-03
2.849022625014185905e-03
2.882240572944283485e-03
2.926282817497849464e-03
2.918116515502333641e-03
2.819668501615524292e-03
2.805006923153996468e-03
2.821048023179173470e-03
2.841344103217124939e-03
2.821827773004770279e-03
2.895513549447059631e-03
2.850944874808192253e-03
2.776880515739321709e-03
2.849086653441190720e-03
2.822770504280924797e-03
2.840251661837100983e-03
2.833915175870060921e-03
2.815497806295752525e-03
2.783650066703557968e-03
2.822899259626865387e-03
2.834099112078547478e-03
2.803205512464046478e-03
2.771084196865558624e-03
2.778491238132119179e-03
2.780062146484851837e-03
2.798617351800203323e-03
2.787609118968248367e-03
2.798822475597262383e-03
2.814399078488349915e-03
2.817978849634528160e-03
2.770991297438740730e-03
2.790100406855344772e-03
2.834005746990442276e-03
2.755703637376427650e-03
2.755630062893033028e-03
2.762633608654141426e-03
2.806832082569599152e-03
2.733329078182578087e-03
2.806502627208828926e-03
2.766394987702369690e-03
2.745405770838260651e-03
2.731607994064688683e-03
2.797133987769484520e-03
2.772658364847302437e-03
2.743297023698687553e-03
2.718309406191110611e-03
2.743689808994531631e-03
2.776755951344966888e-03
2.733231754973530769e-03
2.708564046770334244e-03
2.689676359295845032e-03
2.706151921302080154e-03
2.784287789836525917e-03
2.681098645552992821e-03
2.743257442489266396e-03
2.825720701366662979e-03
2.712388290092349052e-03
2.714712871238589287e-03
2.766913035884499550e-03
2.658794168382883072e-03
2.742293290793895721e-03
2.753430744633078575e-03
2.760143019258975983e-03
2.681212499737739563e-03
2.684298902750015259e-03
2.714659320190548897e-03
2.708972664549946785e-03
2.699755365028977394e-03
2.703999169170856476e-03
2.671814989298582077e-03
2.685986459255218506e-03
2.696077106520533562e-03
2.683681901544332504e-03
2.709288382902741432e-03
2.641411032527685165e-03
2.654020674526691437e-03
2.729255938902497292e-03
2.676339121535420418e-03
2.664800267666578293e-03
2.694411203265190125e-03
2.656758995726704597e-03
2.653547562658786774e-03
2.698948839679360390e-03
2.675237366929650307e-03
2.630148315802216530e-03
2.687039086595177650e-03
2.664741827175021172e-03
2.705681836232542992e-03
2.667599590495228767e-03
2.589155454188585281e-03
2.640129067003726959e-03
2.691227244213223457e-03
2.635881537571549416e-03
2.635661512613296509e-03
2.640099963173270226e-03
2.604180714115500450e-03
2.591409254819154739e-03
2.606805646792054176e-03
2.760185161605477333e-03
2.578375861048698425e-03
2.616511425003409386e-03
2.606742782518267632e-03
2.659943886101245880e-03
2.549691824242472649e-03
2.627786481752991676e-03
2.635450102388858795e-03
2.604122739285230637e-03
2.601744141429662704e-03
2.647140063345432281e-03
2.602577907964587212e-03
2.585814800113439560e-03
2.575740916654467583e-03
2.561846980825066566e-03
2.620957326143980026e-03
2.568218158558011055e-03
2.577581675723195076e-03
2.607700647786259651e-03
2.583998488262295723e-03
2.577827312052249908e-03
2.681710990145802498e-03
2.574136480689048767e-03
2.522643189877271652e-03
2.627149689942598343e-03
2.569364849478006363e-03
2.526397118344902992e-03
2.609038492664694786e-03
2.575695281848311424e-03
2.566715003922581673e-03
2.566583454608917236e-03
2.549107652157545090e-03
2.573294099420309067e-03
2.592416480183601379e-03
2.529435092583298683e-03
2.535874955356121063e-03
2.539218869060277939e-03
2.541583962738513947e-03
2.517904387786984444e-03
2.538630506023764610e-03
2.568921772763133049e-03
2.582855755463242531e-03
2.512222854420542717e-03
2.547398209571838379e-03
2.536467509344220161e-03
2.512807957828044891e-03
2.526945201680064201e-03
2.553150989115238190e-03
2.481442643329501152e-03
2.549462253227829933e-03
2.518475055694580078e-03
2.513363491743803024e-03
2.501395298168063164e-03
2.501956420019268990e-03
2.552393125370144844e-03
2.560778055340051651e-03
2.508648904040455818e-03
2.479080110788345337e-03
2.494091633707284927e-03
2.524396870285272598e-03
2.495859749615192413e-03
2.516687614843249321e-03
2.482590265572071075e-03
2.487754449248313904e-03
2.554116770625114441e-03
2.505551092326641083e-03
2.498260466381907463e-03
2.450464060530066490e-03
2.477088244631886482e-03
2.436371752992272377e-03
2.503962256014347076e-03
2.472907071933150291e-03
2.485781442373991013e-03
2.474125707522034645e-03
2.444338286295533180e-03
2.541433321312069893e-03
2.465303521603345871e-03
2.500953385606408119e-03
2.450573490932583809e-03
2.422730205580592155e-03
2.506564604118466377e-03
2.520742127671837807e-03
2.389674773439764977e-03
2.489252248778939247e-03
2.472423017024993896e-03
2.475353190675377846e-03
2.471999265253543854e-03
2.443431410938501358e-03
2.418623538687825203e-03
2.422084100544452667e-03
2.452371641993522644e-03
2.448260551318526268e-03
2.417686395347118378e-03
2.425729064270853996e-03
2.401750534772872925e-03
2.462565433233976364e-03
2.447013743221759796e-03
2.429189160466194153e-03
2.446066820994019508e-03
2.437273040413856506e-03
2.413754584267735481e-03
2.439393429085612297e-03
2.415872178971767426e-03
2.424964681267738342e-03
2.420657547190785408e-03
2.417034702375531197e-03
2.420845441520214081e-03
2.432410605251789093e-03
2.372151473537087440e-03
2.366963541135191917e-03
2.448741346597671509e-03
2.387804677709937096e-03
2.427196595817804337e-03
2.417651005089282990e-03
2.454564208164811134e-03
2.372342860326170921e-03
2.424222184345126152e-03
2.348753158003091812e-03
2.407830208539962769e-03
2.346541732549667358e-03
2.417169976979494095e-03
2.400169614702463150e-03
2.386542735621333122e-03
2.415818395093083382e-03
2.373822731897234917e-03
2.371009206399321556e-03
2.346036722883582115e-03
2.345797140151262283e-03
2.371568232774734497e-03
2.381405793130397797e-03
2.361393533647060394e-03
2.403154270723462105e-03
2.391076646745204926e-03
2.368707209825515747e-03
2.325866371393203735e-03
2.383626298978924751e-03
2.375965705141425133e-03
2.328942529857158661e-03
2.342308871448040009e-03
2.382557140663266182e-03
2.426779130473732948e-03
2.317385282367467880e-03
2.333146519958972931e-03
2.317163394764065742e-03
2.316389000043272972e-03
2.383120590820908546e-03
2.296651247888803482e-03
2.334628254175186157e-03
2.305926056578755379e-03
2.326436107978224754e-03
2.345820888876914978e-03
2.329614246264100075e-03
2.309958217665553093e-03
2.344618085771799088e-03
2.279172651469707489e-03
2.297909930348396301e-03
2.315913559868931770e-03
2.351614646613597870e-03
2.318199723958969116e-03
2.287968993186950684e-03
2.313463483005762100e-03
2.277974039316177368e-03
2.314541023224592209e-03
2.303769811987876892e-03
2.311994554474949837e-03
2.278642728924751282e-03
2.303929999470710754e-03
2.305599860846996307e-03
2.318553859367966652e-03
2.308425027877092361e-03
2.289997646585106850e-03
2.353008603677153587e-03
2.297988161444664001e-03
2.245924435555934906e-03
2.284190384671092033e-03
2.309848554432392120e-03
2.277602907270193100e-03
2.326116897165775299e-03
2.315002027899026871e-03
2.270622877404093742e-03
2.281944500282406807e-03
2.272740472108125687e-03
2.289006020873785019e-03
2.268125768750905991e-03
2.266586059704422951e-03
2.284135902300477028e-03
2.272464334964752197e-03
2.242933260276913643e-03
2.300367457792162895e-03
2.304950961843132973e-03
2.277141436934471130e-03
2.270098077133297920e-03
2.213325584307312965e-03
2.261721296235918999e-03
2.272346289828419685e-03
2.230711048468947411e-03
2.270268974825739861e-03
2.241526730358600616e-03
2.234437735751271248e-03
2.251618774607777596e-03
2.195136621594429016e-03
2.281341468915343285e-03
2.200386952608823776e-03
2.256011823192238808e-03
2.204015851020812988e-03
2.256698207929730415e-03
2.258051652461290359e-03
2.223220653831958771e-03
2.285113558173179626e-03
2.194458851590752602e-03
2.216402441263198853e-03
2.244136761873960495e-03
2.281100489199161530e-03
2.188265556469559669e-03
2.211068058386445045e-03
2.212517894804477692e-03
2.205543685704469681e-03
2.235213061794638634e-03
2.205551834776997566e-03
2.242461778223514557e-03
2.223016461357474327e-03
2.197390189394354820e-03
2.187699312344193459e-03
2.207438694313168526e-03
2.228843513876199722e-03
2.155836205929517746e-03
2.226020209491252899e-03
2.220099559053778648e-03
2.210888778790831566e-03
2.174285706132650375e-03
2.201830968260765076e-03
2.135562244802713394e-03
2.233584644272923470e-03
2.207346260547637939e-03
2.197757130488753319e-03
2.191216219216585159e-03
2.218297449871897697e-03
2.133152214810252190e-03
2.228224184364080429e-03
2.159367548301815987e-03
2.188172424212098122e-03
2.135936869308352470e-03
2.184360288083553314e-03
2.153391484171152115e-03
2.216077875345945358e-03
2.166527789086103439e-03
2.172273583710193634e-03
2.179761417210102081e-03
2.165269339457154274e-03
2.204980934038758278e-03
2.139698714017868042e-03
2.145877573639154434e-03
2.138885902240872383e-03
2.149209612980484962e-03
2.167227910831570625e-03
2.148927422240376472e-03
2.166402759030461311e-03
2.134454203769564629e-03
2.176130656152963638e-03
2.127010608091950417e-03
2.148890169337391853e-03
2.143529476597905159e-03
2.172730397433042526e-03
2.152437111362814903e-03
2.196878427639603615e-03
2.168573439121246338e-03
2.148597966879606247e-03
2.180497394874691963e-03
2.151337219402194023e-03
2.131824381649494171e-03
2.105121966451406479e-03
2.129942877218127251e-03
2.102451166138052940e-03
2.143340418115258217e-03
2.127334941178560257e-03
2.099107718095183372e-03
2.105786465108394623e-03
2.107559936121106148e-03
2.095009898766875267e-03
2.127051586285233498e-03
2.128527499735355377e-03
2.106279600411653519e-03
2.116112969815731049e-03
2.146754181012511253e-03
2.128954976797103882e-03
2.102080266922712326e-03
2.083441009745001793e-03
2.089164685457944870e-03
2.139248186722397804e-03
2.112729474902153015e-03
2.086505293846130371e-03
2.116795396432280540e-03
2.105654450133442879e-03
2.127919811755418777e-03
2.073414390906691551e-03
2.146071987226605415e-03
2.101521473377943039e-03
2.077135955914855003e-03
2.077210228890180588e-03
2.118209609761834145e-03
2.116730902343988419e-03
2.066266955807805061e-03
2.058248268440365791e-03
2.073294017463922501e-03
2.074796473607420921e-03
2.121615922078490257e-03
2.053802134469151497e-03
2.097330521792173386e-03
2.066124230623245239e-03
2.102711470797657967e-03
2.067951485514640808e-03
2.072865841910243034e-03
2.077921759337186813e-03
2.090625232085585594e-03
2.047359710559248924e-03
2.098677214235067368e-03
2.059534657746553421e-03
2.060679020360112190e-03
2.057477133348584175e-03
2.102162223309278488e-03
2.059892518445849419e-03
2.053634030744433403e-03
2.000445267185568810e-03
2.072978764772415161e-03
2.071751980111002922e-03
2.061413601040840149e-03
2.075221855193376541e-03
2.064959611743688583e-03
2.043972490355372429e-03
2.031971467658877373e-03
2.034498611465096474e-03
2.042330801486968994e-03
2.057156758382916451e-03
2.131223911419510841e-03
2.024908317252993584e-03
2.040138002485036850e-03
2.025103662163019180e-03
2.037864411249756813e-03
2.058087149634957314e-03
2.064759377390146255e-03
2.036540769040584564e-03
2.032024087384343147e-03
2.040527295321226120e-03
2.026863628998398781e-03
2.008792012929916382e-03
2.064740750938653946e-03
1.994467340409755707e-03
2.040217630565166473e-03
2.008921699598431587e-03
2.000778447836637497e-03
2.007550792768597603e-03
2.048707101494073868e-03
2.017343649640679359e-03
2.014841185882687569e-03
2.005474641919136047e-03
2.019818406552076340e-03
2.063078805804252625e-03
1.994855469092726707e-03
2.031932584941387177e-03
1.986743183806538582e-03
2.030766569077968597e-03
2.002132358029484749e-03
2.032943069934844971e-03
1.968618249520659447e-03
1.973879290744662285e-03
2.009662799537181854e-03
2.003573346883058548e-03
2.016729442402720451e-03
1.991651253774762154e-03
2.020843094214797020e-03
2.013013465330004692e-03
1.989407930523157120e-03
1.999690430238842964e-03
1.976412022486329079e-03
1.985082169994711876e-03
1.983362250030040741e-03
1.973198028281331062e-03
1.971841789782047272e-03
1.997843151912093163e-03
1.974066952243447304e-03
1.968913245946168900e-03
1.984069356694817543e-03
1.990358112379908562e-03
2.027672482654452324e-03
1.936240005306899548e-03
1.973517937585711479e-03
1.947626122273504734e-03
1.948830089531838894e-03
1.967010553926229477e-03
1.975940307602286339e-03
2.002090215682983398e-03
1.952397054992616177e-03
1.982155255973339081e-03
1.945289084687829018e-03
1.949434168636798859e-03
1.963028451427817345e-03
1.921530696563422680e-03
2.022074768319725990e-03
1.935831271111965179e-03
1.930582802742719650e-03
1.945510855875909328e-03
1.972241327166557312e-03
1.960709691047668457e-03
1.891634427011013031e-03
1.970142591744661331e-03
1.927314558997750282e-03
1.928291982039809227e-03
1.973173348233103752e-03
1.944080460816621780e-03
1.963932765647768974e-03
1.925227930769324303e-03
1.974265323951840401e-03
1.932233222760260105e-03
1.913544023409485817e-03
1.942346454598009586e-03
1.927327481098473072e-03
1.921985181979835033e-03
1.904990873299539089e-03
1.911871600896120071e-03
1.980193657800555229e-03
1.955141779035329819e-03
1.889447565190494061e-03
1.937186345458030701e-03
1.905155950225889683e-03
1.910589053295552731e-03
1.878630486316978931e-03
1.960547175258398056e-03
1.902204006910324097e-03
1.913807354867458344e-03
1.925711985677480698e-03
1.919058035127818584e-03
1.950871781446039677e-03
1.894393004477024078e-03
1.924135372973978519e-03
1.927495934069156647e-03
1.911712461151182652e-03
1.927163917571306229e-03
1.919486210681498051e-03
1.936249551363289356e-03
1.887619961053133011e-03
1.928321667946875095e-03
1.876657479442656040e-03
1.899780007079243660e-03
1.913088606670498848e-03
1.896112808026373386e-03
1.877498463727533817e-03
1.873817411251366138e-03
1.934810308739542961e-03
1.918739522807300091e-03
1.902671181596815586e-03
1.931068953126668930e-03
1.925848191604018211e-03
1.883160439319908619e-03
1.924664829857647419e-03
1.853753696195781231e-03
1.849032705649733543e-03
1.898665213957428932e-03
1.899267663247883320e-03
1.858153496868908405e-03
1.906897407025098801e-03
1.881169271655380726e-03
1.865447848103940487e-03
1.869909930974245071e-03
1.824215054512023926e-03
1.878035371191799641e-03
1.890119747258722782e-03
1.848746673204004765e-03
1.883237971924245358e-03
1.848332118242979050e-03
1.854141242802143097e-03
1.864024205133318901e-03
1.815518015064299107e-03
1.874074572697281837e-03
1.879645860753953457e-03
1.846074475906789303e-03
1.879897434264421463e-03
1.849945867434144020e-03
1.867115614004433155e-03
1.867897226475179195e-03
1.882490003481507301e-03
1.859366428107023239e-03
1.843360951170325279e-03
1.842442085035145283e-03
1.830362481996417046e-03
1.819675089791417122e-03
1.847667968831956387e-03
1.857748138718307018e-03
1.856846152804791927e-03
1.825139392167329788e-03
1.827373169362545013e-03
1.833481364883482456e-03
1.870720065198838711e-03
1.837585470639169216e-03
1.834738999605178833e-03
1.855968497693538666e-03
1.835622009821236134e-03
1.828654902055859566e-03
1.818689866922795773e-03
1.817890442907810211e-03
1.832308480516076088e-03
1.861662371084094048e-03
1.858893898315727711e-03
1.827595755457878113e-03
1.833876594901084900e-03
1.797692500986158848e-03
1.852733083069324493e-03
1.844364334829151630e-03
1.802243059501051903e-03
1.810547662898898125e-03
1.803241088055074215e-03
1.846509170718491077e-03
1.839862787164747715e-03
1.826782361604273319e-03
1.811105408705770969e-03
1.826356514357030392e-03
1.753398682922124863e-03
1.826577004976570606e-03
1.799888443201780319e-03
1.814102637581527233e-03
1.787685556337237358e-03
1.781314262188971043e-03
1.824284903705120087e-03
1.801084377802908421e-03
1.789947622455656528e-03
1.798299141228199005e-03
1.810682122595608234e-03
1.785836648195981979e-03
1.860347460024058819e-03
1.784139196388423443e-03
1.804186613298952579e-03
1.825263607315719128e-03
1.805673586204648018e-03
1.799857825972139835e-03
1.801071339286863804e-03
1.803748658858239651e-03
1.792185590602457523e-03
1.781767001375555992e-03
1.763024833053350449e-03
1.821004203520715237e-03
1.795242424122989178e-03
1.791551592759788036e-03
1.798945129849016666e-03
1.778896665200591087e-03
1.797246281057596207e-03
1.783344428986310959e-03
1.767125097103416920e-03
1.781829865649342537e-03
1.782125327736139297e-03
1.837076619267463684e-03
1.737265614792704582e-03
1.757126068696379662e-03
1.786973327398300171e-03
1.769241061992943287e-03
1.771053182892501354e-03
1.740358071401715279e-03
1.759160659275949001e-03
1.807265914976596832e-03
1.779053360223770142e-03
1.764586777426302433e-03
1.770901028066873550e-03
1.760601880960166454e-03
1.741774030961096287e-03
1.760964747518301010e-03
1.747558126226067543e-03
1.750488416291773319e-03
1.775806071236729622e-03
1.766936620697379112e-03
1.739280414767563343e-03
1.785064814612269402e-03
1.756859594024717808e-03
1.758310478180646896e-03
1.737193553708493710e-03
1.785326167009770870e-03
1.761481398716568947e-03
1.720946165733039379e-03
1.750405644997954369e-03
1.738195423968136311e-03
1.739867497235536575e-03
1.757156685926020145e-03
1.761253806762397289e-03
1.759466482326388359e-03
1.726568327285349369e-03
1.760554965585470200e-03
1.732053700834512711e-03
1.749565708450973034e-03
1.729196053929626942e-03
1.737030688673257828e-03
1.744197215884923935e-03
1.713989884592592716e-03
1.719426945783197880e-03
1.719071529805660248e-03
1.740744453854858875e-03
1.706338720396161079e-03
1.736862002871930599e-03
1.710104988887906075e-03
1.702131936326622963e-03
1.742423046380281448e-03
1.740769832395017147e-03
1.732154865749180317e-03
1.755618606694042683e-03
1.741356798447668552e-03
1.726229675114154816e-03
1.701529952697455883e-03
1.745756831951439381e-03
1.703999238088726997e-03
1.715012127533555031e-03
1.729319221340119839e-03
1.714440993964672089e-03
1.714326092042028904e-03
1.731448690406978130e-03
1.743077067658305168e-03
1.694846665486693382e-03
1.719400403089821339e-03
1.708460040390491486e-03
1.715988619253039360e-03
1.711919903755187988e-03
1.700778491795063019e-03
1.720540341921150684e-03
1.692839199677109718e-03
1.730959396809339523e-03
1.709063886664807796e-03
1.711293007247149944e-03
1.678830478340387344e-03
1.689659780822694302e-03
1.698623527772724628e-03
1.717380248010158539e-03
1.728627248667180538e-03
1.699614222161471844e-03
1.727816299535334110e-03
1.687662093900144100e-03
1.707620336674153805e-03
1.687332522124052048e-03
1.678592059761285782e-03
1.713375910185277462e-03
1.689615426585078239e-03
1.705590519122779369e-03
1.672856276854872704e-03
1.706377021037042141e-03
1.661349437199532986e-03
1.667257049120962620e-03
1.678821863606572151e-03
1.701039145700633526e-03
1.695400569587945938e-03
1.641914248466491699e-03
1.711820717900991440e-03
1.697013969533145428e-03
1.657960237935185432e-03
1.690700068138539791e-03
1.695658080279827118e-03
1.679668785072863102e-03
1.659083412960171700e-03
1.661282381974160671e-03
1.714780344627797604e-03
1.702335779555141926e-03
1.696048886515200138e-03
1.654133666306734085e-03
1.662357826717197895e-03
1.685375696979463100e-03
1.674880855716764927e-03
1.678036060184240341e-03
1.670313649810850620e-03
1.655129482969641685e-03
1.680213958024978638e-03
1.688877469860017300e-03
1.643152674660086632e-03
1.689567114226520061e-03
1.667449832893908024e-03
1.650800229981541634e-03
1.610713661648333073e-03
1.650953432545065880e-03
1.680813147686421871e-03
1.638659508898854256e-03
1.649813377298414707e-03
1.643078168854117393e-03
1.652774284593760967e-03
1.645394368097186089e-03
1.674453262239694595e-03
1.638282323256134987e-03
1.658412977121770382e-03
1.650130958296358585e-03
1.636290107853710651e-03
1.668250886723399162e-03
1.671724487096071243e-03
1.654559979215264320e-03
1.658061635680496693e-03
1.648616162128746510e-03
1.651413622312247753e-03
1.660512178204953671e-03
1.650472637265920639e-03
1.670845784246921539e-03
1.624502707272768021e-03
1.642017625272274017e-03
1.667068339884281158e-03
1.660818466916680336e-03
1.615994609892368317e-03
1.637595007196068764e-03
1.630262238904833794e-03
1.645394600927829742e-03
1.629408681765198708e-03
1.628748257644474506e-03
1.613895408809185028e-03
1.617041300050914288e-03
1.614511013031005859e-03
1.613775384612381458e-03
1.640613074414432049e-03
1.646894612349569798e-03
1.612985739484429359e-03
1.605342375114560127e-03
1.597811700776219368e-03
1.622723764739930630e-03
1.629251055419445038e-03
1.627648714929819107e-03
1.639047521166503429e-03
1.621725270524621010e-03
1.615264103747904301e-03
1.635421882383525372e-03
1.648529549129307270e-03
1.626086188480257988e-03
1.602390315383672714e-03
1.597845228388905525e-03
1.649336190894246101e-03
1.626708777621388435e-03
1.585558871738612652e-03
1.615451299585402012e-03
1.616854686290025711e-03
1.620790688320994377e-03
1.588793704286217690e-03
1.595498411916196346e-03
1.602614764124155045e-03
1.591074746102094650e-03
1.597267459146678448e-03
1.596416579559445381e-03
1.617654925212264061e-03
1.595925306901335716e-03
1.595475361682474613e-03
1.599234761670231819e-03
1.606159261427819729e-03
1.586197409778833389e-03
1.600633142516016960e-03
1.606503501534461975e-03
1.603043521754443645e-03
1.585724065080285072e-03
1.585651538334786892e-03
1.597550814040005207e-03
1.591530512087047100e-03
1.585387857630848885e-03
1.592454616911709309e-03
1.598916831426322460e-03
1.614442327991127968e-03
1.600008923560380936e-03
1.559888478368520737e-03
1.585313351824879646e-03
1.593027613125741482e-03
1.610126229934394360e-03
1.567965024150907993e-03
1.582300523295998573e-03
1.579788513481616974e-03
1.574736903421580791e-03
1.572663430124521255e-03
1.589913154020905495e-03
1.572793815284967422e-03
1.581317279487848282e-03
1.560363103635609150e-03
1.579992473125457764e-03
1.603567274287343025e-03
1.559212803840637207e-03
1.563337631523609161e-03
1.572140259668231010e-03
1.606723992154002190e-03
1.564584090374410152e-03
1.565920538268983364e-03
1.563508179970085621e-03
1.572575070895254612e-03
1.588381011970341206e-03
1.581260003149509430e-03
1.557132345624268055e-03
1.563216093927621841e-03
1.561056240461766720e-03
1.552770612761378288e-03
1.580698182806372643e-03
1.547162537463009357e-03
1.557732466608285904e-03
1.568613573908805847e-03
1.552113797515630722e-03
1.551678869873285294e-03
1.575908507220447063e-03
1.566414954140782356e-03
1.555696129798889160e-03
1.572221866808831692e-03
1.563368830829858780e-03
1.549938344396650791e-03
1.540817786008119583e-03
1.526907435618340969e-03
1.557015115395188332e-03
1.583697507157921791e-03
1.547654974274337292e-03
1.540536992251873016e-03
1.543365768156945705e-03
1.524389255791902542e-03
1.555040711537003517e-03
1.544298022054135799e-03
1.551528461277484894e-03
1.528160530142486095e-03
1.539406133815646172e-03
1.576120848767459393e-03
1.547286170534789562e-03
1.526466105133295059e-03
1.528304070234298706e-03
1.544289290904998779e-03
1.535726827569305897e-03
1.528952736407518387e-03
1.535741612315177917e-03
1.530297799035906792e-03
1.523999264463782310e-03
1.517409808002412319e-03
1.510206260718405247e-03
1.546087558381259441e-03
1.572735956870019436e-03
1.534928334876894951e-03
1.509065739810466766e-03
1.499246223829686642e-03
1.545657170936465263e-03
1.534025883302092552e-03
1.543215592391788960e-03
1.543941791169345379e-03
1.539448276162147522e-03
1.501950901001691818e-03
1.497736084274947643e-03
1.529513509012758732e-03
1.530003501102328300e-03
1.510457834228873253e-03
1.509619527496397495e-03
1.512993825599551201e-03
1.517123193480074406e-03
1.523926737718284130e-03
1.501366728916764259e-03
1.524366321973502636e-03
1.508698333054780960e-03
1.538794953376054764e-03
1.481378218159079552e-03
1.520085381343960762e-03
1.532907946966588497e-03
1.500539830885827541e-03
1.512221526354551315e-03
1.497825141996145248e-03
1.527087413705885410e-03
1.511022099293768406e-03
1.508874935097992420e-03
1.515711890533566475e-03
1.486145076341927052e-03
1.500204438343644142e-03
1.516945078037679195e-03
1.503169420175254345e-03
1.487185480073094368e-03
1.513824798166751862e-03
1.562007004395127296e-03
1.500601414591073990e-03
1.507803448475897312e-03
1.496323151513934135e-03
1.504999003373086452e-03
1.474265358410775661e-03
1.489359186962246895e-03
1.481612329371273518e-03
1.485715038143098354e-03
1.499368227086961269e-03
1.479565515182912350e-03
1.503984094597399235e-03
1.477464800700545311e-03
1.507162931375205517e-03
1.490250695496797562e-03
1.456320169381797314e-03
1.491807634010910988e-03
1.513897441327571869e-03
1.468818401917815208e-03
1.476791803725063801e-03
1.484838197939097881e-03
1.485300483182072639e-03
1.494923606514930725e-03
1.475986791774630547e-03
1.497357967309653759e-03
1.509452471509575844e-03
1.466890447773039341e-03
1.469994545914232731e-03
1.486508990637958050e-03
1.473118783906102180e-03
1.480507897213101387e-03
1.472850795835256577e-03
1.459493301808834076e-03
1.478262594901025295e-03
1.486637745983898640e-03
1.458719256334006786e-03
1.437767292372882366e-03
1.469052163884043694e-03
1.500046229921281338e-03
1.461497158743441105e-03
1.476980047300457954e-03
1.473568729124963284e-03
1.474651508033275604e-03
1.468484406359493732e-03
1.458965591154992580e-03
1.474196556955575943e-03
1.445600646547973156e-03
1.465603476390242577e-03
1.491081900894641876e-03
1.447585760615766048e-03
1.462433487176895142e-03
1.467014430090785027e-03
1.475357334129512310e-03
1.480146078392863274e-03
1.467285677790641785e-03
1.470761490054428577e-03
1.472001196816563606e-03
1.443407032638788223e-03
1.488491659983992577e-03
1.466404297389090061e-03
1.454912708140909672e-03
1.450991490855813026e-03
1.452779979445040226e-03
1.454641693271696568e-03
1.465530716814100742e-03
1.477214507758617401e-03
1.447113463655114174e-03
1.442558947019279003e-03
1.462070737034082413e-03
1.436645397916436195e-03
1.461400068365037441e-03
1.457706792280077934e-03
1.436080783605575562e-03
1.456856611184775829e-03
1.437328290194272995e-03
1.438535982742905617e-03
1.447802176699042320e-03
1.449406263418495655e-03
1.450121286325156689e-03
1.454647397622466087e-03
1.427770825102925301e-03
1.448048278689384460e-03
1.464223838411271572e-03
1.436161575838923454e-03
1.430030330084264278e-03
1.440678257495164871e-03
1.438627135939896107e-03
1.449030241928994656e-03
1.429667579941451550e-03
1.450339448638260365e-03
1.416874234564602375e-03
1.431185402907431126e-03
1.427948591299355030e-03
1.441063592210412025e-03
1.434085541404783726e-03
1.445942441932857037e-03
1.444441499188542366e-03
1.445202506147325039e-03
1.410643453709781170e-03
1.413428806699812412e-03
1.411043340340256691e-03
1.427599578164517879e-03
1.434681704267859459e-03
1.426336821168661118e-03
1.401760266162455082e-03
1.437827595509588718e-03
1.443665008991956711e-03
1.418402651324868202e-03
1.402130234055221081e-03
1.418235013261437416e-03
1.441127154976129532e-03
1.413257909007370472e-03
1.425655791535973549e-03
1.398169202730059624e-03
1.407510600984096527e-03
1.420682296156883240e-03
1.442806213162839413e-03
1.407346921041607857e-03
1.418676576577126980e-03
1.417545019648969173e-03
1.409615390002727509e-03
1.405782066285610199e-03
1.395103987306356430e-03
1.417490304447710514e-03
1.396368606947362423e-03
1.397539512254297733e-03
1.396474312059581280e-03
1.408715615980327129e-03
1.413105288520455360e-03
1.419942709617316723e-03
1.390315243043005466e-03
1.412202720530331135e-03
1.439914689399302006e-03
1.417375286109745502e-03
1.413019839674234390e-03
1.404768787324428558e-03
1.402372028678655624e-03
1.409298856742680073e-03
1.405941322445869446e-03
1.401787623763084412e-03
1.407056814059615135e-03
1.417146413587033749e-03
1.373411505483090878e-03
1.392958802171051502e-03
1.390555757097899914e-03
1.414941274560987949e-03
1.383610302582383156e-03
1.422116300091147423e-03
1.395582337863743305e-03
1.394383376464247704e-03
1.399035449139773846e-03
1.376865431666374207e-03
1.386401941999793053e-03
1.372727914713323116e-03
1.397908665239810944e-03
1.389327808283269405e-03
1.405129325576126575e-03
1.401866553351283073e-03
1.378310727886855602e-03
1.377785578370094299e-03
1.388265751302242279e-03
1.389039796777069569e-03
1.371145830489695072e-03
1.385644543915987015e-03
1.377252861857414246e-03
1.403188682161271572e-03
1.370309153571724892e-03
1.389269833452999592e-03
1.373058301396667957e-03
1.350255683064460754e-03
1.397877582348883152e-03
1.377214561216533184e-03
1.383460243232548237e-03
1.353657222352921963e-03
1.420142943970859051e-03
1.373649109154939651e-03
1.386553747579455376e-03
1.366099808365106583e-03
1.360004418529570103e-03
1.383717521093785763e-03
1.386142685078084469e-03
1.369647798128426075e-03
1.350524951703846455e-03
1.382344053126871586e-03
1.375686028040945530e-03
1.372406142763793468e-03
1.366038341075181961e-03
1.365730888210237026e-03
1.368666999042034149e-03
1.381327048875391483e-03
1.356328837573528290e-03
1.334122964181005955e-03
1.370343496091663837e-03
1.382253947667777538e-03
1.360007328912615776e-03
1.372655504383146763e-03
1.380174653604626656e-03
1.374103710986673832e-03
1.355015439912676811e-03
1.356043620035052299e-03
1.390884397551417351e-03
1.357060624286532402e-03
1.364814583212137222e-03
1.351869083009660244e-03
1.340628019534051418e-03
1.360787427984178066e-03
1.336345332674682140e-03
1.379668363370001316e-03
1.361262635327875614e-03
1.336890389211475849e-03
1.376749714836478233e-03
1.330732950009405613e-03
1.350150094367563725e-03
1.347367884591221809e-03
1.332519343122839928e-03
1.348972436971962452e-03
1.358736306428909302e-03
1.372077269479632378e-03
1.346852513961493969e-03
1.346001517958939075e-03
1.351647078990936279e-03
1.327647129073739052e-03
1.361145521514117718e-03
1.334408763796091080e-03
1.329910708591341972e-03
1.341522205621004105e-03
1.340887392871081829e-03
1.354533480480313301e-03
1.340099493972957134e-03
1.327187754213809967e-03
1.343880314379930496e-03
1.337174559012055397e-03
1.333809574134647846e-03
1.377992448396980762e-03
1.327579258941113949e-03
1.340273418463766575e-03
1.333366381004452705e-03
1.310341875068843365e-03
1.345615717582404613e-03
1.333641353994607925e-03
1.346239354461431503e-03
1.329843071289360523e-03
1.341816270723938942e-03
1.337369554676115513e-03
1.327009638771414757e-03
1.340682501904666424e-03
1.315254252403974533e-03
1.320395967923104763e-03
1.351598999463021755e-03
1.333381165750324726e-03
1.310453168116509914e-03
1.332764164544641972e-03
1.328095793724060059e-03
1.330433879047632217e-03
1.318285125307738781e-03
1.298151561059057713e-03
1.305842772126197815e-03
1.322107505984604359e-03
1.303217955864965916e-03
1.313059590756893158e-03
1.340477028861641884e-03
1.326913479715585709e-03
1.326687866821885109e-03
1.289360923692584038e-03
1.325444900430738926e-03
1.342088566161692142e-03
1.295148045755922794e-03
1.285897684283554554e-03
1.305794576182961464e-03
1.337816123850643635e-03
1.309874700382351875e-03
1.286624115891754627e-03
1.310192397795617580e-03
1.330279628746211529e-03
1.325950957834720612e-03
1.306383986957371235e-03
1.293712877668440342e-03
1.330831553786993027e-03
1.314468798227608204e-03
1.312789041548967361e-03
1.337355584837496281e-03
1.339363283477723598e-03
1.294967019930481911e-03
1.313662854954600334e-03
1.298713381402194500e-03
1.303631346672773361e-03
1.302624121308326721e-03
1.294798683375120163e-03
1.286446000449359417e-03
1.322258845902979374e-03
1.309395534917712212e-03
1.302891992963850498e-03
1.313414191827178001e-03
1.298609306104481220e-03
1.294064219109714031e-03
1.300628529861569405e-03
1.313120126724243164e-03
1.271711545996367931e-03
1.305701211094856262e-03
1.323534524999558926e-03
1.292546861805021763e-03
1.291319495067000389e-03
1.292327768169343472e-03
1.293956651352345943e-03
1.293510780669748783e-03
1.299544819630682468e-03
1.294590532779693604e-03
1.298556220717728138e-03
1.295714289881289005e-03
1.297568203881382942e-03
1.317614107392728329e-03
1.275544986128807068e-03
1.300686155445873737e-03
1.271753339096903801e-03
1.279722782783210278e-03
1.285784179344773293e-03
1.278905663639307022e-03
1.302415039390325546e-03
1.288940780796110630e-03
1.289396081119775772e-03
1.270378823392093182e-03
1.284102094359695911e-03
1.314372639171779156e-03
1.284369034692645073e-03
1.291134394705295563e-03
1.276996335946023464e-03
1.283834571950137615e-03
1.296987407840788364e-03
1.274627633392810822e-03
1.262828707695007324e-03
1.282397308386862278e-03
1.267218613065779209e-03
1.303941244259476662e-03
1.269139116629958153e-03
1.259716576896607876e-03
1.277751987800002098e-03
1.259326585568487644e-03
1.288989908061921597e-03
1.291900756768882275e-03
1.279189717024564743e-03
1.262193545699119568e-03
1.269265776500105858e-03
1.289271051064133644e-03
1.262372825294733047e-03
1.263053854927420616e-03
1.270003500394523144e-03
1.258874894119799137e-03
1.275573042221367359e-03
1.282000681385397911e-03
1.267805579118430614e-03
1.286831102333962917e-03
1.278392272070050240e-03
1.273678732104599476e-03
1.269473228603601456e-03
1.282730605453252792e-03
1.297683687880635262e-03
1.260841032490134239e-03
1.265851082280278206e-03
1.249719643965363503e-03
1.259893295355141163e-03
1.258328789845108986e-03
1.255679409950971603e-03
1.279397401958703995e-03
1.261097728274762630e-03
1.259837183170020580e-03
1.259446260519325733e-03
1.265083905309438705e-03
1.273346948437392712e-03
1.250264002010226250e-03
1.235417788848280907e-03
1.263770624063909054e-03
1.273570931516587734e-03
1.244433689862489700e-03
1.254581962712109089e-03
1.247819047421216965e-03
1.262187608517706394e-03
1.244671060703694820e-03
1.256786403246223927e-03
1.261423341929912567e-03
1.254783244803547859e-03
1.272350898943841457e-03
1.260631834156811237e-03
1.253331080079078674e-03
1.272811437956988811e-03
1.252524671144783497e-03
1.241688150912523270e-03
1.255337847396731377e-03
1.254196627996861935e-03
1.251146430149674416e-03
1.223584287799894810e-03
1.260327408090233803e-03
1.267576124519109726e-03
1.233327900990843773e-03
1.223179162479937077e-03
1.233946997672319412e-03
1.257821335457265377e-03
1.255340059287846088e-03
1.250389032065868378e-03
1.254406874068081379e-03
1.258037751540541649e-03
1.221426296979188919e-03
1.252739224582910538e-03
1.257053110748529434e-03
1.246839878149330616e-03
1.230996800586581230e-03
1.218731864355504513e-03
1.246124971657991409e-03
1.250912784598767757e-03
1.240021316334605217e-03
1.246398314833641052e-03
1.233761897310614586e-03
1.238170545548200607e-03
1.244828337803483009e-03
1.239111297763884068e-03
1.242603524588048458e-03
1.238700351677834988e-03
1.238320255652070045e-03
1.239512232132256031e-03
1.234585419297218323e-03
1.236294861882925034e-03
1.256360206753015518e-03
1.229594578035175800e-03
1.229934045113623142e-03
1.230925554409623146e-03
1.239552511833608150e-03
1.203989610075950623e-03
1.252098125405609608e-03
1.233479822985827923e-03
1.248147338628768921e-03
1.200398313812911510e-03
1.221343292854726315e-03
1.223332714289426804e-03
1.234035007655620575e-03
1.216261880472302437e-03
1.226362655870616436e-03
1.240081386640667915e-03
1.219258294440805912e-03
1.228168839588761330e-03
1.229447661899030209e-03
1.215667813085019588e-03
1.220511272549629211e-03
1.227958244271576405e-03
1.215206575579941273e-03
1.212508883327245712e-03
1.200734637677669525e-03
1.228812732733786106e-03
1.215853029862046242e-03
1.227770932018756866e-03
1.199534512124955654e-03
1.226546126417815685e-03
1.245066989213228226e-03
1.211481867358088493e-03
1.201651059091091156e-03
1.244282000698149204e-03
1.207464956678450108e-03
1.203018939122557640e-03
1.201714971102774143e-03
1.236434909515082836e-03
1.213402021676301956e-03
1.204105559736490250e-03
1.208477071486413479e-03
1.206782995723187923e-03
1.214799121953547001e-03
1.217381912283599377e-03
1.204071682877838612e-03
1.226952765136957169e-03
1.210419926792383194e-03
1.195740886032581329e-03
1.219063880853354931e-03
1.216888078488409519e-03
1.219085417687892914e-03
1.195244141854345798e-03
1.217740005813539028e-03
1.229401212185621262e-03
1.216669217683374882e-03
1.210678019560873508e-03
1.209717476740479469e-03
1.207107328809797764e-03
1.213040784932672977e-03
1.203750027343630791e-03
1.198977814055979252e-03
1.204080879688262939e-03
1.217737677507102489e-03
1.206085900776088238e-03
1.192575320601463318e-03
1.210560672916471958e-03
1.190062263049185276e-03
1.205291366204619408e-03
1.201060833409428596e-03
1.177605474367737770e-03
1.226847292855381966e-03
1.197365694679319859e-03
1.189788454212248325e-03
1.194714917801320553e-03
1.193489530123770237e-03
1.194587093777954578e-03
1.214753137901425362e-03
1.199556980282068253e-03
1.170600065961480141e-03
1.195917604491114616e-03
1.181776635348796844e-03
1.187082380056381226e-03
1.200078986585140228e-03
1.190005335956811905e-03
1.177791273221373558e-03
1.183964777737855911e-03
1.196316210553050041e-03
1.192484400235116482e-03
1.176990685053169727e-03
1.200607744976878166e-03
1.204317901283502579e-03
1.171370153315365314e-03
1.167029375210404396e-03
1.191691262647509575e-03
1.193682430312037468e-03
1.196311204694211483e-03
1.183273503556847572e-03
1.178709557279944420e-03
1.175871817395091057e-03
1.217859797179698944e-03
1.184178632684051991e-03
1.167654874734580517e-03
1.180566847324371338e-03
1.166891539469361305e-03
1.185495057143270969e-03
1.189895905554294586e-03
1.203576917760074139e-03
1.167332753539085388e-03
1.187348738312721252e-03
1.173524069599807262e-03
1.181999337859451771e-03
1.187123125419020653e-03
1.170657924376428127e-03
1.183618558570742607e-03
1.183610060252249241e-03
1.162042841315269470e-03
1.170332310721278191e-03
1.158571336418390274e-03
1.175800687633454800e-03
1.190851558931171894e-03
1.181232742965221405e-03
1.159427571110427380e-03
1.180211664177477360e-03
1.158077851869165897e-03
1.171851996332406998e-03
1.164933783002197742e-03
1.180027262307703495e-03
1.168875023722648621e-03
1.164461718872189522e-03
1.145783346146345139e-03
1.145602203905582428e-03
1.170173287391662598e-03
1.172658870927989483e-03
1.188657712191343307e-03
1.163862412795424461e-03
1.188706024549901485e-03
1.151667558588087559e-03
1.154743833467364311e-03
1.171819865703582764e-03
1.173356431536376476e-03
1.145059475675225258e-03
1.165371271781623363e-03
1.148593961261212826e-03
1.179600018076598644e-03
1.157810213044285774e-03
1.156349782831966877e-03
1.157599617727100849e-03
1.155003206804394722e-03
1.169068855233490467e-03
1.174810924567282200e-03
1.164857414551079273e-03
1.170045114122331142e-03
1.160061568953096867e-03
1.167454873211681843e-03
1.148671843111515045e-03
1.161554246209561825e-03
1.168748829513788223e-03
1.162472530268132687e-03
1.146570080891251564e-03
1.155794248916208744e-03
1.159708364866673946e-03
1.159921754151582718e-03
1.160362036898732185e-03
1.164133427664637566e-03
1.147052040323615074e-03
1.145702088251709938e-03
1.160723972134292126e-03
1.138661406002938747e-03
1.150220981799066067e-03
1.149692339822649956e-03
1.152098760940134525e-03
1.149015733972191811e-03
1.164552639238536358e-03
1.145752379670739174e-03
1.161097316071391106e-03
1.185152563266456127e-03
1.158027211204171181e-03
1.133751240558922291e-03
1.138369203545153141e-03
1.147527946159243584e-03
1.134983962401747704e-03
1.154169207438826561e-03
1.142669934779405594e-03
1.135451602749526501e-03
1.149043906480073929e-03
1.139100524596869946e-03
1.155648380517959595e-03
1.137940445914864540e-03
1.157526043243706226e-03
1.145952031947672367e-03
1.149368938058614731e-03
1.149907708168029785e-03
1.132398610934615135e-03
1.132781966589391232e-03
1.139569794759154320e-03
1.135859987698495388e-03
1.127246418036520481e-03
1.131020952016115189e-03
1.144903711974620819e-03
1.156123704276978970e-03
1.157872611656785011e-03
1.145620015449821949e-03
1.142899389378726482e-03
1.136474544182419777e-03
1.119864522479474545e-03
1.137836370617151260e-03
1.127645839005708694e-03
1.127714058384299278e-03
1.146803493611514568e-03
1.135180587880313396e-03
1.136201899498701096e-03
1.131717464886605740e-03
1.138735911808907986e-03
1.126834307797253132e-03
1.122443471103906631e-03
1.121539389714598656e-03
1.120936125516891479e-03
1.119297230616211891e-03
1.145048183389008045e-03
1.136585371568799019e-03
1.115036895498633385e-03
1.130949589423835278e-03
1.148019335232675076e-03
1.118604326620697975e-03
1.122247893363237381e-03
1.120861852541565895e-03
1.119182561524212360e-03
1.124408212490379810e-03
1.116825966164469719e-03
1.148008159361779690e-03
1.111832680180668831e-03
1.145909423939883709e-03
1.115082064643502235e-03
1.121524255722761154e-03
1.106220413930714130e-03
1.119723427109420300e-03
1.145813032053411007e-03
1.115058315917849541e-03
1.118096872232854366e-03
1.124739064835011959e-03
1.116640283726155758e-03
1.117108855396509171e-03
1.118140644393861294e-03
1.113056554459035397e-03
1.122559886425733566e-03
1.115019200369715691e-03
1.108885393477976322e-03
1.114079030230641365e-03
1.106591895222663879e-03
1.117228297516703606e-03
1.132296631112694740e-03
1.115316990762948990e-03
1.095542451366782188e-03
1.104184309951961040e-03
1.140886219218373299e-03
1.117644598707556725e-03
1.109480275772511959e-03
1.127684372477233410e-03
1.125180511735379696e-03
1.099703600630164146e-03
1.119404099881649017e-03
1.125633949413895607e-03
1.127934781834483147e-03
1.121452543884515762e-03
1.104546012356877327e-03
1.113019650802016258e-03
1.115796389058232307e-03
1.125229639001190662e-03
1.109999604523181915e-03
1.114729442633688450e-03
1.104662311263382435e-03
1.103325397707521915e-03
1.092617865651845932e-03
1.114413491450250149e-03
1.110760029405355453e-03
1.119937049224972725e-03
1.114866463467478752e-03
1.088515506125986576e-03
1.114103593863546848e-03
1.114964019507169724e-03
1.093199243769049644e-03
1.104742521420121193e-03
1.100326771847903728e-03
1.102402107790112495e-03
1.112176687456667423e-03
1.108723809011280537e-03
1.093827304430305958e-03
1.094841398298740387e-03
1.094093197025358677e-03
1.096926163882017136e-03
1.110671553760766983e-03
1.107259886339306831e-03
1.088296761736273766e-03
1.094572013244032860e-03
1.120742061175405979e-03
1.110059325583279133e-03
1.107669086195528507e-03
1.087705721147358418e-03
1.081507652997970581e-03
1.117437728680670261e-03
1.076515065506100655e-03
1.063590403646230698e-03
1.099299988709390163e-03
1.095016952604055405e-03
1.096771098673343658e-03
1.094680163078010082e-03
1.096122316084802151e-03
1.088318531401455402e-03
1.092971302568912506e-03
1.095436280593276024e-03
1.073419349268078804e-03
1.082121161743998528e-03
1.103892922401428223e-03
1.094381441362202168e-03
1.089301076717674732e-03
1.096386695280671120e-03
1.088860793970525265e-03
1.089259050786495209e-03
1.092901336960494518e-03
1.079768291674554348e-03
1.106510055251419544e-03
1.069335616193711758e-03
1.103339949622750282e-03
1.080718240700662136e-03
1.090278499759733677e-03
1.085793599486351013e-03
1.104659051634371281e-03
1.092657446861267090e-03
1.086042844690382481e-03
1.104109804145991802e-03
1.067314529791474342e-03
1.078713918104767799e-03
1.083020004443824291e-03
1.082255155779421329e-03
1.071170670911669731e-03
1.082049566321074963e-03
1.070720027200877666e-03
1.089484081603586674e-03
1.058139023371040821e-03
1.082960283383727074e-03
1.086589996702969074e-03
1.087539596483111382e-03
1.072593382559716702e-03
1.085754018276929855e-03
1.077020540833473206e-03
1.090878038667142391e-03
1.079219859093427658e-03
1.073913532309234142e-03
1.075133564881980419e-03
1.075012609362602234e-03
1.089947880245745182e-03
1.098483218811452389e-03
1.065173186361789703e-03
1.067886594682931900e-03
1.057654502801597118e-03
1.085981959477066994e-03
1.093484577722847462e-03
1.062652561813592911e-03
1.069805002771317959e-03
1.064661075361073017e-03
1.090814475901424885e-03
1.077643712051212788e-03
1.063082367181777954e-03
1.063810312189161777e-03
1.078590983524918556e-03
1.095749088563024998e-03
1.062373979948461056e-03
1.062525785528123379e-03
1.068529789336025715e-03
1.070620841346681118e-03
1.068990211933851242e-03
1.071157515980303288e-03
1.072507817298173904e-03
1.097610336728394032e-03
1.068484387360513210e-03
1.069966703653335571e-03
1.076111104339361191e-03
1.062745228409767151e-03
1.061503193341195583e-03
1.062499824911355972e-03
1.065142685547471046e-03
1.047849073074758053e-03
1.062283175997436047e-03
1.062118681147694588e-03
1.080227084457874298e-03
1.045137294568121433e-03
1.073787105269730091e-03
1.055463682860136032e-03
1.066083088517189026e-03
1.068080309778451920e-03
1.067439094185829163e-03
1.062279334291815758e-03
1.077875262126326561e-03
1.071563689038157463e-03
1.063460600562393665e-03
1.079841284081339836e-03
1.051790430210530758e-03
1.037106500007212162e-03
1.058218535035848618e-03
1.068409183062613010e-03
1.067509176209568977e-03
1.057484420016407967e-03
1.042883843183517456e-03
1.054074964486062527e-03
1.047270721755921841e-03
1.048967707902193069e-03
1.063378527760505676e-03
1.056574750691652298e-03
1.057182787917554379e-03
1.042984775267541409e-03
1.065940479747951031e-03
1.056892913766205311e-03
1.051223604008555412e-03
1.042357645928859711e-03
1.050731516443192959e-03
1.060543814674019814e-03
1.054898370057344437e-03
1.057612360455095768e-03
1.037430949509143829e-03
1.054924912750720978e-03
1.045560929924249649e-03
1.050068414770066738e-03
1.052945037372410297e-03
1.036393805406987667e-03
1.049006008543074131e-03
1.045482815243303776e-03
1.051830942742526531e-03
1.049988204613327980e-03
1.047692145220935345e-03
1.051932224072515965e-03
1.045885263010859489e-03
1.060241018421947956e-03
1.047795172780752182e-03
1.068585552275180817e-03
1.055659144185483456e-03
1.045673154294490814e-03
1.041098381392657757e-03
1.039008260704576969e-03
1.038457034155726433e-03
1.055746921338140965e-03
1.029467210173606873e-03
1.058120280504226685e-03
1.028125756420195103e-03
1.025929348543286324e-03
1.054827356711030006e-03
1.026215497404336929e-03
1.062488765455782413e-03
1.027901540510356426e-03
1.048771431669592857e-03
1.031019375659525394e-03
1.053824438713490963e-03
1.040701055899262428e-03
1.042581629008054733e-03
1.031885505653917789e-03
1.041221898049116135e-03
1.038524555042386055e-03
1.036933506838977337e-03
1.056968816556036472e-03
1.041110954247415066e-03
1.028507482260465622e-03
1.033021369948983192e-03
1.020546536892652512e-03
1.040518167428672314e-03
1.029605511575937271e-03
1.025529927574098110e-03
1.028950209729373455e-03
1.037682755850255489e-03
1.039621536619961262e-03
1.037691137753427029e-03
1.035856665112078190e-03
1.033602980896830559e-03
1.023020478896796703e-03
1.046741497702896595e-03
1.027360907755792141e-03
1.028255326673388481e-03
1.024893950670957565e-03
1.021599513478577137e-03
1.027874532155692577e-03
1.021997304633259773e-03
1.031206338666379452e-03
1.023267977871000767e-03
1.046344405040144920e-03
1.027241698466241360e-03
1.025199424475431442e-03
1.018858165480196476e-03
1.011481159366667271e-03
1.025728648528456688e-03
1.028241822496056557e-03
1.016695052385330200e-03
1.025938079692423344e-03
1.027164398692548275e-03
1.037363079376518726e-03
1.022984622977674007e-03
1.023076358251273632e-03
1.009225496090948582e-03
1.008725375868380070e-03
1.026290701702237129e-03
1.034336281009018421e-03
1.033562701195478439e-03
1.023338991217315197e-03
1.030737650580704212e-03
1.022741082124412060e-03
1.020257826894521713e-03
1.021547242999076843e-03
1.028176047839224339e-03
1.027540885843336582e-03
1.026692101731896400e-03
1.026171958073973656e-03
1.012895954772830009e-03
1.001729047857224941e-03
1.025121076963841915e-03
1.018189243040978909e-03
1.027798512950539589e-03
1.029536826536059380e-03
1.020304160192608833e-03
1.008494873531162739e-03
1.013414352200925350e-03
1.001272001303732395e-03
1.021265634335577488e-03
1.013940549455583096e-03
1.025368343107402325e-03
1.004351768642663956e-03
1.021597185172140598e-03
1.010317821055650711e-03
1.002801349386572838e-03
1.015319139696657658e-03
1.018483308143913746e-03
1.023753779008984566e-03
1.006811973638832569e-03
1.025432138703763485e-03
1.003348850645124912e-03
1.013233442790806293e-03
1.013341709040105343e-03
9.883114835247397423e-04
1.006682752631604671e-03
1.012345543131232262e-03
9.993944549933075905e-04
1.023240387439727783e-03
1.008700346574187279e-03
1.016059657558798790e-03
9.952296968549489975e-04
9.980766335502266884e-04
1.014836248941719532e-03
1.003971672616899014e-03
9.963981574401259422e-04
9.917331626638770103e-04
1.003863522782921791e-03
1.012885477393865585e-03
9.988930542021989822e-04
9.939398150891065598e-04
1.004870980978012085e-03
1.015191664919257164e-03
9.948374936357140541e-04
9.893887909129261971e-04
1.012628315947949886e-03
9.883110178634524345e-04
1.012310385704040527e-03
1.003247802145779133e-03
1.014983397908508778e-03
1.007047947496175766e-03
9.793923236429691315e-04
1.005551195703446865e-03
9.989930549636483192e-04
1.016895635984838009e-03
1.005003345198929310e-03
9.919819422066211700e-04
9.993759449571371078e-04
1.000212621875107288e-03
1.009154249913990498e-03
1.000684569589793682e-03
9.873772505670785904e-04
9.912578389048576355e-04
9.985469514504075050e-04
9.915801929309964180e-04
9.965138742700219154e-04
1.021445728838443756e-03
9.895488619804382324e-04
1.007859827950596809e-03
9.969689417630434036e-04
9.904770413413643837e-04
1.005025929771363735e-03
9.874908719211816788e-04
9.971387917175889015e-04
9.808191098272800446e-04
1.011777436360716820e-03
9.924066253006458282e-04
1.019278424791991711e-03
9.903160389512777328e-04
9.791669435799121857e-04
9.732460021041333675e-04
9.948055958375334740e-04
1.000366872176527977e-03
1.004871097393333912e-03
1.005991245619952679e-03
9.845354361459612846e-04
9.875328978523612022e-04
1.009203027933835983e-03
9.855902753770351410e-04
9.746653377078473568e-04
9.959872113540768623e-04
9.813816286623477936e-04
9.796770755201578140e-04
9.816000238060951233e-04
9.799860417842864990e-04
9.814264485612511635e-04
1.007779734209179878e-03
9.695041226223111153e-04
9.960959432646632195e-04
1.007649116218090057e-03
9.831838542595505714e-04
9.746747091412544250e-04
9.913435205817222595e-04
9.866376640275120735e-04
9.859367273747920990e-04
9.757265215739607811e-04
9.798378450796008110e-04
9.843440493568778038e-04
9.610664565116167068e-04
9.824103908613324165e-04
9.893240639939904213e-04
9.854073869064450264e-04
9.782195556908845901e-04
9.823788423091173172e-04
9.739986853674054146e-04
9.904637699946761131e-04
9.849142516031861305e-04
9.802625281736254692e-04
9.952217806130647659e-04
9.799918625503778458e-04
9.902640013024210930e-04
9.637183975428342819e-04
9.747702861204743385e-04
9.734987397678196430e-04
9.796865051612257957e-04
9.764406131580471992e-04
9.774601785466074944e-04
9.749323362484574318e-04
1.003094715997576714e-03
9.679319919086992741e-04
9.650544961914420128e-04
9.722983231768012047e-04
9.921715827658772469e-04
9.609099943190813065e-04
9.779620449990034103e-04
9.630774729885160923e-04
9.835336823016405106e-04
9.734069462865591049e-04
9.756736690178513527e-04
9.805326117202639580e-04
9.788004681468009949e-04
9.760967805050313473e-04
9.787825401872396469e-04
9.688655263744294643e-04
9.619148331694304943e-04
9.610400302335619926e-04
9.828539332374930382e-04
9.607043466530740261e-04
9.625791572034358978e-04
9.844729211181402206e-04
9.685101686045527458e-04
9.621381759643554688e-04
9.640944190323352814e-04
9.641788201406598091e-04
9.716370259411633015e-04
9.689058642834424973e-04
9.762706467881798744e-04
9.726625285111367702e-04
9.536339202895760536e-04
9.449559729546308517e-04
9.584170766174793243e-04
9.485196787863969803e-04
9.528876980766654015e-04
9.744506678543984890e-04
9.656426263973116875e-04
9.741289541125297546e-04
9.614690789021551609e-04
9.540824685245752335e-04
9.658060735091567039e-04
9.747791336849331856e-04
9.703873074613511562e-04
9.589095716364681721e-04
9.592180140316486359e-04
9.619519114494323730e-04
9.609506232663989067e-04
9.712196188047528267e-04
9.593193535692989826e-04
9.743981645442545414e-04
9.488965733908116817e-04
9.624581434763967991e-04
9.729927405714988708e-04
9.661590447649359703e-04
9.479198488406836987e-04
9.530112729407846928e-04
9.601613855920732021e-04
9.488026844337582588e-04
9.406620520167052746e-04
9.641358628869056702e-04
9.520216844975948334e-04
9.693361935205757618e-04
9.463825845159590244e-04
9.446290205232799053e-04
9.577261516824364662e-04
9.498767904005944729e-04
9.540682076476514339e-04
9.668386774137616158e-04
9.329078020527958870e-04
9.518986335024237633e-04
9.582188795320689678e-04
9.592673741281032562e-04
9.367368766106665134e-04
9.588531102053821087e-04
9.548247908242046833e-04
9.624601225368678570e-04
9.640907519496977329e-04
9.452545782551169395e-04
9.569573448970913887e-04
9.561943006701767445e-04
9.546597721055150032e-04
9.390868945047259331e-04
9.454837418161332607e-04
9.534002747386693954e-04
9.319905657321214676e-04
9.594130679033696651e-04
9.349480387754738331e-04
9.700066875666379929e-04
9.494448313489556313e-04
9.438702836632728577e-04
9.423901210539042950e-04
9.491565870121121407e-04
9.495193953625857830e-04
9.361470001749694347e-04
9.354048524983227253e-04
9.403111180290579796e-04
9.596619638614356518e-04
9.528203518129885197e-04
9.325759601779282093e-04
9.502320899628102779e-04
9.337091469205915928e-04
9.536190773360431194e-04
9.443810558877885342e-04
9.429274941794574261e-04
9.324772981926798820e-04
9.510933305136859417e-04
9.398543043062090874e-04
9.275357588194310665e-04
9.535187855362892151e-04
9.373115026392042637e-04
9.429580532014369965e-04
9.317225776612758636e-04
9.601646452210843563e-04
9.473207755945622921e-04
9.514684788882732391e-04
9.309049346484243870e-04
9.301651152782142162e-04
9.390885825268924236e-04
9.516793652437627316e-04
9.501355234533548355e-04
9.419834823347628117e-04
9.528200025670230389e-04
9.434484527446329594e-04
9.573473944328725338e-04
9.455348481424152851e-04
9.378284448757767677e-04
9.395351517014205456e-04
9.507716749794781208e-04
9.372931090183556080e-04
9.357160888612270355e-04
9.349275496788322926e-04
9.391164057888090611e-04
9.499653242528438568e-04
9.170424891635775566e-04
9.471748489886522293e-04
9.350852342322468758e-04
9.209642303176224232e-04
9.253609459847211838e-04
9.139935718849301338e-04
9.226310066878795624e-04
9.379496332257986069e-04
9.399706614203751087e-04
9.543314226903021336e-04
9.320580284111201763e-04
9.383555152453482151e-04
9.314893977716565132e-04
