7.440125197172164917e-02
3.020627796649932861e-02
2.081532217562198639e-02
1.776348799467086792e-02
1.542756613343954086e-02
1.372409798204898834e-02
1.217874139547348022e-02
1.090256869792938232e-02
9.699935093522071838e-03
8.820713497698307037e-03
7.933425717055797577e-03
7.296389900147914886e-03
6.698075216263532639e-03
6.102663930505514145e-03
5.736089311540126801e-03
5.347168538719415665e-03
5.073516163975000381e-03
4.683219362050294876e-03
4.477708600461483002e-03
4.220242612063884735e-03
4.121945239603519440e-03
3.949096892029047012e-03
3.769735340029001236e-03
3.682738402858376503e-03
3.596494672819972038e-03
3.411764046177268028e-03
3.345071803778409958e-03
3.247395390644669533e-03
3.153171390295028687e-03
3.043976146727800369e-03
2.964717568829655647e-03
2.896174322813749313e-03
2.874377649277448654e-03
2.716128248721361160e-03
2.688754815608263016e-03
2.681269543245434761e-03
2.578754909336566925e-03
2.519598463550209999e-03
2.525375224649906158e-03
2.461949363350868225e-03
2.284444402903318405e-03
2.351775299757719040e-03
2.359368605539202690e-03
2.220626920461654663e-03
2.139492891728878021e-03
2.096737967804074287e-03
2.115078270435333252e-03
2.041536616161465645e-03
1.976700266823172569e-03
1.984513597562909126e-03
1.954857492819428444e-03
1.913369982503354549e-03
1.949162106029689312e-03
1.792404567822813988e-03
1.849105465225875378e-03
1.800798228941857815e-03
1.747472211718559265e-03
1.854172674939036369e-03
1.735497848130762577e-03
1.681339228525757790e-03
1.592800952494144440e-03
1.701167318969964981e-03
1.634137937799096107e-03
1.658281544223427773e-03
1.610268955118954182e-03
1.538047450594604015e-03
1.471025520004332066e-03
1.604240038432180882e-03
1.494383788667619228e-03
1.427532755769789219e-03
1.441681641153991222e-03
1.355818589217960835e-03
1.520265708677470684e-03
1.443251036107540131e-03
1.272096997126936913e-03
1.453695585951209068e-03
1.264743856154382229e-03
1.284135854803025723e-03
1.356298220343887806e-03
1.359108020551502705e-03
1.298325834795832634e-03
1.314098248258233070e-03
1.231767935678362846e-03
1.204292522743344307e-03
1.204527332447469234e-03
1.221513026393949986e-03
1.132722711190581322e-03
1.317040179856121540e-03
1.203634543344378471e-03
1.101255998946726322e-03
1.158628379926085472e-03
1.091031008400022984e-03
1.122731133364140987e-03
1.120748929679393768e-03
1.046879799105226994e-03
1.160030951723456383e-03
1.049661776050925255e-03
1.007168088108301163e-03
1.096778898499906063e-03
1.097038621082901955e-03
1.076973858289420605e-03
9.910187218338251114e-04
1.093507045879960060e-03
1.040450297296047211e-03
1.017566188238561153e-03
1.041758805513381958e-03
1.084066578187048435e-03
1.024657045491039753e-03
9.532346739433705807e-04
9.448184282518923283e-04
1.044425298459827900e-03
9.014918468892574310e-04
9.999828180298209190e-04
1.009878353215754032e-03
9.607814718037843704e-04
9.323401609435677528e-04
9.482334135100245476e-04
9.077140712179243565e-04
9.526525391265749931e-04
8.489111205562949181e-04
9.446247131563723087e-04
9.330425527878105640e-04
8.368947892449796200e-04
9.261597879230976105e-04
8.087874157354235649e-04
9.081808966584503651e-04
7.977111963555216789e-04
9.369416511617600918e-04
8.545489981770515442e-04
8.795916801318526268e-04
8.108566398732364178e-04
8.377865888178348541e-04
8.382274536415934563e-04
9.143154020421206951e-04
7.490030839107930660e-04
8.617324056103825569e-04
7.660796982236206532e-04
8.655833080410957336e-04
8.446034626103937626e-04
7.881913334131240845e-04
7.843049243092536926e-04
7.041045464575290680e-04
8.469157037325203419e-04
7.890243432484567165e-04
7.888689287938177586e-04
7.946745026856660843e-04
8.569564088247716427e-04
7.696675020270049572e-04
7.188786403276026249e-04
7.550288573838770390e-04
7.744643953628838062e-04
7.469830452464520931e-04
8.028293377719819546e-04
7.182186236605048180e-04
7.641906267963349819e-04
8.012534817680716515e-04
7.871405105106532574e-04
6.512429099529981613e-04
7.337486022152006626e-04
7.343133329413831234e-04
7.067188271321356297e-04
7.126076961867511272e-04
6.611255812458693981e-04
7.823031628504395485e-04
7.448367541655898094e-04
6.419203127734363079e-04
8.211713866330683231e-04
6.787715828977525234e-04
6.733202026225626469e-04
5.712897982448339462e-04
8.043186389841139317e-04
7.474595331586897373e-04
6.989396060816943645e-04
6.836910033598542213e-04
6.596220191568136215e-04
7.309790235012769699e-04
6.115097785368561745e-04
6.369050242938101292e-04
7.286485633812844753e-04
6.716279895044863224e-04
6.605673697777092457e-04
7.425760268233716488e-04
5.842651589773595333e-04
6.997474119998514652e-04
5.775179597549140453e-04
6.435258546844124794e-04
6.416905089281499386e-04
6.977560697123408318e-04
5.872364272363483906e-04
7.108166464604437351e-04
7.169657037593424320e-04
6.318952073343098164e-04
7.078509661369025707e-04
6.556668085977435112e-04
6.590081611648201942e-04
5.703487549908459187e-04
6.146543892100453377e-04
5.761830252595245838e-04
7.472281577065587044e-04
5.516975652426481247e-04
6.087186629883944988e-04
6.437182892113924026e-04
6.259420188143849373e-04
5.433784681372344494e-04
5.781908985227346420e-04
5.732767749577760696e-04
6.451559020206332207e-04
5.370595608837902546e-04
5.447256262414157391e-04
6.883910391479730606e-04
6.479917210526764393e-04
5.558941629715263844e-04
6.096369470469653606e-04
5.755843012593686581e-04
7.478543557226657867e-04
5.033459747210144997e-04
6.267828866839408875e-04
5.439214874058961868e-04
5.334292654879391193e-04
6.655665929429233074e-04
6.683381507173180580e-04
4.650663468055427074e-04
6.697526550851762295e-04
5.414249026216566563e-04
6.194312591105699539e-04
5.104190786369144917e-04
5.998167325742542744e-04
6.206186953932046890e-04
4.681666032411158085e-04
5.978309782221913338e-04
5.423775874078273773e-04
6.076109129935503006e-04
6.802628049626946449e-04
4.926534020341932774e-04
6.205939571373164654e-04
5.322215147316455841e-04
6.211519939824938774e-04
5.738269537687301636e-04
4.607045557349920273e-04
5.345631507225334644e-04
6.407083128578960896e-04
5.127426120452582836e-04
5.265413201414048672e-04
6.182448123581707478e-04
4.473673761822283268e-04
6.009170901961624622e-04
5.746000679209828377e-04
4.953074385412037373e-04
6.110189133323729038e-04
5.462400149554014206e-04
4.327303322497755289e-04
5.303613725118339062e-04
5.170577787794172764e-04
5.670684040524065495e-04
5.749235861003398895e-04
4.581177781801670790e-04
5.498810787685215473e-04
5.772633594460785389e-04
5.535228410735726357e-04
5.286558298394083977e-04
4.507215926423668861e-04
5.702006164938211441e-04
4.516736080404371023e-04
5.650633829645812511e-04
4.577513318508863449e-04
5.491559277288615704e-04
5.106138414703309536e-04
5.411293241195380688e-04
4.984930274076759815e-04
4.743784375023096800e-04
5.856693605892360210e-04
5.545657477341592312e-04
4.356901044957339764e-04
6.323088891804218292e-04
4.315338155720382929e-04
4.754306282848119736e-04
5.595317343249917030e-04
4.567028663586825132e-04
5.613587563857436180e-04
4.473289591260254383e-04
4.989787121303379536e-04
5.027717561461031437e-04
4.529413708951324224e-04
4.647808673325926065e-04
5.170172080397605896e-04
5.080952541902661324e-04
4.308921925257891417e-04
5.258744931779801846e-04
4.831211990676820278e-04
4.670569906011223793e-04
4.950557486154139042e-04
3.815619857050478458e-04
5.784134264104068279e-04
4.017159517388790846e-04
5.334300803951919079e-04
4.444236401468515396e-04
5.300480406731367111e-04
5.114886444061994553e-04
4.362328618299216032e-04
4.961227532476186752e-04
5.121764261275529861e-04
4.089063731953501701e-04
5.935613880865275860e-04
4.447957908269017935e-04
4.318756109569221735e-04
5.360675859265029430e-04
3.601312055252492428e-04
5.757890758104622364e-04
4.676289972849190235e-04
4.124300030525773764e-04
4.344469925854355097e-04
4.273830272722989321e-04
5.071689374744892120e-04
4.698437114711850882e-04
4.420162586029618979e-04
4.263635491952300072e-04
5.467984010465443134e-04
3.916850255336612463e-04
4.962728708051145077e-04
4.451470449566841125e-04
4.099950310774147511e-04
4.559969529509544373e-04
5.533401272259652615e-04
4.372430266812443733e-04
4.123356775380671024e-04
4.573298792820423841e-04
4.514092579483985901e-04
4.918515915051102638e-04
4.603541747201234102e-04
4.328682844061404467e-04
3.837854310404509306e-04
5.295419250614941120e-04
3.996567393187433481e-04
5.146192852407693863e-04
5.429959855973720551e-04
3.952950937673449516e-04
4.318788996897637844e-04
6.470098742283880711e-04
3.603190707508474588e-04
4.922035732306540012e-04
3.714988997671753168e-04
3.960081667173653841e-04
4.530748410616070032e-04
5.070861079730093479e-04
3.763298154808580875e-04
3.991851408500224352e-04
4.721472214441746473e-04
4.196291556581854820e-04
4.250597557984292507e-04
3.783642896451056004e-04
4.311012744437903166e-04
4.550928133539855480e-04
3.774905344471335411e-04
4.743401659652590752e-04
3.974163555540144444e-04
4.006721428595483303e-04
4.579598898999392986e-04
3.693467588163912296e-04
4.050036950502544641e-04
5.204197950661182404e-04
3.748439485207200050e-04
4.541587259154766798e-04
3.805407613981515169e-04
5.710202967748045921e-04
3.491712850518524647e-04
5.462344852276146412e-04
3.694665210787206888e-04
4.029243136756122112e-04
3.919859009329229593e-04
4.433491849340498447e-04
4.297634004615247250e-04
3.560756158549338579e-04
4.175446520093828440e-04
4.145580169279128313e-04
3.792397619690746069e-04
4.309697251301258802e-04
3.917952126357704401e-04
3.872795496135950089e-04
5.035240901634097099e-04
3.785123408306390047e-04
3.730467869900166988e-04
4.174402856733649969e-04
4.122294485569000244e-04
4.612160264514386654e-04
3.317967930343002081e-04
4.171397304162383080e-04
3.818240365944802761e-04
4.053705197293311357e-04
4.520520160440355539e-04
3.081677132286131382e-04
3.942218318115919828e-04
3.854731621686369181e-04
4.263907321728765965e-04
4.819571040570735931e-04
4.030909622088074684e-04
3.309308958705514669e-04
3.929000522475689650e-04
4.642189014703035355e-04
3.229768772143870592e-04
4.681145073845982552e-04
3.265923587605357170e-04
4.402623744681477547e-04
3.484544577077031136e-04
4.282235167920589447e-04
3.550033434294164181e-04
4.056474717799574137e-04
3.558463940862566233e-04
4.050798888783901930e-04
4.342101165093481541e-04
3.616280155256390572e-04
3.731203905772417784e-04
3.855948452837765217e-04
4.487847327254712582e-04
3.036889247596263885e-04
3.644512325990945101e-04
4.148914304096251726e-04
3.787620225921273232e-04
3.400122513994574547e-04
4.202442069072276354e-04
3.548400709405541420e-04
3.277557261753827333e-04
3.523666528053581715e-04
4.062429943587630987e-04
3.509529924485832453e-04
5.120711284689605236e-04
3.263871767558157444e-04
4.031637217849493027e-04
4.130141169298440218e-04
4.040611383970826864e-04
2.931870694737881422e-04
4.646194574888795614e-04
3.909350489266216755e-04
4.014476726297289133e-04
3.814362571574747562e-04
3.769158502109348774e-04
3.533338895067572594e-04
4.427814856171607971e-04
4.478898190427571535e-04
3.723778936546295881e-04
3.465298213995993137e-04
3.297618532087653875e-04
4.529292054940015078e-04
4.021240165457129478e-04
4.109842702746391296e-04
3.680194495245814323e-04
3.101708425674587488e-04
3.663903335109353065e-04
3.107122611254453659e-04
3.839266428258270025e-04
3.230233851354569197e-04
5.043520941399037838e-04
2.814907929860055447e-04
4.358453734312206507e-04
3.208557900507003069e-04
3.372720675542950630e-04
4.117637581657618284e-04
3.714138583745807409e-04
3.238186473026871681e-04
4.042059008497744799e-04
4.429383843671530485e-04
3.056014538742601871e-04
3.221169463358819485e-04
3.587801184039562941e-04
4.361400497145950794e-04
3.736433282028883696e-04
3.549525281414389610e-04
3.648254205472767353e-04
3.589537518564611673e-04
3.189359558746218681e-04
3.066683711949735880e-04
4.569504235405474901e-04
2.613011165522038937e-04
3.910893283318728209e-04
3.150787961203604937e-04
3.281953686382621527e-04
3.544167266227304935e-04
3.533058043103665113e-04
3.451458760537207127e-04
3.627527621574699879e-04
2.801511436700820923e-04
3.724438429344445467e-04
3.835918323602527380e-04
3.617106704041361809e-04
2.995096438098698854e-04
4.786055942531675100e-04
3.202984516974538565e-04
3.814291558228433132e-04
2.905845176428556442e-04
3.614386077970266342e-04
3.308057202957570553e-04
3.734979545697569847e-04
2.864180714823305607e-04
3.615787136368453503e-04
3.214136231690645218e-04
3.087193472310900688e-04
4.668793117161840200e-04
3.138754982501268387e-04
3.608123515732586384e-04
3.075684653595089912e-04
3.288873995188623667e-04
3.212986921425908804e-04
4.085534601472318172e-04
4.651452472899109125e-04
2.990989305544644594e-04
3.693064209073781967e-04
3.300633979961276054e-04
3.433148958720266819e-04
3.749907191377133131e-04
3.661708615254610777e-04
3.348979807924479246e-04
3.080579335801303387e-04
2.941602724604308605e-04
3.683379327412694693e-04
3.278246149420738220e-04
3.381214046385139227e-04
3.794347576331347227e-04
3.060393210034817457e-04
4.016130988020449877e-04
3.208058478776365519e-04
3.192635194864124060e-04
2.737356699071824551e-04
3.937206638511270285e-04
2.910903713200241327e-04
3.614122688304632902e-04
2.693028363864868879e-04
3.533433482516556978e-04
2.781117800623178482e-04
4.413263231981545687e-04
3.362480201758444309e-04
2.589901268947869539e-04
3.657244087662547827e-04
3.470804076641798019e-04
3.372330393176525831e-04
3.005280159413814545e-04
3.520760801620781422e-04
3.328556194901466370e-04
3.093287814408540726e-04
3.616798494476824999e-04
2.934364310931414366e-04
3.718671796377748251e-04
3.299844102002680302e-04
3.090257523581385612e-04
2.968524349853396416e-04
3.632609150372445583e-04
3.463893081061542034e-04
3.314763889648020267e-04
3.684274852275848389e-04
3.374433144927024841e-04
2.539856359362602234e-04
2.950794587377458811e-04
3.941869363188743591e-04
3.143662470392882824e-04
3.223378444090485573e-04
3.305815916974097490e-04
3.348121535964310169e-04
3.470086376182734966e-04
4.109435540158301592e-04
2.864713605958968401e-04
2.378674253122881055e-04
4.253224760759621859e-04
3.223165113013237715e-04
3.431260411161929369e-04
3.446204937063157558e-04
3.208294219803065062e-04
2.947222092188894749e-04
3.465842746663838625e-04
3.574153233785182238e-04
2.614520199131220579e-04
2.654607233125716448e-04
3.232973103877156973e-04
3.616858157329261303e-04
2.439059753669425845e-04
4.128170839976519346e-04
2.731752174440771341e-04
3.988449461758136749e-04
2.954336232505738735e-04
3.040880837943404913e-04
2.817357890307903290e-04
3.212554438505321741e-04
2.788288402371108532e-04
3.134285507258027792e-04
2.780938521027565002e-04
4.086706030648201704e-04
2.388654247624799609e-04
2.844619157258421183e-04
3.785252920351922512e-04
2.674804709386080503e-04
3.210553550161421299e-04
4.222114221192896366e-04
2.464030694682151079e-04
2.614871773403137922e-04
3.591482527554035187e-04
3.565031220205128193e-04
3.078132285736501217e-04
2.820555819198489189e-04
4.119111399631947279e-04
2.608206996228545904e-04
2.821458328980952501e-04
3.487501526251435280e-04
2.661263279151171446e-04
3.656278713606297970e-04
2.800520742312073708e-04
2.880397078115493059e-04
3.012316883541643620e-04
2.973481896333396435e-04
2.896688820328563452e-04
3.337622038088738918e-04
2.668584056664258242e-04
2.970006898976862431e-04
3.069343802053481340e-04
3.047101199626922607e-04
3.716178471222519875e-04
3.362179850228130817e-04
2.924153814092278481e-04
3.070988750550895929e-04
2.943811996374279261e-04
3.397550608497112989e-04
2.834983170032501221e-04
2.990966895595192909e-04
2.699061005841940641e-04
3.253246832173317671e-04
3.174275916535407305e-04
3.521590260788798332e-04
2.480786351952701807e-04
3.632961015682667494e-04
2.769622660707682371e-04
2.790799771901220083e-04
2.824110270012170076e-04
3.041773452423512936e-04
3.380652051419019699e-04
2.755083842203021049e-04
2.471492625772953033e-04
3.485672350507229567e-04
2.778472262434661388e-04
3.121595655102282763e-04
2.636311692185699940e-04
2.930516493506729603e-04
2.583441382739692926e-04
2.642147592268884182e-04
3.827037289738655090e-04
3.195992321707308292e-04
3.047364589292556047e-04
2.517542452551424503e-04
2.954846131615340710e-04
3.089536039624363184e-04
3.433816891629248857e-04
2.451845502946525812e-04
2.957611868623644114e-04
2.331729483557865024e-04
3.073544357903301716e-04
2.699848264455795288e-04
2.820212393999099731e-04
3.379301633685827255e-04
2.482885029166936874e-04
3.205792163498699665e-04
3.425470495130866766e-04
2.448788145557045937e-04
2.779165224637836218e-04
3.503055195324122906e-04
2.736765891313552856e-04
3.014400426764041185e-04
3.245738625992089510e-04
2.721303608268499374e-04
2.597080310806632042e-04
3.703543043229728937e-04
2.938117540907114744e-04
2.694198628887534142e-04
2.946040185634046793e-04
2.224388590548187494e-04
4.013901343569159508e-04
2.680331526789814234e-04
3.274593618698418140e-04
2.473353524692356586e-04
3.843295562546700239e-04
2.443399280309677124e-04
3.285486309323459864e-04
2.540880523156374693e-04
2.795261680148541927e-04
3.526679065544158220e-04
3.113665152341127396e-04
2.469514147378504276e-04
3.024347824975848198e-04
2.450733445584774017e-04
3.421649162191897631e-04
2.651849645189940929e-04
2.030992327490821481e-04
2.951546339318156242e-04
2.651903778314590454e-04
3.395648091100156307e-04
2.555668179411441088e-04
3.691212332341820002e-04
2.401294186711311340e-04
3.074374981224536896e-04
3.441157459747046232e-04
2.866969734895974398e-04
3.487678186502307653e-04
2.665472857188433409e-04
2.913376083597540855e-04
2.831186284311115742e-04
3.371959610376507044e-04
2.464985009282827377e-04
2.564949973020702600e-04
3.205936518497765064e-04
3.145097871311008930e-04
2.266756055178120732e-04
3.175250021740794182e-04
2.626240893732756376e-04
2.974134404212236404e-04
2.409799781162291765e-04
2.502490824554115534e-04
2.637826255522668362e-04
2.802570234052836895e-04
2.634097472764551640e-04
3.857234260067343712e-04
2.318368206033483148e-04
2.216408756794407964e-04
3.995319129899144173e-04
2.272753190482035279e-04
2.958296681754291058e-04
3.494067350402474403e-04
3.274538612458854914e-04
2.642325416672974825e-04
2.413334441371262074e-04
2.447296283207833767e-04
3.417434054426848888e-04
2.871604810934513807e-04
2.770055725704878569e-04
2.065508306259289384e-04
3.128007519990205765e-04
2.919434627983719110e-04
2.324730448890477419e-04
2.612585958559066057e-04
2.804235264193266630e-04
2.108691696776077151e-04
3.422079607844352722e-04
2.383640821790322661e-04
2.816513879224658012e-04
2.965822350233793259e-04
2.190805244026705623e-04
2.598292485345155001e-04
2.795115578919649124e-04
2.783355594146996737e-04
2.355370961595326662e-04
3.193786833435297012e-04
3.140447370242327452e-04
2.168373757740482688e-04
3.019416180904954672e-04
2.456808579154312611e-04
3.207393747288733721e-04
2.214317355537787080e-04
2.773904998321086168e-04
2.448676968924701214e-04
2.954166557174175978e-04
2.603455795906484127e-04
2.835122577380388975e-04
2.512483333703130484e-04
2.640450256876647472e-04
2.820428344421088696e-04
2.372421731706708670e-04
3.051643434446305037e-04
2.203372714575380087e-04
3.325731668155640364e-04
2.459115639794617891e-04
2.605629561003297567e-04
2.362350933253765106e-04
2.861904795281589031e-04
2.247778465971350670e-04
3.517645236570388079e-04
1.957805943675339222e-04
2.699583710636943579e-04
2.439724194118753076e-04
2.678061136975884438e-04
3.486806526780128479e-04
2.517638786230236292e-04
2.935529628302901983e-04
2.336760080652311444e-04
2.824883849825710058e-04
2.418900694465264678e-04
2.791827137116342783e-04
3.054733388125896454e-04
2.173361281165853143e-04
2.542917500250041485e-04
3.027859202120453119e-04
2.851246390491724014e-04
2.632210671436041594e-04
2.800435759127140045e-04
2.438615774735808372e-04
2.638034638948738575e-04
2.942929568234831095e-04
3.019226132892072201e-04
2.678895834833383560e-04
2.768935519270598888e-04
2.298849285580217838e-04
2.833291655406355858e-04
2.298837935086339712e-04
2.830507874023169279e-04
2.303141664015129209e-04
2.798318164423108101e-04
2.603797183837741613e-04
2.411568857496604323e-04
2.138196723535656929e-04
3.064476768486201763e-04
2.932616043835878372e-04
3.010082582477480173e-04
2.685747167561203241e-04
2.920315309893339872e-04
2.313766017323359847e-04
2.834277402143925428e-04
2.299655170645564795e-04
2.563746820669621229e-04
3.037329297512769699e-04
1.863777579274028540e-04
2.863909176085144281e-04
2.287232200615108013e-04
2.931159106083214283e-04
2.305130474269390106e-04
2.547260373830795288e-04
2.200607123086228967e-04
2.546235045883804560e-04
3.119847679045051336e-04
2.295639569638296962e-04
2.499728288967162371e-04
2.315016317879781127e-04
3.152658173348754644e-04
2.867692383006215096e-04
2.027072187047451735e-04
2.254015853395685554e-04
2.361909573664888740e-04
3.113260027021169662e-04
2.887235023081302643e-04
2.510969061404466629e-04
2.473172498866915703e-04
2.965357562061399221e-04
2.258438762510195374e-04
3.204948734492063522e-04
2.191195962950587273e-04
3.139350446872413158e-04
2.605860063340514898e-04
2.345955581404268742e-04
2.561960136517882347e-04
2.590482181403785944e-04
3.674291074275970459e-04
2.423228434054180980e-04
2.624373591970652342e-04
2.869067538995295763e-04
2.710078842937946320e-04
2.837122883647680283e-04
2.183641481678932905e-04
2.677859447430819273e-04
2.392311143921688199e-04
2.641063183546066284e-04
2.606795169413089752e-04
3.189019626006484032e-04
2.223064220743253827e-04
2.284145302837714553e-04
2.100576821248978376e-04
2.894104691222310066e-04
2.188271319027990103e-04
2.383241371717303991e-04
2.535700914449989796e-04
2.410220913589000702e-04
2.749887644313275814e-04
2.271011617267504334e-04
2.707458043005317450e-04
2.506836608517915010e-04
2.362063678447157145e-04
2.377373020863160491e-04
2.513912331778556108e-04
2.141573932021856308e-04
3.559491015039384365e-04
2.008316951105371118e-04
2.988044871017336845e-04
2.387963031651452184e-04
2.657627628650516272e-04
2.412335452390834689e-04
2.300017658853903413e-04
2.744391094893217087e-04
2.800470683723688126e-04
2.405490376986563206e-04
2.328948467038571835e-04
2.436528156977146864e-04
2.335284953005611897e-04
2.288163668708875775e-04
3.248780558351427317e-04
2.139935240847989917e-04
2.103085716953501105e-04
2.263576025143265724e-04
2.452026237733662128e-04
2.684028877411037683e-04
2.166839112760499120e-04
2.213826664956286550e-04
2.383436512900516391e-04
2.261096524307504296e-04
2.435796195641160011e-04
2.966201573144644499e-04
2.743407967500388622e-04
1.866526872618123889e-04
3.132486308459192514e-04
2.271887351525947452e-04
2.408353611826896667e-04
2.493381616659462452e-04
2.028961171163246036e-04
2.836848725564777851e-04
2.547751355450600386e-04
2.340119099244475365e-04
2.042574196821078658e-04
2.441092074150219560e-04
2.933189971372485161e-04
1.867014216259121895e-04
2.460458199493587017e-04
2.669252280611544847e-04
2.038800303125753999e-04
2.716332382988184690e-04
1.897631300380453467e-04
3.225030959583818913e-04
2.277718303957954049e-04
2.193391992477700114e-04
2.072258503176271915e-04
3.122304333373904228e-04
2.079771802527830005e-04
2.846627321559935808e-04
2.608065260574221611e-04
2.417446667095646262e-04
2.012653858400881290e-04
2.599546860437840223e-04
2.123192098224535584e-04
2.671052061486989260e-04
2.838360669557005167e-04
2.262917696498334408e-04
2.537748950999230146e-04
2.325327659491449594e-04
3.169112605974078178e-04
1.809932291507720947e-04
2.737833710853010416e-04
2.204345510108396411e-04
3.046250203624367714e-04
1.804087078198790550e-04
2.396524650976061821e-04
2.522457216400653124e-04
2.430701424600556493e-04
2.347597765037789941e-04
1.949369616340845823e-04
3.159776679240167141e-04
1.726982154650613666e-04
2.111169160343706608e-04
2.756815229076892138e-04
2.256905863760039210e-04
2.104514860548079014e-04
3.179030609317123890e-04
1.917375484481453896e-04
2.169799554394558072e-04
2.668196684680879116e-04
1.806454529287293553e-04
2.929882321041077375e-04
2.979166165459901094e-04
1.883883523987606168e-04
2.620500163175165653e-04
2.271387347718700767e-04
2.146073529729619622e-04
2.180958690587431192e-04
2.507681783754378557e-04
2.124085731338709593e-04
2.305753296241164207e-04
3.142773930449038744e-04
2.211810642620548606e-04
1.743849716149270535e-04
3.207602130714803934e-04
1.865790836745873094e-04
3.325766592752188444e-04
2.277804596815258265e-04
1.809692766983062029e-04
3.317958035040646791e-04
1.890329294838011265e-04
2.058836253127083182e-04
2.496583038009703159e-04
2.167715283576399088e-04
2.523408620618283749e-04
2.628450747579336166e-04
2.155104593839496374e-04
2.266962255816906691e-04
2.134306705556809902e-04
2.266402443638071418e-04
2.737490867730230093e-04
2.538572007324546576e-04
2.735904417932033539e-04
2.592168166302144527e-04
1.817247975850477815e-04
2.838073123712092638e-04
1.806075451895594597e-04
2.301328931935131550e-04
2.017697115661576390e-04
2.409351291134953499e-04
2.695251314435154200e-04
2.330360002815723419e-04
2.227701479569077492e-04
2.276186714880168438e-04
1.957072381628677249e-04
3.120723122265189886e-04
1.999944215640425682e-04
2.800903457682579756e-04
1.930983416968956590e-04
2.080079138977453113e-04
2.179432631237432361e-04
2.220175229012966156e-04
2.185594348702579737e-04
2.170700026908889413e-04
2.637646975927054882e-04
2.366359985899180174e-04
1.849250547820702195e-04
3.286829160060733557e-04
1.817625452531501651e-04
2.176672714995220304e-04
3.091808175668120384e-04
2.353434392716735601e-04
2.175360859837383032e-04
2.240230387542396784e-04
2.123134909197688103e-04
2.186841738875955343e-04
1.979842927539721131e-04
2.098311961162835360e-04
2.575084217824041843e-04
2.161086013074964285e-04
2.332602452952414751e-04
3.020973817910999060e-04
2.319700433872640133e-04
1.841942867031320930e-04
2.219849848188459873e-04
2.828275028150528669e-04
1.807612716220319271e-04
2.480855619069188833e-04
2.297315659234300256e-04
2.148715720977634192e-04
2.502319402992725372e-04
2.038975944742560387e-04
2.478583483025431633e-04
2.169713552575558424e-04
2.218180597992613912e-04
2.471785410307347775e-04
1.751515956129878759e-04
2.448887098580598831e-04
2.649732632562518120e-04
2.530697965994477272e-04
2.360963408136740327e-04
1.909703714773058891e-04
2.231438120361417532e-04
1.923888339661061764e-04
2.255542349303141236e-04
2.640955499373376369e-04
1.950742298504337668e-04
1.740894804242998362e-04
2.778818015940487385e-04
2.039664686890318990e-04
2.413083566352725029e-04
2.281716297147795558e-04
2.237596781924366951e-04
2.512250794097781181e-04
2.085063024424016476e-04
2.030463510891422629e-04
2.373365423409268260e-04
2.202292962465435266e-04
2.302171196788549423e-04
1.977731590159237385e-04
2.565182803664356470e-04
2.670930407475680113e-04
1.698797132121399045e-04
2.147591294487938285e-04
2.500484406482428312e-04
1.970283628907054663e-04
3.106785879936069250e-04
1.838670432334765792e-04
1.745792542351409793e-04
2.471213229000568390e-04
2.697445161174982786e-04
1.982797257369384170e-04
2.043374843196943402e-04
2.427064900984987617e-04
2.505671582184731960e-04
2.327464317204430699e-04
1.985058042919263244e-04
2.408545260550454259e-04
1.954572217073291540e-04
2.296718594152480364e-04
2.630141389090567827e-04
2.246482908958569169e-04
1.724255707813426852e-04
2.278559404658153653e-04
2.718933392316102982e-04
1.890428102342411876e-04
2.813802275341004133e-04
1.983931724680587649e-04
2.466631412971764803e-04
1.979175867745652795e-04
2.994521928485482931e-04
2.414431364741176367e-04
2.100935671478509903e-04
2.487402234692126513e-04
1.760223676683381200e-04
2.225586940767243505e-04
3.271143068559467793e-04
1.998160150833427906e-04
2.126158942701295018e-04
1.967826538020744920e-04
1.968093565665185452e-04
2.617925056256353855e-04
2.302178327227011323e-04
2.594887628220021725e-04
2.022378466790542006e-04
2.415944618405774236e-04
2.198850852437317371e-04
2.637534926179796457e-04
2.081210113829001784e-04
2.205910714110359550e-04
2.147438499378040433e-04
2.514527586754411459e-04
1.868388644652441144e-04
2.634222328197211027e-04
1.807173539418727160e-04
2.605124027468264103e-04
2.826128911692649126e-04
1.910285063786432147e-04
1.864756923168897629e-04
2.154681424144655466e-04
2.307239774381741881e-04
2.562170557212084532e-04
2.009631134569644928e-04
1.900585484690964222e-04
3.020433068741112947e-04
2.186191268265247345e-04
1.697866100585088134e-04
2.750086423475295305e-04
2.597091661300510168e-04
1.643440482439473271e-04
2.367843117099255323e-04
2.210983220720663667e-04
2.082194987451657653e-04
1.973565522348508239e-04
2.702606434468179941e-04
1.897284528240561485e-04
2.306850219611078501e-04
2.331011346541345119e-04
2.184755285270512104e-04
3.179042250849306583e-04
1.825580256991088390e-04
2.633176918607205153e-04
1.818456948967650533e-04
2.290997945237904787e-04
2.124764141626656055e-04
2.170134539483115077e-04
1.724465109873563051e-04
3.042402095161378384e-04
1.800139143597334623e-04
1.628199970582500100e-04
2.613438700791448355e-04
2.110787900164723396e-04
2.057148521998897195e-04
2.223315532319247723e-04
2.600349544081836939e-04
1.794579584384337068e-04
1.896570902317762375e-04
2.967838372569531202e-04
2.007960865739732981e-04
2.470754261594265699e-04
2.230599202448502183e-04
1.895668247016146779e-04
2.419818338239565492e-04
2.322926302440464497e-04
1.871774293249472976e-04
1.819282042561098933e-04
2.098697004839777946e-04
2.398654469288885593e-04
2.328558475710451603e-04
2.037176163867115974e-04
2.229761157650500536e-04
1.852897257776930928e-04
2.130885404767468572e-04
2.405715058557689190e-04
1.886197424028068781e-04
3.141619381494820118e-04
2.366119151702150702e-04
2.248901146231219172e-04
2.202277391916140914e-04
1.779109297785907984e-04
1.974006590899080038e-04
2.485286968294531107e-04
2.049992035608738661e-04
1.651823986321687698e-04
2.485316945239901543e-04
2.191147359553724527e-04
2.469212631694972515e-04
1.529248256701976061e-04
2.912534109782427549e-04
1.932459708768874407e-04
2.061684353975579143e-04
2.548847114667296410e-04
1.768093497958034277e-04
2.139844145858660340e-04
2.174027176806703210e-04
1.887141843326389790e-04
2.209785452578216791e-04
1.904677483253180981e-04
2.714805013965815306e-04
1.890593121061101556e-04
2.186855126637965441e-04
2.198784786742180586e-04
2.008950250456109643e-04
2.052185736829414964e-04
2.133618836523965001e-04
2.658318844623863697e-04
1.918826164910569787e-04
2.013923367485404015e-04
2.101343125104904175e-04
2.017146180151030421e-04
1.930277940118685365e-04
2.449396706651896238e-04
2.055297809420153499e-04
2.035260258708149195e-04
1.884891680674627423e-04
2.182388998335227370e-04
2.076272212434560061e-04
1.863552606664597988e-04
2.443380071781575680e-04
1.755589619278907776e-04
1.914760359795764089e-04
2.041841071331873536e-04
2.829537261277437210e-04
1.949885336216539145e-04
2.379316574661061168e-04
2.064140280708670616e-04
1.905725803226232529e-04
2.570809156168252230e-04
1.996504433918744326e-04
1.949028082890436053e-04
1.811193651519715786e-04
2.467918675392866135e-04
1.717335981084033847e-04
2.604335895739495754e-04
1.768291695043444633e-04
2.075771772069856524e-04
1.899404742289334536e-04
2.205186901846900582e-04
1.718269049888476729e-04
1.918969937833026052e-04
2.243167837150394917e-04
1.931505830725654960e-04
1.860826014308258891e-04
1.924598764162510633e-04
2.313369477633386850e-04
2.168845239793881774e-04
1.531777088530361652e-04
2.708845713641494513e-04
1.736715639708563685e-04
2.285527298226952553e-04
1.953139289980754256e-04
2.876387152355164289e-04
1.685634488239884377e-04
1.838696334743872285e-04
2.921921259257942438e-04
1.987848227145150304e-04
1.589276362210512161e-04
1.810235989978536963e-04
2.424228441668674350e-04
2.061689592665061355e-04
2.234101266367360950e-04
1.836867158999666572e-04
2.563808811828494072e-04
1.971580786630511284e-04
2.253885468235239387e-04
2.180082083214074373e-04
1.757231657393276691e-04
1.744802284520119429e-04
2.198534493800252676e-04
2.285993832629173994e-04
1.588503655511885881e-04
2.062555286101996899e-04
1.967271091416478157e-04
2.106939500663429499e-04
1.775452547008171678e-04
2.029424358624964952e-04
2.371701266383752227e-04
2.109780034516006708e-04
1.836915616877377033e-04
1.960367662832140923e-04
1.779575686668977141e-04
2.054708311334252357e-04
1.856150047387927771e-04
3.026965423487126827e-04
1.818763266783207655e-04
2.258666063426062465e-04
1.907104597194120288e-04
2.203872863901779056e-04
1.611978659639135003e-04
1.859586191130802035e-04
2.413261245237663388e-04
1.957060740096494555e-04
1.960208755917847157e-04
1.825031940825283527e-04
2.063245774479582906e-04
2.022066764766350389e-04
1.998045627260580659e-04
1.940688962349668145e-04
2.173558023059740663e-04
1.959383953362703323e-04
1.958659413503482938e-04
1.882255019154399633e-04
2.224414638476446271e-04
1.761455350788310170e-04
1.616653462406247854e-04
2.726303646340966225e-04
1.896849571494385600e-04
2.585002221167087555e-04
1.823727361625060439e-04
1.640125265112146735e-04
1.961282541742548347e-04
1.920694194268435240e-04
1.824028004193678498e-04
2.196887944592162967e-04
1.738206337904557586e-04
2.530298952478915453e-04
1.680320419836789370e-04
1.795224234228953719e-04
2.394940092926844954e-04
2.010665193665772676e-04
2.066487068077549338e-04
1.929179852595552802e-04
1.581052347319200635e-04
2.394233015365898609e-04
1.856077433330938220e-04
1.876276801340281963e-04
2.218143636127933860e-04
1.998969382839277387e-04
1.955964253284037113e-04
2.123211597790941596e-04
1.677529508015140891e-04
2.195723063778132200e-04
1.799900637706741691e-04
2.188840444432571530e-04
2.333638840354979038e-04
1.614313223399221897e-04
1.870957203209400177e-04
2.114400122081860900e-04
1.805409556254744530e-04
1.760186860337853432e-04
2.470903273206204176e-04
1.840382901718840003e-04
1.622718264115974307e-04
2.665953361429274082e-04
1.935743057401850820e-04
1.798539014998823404e-04
1.913325977511703968e-04
1.975370105355978012e-04
1.736862468533217907e-04
2.214354462921619415e-04
1.785749045666307211e-04
1.703573216218501329e-04
2.224355703219771385e-04
2.011247124755755067e-04
1.474086457164958119e-04
2.167139464290812612e-04
2.137341216439381242e-04
1.595462235854938626e-04
2.315980964340269566e-04
2.321202773600816727e-04
2.046843292191624641e-04
1.736765843816101551e-04
2.300095366081222892e-04
1.934708852786570787e-04
2.199147274950519204e-04
2.041553234448656440e-04
1.782942417776212096e-04
1.811953552532941103e-04
2.058563259197399020e-04
1.995819184230640531e-04
1.813799317460507154e-04
2.255778817925602198e-04
1.818588789319619536e-04
2.428139268886297941e-04
2.570640353951603174e-04
1.542817481094971299e-04
1.611832121852785349e-04
2.788276178762316704e-04
2.340706123504787683e-04
1.578406663611531258e-04
2.422914694761857390e-04
2.080186095554381609e-04
2.060577826341614127e-04
1.454645098419860005e-04
2.209034864790737629e-04
2.494005893822759390e-04
1.535168848931789398e-04
2.416133647784590721e-04
1.658127148402854800e-04
2.096780954161658883e-04
1.641969138290733099e-04
1.838138850871473551e-04
2.141561271855607629e-04
1.708376948954537511e-04
1.923406089190393686e-04
2.186319325119256973e-04
1.765573688317090273e-04
1.807692897273227572e-04
2.431597677059471607e-04
1.659432309679687023e-04
2.313964359927922487e-04
1.594415953150019050e-04
2.181472518714144826e-04
1.973797479877248406e-04
2.033799828495830297e-04
1.642830757191404700e-04
2.141607546946033835e-04
1.933206513058394194e-04
2.413768233964219689e-04
1.711127697490155697e-04
2.206916542490944266e-04
1.687018811935558915e-04
2.062116691377013922e-04
1.686904579401016235e-04
2.364851970924064517e-04
2.132404333679005504e-04
1.797275181161239743e-04
2.579728025011718273e-04
1.642714341869577765e-04
1.546931453049182892e-04
2.789011341519653797e-04
1.804389175958931446e-04
1.567581057315692306e-04
2.482022973708808422e-04
1.568090374348685145e-04
2.089605986839160323e-04
2.302868815604597330e-04
1.730917865643277764e-04
2.423145342618227005e-04
1.819534372771158814e-04
2.223987830802798271e-04
2.102593425661325455e-04
2.026579168159514666e-04
1.902016228996217251e-04
1.797834702301770449e-04
1.987527211895212531e-04
1.776277349563315511e-04
1.731708180159330368e-04
1.838609896367415786e-04
2.163038006983697414e-04
1.856321032391861081e-04
1.702728040982037783e-04
1.660584239289164543e-04
2.047937159659340978e-04
1.637262321310117841e-04
2.394261391600593925e-04
2.133253292413428426e-04
2.088932815240696073e-04
1.746124034980311990e-04
1.817805314203724265e-04
1.803354389267042279e-04
1.883743098005652428e-04
1.660663256188854575e-04
2.301362983416765928e-04
1.735593978082761168e-04
1.948235731106251478e-04
1.701989822322502732e-04
1.991696190088987350e-04
1.724121975712478161e-04
2.580001892056316137e-04
1.885833917185664177e-04
1.954296312760561705e-04
1.791064569260925055e-04
1.724702597130089998e-04
2.330307179363444448e-04
1.796979631762951612e-04
1.480930513935163617e-04
2.097987598972395062e-04
1.837641611928120255e-04
1.923975360114127398e-04
1.888642873382195830e-04
1.723565073916688561e-04
2.656968717928975821e-04
1.647310127737000585e-04
1.824123319238424301e-04
2.052077761618420482e-04
2.004210982704535127e-04
1.846083323471248150e-04
1.813031412893906236e-04
1.863297511590644717e-04
2.330328279640525579e-04
2.180420124204829335e-04
1.546754792798310518e-04
2.965790044981986284e-04
2.166968333767727017e-04
1.401229965267702937e-04
1.840721088228747249e-04
2.067344466922804713e-04
2.010485186474397779e-04
2.030743780778720975e-04
1.772527029970660806e-04
2.861039538402110338e-04
1.465276873204857111e-04
1.888784172479063272e-04
1.963678660104051232e-04
1.770988164935261011e-04
2.082227874780073762e-04
2.010037424042820930e-04
1.696377585176378489e-04
1.728599017951637506e-04
1.905555982375517488e-04
1.911027793539687991e-04
1.667257311055436730e-04
1.895677996799349785e-04
1.983467373065650463e-04
2.126525650965049863e-04
1.797629956854507327e-04
1.712766970740631223e-04
2.164547477150335908e-04
1.649737823754549026e-04
1.995018246816471219e-04
2.542819711379706860e-04
1.480583305237814784e-04
1.613921631360426545e-04
2.056358061963692307e-04
1.687454641796648502e-04
1.664188457652926445e-04
2.112346119247376919e-04
1.868706312961876392e-04
1.935797481564804912e-04
2.346068795304745436e-04
1.661387505009770393e-04
2.294206788064911962e-04
1.735371188260614872e-04
2.083112922264263034e-04
2.053348580375313759e-04
1.725051115499809384e-04
2.355525793973356485e-04
1.681379508227109909e-04
1.977274223463609815e-04
1.934839965542778373e-04
1.824469218263402581e-04
1.981103123398497701e-04
2.052839554380625486e-04
2.476339577697217464e-04
1.619075483176857233e-04
1.798627781681716442e-04
2.004376874538138509e-04
2.082967112073674798e-04
1.636515371501445770e-04
2.174603287130594254e-04
1.677294058026745915e-04
1.713809324428439140e-04
1.706814218778163195e-04
1.679545966908335686e-04
2.795090258587151766e-04
1.567819563206285238e-04
1.532572350697591901e-04
2.046880254056304693e-04
1.724119356367737055e-04
1.693237136350944638e-04
2.121774741681292653e-04
1.721691805869340897e-04
2.059632533928379416e-04
1.608227903489023447e-04
1.933097082655876875e-04
2.285257796756923199e-04
1.992647885344922543e-04
1.653630606597289443e-04
1.619710237719118595e-04
1.917955814860761166e-04
1.540713710710406303e-04
2.538023109082132578e-04
1.425629307050257921e-04
1.793582778191193938e-04
1.749755319906398654e-04
2.227459917776286602e-04
1.600491377757862210e-04
2.006795111810788512e-04
2.096160169458016753e-04
1.778897421900182962e-04
1.612050400581210852e-04
2.594934776425361633e-04
1.794620329746976495e-04
1.935550826601684093e-04
1.820132165448740125e-04
1.727223716443404555e-04
1.715214020805433393e-04
1.890609855763614178e-04
2.457999216858297586e-04
1.487108529545366764e-04
1.684035232756286860e-04
2.230703830718994141e-04
2.003501140279695392e-04
1.687374897301197052e-04
1.612233900232240558e-04
1.656936947256326675e-04
2.058351965388283134e-04
1.732928940327838063e-04
1.916184119181707501e-04
1.581751857884228230e-04
1.934624160639941692e-04
2.182956523029133677e-04
1.481802755733951926e-04
2.031130861723795533e-04
1.541521487524732947e-04
1.877165486803278327e-04
1.723532623145729303e-04
1.739195140544325113e-04
2.104404702549800277e-04
2.119334967574104667e-04
1.381100883008912206e-04
2.047857269644737244e-04
1.832892739912495017e-04
1.486102846683934331e-04
2.457700320519506931e-04
1.384768256684765220e-04
2.093484363285824656e-04
1.655215746723115444e-04
2.079587429761886597e-04
1.515517506049945951e-04
1.978959917323663831e-04
1.507065608166158199e-04
1.693000813247635961e-04
1.900676579680293798e-04
1.502932573202997446e-04
2.242516784463077784e-04
2.060496044578030705e-04
1.994230260606855154e-04
1.420725020579993725e-04
1.855864829849451780e-04
1.554159534862264991e-04
2.231619582744315267e-04
1.899179333122447133e-04
1.720528671285137534e-04
1.680314016994088888e-04
1.849339605541899800e-04
1.785183849278837442e-04
1.485050306655466557e-04
1.845716615207493305e-04
1.871502900030463934e-04
1.930457510752603412e-04
1.560668897582218051e-04
1.952973107108846307e-04
1.955881452886387706e-04
1.598789385752752423e-04
1.709517819108441472e-04
1.966559502761811018e-04
1.919950445881113410e-04
1.821600744733586907e-04
1.617078232811763883e-04
1.828635286074131727e-04
1.851689739851281047e-04
1.972373429453000426e-04
1.487541012465953827e-04
1.838297466747462749e-04
2.359728823648765683e-04
2.089160989271476865e-04
1.845078222686424851e-04
1.725595357129350305e-04
2.081358397845178843e-04
1.937332272063940763e-04
1.911784202093258500e-04
2.224730560556054115e-04
1.573183253640308976e-04
1.920379290822893381e-04
2.535935782361775637e-04
1.498066267231479287e-04
1.505179534433409572e-04
1.830331893870607018e-04
1.694458042038604617e-04
1.969349832506850362e-04
1.893973676487803459e-04
1.810363464755937457e-04
1.620799594093114138e-04
1.879819028545171022e-04
1.611502375453710556e-04
1.840504992287606001e-04
2.477815723977982998e-04
1.897168112918734550e-04
1.619259273866191506e-04
1.414164871675893664e-04
1.726107584545388818e-04
1.754811382852494717e-04
2.022160479100421071e-04
1.623311982257291675e-04
1.733823592076078057e-04
2.022105763899162412e-04
1.872786087915301323e-04
2.088488545268774033e-04
1.555672497488558292e-04
2.258011809317395091e-04
1.366436044918373227e-04
1.939985377248376608e-04
1.912268198793753982e-04
1.856920425780117512e-04
1.830899127526208758e-04
1.789859670680016279e-04
1.992541947402060032e-04
1.711887307465076447e-04
1.648054894758388400e-04
1.994455087697133422e-04
2.093472430715337396e-04
1.706528710201382637e-04
1.496148179285228252e-04
2.124382008332759142e-04
1.982272224267944694e-04
1.628634490771219134e-04
2.169898216379806399e-04
1.606941514182835817e-04
1.760449085850268602e-04
1.827061932999640703e-04
2.028811868513002992e-04
2.041864645434543490e-04
1.461554493289440870e-04
2.211775718024000525e-04
1.639890251681208611e-04
1.544093975098803639e-04
1.686478062765672803e-04
2.128479973180219531e-04
1.652547216508537531e-04
1.522886886959895492e-04
2.269687684020027518e-04
1.434200239600613713e-04
2.114509843522682786e-04
1.504858955740928650e-04
2.558365231379866600e-04
1.494480093242600560e-04
1.733203243929892778e-04
2.093782240990549326e-04
1.532215101178735495e-04
1.645598240429535508e-04
1.988228614209219813e-04
1.970313314814120531e-04
1.590608881087973714e-04
1.964492112165316939e-04
1.512496528448536992e-04
2.110781497322022915e-04
1.949658908415585756e-04
1.561868848511949182e-04
1.537496864330023527e-04
1.977540377993136644e-04
1.657806860748678446e-04
1.970259618246927857e-04
1.396167936036363244e-04
1.818738528527319431e-04
1.499833160778507590e-04
2.055916847893968225e-04
1.689223572611808777e-04
2.012735058087855577e-04
1.976524654310196638e-04
1.480392384110018611e-04
1.698275882517918944e-04
2.417773503111675382e-04
1.368129596812650561e-04
1.989757001865655184e-04
1.861947675934061408e-04
1.589082821737974882e-04
1.965690753422677517e-04
2.302099019289016724e-04
2.069569163722917438e-04
1.901762007037177682e-04
1.798382290871813893e-04
1.698862615739926696e-04
1.665014569880440831e-04
1.900012284750118852e-04
1.621138071641325951e-04
2.190110681112855673e-04
1.809394889278337359e-04
1.542184181744232774e-04
1.851665583672001958e-04
2.093322254950180650e-04
2.106142928823828697e-04
1.512295566499233246e-04
2.148359490092843771e-04
1.500680518802255392e-04
1.586407452123239636e-04
1.912416337290778756e-04
1.526600972283631563e-04
2.030314499279484153e-04
1.932992745423689485e-04
1.774150005076080561e-04
1.823127386160194874e-04
1.653803337831050158e-04
2.236613945569843054e-04
1.401141053065657616e-04
1.887450052890926600e-04
1.612137566553428769e-04
1.511985174147412181e-04
1.872068824013695121e-04
1.721109729260206223e-04
1.566733699291944504e-04
2.045948785962536931e-04
1.545104460092261434e-04
1.480551727581769228e-04
1.937839406309649348e-04
1.833738642744719982e-04
2.107287582475692034e-04
1.498485362390056252e-04
1.729657087707892060e-04
1.800434110919013619e-04
1.440770574845373631e-04
2.034111239481717348e-04
1.615983492229133844e-04
1.572308683535084128e-04
1.606055448064580560e-04
1.877608301583677530e-04
2.204275078838691115e-04
1.745386834954842925e-04
1.498797355452552438e-04
1.723552559269592166e-04
1.678573171375319362e-04
1.509055437054485083e-04
2.095406234730035067e-04
1.659335976000875235e-04
1.580893731443211436e-04
1.454062294214963913e-04
1.971025340026244521e-04
1.851690321927890182e-04
1.454647281207144260e-04
2.451727341394871473e-04
1.514344039605930448e-04
2.145782491425052285e-04
1.446781534468755126e-04
2.232500119134783745e-04
1.920746872201561928e-04
1.464376400690525770e-04
1.814145507523790002e-04
1.639307738514617085e-04
1.684491435298696160e-04
1.590396132087334991e-04
1.807212538551539183e-04
1.767423527780920267e-04
1.888847182272002101e-04
1.468173577450215816e-04
2.159295545425266027e-04
1.535307819722220302e-04
1.675822422839701176e-04
1.709696662146598101e-04
1.818937162170186639e-04
1.657406101003289223e-04
2.036715304711833596e-04
1.481932704336941242e-04
2.186281926697120070e-04
1.274859241675585508e-04
1.798637240426614881e-04
1.608691964065656066e-04
1.383517228532582521e-04
2.020841056946665049e-04
1.853901194408535957e-04
1.618894166313111782e-04
1.754642144078388810e-04
1.951353624463081360e-04
1.939245412359014153e-04
1.760765881044790149e-04
1.749756047502160072e-04
1.843652134994044900e-04
2.104346058331429958e-04
1.655083615332841873e-04
2.021362743107602000e-04
1.402672351105138659e-04
1.955748011823743582e-04
1.931517181219533086e-04
1.601948461029678583e-04
2.131854562321677804e-04
1.326771161984652281e-04
2.402295795036479831e-04
1.433167781215161085e-04
1.539351942483335733e-04
1.811472902772948146e-04
1.501844672020524740e-04
1.860975171439349651e-04
1.954854815267026424e-04
1.383144990541040897e-04
1.908582635223865509e-04
1.555389899294823408e-04
1.560240925755351782e-04
1.947229611687362194e-04
2.024069835897535086e-04
1.438298349967226386e-04
1.985812996281310916e-04
1.451292337151244283e-04
2.284347574459388852e-04
1.362905022688210011e-04
2.504858130123466253e-04
1.614889624761417508e-04
1.421388442395254970e-04
1.718300190987065434e-04
1.832474226830527186e-04
1.700133580015972257e-04
1.563389523653313518e-04
1.995569473365321755e-04
1.731568336253985763e-04
1.768478687154129148e-04
1.656775275478139520e-04
1.835970324464142323e-04
1.427382230758666992e-04
2.060608676401898265e-04
1.448823168175294995e-04
2.266851952299475670e-04
1.745187764754518867e-04
1.464871165808290243e-04
1.625268632778897882e-04
1.456685859011486173e-04
2.195372799178585410e-04
1.583265984663739800e-04
1.835455768741667271e-04
1.438791223336011171e-04
1.596030633663758636e-04
1.771427923813462257e-04
2.008770970860496163e-04
1.705664180917665362e-04
1.415674341842532158e-04
2.280511689605191350e-04
1.526128617115318775e-04
2.097680844599381089e-04
1.339867885690182447e-04
1.920437061926349998e-04
1.398697786498814821e-04
1.884319790406152606e-04
1.485762622905895114e-04
1.845214283093810081e-04
1.628926693229004741e-04
1.714101090328767896e-04
1.487302797613665462e-04
1.946445408975705504e-04
1.435535377822816372e-04
1.539619988761842251e-04
1.809563837014138699e-04
1.798450102796778083e-04
1.397247542627155781e-04
1.732024975353851914e-04
2.036317891906946898e-04
1.382531045237556100e-04
1.521762897027656436e-04
1.685316383372992277e-04
1.696471445029601455e-04
1.783601328497752547e-04
1.688160555204376578e-04
1.396226289216428995e-04
1.763203617883846164e-04
1.495414908276870847e-04
1.833102433010935783e-04
1.634908694541081786e-04
1.496473269071429968e-04
1.394136052113026381e-04
1.783827901817858219e-04
1.703823945717886090e-04
1.914613967528566718e-04
1.575764181325212121e-04
1.784370979294180870e-04
1.912517764139920473e-04
1.418360334355384111e-04
1.819911994971334934e-04
1.907577388919889927e-04
1.861562777776271105e-04
1.601066469447687268e-04
1.498370402259752154e-04
1.826502411859109998e-04
1.375266729155555367e-04
1.562356483191251755e-04
2.052417257800698280e-04
1.743521133903414011e-04
1.432502467650920153e-04
2.001995308091863990e-04
1.742204331094399095e-04
1.760529848979786038e-04
1.696744438959285617e-04
1.521203666925430298e-04
1.669848861638456583e-04
1.746999478200450540e-04
1.910476275952532887e-04
1.374685380142182112e-04
1.408255920978263021e-04
2.205254568252712488e-04
1.360757160000503063e-04
1.699976855888962746e-04
1.790446840459480882e-04
1.640472910366952419e-04
1.869310071924701333e-04
1.569759624544531107e-04
1.907722180476412177e-04
1.521457015769556165e-04
1.296837435802444816e-04
1.771416136762127280e-04
2.136435796273872256e-04
1.844561193138360977e-04
1.442116190446540713e-04
2.267637901240959764e-04
1.772568066371604800e-04
1.452056167181581259e-04
1.691181678324937820e-04
1.832283160183578730e-04
1.608063466846942902e-04
1.428462128387764096e-04
2.294231671839952469e-04
1.759864244377240539e-04
1.470345450798049569e-04
1.802222104743123055e-04
1.776140416041016579e-04
1.649368059588596225e-04
1.714203681331127882e-04
1.684467861196026206e-04
1.728244387777522206e-04
1.662891736486926675e-04
1.555442722747102380e-04
1.548235886730253696e-04
1.642588758841156960e-04
