2.310857474803924561e-01
1.166769564151763916e-01
8.842020481824874878e-02
7.288509607315063477e-02
6.406670808792114258e-02
5.718825012445449829e-02
5.201676487922668457e-02
4.743101820349693298e-02
4.389540106058120728e-02
4.072100669145584106e-02
3.799957036972045898e-02
3.579521924257278442e-02
3.384400531649589539e-02
3.209050372242927551e-02
3.071066923439502716e-02
2.953743375837802887e-02
2.825567685067653656e-02
2.701381593942642212e-02
2.633730135858058929e-02
2.558346651494503021e-02
2.486588992178440094e-02
2.410730905830860138e-02
2.327869273722171783e-02
2.275566197931766510e-02
2.236255258321762085e-02
2.178826741874217987e-02
2.138894423842430115e-02
2.099735476076602936e-02
2.055476233363151550e-02
2.020201832056045532e-02
1.989533938467502594e-02
1.932073757052421570e-02
1.918814145028591156e-02
1.882341131567955017e-02
1.844884082674980164e-02
1.827445439994335175e-02
1.801410689949989319e-02
1.773271709680557251e-02
1.756745390594005585e-02
1.732922717928886414e-02
1.699336059391498566e-02
1.676451787352561951e-02
1.661151088774204254e-02
1.630126312375068665e-02
1.625850982964038849e-02
1.608853228390216827e-02
1.587699353694915771e-02
1.570419222116470337e-02
1.549435593187808990e-02
1.538644265383481979e-02
1.534519344568252563e-02
1.504409965127706528e-02
1.489387173205614090e-02
1.498380582779645920e-02
1.468501240015029907e-02
1.460567209869623184e-02
1.449651364237070084e-02
1.436049025505781174e-02
1.431669946759939194e-02
1.405661646276712418e-02
1.407476980239152908e-02
1.380852796137332916e-02
1.380935404449701309e-02
1.371606905013322830e-02
1.360074151307344437e-02
1.356114074587821960e-02
1.347756944596767426e-02
1.329948753118515015e-02
1.324282400310039520e-02
1.327188871800899506e-02
1.303653139621019363e-02
1.302125863730907440e-02
1.286999043077230453e-02
1.289423182606697083e-02
1.275697164237499237e-02
1.268764305859804153e-02
1.263970229774713516e-02
1.256097666919231415e-02
1.248881872743368149e-02
1.244951318949460983e-02
1.234124135226011276e-02
1.219515502452850342e-02
1.221152860671281815e-02
1.215858291834592819e-02
1.204164512455463409e-02
1.203417778015136719e-02
1.195228751748800278e-02
1.189234480261802673e-02
1.183596160262823105e-02
1.173785421997308731e-02
1.190038025379180908e-02
1.164886727929115295e-02
1.164121739566326141e-02
1.174399536103010178e-02
1.151287555694580078e-02
1.144865155220031738e-02
1.148459129035472870e-02
1.133390422910451889e-02
1.129867415875196457e-02
1.132367458194494247e-02
1.126126572489738464e-02
1.114664878696203232e-02
1.127719599753618240e-02
1.110320631414651871e-02
1.107736490666866302e-02
1.094477064907550812e-02
1.096960715949535370e-02
1.095891371369361877e-02
1.085330080240964890e-02
1.079180091619491577e-02
1.078060362488031387e-02
1.083686109632253647e-02
1.083698775619268417e-02
1.070628874003887177e-02
1.068781688809394836e-02
1.055220514535903931e-02
1.062157843261957169e-02
1.052241306751966476e-02
1.053634006530046463e-02
1.051576435565948486e-02
1.041316799819469452e-02
1.043216977268457413e-02
1.035594288259744644e-02
1.041263993829488754e-02
1.026112493127584457e-02
1.036900375038385391e-02
1.027873810380697250e-02
1.015695743262767792e-02
1.016623806208372116e-02
1.024894602596759796e-02
1.012333668768405914e-02
1.019901689141988754e-02
1.017420925199985504e-02
1.005248446017503738e-02
1.002487074583768845e-02
1.005522906780242920e-02
9.979069232940673828e-03
9.995850734412670135e-03
9.969905950129032135e-03
9.857079945504665375e-03
9.900602512061595917e-03
9.806597605347633362e-03
9.898556396365165710e-03
9.787762537598609924e-03
9.797261096537113190e-03
9.812518954277038574e-03
9.751908481121063232e-03
9.732324630022048950e-03
9.630089625716209412e-03
9.752933867275714874e-03
9.606138803064823151e-03
9.676512330770492554e-03
9.550455957651138306e-03
9.579295292496681213e-03
9.529804810881614685e-03
9.536088444292545319e-03
9.448311291635036469e-03
9.597012773156166077e-03
9.497501887381076813e-03
9.425188414752483368e-03
9.419602341949939728e-03
9.482275694608688354e-03
9.433722123503684998e-03
9.375558234751224518e-03
9.338472038507461548e-03
9.399927221238613129e-03
9.313087910413742065e-03
9.191852994263172150e-03
9.259266778826713562e-03
9.312272071838378906e-03
9.279801510274410248e-03
9.174452163279056549e-03
9.184392169117927551e-03
9.279012680053710938e-03
9.174625389277935028e-03
9.245608933269977570e-03
9.062066674232482910e-03
9.104361757636070251e-03
9.079393930733203888e-03
9.084605611860752106e-03
9.007422253489494324e-03
9.085465222597122192e-03
8.997209370136260986e-03
8.979609236121177673e-03
8.959544822573661804e-03
9.043357335031032562e-03
8.954886347055435181e-03
8.838550187647342682e-03
8.822305127978324890e-03
9.060249663889408112e-03
8.801527321338653564e-03
8.824350312352180481e-03
8.944299072027206421e-03
8.840803988277912140e-03
8.785955607891082764e-03
8.808974176645278931e-03
8.797098882496356964e-03
8.717013522982597351e-03
8.735380135476589203e-03
8.741765283048152924e-03
8.809708990156650543e-03
8.718194440007209778e-03
8.735319599509239197e-03
8.665557950735092163e-03
8.752679452300071716e-03
8.566949516534805298e-03
8.651034906506538391e-03
8.661026135087013245e-03
8.636473678052425385e-03
8.576850406825542450e-03
8.632285520434379578e-03
8.643553592264652252e-03
8.443854749202728271e-03
8.563229814171791077e-03
8.493294939398765564e-03
8.475573733448982239e-03
8.595023304224014282e-03
8.473316207528114319e-03
8.508709259331226349e-03
8.516773581504821777e-03
8.519034832715988159e-03
8.410315960645675659e-03
8.416437543928623199e-03
8.446961641311645508e-03
8.424061350524425507e-03
8.472736924886703491e-03
8.436758071184158325e-03
8.233956061303615570e-03
8.296202868223190308e-03
8.360600098967552185e-03
8.289683610200881958e-03
8.385004475712776184e-03
8.353193290531635284e-03
8.303003385663032532e-03
8.275974541902542114e-03
8.356768637895584106e-03
8.262678049504756927e-03
8.216881193220615387e-03
8.255556225776672363e-03
8.305211551487445831e-03
8.239328861236572266e-03
8.266641758382320404e-03
8.177168667316436768e-03
8.259954862296581268e-03
8.188546635210514069e-03
8.252651430666446686e-03
8.134031668305397034e-03
8.197243325412273407e-03
8.109982125461101532e-03
8.142111822962760925e-03
8.110364899039268494e-03
8.171904832124710083e-03
8.078943938016891479e-03
8.116349577903747559e-03
7.982640527188777924e-03
8.045097813010215759e-03
8.148716762661933899e-03
8.012888021767139435e-03
8.065327070653438568e-03
8.055428974330425262e-03
8.049515075981616974e-03
8.048069663345813751e-03
8.023018948733806610e-03
7.952139712870121002e-03
8.071330375969409943e-03
7.971288636326789856e-03
7.912283763289451599e-03
8.053507655858993530e-03
7.906524464488029480e-03
7.976817898452281952e-03
7.967546582221984863e-03
7.904149591922760010e-03
7.860629819333553314e-03
7.937134243547916412e-03
7.871652953326702118e-03
7.988045923411846161e-03
7.889165543019771576e-03
7.930261082947254181e-03
7.906438782811164856e-03
7.843066938221454620e-03
7.822487503290176392e-03
7.923968136310577393e-03
7.916360162198543549e-03
7.731433957815170288e-03
7.752756588160991669e-03
7.872571237385272980e-03
7.854755036532878876e-03
7.757675834000110626e-03
7.735289633274078369e-03
7.830086164176464081e-03
7.767308037728071213e-03
7.714215666055679321e-03
7.811330258846282959e-03
7.647977676242589951e-03
7.743346504867076874e-03
7.773737888783216476e-03
7.832577452063560486e-03
7.651884574443101883e-03
7.775197736918926239e-03
7.696586661040782928e-03
7.677336689084768295e-03
7.681617047637701035e-03
7.599597331136465073e-03
7.754330988973379135e-03
7.581673562526702881e-03
7.578254677355289459e-03
7.653438486158847809e-03
7.621926721185445786e-03
7.610409520566463470e-03
7.633842527866363525e-03
7.653768174350261688e-03
7.576841861009597778e-03
7.769381627440452576e-03
7.536522112786769867e-03
7.678673602640628815e-03
7.575234398245811462e-03
7.559083402156829834e-03
7.705606054514646530e-03
7.567172404378652573e-03
7.534624543040990829e-03
7.650059647858142853e-03
7.506310474127531052e-03
7.619670126587152481e-03
7.518303580582141876e-03
7.573417853564023972e-03
7.481736596673727036e-03
7.527249865233898163e-03
7.527533918619155884e-03
7.517637684941291809e-03
7.459920365363359451e-03
7.527681533247232437e-03
7.521389983594417572e-03
7.548966445028781891e-03
7.428727112710475922e-03
7.510388270020484924e-03
7.389835547655820847e-03
7.362310774624347687e-03
7.471934426575899124e-03
7.499084342271089554e-03
7.473165169358253479e-03
7.500801701098680496e-03
7.481053005903959274e-03
7.384276017546653748e-03
7.388279773294925690e-03
7.400167174637317657e-03
7.376869209110736847e-03
7.430852390825748444e-03
7.375956047326326370e-03
7.345678750425577164e-03
7.421724032610654831e-03
7.388317026197910309e-03
7.327764760702848434e-03
7.387966848909854889e-03
7.385765668004751205e-03
7.378855720162391663e-03
7.371196523308753967e-03
7.313072215765714645e-03
7.388823665678501129e-03
7.274144794791936874e-03
7.315901108086109161e-03
7.414544466882944107e-03
7.407865021377801895e-03
7.323841098695993423e-03
7.378521841019392014e-03
7.349665742367506027e-03
7.341149263083934784e-03
7.295086048543453217e-03
7.199444808065891266e-03
7.346504367887973785e-03
7.288424763828516006e-03
7.232597563415765762e-03
7.278589531779289246e-03
7.218697573989629745e-03
7.287167478352785110e-03
7.243628613650798798e-03
7.210354786366224289e-03
7.264317478984594345e-03
7.221530191600322723e-03
7.308948319405317307e-03
7.160631474107503891e-03
7.291896734386682510e-03
7.230730261653661728e-03
7.205280475318431854e-03
7.100082933902740479e-03
7.204453926533460617e-03
7.143337279558181763e-03
7.302850484848022461e-03
7.178495638072490692e-03
7.220777682960033417e-03
7.037766277790069580e-03
7.188439834862947464e-03
7.082922384142875671e-03
7.139272987842559814e-03
7.105913478881120682e-03
7.134229410439729691e-03
7.118238136172294617e-03
7.129984907805919647e-03
7.137166801840066910e-03
7.097055204212665558e-03
7.100236602127552032e-03
7.085802499204874039e-03
7.101110648363828659e-03
7.115608081221580505e-03
7.086488883942365646e-03
7.052133791148662567e-03
7.013574242591857910e-03
7.020973134785890579e-03
7.134224753826856613e-03
7.064195349812507629e-03
7.106488104909658432e-03
7.078425027430057526e-03
7.135252468287944794e-03
7.000615820288658142e-03
7.100654765963554382e-03
6.915329024195671082e-03
6.999709177762269974e-03
7.029175758361816406e-03
7.062381133437156677e-03
6.964614149183034897e-03
7.087771780788898468e-03
7.004813291132450104e-03
7.059668190777301788e-03
6.913976278156042099e-03
6.981507875025272369e-03
6.985498592257499695e-03
7.087317761033773422e-03
6.922561675310134888e-03
7.026318460702896118e-03
6.967806257307529449e-03
6.955751683562994003e-03
6.986657623201608658e-03
6.896135862916707993e-03
6.971322465687990189e-03
6.915865465998649597e-03
6.930473260581493378e-03
7.002729922533035278e-03
6.981081329286098480e-03
7.036739960312843323e-03
7.005264051258563995e-03
6.971298251301050186e-03
6.882374640554189682e-03
6.815319880843162537e-03
6.948929745703935623e-03
6.903680507093667984e-03
6.941570434719324112e-03
6.867156829684972763e-03
6.871389690786600113e-03
6.885809358209371567e-03
6.899860221892595291e-03
6.807361729443073273e-03
6.935945246368646622e-03
6.888618692755699158e-03
6.909219548106193542e-03
6.906696129590272903e-03
6.926596164703369141e-03
6.825688760727643967e-03
6.909941323101520538e-03
6.817098241299390793e-03
6.949324160814285278e-03
6.837180349975824356e-03
6.920243613421916962e-03
6.789740640670061111e-03
6.867717951536178589e-03
6.807174533605575562e-03
6.747081875801086426e-03
6.855433806777000427e-03
6.837279535830020905e-03
6.817975547164678574e-03
6.789066363126039505e-03
6.833405233919620514e-03
6.671269889920949936e-03
6.769611965864896774e-03
6.764247082173824310e-03
6.781456526368856430e-03
6.823401432484388351e-03
6.730827502906322479e-03
6.823801435530185699e-03
6.698675453662872314e-03
6.704682018607854843e-03
6.770775653421878815e-03
6.724514067173004150e-03
6.814563181251287460e-03
6.719731260091066360e-03
6.711800582706928253e-03
6.705230101943016052e-03
6.775489076972007751e-03
6.714866496622562408e-03
6.680862978100776672e-03
6.712526082992553711e-03
6.760780233889818192e-03
6.686585023999214172e-03
6.801018491387367249e-03
6.706691812723875046e-03
6.707405205816030502e-03
6.733619142323732376e-03
6.669551134109497070e-03
6.717632524669170380e-03
6.706466898322105408e-03
6.693887524306774139e-03
6.652751006186008453e-03
6.691740360110998154e-03
6.708196364343166351e-03
6.609212607145309448e-03
6.625970359891653061e-03
6.658881437033414841e-03
6.634199526160955429e-03
6.626524496823549271e-03
6.666752509772777557e-03
6.727661937475204468e-03
6.607431918382644653e-03
6.631708703935146332e-03
6.594297941774129868e-03
6.560208275914192200e-03
6.634182762354612350e-03
6.623904220759868622e-03
6.618489976972341537e-03
6.603995338082313538e-03
6.664469838142395020e-03
6.606240756809711456e-03
6.543238181620836258e-03
6.669357419013977051e-03
6.546101998537778854e-03
6.639199797064065933e-03
6.565117742866277695e-03
6.626103073358535767e-03
6.571189034730195999e-03
6.532929372042417526e-03
6.587125360965728760e-03
6.651732604950666428e-03
6.509515922516584396e-03
6.598043721169233322e-03
6.518453825265169144e-03
6.511252373456954956e-03
6.578845437616109848e-03
6.542504765093326569e-03
6.579045671969652176e-03
6.542820949107408524e-03
6.578168366104364395e-03
6.474274676293134689e-03
6.534669548273086548e-03
6.530277896672487259e-03
6.549173966050148010e-03
6.560629233717918396e-03
6.510923616588115692e-03
6.480072159320116043e-03
6.553752813488245010e-03
6.473029963672161102e-03
6.624410394579172134e-03
6.547008641064167023e-03
6.498341448605060577e-03
6.495140027254819870e-03
6.542225833982229233e-03
6.457603536546230316e-03
6.502071395516395569e-03
6.512505933642387390e-03
6.484217941761016846e-03
6.454689893871545792e-03
6.424587219953536987e-03
6.500068586319684982e-03
6.426656153053045273e-03
6.488149985671043396e-03
6.566468160599470139e-03
6.446101237088441849e-03
6.357411388307809830e-03
6.452565081417560577e-03
6.492204498499631882e-03
6.397946737706661224e-03
6.484659388661384583e-03
6.422111298888921738e-03
6.448076572269201279e-03
6.532099097967147827e-03
6.338464561849832535e-03
6.386504974216222763e-03
6.445483304560184479e-03
6.423147395253181458e-03
6.467655766755342484e-03
6.369019858539104462e-03
6.441212259232997894e-03
6.444120779633522034e-03
6.428411230444908142e-03
6.431443151086568832e-03
6.431769579648971558e-03
6.391437724232673645e-03
6.382429972290992737e-03
6.532386876642704010e-03
6.479867734014987946e-03
6.413253024220466614e-03
6.345594301819801331e-03
6.493701133877038956e-03
6.434813141822814941e-03
6.427188869565725327e-03
6.414039060473442078e-03
6.343607790768146515e-03
6.424433086067438126e-03
6.390982773154973984e-03
6.420268211513757706e-03
6.317235995084047318e-03
6.290325894951820374e-03
6.361342035233974457e-03
6.429234985262155533e-03
6.267544347792863846e-03
6.362029816955327988e-03
6.333352997899055481e-03
6.371140945702791214e-03
6.304299458861351013e-03
6.336627062410116196e-03
6.338714156299829483e-03
6.363665219396352768e-03
6.280294619500637054e-03
6.363726221024990082e-03
6.413796916604042053e-03
6.312374956905841827e-03
6.331371143460273743e-03
6.389856804162263870e-03
6.308272015303373337e-03
6.404261570423841476e-03
6.284491159021854401e-03
6.235054228454828262e-03
6.380000151693820953e-03
6.351782009005546570e-03
6.438680924475193024e-03
6.247126962989568710e-03
6.221342831850051880e-03
6.276884581893682480e-03
6.329906173050403595e-03
6.286362186074256897e-03
6.322829984128475189e-03
6.293655373156070709e-03
6.257542409002780914e-03
6.260868161916732788e-03
6.331436336040496826e-03
6.273232866078615189e-03
6.310638505965471268e-03
6.293899845331907272e-03
6.215494591742753983e-03
6.318345200270414352e-03
6.289593875408172607e-03
6.272029597312211990e-03
6.203118246048688889e-03
6.279650144279003143e-03
6.206800695508718491e-03
6.233164109289646149e-03
6.257017143070697784e-03
6.215573288500308990e-03
6.247201003134250641e-03
6.168913561850786209e-03
6.225880235433578491e-03
6.297292187809944153e-03
6.228334270417690277e-03
6.216607987880706787e-03
6.269343197345733643e-03
6.191868335008621216e-03
6.219686940312385559e-03
6.279782857745885849e-03
6.163858342915773392e-03
6.267705466598272324e-03
6.182055920362472534e-03
6.160623393952846527e-03
6.248650141060352325e-03
6.199871655553579330e-03
6.364704575389623642e-03
6.198496092110872269e-03
6.201166659593582153e-03
6.177879869937896729e-03
6.172635592520236969e-03
6.263030227273702621e-03
6.125236861407756805e-03
6.158469244837760925e-03
6.161899771541357040e-03
6.193491164594888687e-03
6.166351959109306335e-03
6.239843554794788361e-03
6.176280789077281952e-03
6.219505332410335541e-03
6.167294923216104507e-03
6.226701196283102036e-03
6.172444671392440796e-03
6.103918422013521194e-03
6.217400543391704559e-03
6.160540971904993057e-03
6.178658455610275269e-03
6.159620825201272964e-03
6.139227189123630524e-03
6.220580078661441803e-03
6.132822949439287186e-03
6.082753185182809830e-03
6.173969246447086334e-03
6.109095644205808640e-03
6.247435230761766434e-03
6.087148562073707581e-03
6.201680749654769897e-03
6.116490345448255539e-03
6.122141610831022263e-03
6.114354357123374939e-03
6.271953228861093521e-03
6.060504820197820663e-03
6.137110292911529541e-03
6.127094384282827377e-03
6.159865763038396835e-03
6.095273885875940323e-03
6.102738901972770691e-03
6.101969163864850998e-03
6.146725732833147049e-03
6.130360998213291168e-03
6.068196613341569901e-03
6.113070063292980194e-03
6.100738886743783951e-03
6.068745627999305725e-03
6.067235488444566727e-03
6.156171206384897232e-03
5.996560212224721909e-03
6.062466185539960861e-03
6.140153389424085617e-03
6.091779097914695740e-03
6.128102075308561325e-03
6.096125580370426178e-03
6.113857496529817581e-03
6.089322734624147415e-03
6.036224309355020523e-03
6.043946370482444763e-03
6.022171117365360260e-03
6.039986386895179749e-03
6.184086669236421585e-03
6.070994772017002106e-03
6.059444043785333633e-03
6.104386877268552780e-03
6.044284440577030182e-03
6.048906128853559494e-03
6.116308737546205521e-03
6.098426878452301025e-03
6.008888594806194305e-03
6.034969817847013474e-03
6.028132513165473938e-03
6.027667783200740814e-03
6.025517825037240982e-03
6.065943744033575058e-03
6.068810820579528809e-03
6.076569668948650360e-03
6.033265497535467148e-03
6.157540716230869293e-03
6.077116355299949646e-03
6.034701596945524216e-03
6.053856108337640762e-03
6.070067640393972397e-03
6.066067144274711609e-03
5.990714300423860550e-03
6.059004459530115128e-03
5.999475251883268356e-03
6.057927384972572327e-03
6.106173619627952576e-03
6.000947672873735428e-03
6.031855009496212006e-03
6.028692703694105148e-03
6.035231053829193115e-03
6.002003792673349380e-03
6.110120099037885666e-03
6.111648399382829666e-03
5.959002766758203506e-03
6.084779277443885803e-03
5.990959703922271729e-03
5.978999659419059753e-03
6.029922980815172195e-03
6.047466304153203964e-03
5.991774145513772964e-03
5.946538876742124557e-03
5.961310118436813354e-03
6.089871283620595932e-03
6.009485572576522827e-03
5.997839383780956268e-03
6.005104631185531616e-03
6.007918156683444977e-03
5.970950704067945480e-03
5.994088482111692429e-03
6.014550570398569107e-03
5.990358535200357437e-03
5.933157633990049362e-03
6.033716257661581039e-03
5.987792741507291794e-03
5.976619664579629898e-03
5.875567439943552017e-03
5.977774038910865784e-03
6.004226859658956528e-03
6.007845047861337662e-03
5.981273483484983444e-03
6.012009922415018082e-03
5.953357554972171783e-03
5.957743618637323380e-03
5.950789432972669601e-03
5.883766338229179382e-03
5.950471386313438416e-03
5.966893862932920456e-03
5.873461719602346420e-03
5.956020206212997437e-03
5.950547289103269577e-03
5.982734262943267822e-03
5.942238029092550278e-03
5.981100257486104965e-03
5.953371524810791016e-03
5.931127350777387619e-03
5.933810491114854813e-03
5.971407517790794373e-03
5.956524517387151718e-03
5.970036145299673080e-03
5.959560163319110870e-03
5.868208128958940506e-03
5.924814380705356598e-03
5.911984946578741074e-03
5.942927673459053040e-03
5.973297171294689178e-03
5.882350262254476547e-03
5.822269245982170105e-03
5.969455931335687637e-03
5.855744238942861557e-03
5.921611096709966660e-03
5.944387055933475494e-03
5.967906676232814789e-03
5.929373670369386673e-03
5.961487535387277603e-03
5.883265752345323563e-03
5.898083560168743134e-03
5.989130586385726929e-03
5.923772230744361877e-03
5.881233140826225281e-03
5.860064178705215454e-03
5.894003435969352722e-03
5.862323101609945297e-03
5.938261747360229492e-03
5.897569935768842697e-03
5.879067350178956985e-03
5.875818431377410889e-03
5.848900880664587021e-03
5.958963185548782349e-03
5.845933686941862106e-03
5.868382751941680908e-03
5.896282382309436798e-03
5.955328233540058136e-03
5.933566484600305557e-03
5.821552127599716187e-03
5.950528196990489960e-03
5.883934441953897476e-03
5.876920185983181000e-03
5.866916850209236145e-03
5.854102782905101776e-03
5.872659385204315186e-03
5.855643656104803085e-03
5.893236491829156876e-03
5.869263783097267151e-03
5.910008214414119720e-03
5.861709825694561005e-03
5.864386446774005890e-03
5.893516354262828827e-03
5.860821343958377838e-03
5.845120176672935486e-03
5.867655854672193527e-03
5.936269648373126984e-03
5.946956574916839600e-03
5.911749787628650665e-03
5.858538206666707993e-03
5.855849012732505798e-03
5.848938599228858948e-03
5.851938389241695404e-03
5.787221714854240417e-03
5.879157688468694687e-03
5.874149035662412643e-03
5.921405274420976639e-03
5.784860812127590179e-03
5.784392822533845901e-03
5.904340185225009918e-03
5.848102737218141556e-03
5.843777675181627274e-03
5.909268278628587723e-03
5.842163227498531342e-03
5.746649112552404404e-03
5.871754605323076248e-03
5.878109950572252274e-03
5.791106261312961578e-03
5.877166520804166794e-03
5.826891865581274033e-03
5.870575550943613052e-03
5.878545809537172318e-03
5.777506157755851746e-03
5.801453255116939545e-03
5.851258058100938797e-03
5.811036564409732819e-03
5.813669878989458084e-03
5.839331541210412979e-03
5.857990588992834091e-03
5.842377897351980209e-03
5.778436083346605301e-03
5.758484825491905212e-03
5.692243110388517380e-03
5.865191109478473663e-03
5.871467757970094681e-03
5.801561288535594940e-03
5.847258027642965317e-03
5.760395433753728867e-03
5.816995631903409958e-03
5.862574558705091476e-03
5.756177008152008057e-03
5.852026399224996567e-03
5.817268043756484985e-03
5.735192447900772095e-03
5.798596888780593872e-03
5.797496065497398376e-03
5.823981482535600662e-03
5.773223470896482468e-03
5.798030178993940353e-03
5.850557703524827957e-03
5.864736158400774002e-03
5.797884427011013031e-03
5.757825449109077454e-03
5.843333434313535690e-03
5.787823814898729324e-03
5.749666132032871246e-03
5.745220463722944260e-03
5.869052372872829437e-03
5.758343264460563660e-03
5.753520410507917404e-03
5.781267769634723663e-03
5.825115833431482315e-03
5.773801356554031372e-03
5.766810849308967590e-03
5.733142606914043427e-03
5.786940921097993851e-03
5.844672676175832748e-03
5.714102648198604584e-03
5.810858681797981262e-03
5.773350130766630173e-03
5.746108945459127426e-03
5.739788524806499481e-03
5.716466344892978668e-03
5.707120057195425034e-03
5.783080123364925385e-03
5.742726847529411316e-03
5.741187836974859238e-03
5.751012358814477921e-03
5.828508175909519196e-03
5.734976381063461304e-03
5.706989672034978867e-03
5.786198191344738007e-03
5.731622222810983658e-03
5.729050375521183014e-03
5.736271850764751434e-03
5.735082551836967468e-03
5.733246915042400360e-03
5.741704721003770828e-03
5.638110917061567307e-03
5.771374795585870743e-03
5.706751253455877304e-03
5.620056297630071640e-03
5.740715190768241882e-03
5.709442310035228729e-03
5.765679292380809784e-03
5.665942560881376266e-03
5.782473366707563400e-03
5.734932143241167068e-03
5.801338702440261841e-03
5.707779899239540100e-03
5.687766708433628082e-03
5.738805979490280151e-03
5.692641250789165497e-03
5.796173121780157089e-03
5.741806700825691223e-03
5.732132121920585632e-03
5.699963308870792389e-03
5.704589653760194778e-03
5.698991939425468445e-03
5.677670240402221680e-03
5.743943154811859131e-03
5.759502761065959930e-03
5.670940503478050232e-03
5.665939301252365112e-03
5.655171815305948257e-03
5.676487460732460022e-03
5.727779585868120193e-03
5.731721408665180206e-03
5.799250677227973938e-03
5.681442562490701675e-03
5.714393686503171921e-03
5.637857597321271896e-03
5.698324181139469147e-03
5.628666374832391739e-03
5.752120632678270340e-03
5.710066296160221100e-03
5.663176532834768295e-03
5.667746532708406448e-03
5.633889697492122650e-03
5.693735554814338684e-03
5.659996531903743744e-03
5.681572947651147842e-03
5.694021936506032944e-03
5.640950985252857208e-03
5.701241549104452133e-03
5.711750127375125885e-03
5.655448883771896362e-03
5.565343890339136124e-03
5.669362377375364304e-03
5.683921743184328079e-03
5.672622472047805786e-03
5.638216622173786163e-03
5.811199545860290527e-03
5.696373991668224335e-03
5.621758289635181427e-03
5.698514636605978012e-03
5.700654815882444382e-03
5.623023025691509247e-03
5.668239202350378036e-03
5.627769045531749725e-03
5.620979703962802887e-03
5.641988478600978851e-03
5.654781125485897064e-03
5.681662354618310928e-03
5.676744040101766586e-03
5.675195250660181046e-03
5.626059137284755707e-03
5.620270036160945892e-03
5.668607074767351151e-03
5.705955903977155685e-03
5.586132407188415527e-03
5.631554406136274338e-03
5.704041104763746262e-03
5.665650125592947006e-03
5.679015535861253738e-03
5.691219121217727661e-03
5.614569876343011856e-03
5.711305420845746994e-03
5.531772505491971970e-03
5.663718562573194504e-03
5.587789695709943771e-03
5.672402214258909225e-03
5.660813767462968826e-03
5.676327738910913467e-03
5.630775820463895798e-03
5.647900979965925217e-03
5.640658549964427948e-03
5.613141693174839020e-03
5.605286918580532074e-03
5.699657369405031204e-03
5.609335843473672867e-03
5.570549983531236649e-03
5.698482505977153778e-03
5.642675328999757767e-03
5.617062561213970184e-03
5.594725254923105240e-03
5.637792404741048813e-03
5.627791862934827805e-03
5.617625545710325241e-03
5.603841040283441544e-03
5.647997837513685226e-03
5.589111242443323135e-03
5.619687959551811218e-03
5.570259410887956619e-03
5.612117704004049301e-03
5.613003391772508621e-03
5.614841356873512268e-03
5.553596653044223785e-03
5.644856486469507217e-03
5.549114197492599487e-03
5.658102221786975861e-03
5.621087737381458282e-03
5.608743522316217422e-03
5.616516806185245514e-03
5.576009396463632584e-03
5.551137030124664307e-03
5.648248363286256790e-03
5.664646625518798828e-03
5.603468511253595352e-03
5.556889344006776810e-03
5.536537617444992065e-03
5.643094424158334732e-03
5.530318245291709900e-03
5.547431763261556625e-03
5.649096798151731491e-03
5.560175515711307526e-03
5.600988399237394333e-03
5.545513704419136047e-03
5.579558666795492172e-03
5.632474552839994431e-03
5.565081257373094559e-03
5.607612431049346924e-03
5.574097856879234314e-03
5.538464989513158798e-03
5.704637616872787476e-03
5.507498048245906830e-03
5.565723869949579239e-03
5.627960432320833206e-03
5.542791448533535004e-03
5.522922147065401077e-03
5.598676856607198715e-03
5.577717907726764679e-03
5.532541777938604355e-03
5.574669223278760910e-03
5.619460716843605042e-03
5.550046917051076889e-03
5.647767800837755203e-03
5.569919943809509277e-03
5.554520525038242340e-03
5.625832360237836838e-03
5.544608458876609802e-03
5.583583842962980270e-03
5.611978936940431595e-03
5.566794425249099731e-03
5.554462783038616180e-03
5.594767164438962936e-03
5.532396491616964340e-03
5.616834387183189392e-03
5.452418699860572815e-03
5.539658013731241226e-03
5.603761412203311920e-03
5.559902172535657883e-03
5.525783170014619827e-03
5.486523732542991638e-03
5.599720403552055359e-03
5.550606176257133484e-03
5.560621619224548340e-03
5.576810333877801895e-03
5.603952798992395401e-03
5.538277328014373779e-03
5.574029870331287384e-03
5.551466252654790878e-03
5.528222769498825073e-03
5.557050462812185287e-03
5.544100422412157059e-03
5.515326280146837234e-03
5.534801632165908813e-03
5.563899409025907516e-03
5.558253265917301178e-03
5.498642567545175552e-03
5.578185431659221649e-03
5.501792300492525101e-03
5.525428801774978638e-03
5.492527503520250320e-03
5.531146656721830368e-03
5.528666079044342041e-03
5.511814728379249573e-03
5.524052772670984268e-03
5.560805089771747589e-03
5.518563091754913330e-03
5.462092813104391098e-03
5.513263866305351257e-03
5.488457623869180679e-03
5.530674941837787628e-03
5.498698912560939789e-03
5.534776952117681503e-03
5.526677705347537994e-03
5.580153316259384155e-03
5.464464426040649414e-03
5.379429087042808533e-03
5.544621031731367111e-03
5.504227243363857269e-03
5.528765264898538589e-03
5.445106886327266693e-03
5.550153553485870361e-03
5.398898851126432419e-03
5.454867146909236908e-03
5.542290396988391876e-03
5.455352365970611572e-03
5.430315155535936356e-03
5.568853113800287247e-03
5.537124816328287125e-03
5.398396868258714676e-03
5.462133791297674179e-03
5.559224169701337814e-03
5.463214591145515442e-03
5.483661312609910965e-03
5.530933383852243423e-03
5.493617616593837738e-03
5.432484205812215805e-03
5.559280514717102051e-03
5.430579651147127151e-03
5.496345926076173782e-03
5.502074025571346283e-03
5.439957603812217712e-03
5.498612299561500549e-03
5.472341086715459824e-03
5.531752482056617737e-03
5.472288932651281357e-03
5.474591162055730820e-03
5.491726100444793701e-03
5.454087164252996445e-03
5.484952591359615326e-03
5.480551626533269882e-03
5.519345402717590332e-03
5.520585458725690842e-03
5.449489690363407135e-03
5.467723589390516281e-03
5.484450142830610275e-03
5.487430375069379807e-03
5.468459334224462509e-03
5.562043748795986176e-03
5.537890829145908356e-03
5.435341037809848785e-03
5.480277817696332932e-03
5.456856451928615570e-03
5.580436903983354568e-03
5.467601120471954346e-03
5.505006760358810425e-03
5.454906262457370758e-03
5.485626868903636932e-03
5.435700062662363052e-03
5.436231847852468491e-03
5.479302722960710526e-03
5.404647905379533768e-03
5.416934378445148468e-03
5.398534703999757767e-03
5.529550835490226746e-03
5.435618106275796890e-03
5.454722791910171509e-03
5.531258415430784225e-03
5.391144193708896637e-03
5.455140024423599243e-03
5.416103173047304153e-03
5.409431178122758865e-03
5.534882191568613052e-03
5.387727636843919754e-03
5.482944659888744354e-03
5.444038659334182739e-03
5.433802958577871323e-03
5.469635594636201859e-03
5.506919696927070618e-03
5.479385145008563995e-03
5.455351900309324265e-03
5.411024671047925949e-03
5.412146449089050293e-03
5.406604614108800888e-03
5.404620897024869919e-03
5.465506576001644135e-03
5.393245257437229156e-03
5.482182838022708893e-03
5.386259872466325760e-03
5.466993432492017746e-03
5.359265487641096115e-03
5.445011891424655914e-03
5.422529764473438263e-03
5.430825520306825638e-03
5.394324660301208496e-03
5.395757965743541718e-03
5.374031607061624527e-03
5.386218428611755371e-03
5.417799577116966248e-03
5.453751888126134872e-03
5.399466492235660553e-03
5.431696306914091110e-03
5.402244161814451218e-03
5.413178820163011551e-03
5.488567985594272614e-03
5.432284437119960785e-03
5.473713390529155731e-03
5.458143074065446854e-03
5.427351687103509903e-03
5.417570937424898148e-03
5.413350649178028107e-03
5.433675833046436310e-03
5.485539324581623077e-03
5.360729992389678955e-03
5.316853523254394531e-03
5.395927466452121735e-03
5.451927427202463150e-03
5.432914011180400848e-03
5.409685894846916199e-03
5.420012865215539932e-03
5.420587956905364990e-03
5.412521306425333023e-03
5.425415933132171631e-03
5.419240798801183701e-03
5.325928330421447754e-03
5.438711959868669510e-03
5.423453636467456818e-03
5.368819460272789001e-03
5.416711326688528061e-03
5.331962835043668747e-03
5.461032502353191376e-03
5.469420459121465683e-03
5.385530181229114532e-03
5.335445981472730637e-03
5.483349319547414780e-03
5.386432632803916931e-03
5.408617202192544937e-03
5.415742285549640656e-03
5.296482238918542862e-03
5.430999677628278732e-03
5.384992808103561401e-03
5.385955795645713806e-03
5.342123098671436310e-03
5.322172772139310837e-03
5.398686043918132782e-03
5.423481110483407974e-03
5.372082348912954330e-03
5.429103504866361618e-03
5.363638512790203094e-03
5.351558327674865723e-03
5.450720898807048798e-03
5.372457671910524368e-03
5.450427066534757614e-03
5.423639900982379913e-03
5.410810466855764389e-03
5.340453702956438065e-03
5.355542525649070740e-03
5.442300345748662949e-03
5.337044596672058105e-03
5.470239557325839996e-03
5.371771752834320068e-03
5.382045637816190720e-03
5.364256445318460464e-03
5.404051393270492554e-03
5.397215951234102249e-03
5.301993340253829956e-03
5.396738648414611816e-03
5.379174835979938507e-03
5.326570942997932434e-03
5.487987771630287170e-03
5.332449916750192642e-03
5.441402085125446320e-03
5.356418900191783905e-03
5.328400991857051849e-03
5.272074136883020401e-03
5.371574778109788895e-03
5.438662134110927582e-03
5.445978604257106781e-03
5.426311865448951721e-03
5.426143296062946320e-03
5.331557244062423706e-03
5.381016992032527924e-03
5.357932299375534058e-03
5.355731118470430374e-03
5.467641167342662811e-03
5.264927633106708527e-03
5.341536831110715866e-03
5.473461933434009552e-03
5.364687647670507431e-03
5.356874316930770874e-03
5.274654831737279892e-03
5.355229601263999939e-03
5.413799546658992767e-03
5.387358367443084717e-03
5.372019484639167786e-03
5.316681228578090668e-03
5.371234379708766937e-03
5.363219883292913437e-03
5.312220659106969833e-03
5.326529033482074738e-03
5.367107223719358444e-03
5.366700235754251480e-03
5.416809115558862686e-03
5.403120536357164383e-03
5.331696476787328720e-03
5.339315626770257950e-03
5.315757822245359421e-03
5.375364329665899277e-03
5.334529094398021698e-03
5.267568863928318024e-03
5.505025386810302734e-03
5.403770599514245987e-03
5.335442256182432175e-03
5.454420577734708786e-03
5.444549955427646637e-03
5.384561140090227127e-03
5.307021550834178925e-03
5.369678605347871780e-03
5.338464397937059402e-03
5.351707339286804199e-03
5.394392181187868118e-03
5.370558705180883408e-03
5.367063451558351517e-03
5.371171515434980392e-03
5.290375556796789169e-03
5.347908940166234970e-03
5.387783981859683990e-03
5.405098199844360352e-03
5.381416529417037964e-03
5.369789898395538330e-03
5.263136234134435654e-03
5.420605652034282684e-03
5.327747669070959091e-03
5.259474739432334900e-03
5.270619411021471024e-03
5.328583996742963791e-03
5.295894574373960495e-03
5.386957898736000061e-03
5.352677311748266220e-03
5.316868424415588379e-03
5.281616933643817902e-03
5.217924248427152634e-03
5.437434650957584381e-03
5.253360141068696976e-03
5.380287766456604004e-03
5.341498646885156631e-03
5.349454935640096664e-03
5.376092158257961273e-03
5.268477834761142731e-03
5.317029543220996857e-03
5.301624070852994919e-03
5.332527682185173035e-03
5.313276778906583786e-03
5.372566636651754379e-03
5.337615963071584702e-03
5.248933099210262299e-03
5.309693049639463425e-03
5.366419907659292221e-03
5.341787356883287430e-03
5.302757024765014648e-03
5.248752888292074203e-03
5.331504624336957932e-03
5.304346326738595963e-03
5.264724604785442352e-03
5.312673747539520264e-03
5.351512692868709564e-03
5.240263883024454117e-03
5.328375846147537231e-03
5.262989550828933716e-03
5.325742531567811966e-03
5.376403219997882843e-03
5.275224335491657257e-03
5.255626980215311050e-03
5.313937552273273468e-03
5.267732776701450348e-03
5.337588489055633545e-03
5.260582547634840012e-03
5.337239243090152740e-03
5.376449320465326309e-03
5.287232808768749237e-03
5.250366870313882828e-03
5.402114707976579666e-03
5.340465344488620758e-03
5.277463234961032867e-03
5.312241148203611374e-03
5.305309779942035675e-03
5.331240128725767136e-03
5.288885906338691711e-03
5.270408466458320618e-03
5.350673105567693710e-03
5.280556157231330872e-03
5.275320261716842651e-03
5.316030699759721756e-03
5.263762082904577255e-03
5.253194365650415421e-03
5.354495253413915634e-03
5.312855821102857590e-03
5.325973499566316605e-03
5.207609385251998901e-03
5.283469799906015396e-03
5.296742077916860580e-03
5.360637791454792023e-03
5.340752191841602325e-03
5.242736078798770905e-03
5.227264016866683960e-03
5.304333288222551346e-03
5.336514208465814590e-03
5.297258961945772171e-03
5.329000763595104218e-03
5.363983567804098129e-03
5.290495231747627258e-03
5.302967503666877747e-03
5.246439948678016663e-03
5.285909865051507950e-03
5.242723040282726288e-03
5.304426420480012894e-03
5.235179327428340912e-03
5.346961785107851028e-03
5.308653227984905243e-03
5.319621879607439041e-03
5.278320517390966415e-03
5.344406235963106155e-03
5.288609303534030914e-03
5.233868956565856934e-03
5.335628520697355270e-03
5.204405635595321655e-03
5.295761860907077789e-03
5.336321890354156494e-03
5.211729090660810471e-03
5.272758658975362778e-03
5.348693113774061203e-03
5.270093213766813278e-03
5.288327112793922424e-03
5.346996244043111801e-03
5.297561641782522202e-03
5.219165701419115067e-03
5.250175949186086655e-03
5.247619468718767166e-03
5.300655029714107513e-03
5.342211108654737473e-03
5.203694105148315430e-03
5.285605788230895996e-03
5.230295937508344650e-03
5.230315960943698883e-03
5.276636686176061630e-03
5.231339484453201294e-03
5.300728138536214828e-03
5.226449109613895416e-03
5.338709801435470581e-03
5.262496415525674820e-03
5.268474575132131577e-03
5.291755311191082001e-03
5.215766374021768570e-03
5.298600066453218460e-03
5.213934928178787231e-03
5.304521415382623672e-03
5.198813043534755707e-03
5.326837301254272461e-03
5.267105996608734131e-03
5.289890803396701813e-03
5.257486831396818161e-03
5.237281322479248047e-03
5.185043904930353165e-03
5.279442295432090759e-03
5.262608639895915985e-03
5.289043299853801727e-03
5.251609254628419876e-03
5.190522875636816025e-03
5.224602762609720230e-03
5.264427047222852707e-03
5.162166431546211243e-03
5.235909949988126755e-03
5.225423257797956467e-03
5.259234458208084106e-03
5.286068189889192581e-03
5.207956768572330475e-03
5.260894540697336197e-03
5.234938580542802811e-03
5.256744567304849625e-03
5.199100356549024582e-03
5.163580644875764847e-03
5.330509971827268600e-03
5.236949305981397629e-03
5.221662577241659164e-03
5.216562189161777496e-03
5.298183765262365341e-03
5.238933023065328598e-03
5.201820749789476395e-03
5.278811790049076080e-03
5.224931519478559494e-03
5.249836016446352005e-03
5.262225866317749023e-03
5.276674870401620865e-03
5.185199901461601257e-03
5.237069912254810333e-03
5.275172647088766098e-03
5.281728226691484451e-03
5.256166681647300720e-03
5.165964365005493164e-03
5.244647152721881866e-03
5.239977966994047165e-03
5.214746575802564621e-03
5.226283799856901169e-03
5.286511965095996857e-03
5.240645259618759155e-03
5.214729811996221542e-03
5.235103424638509750e-03
5.281385034322738647e-03
5.208247806876897812e-03
5.288325250148773193e-03
5.260299891233444214e-03
5.253978073596954346e-03
5.226897541433572769e-03
5.217077676206827164e-03
5.314591806381940842e-03
5.132651887834072113e-03
5.210083443671464920e-03
5.226835608482360840e-03
5.294852890074253082e-03
5.247458349913358688e-03
5.377884954214096069e-03
5.236966069787740707e-03
5.300253164023160934e-03
5.217943806201219559e-03
5.290960427373647690e-03
5.226551089435815811e-03
5.343978293240070343e-03
5.215149838477373123e-03
5.170255433768033981e-03
5.245175678282976151e-03
5.275022238492965698e-03
5.193091928958892822e-03
5.213301163166761398e-03
5.226682871580123901e-03
5.302096717059612274e-03
5.129497032612562180e-03
5.228339228779077530e-03
5.225990433245897293e-03
5.220601800829172134e-03
5.162231158465147018e-03
5.294349044561386108e-03
5.245519801974296570e-03
5.187885835766792297e-03
5.288589280098676682e-03
5.174670368432998657e-03
5.194390192627906799e-03
5.258704535663127899e-03
5.149696487933397293e-03
5.137116182595491409e-03
5.237345118075609207e-03
5.226334556937217712e-03
5.210054107010364532e-03
5.171160213649272919e-03
5.266964435577392578e-03
5.166267510503530502e-03
5.163723602890968323e-03
5.179062951356172562e-03
5.173121113330125809e-03
5.297156050801277161e-03
5.241835024207830429e-03
5.172461736947298050e-03
5.281403195112943649e-03
5.167525261640548706e-03
5.148808471858501434e-03
5.207661539316177368e-03
5.275208503007888794e-03
5.136694759130477905e-03
5.271966569125652313e-03
5.286740139126777649e-03
5.177902057766914368e-03
5.180272739380598068e-03
5.263511091470718384e-03
5.208111368119716644e-03
5.203566048294305801e-03
5.258930381387472153e-03
5.191871430724859238e-03
5.239530000835657120e-03
5.184284411370754242e-03
5.135946907103061676e-03
5.152712110430002213e-03
5.181910004466772079e-03
5.211559124290943146e-03
5.208450369536876678e-03
5.206773988902568817e-03
5.176723469048738480e-03
5.205356050282716751e-03
5.312807857990264893e-03
5.233617033809423447e-03
5.356479436159133911e-03
5.166128743439912796e-03
5.160755943506956100e-03
5.188527982681989670e-03
5.229370202869176865e-03
5.113955587148666382e-03
5.215340293943881989e-03
5.157212726771831512e-03
5.167542491108179092e-03
5.150865763425827026e-03
5.162678658962249756e-03
5.116462241858243942e-03
5.190390627831220627e-03
5.188114009797573090e-03
5.169622134417295456e-03
5.204652436077594757e-03
5.066912155598402023e-03
5.212782882153987885e-03
5.219578742980957031e-03
5.224386230111122131e-03
5.094455555081367493e-03
5.127414595335721970e-03
5.065153352916240692e-03
5.146313924342393875e-03
5.192842334508895874e-03
5.193084478378295898e-03
5.199918057769536972e-03
5.094518885016441345e-03
5.161322653293609619e-03
5.205568857491016388e-03
5.227371584624052048e-03
5.192697979509830475e-03
5.186512600630521774e-03
5.125850904732942581e-03
5.226732697337865829e-03
5.205369554460048676e-03
5.150498356670141220e-03
5.203214008361101151e-03
5.176833365112543106e-03
5.217904690653085709e-03
5.243455525487661362e-03
5.163379479199647903e-03
5.177455488592386246e-03
5.118145607411861420e-03
5.054291337728500366e-03
5.162924993783235550e-03
5.243671592324972153e-03
5.249433685094118118e-03
5.176136735826730728e-03
5.082623567432165146e-03
5.147196352481842041e-03
5.099753849208354950e-03
5.224947817623615265e-03
5.075089167803525925e-03
5.153938662260770798e-03
5.191719625145196915e-03
5.116053391247987747e-03
5.203914828598499298e-03
5.093097686767578125e-03
5.177630111575126648e-03
5.180567968636751175e-03
5.097413435578346252e-03
5.117057822644710541e-03
5.190545227378606796e-03
5.097951740026473999e-03
5.147489719092845917e-03
5.116291809827089310e-03
5.134538281708955765e-03
5.123948678374290466e-03
5.161286797374486923e-03
5.168694537132978439e-03
5.214063450694084167e-03
5.173280369490385056e-03
5.163683556020259857e-03
5.228416994214057922e-03
5.080789327621459961e-03
5.279446486383676529e-03
5.099609494209289551e-03
5.158603191375732422e-03
5.106700118631124496e-03
5.234618671238422394e-03
5.161699838936328888e-03
5.130746867507696152e-03
5.167571827769279480e-03
5.117295309901237488e-03
5.094269756227731705e-03
5.117930937558412552e-03
5.194974131882190704e-03
5.099965725094079971e-03
5.165329203009605408e-03
5.178493913263082504e-03
5.119000095874071121e-03
5.150027107447385788e-03
5.117949098348617554e-03
5.124764051288366318e-03
5.130561534315347672e-03
5.132320802658796310e-03
5.147639662027359009e-03
5.079952068626880646e-03
5.160491913557052612e-03
5.178949795663356781e-03
5.149530246853828430e-03
5.139837972819805145e-03
5.108093377202749252e-03
5.160043947398662567e-03
5.088120233267545700e-03
5.169629119336605072e-03
5.124544724822044373e-03
5.087480414658784866e-03
5.194890312850475311e-03
5.205737892538309097e-03
5.048295017331838608e-03
5.207649897783994675e-03
5.110838450491428375e-03
5.136881023645401001e-03
5.160713568329811096e-03
5.085734650492668152e-03
5.163443274796009064e-03
5.127341486513614655e-03
5.158286076039075851e-03
5.118823610246181488e-03
5.149994511157274246e-03
5.153498612344264984e-03
5.164512433111667633e-03
5.197993014007806778e-03
5.102832801640033722e-03
5.065994802862405777e-03
5.137935280799865723e-03
5.114466883242130280e-03
5.181073211133480072e-03
5.087539553642272949e-03
5.119940731674432755e-03
5.122852977365255356e-03
5.098636727780103683e-03
5.069486796855926514e-03
5.119517445564270020e-03
5.110652185976505280e-03
5.130735225975513458e-03
5.139340646564960480e-03
5.155093967914581299e-03
5.135996267199516296e-03
5.013972055166959763e-03
5.169648211449384689e-03
5.031223874539136887e-03
5.047056358307600021e-03
5.145213101059198380e-03
5.060910712927579880e-03
5.161832552403211594e-03
5.053708795458078384e-03
5.182575900107622147e-03
5.090668331831693649e-03
5.117883440107107162e-03
5.162222310900688171e-03
5.127745214849710464e-03
5.049014929682016373e-03
5.057075992226600647e-03
5.080804228782653809e-03
5.125365220010280609e-03
4.992474336177110672e-03
5.197239574044942856e-03
5.054720211774110794e-03
5.085343029350042343e-03
5.031353328377008438e-03
5.130496807396411896e-03
5.058483686298131943e-03
5.086414050310850143e-03
5.096675362437963486e-03
5.055962130427360535e-03
5.192574113607406616e-03
5.164708010852336884e-03
5.061403848230838776e-03
5.133044905960559845e-03
5.108967423439025879e-03
5.095444153994321823e-03
5.075632128864526749e-03
5.135527811944484711e-03
5.095404572784900665e-03
5.063914228230714798e-03
5.207492969930171967e-03
5.028642248362302780e-03
5.044889636337757111e-03
5.111411213874816895e-03
5.122629459947347641e-03
5.141771864145994186e-03
5.055860616266727448e-03
5.053021013736724854e-03
5.126855336129665375e-03
5.062239710241556168e-03
5.134595092386007309e-03
5.111546721309423447e-03
5.043391603976488113e-03
5.077333655208349228e-03
5.070111714303493500e-03
5.118770059198141098e-03
5.073619540780782700e-03
5.027341656386852264e-03
5.104067735373973846e-03
5.106425378471612930e-03
5.114366300404071808e-03
5.214125383645296097e-03
4.962772596627473831e-03
5.118054803460836411e-03
5.035299807786941528e-03
5.071790423244237900e-03
5.106517579406499863e-03
5.084533710032701492e-03
5.105800926685333252e-03
5.037346854805946350e-03
5.167397204786539078e-03
5.082730669528245926e-03
5.048645194619894028e-03
5.090294405817985535e-03
5.079879425466060638e-03
5.082672927528619766e-03
5.079338327050209045e-03
5.155628547072410583e-03
4.994454793632030487e-03
5.105842370539903641e-03
5.055202171206474304e-03
4.995382856577634811e-03
5.084920674562454224e-03
5.056449677795171738e-03
4.987307358533143997e-03
5.003052297979593277e-03
5.109942052513360977e-03
5.074278451502323151e-03
5.083957221359014511e-03
5.051459185779094696e-03
5.069585517048835754e-03
5.077144596725702286e-03
5.025194957852363586e-03
5.052665248513221741e-03
5.063448101282119751e-03
5.010278895497322083e-03
5.117320921272039413e-03
5.024079699069261551e-03
5.066303536295890808e-03
5.059001035988330841e-03
5.071156192570924759e-03
5.048822611570358276e-03
5.090818274766206741e-03
5.049099214375019073e-03
5.053877830505371094e-03
5.102179944515228271e-03
5.036772694438695908e-03
5.101922433823347092e-03
5.110358353704214096e-03
5.044204182922840118e-03
5.043159704655408859e-03
5.061676725745201111e-03
5.035872105509042740e-03
5.089797545224428177e-03
5.093525629490613937e-03
5.068835802376270294e-03
5.117750260978937149e-03
4.986490588635206223e-03
5.197864491492509842e-03
5.040355958044528961e-03
5.010795779526233673e-03
5.042728502303361893e-03
5.001522600650787354e-03
5.086142569780349731e-03
5.065617617219686508e-03
5.023436155170202255e-03
5.061681382358074188e-03
5.074142478406429291e-03
5.121063441038131714e-03
5.026834551244974136e-03
5.078456830233335495e-03
5.079395137727260590e-03
5.058209411799907684e-03
5.054741166532039642e-03
5.045989062637090683e-03
5.027980078011751175e-03
5.087972152978181839e-03
5.073582753539085388e-03
5.100546870380640030e-03
5.004712380468845367e-03
5.019656382501125336e-03
5.059702787548303604e-03
5.020199809223413467e-03
5.163518711924552917e-03
5.026993341743946075e-03
5.007875617593526840e-03
4.963487852364778519e-03
5.038639064878225327e-03
5.073921754956245422e-03
5.014647264033555984e-03
5.013910122215747833e-03
5.120284855365753174e-03
5.005213432013988495e-03
5.118530709296464920e-03
4.987741354852914810e-03
5.052945576608181000e-03
5.047972779721021652e-03
5.072197411209344864e-03
5.015135277062654495e-03
5.042711738497018814e-03
4.972052294760942459e-03
5.015830975025892258e-03
5.054540000855922699e-03
4.998625721782445908e-03
5.090598482638597488e-03
5.039813462644815445e-03
5.071843508630990982e-03
4.941935185343027115e-03
5.012766923755407333e-03
5.034451838582754135e-03
5.067062098532915115e-03
4.999219905585050583e-03
5.069615785032510757e-03
4.994244314730167389e-03
5.083899479359388351e-03
4.979026503860950470e-03
5.038150586187839508e-03
5.046022124588489532e-03
5.082481075078248978e-03
4.977710079401731491e-03
5.095720756798982620e-03
4.960478283464908600e-03
5.077738780528306961e-03
4.977698437869548798e-03
5.006213206797838211e-03
5.040007643401622772e-03
5.003496538847684860e-03
5.107823759317398071e-03
4.952923860400915146e-03
5.065047182142734528e-03
5.063610617071390152e-03
5.054352805018424988e-03
4.984324797987937927e-03
5.000643432140350342e-03
5.050354637205600739e-03
4.965332802385091782e-03
5.031306296586990356e-03
4.974544048309326172e-03
4.947515670210123062e-03
5.021425429731607437e-03
4.973174072802066803e-03
5.011108238250017166e-03
5.031126551330089569e-03
5.023030564188957214e-03
5.064127966761589050e-03
5.021722055971622467e-03
5.102636758238077164e-03
5.036449059844017029e-03
5.031663924455642700e-03
5.061357282102108002e-03
5.040710791945457458e-03
5.005747545510530472e-03
4.981840960681438446e-03
5.044730380177497864e-03
5.010839086025953293e-03
4.994483198970556259e-03
4.968464840203523636e-03
5.140430293977260590e-03
5.040498916059732437e-03
4.997923970222473145e-03
5.085916724056005478e-03
5.049142986536026001e-03
5.007814150303602219e-03
5.086178425699472427e-03
4.921810701489448547e-03
5.002876278012990952e-03
5.053762346506118774e-03
4.985001403838396072e-03
5.064203403890132904e-03
5.079695954918861389e-03
5.020055919885635376e-03
5.002780351787805557e-03
5.008292850106954575e-03
