2.493337392807006836e-01
1.687232702970504761e-01
1.424506008625030518e-01
1.339974105358123779e-01
1.275938749313354492e-01
1.222032979130744934e-01
1.175488382577896118e-01
1.123643293976783752e-01
1.080946251749992371e-01
1.042273342609405518e-01
1.000293865799903870e-01
9.731686115264892578e-02
9.378544241189956665e-02
9.106378257274627686e-02
8.860734105110168457e-02
8.595844358205795288e-02
8.392234891653060913e-02
8.132814615964889526e-02
7.965870201587677002e-02
7.788115739822387695e-02
7.667724043130874634e-02
7.492495328187942505e-02
7.352820038795471191e-02
7.233946025371551514e-02
7.057923078536987305e-02
6.975145637989044189e-02
6.881956756114959717e-02
6.799877434968948364e-02
6.683667749166488647e-02
6.608188152313232422e-02
6.548154354095458984e-02
6.432501226663589478e-02
6.326624751091003418e-02
6.385127454996109009e-02
6.287597119808197021e-02
6.224048510193824768e-02
6.179722771048545837e-02
6.122963875532150269e-02
6.042329967021942139e-02
6.031013652682304382e-02
5.992795154452323914e-02
5.913686007261276245e-02
5.848966538906097412e-02
5.787976458668708801e-02
5.813345313072204590e-02
5.736311897635459900e-02
5.679385736584663391e-02
5.637345835566520691e-02
5.580164119601249695e-02
5.515116453170776367e-02
5.497732385993003845e-02
5.462307110428810120e-02
5.450975149869918823e-02
5.393687263131141663e-02
5.376576632261276245e-02
5.325146019458770752e-02
5.276912078261375427e-02
5.261190980672836304e-02
5.236402526497840881e-02
5.192879587411880493e-02
5.160435661673545837e-02
5.144419521093368530e-02
5.071860179305076599e-02
5.077020823955535889e-02
5.057639628648757935e-02
5.004612356424331665e-02
4.955479875206947327e-02
4.938692227005958557e-02
4.939884319901466370e-02
4.930774867534637451e-02
4.888878017663955688e-02
4.870443791151046753e-02
4.845530167222023010e-02
4.785168543457984924e-02
4.788558930158615112e-02
4.781253635883331299e-02
4.714186117053031921e-02
4.675057530403137207e-02
4.708362370729446411e-02
4.678439348936080933e-02
4.696496948599815369e-02
4.650209099054336548e-02
4.635901004076004028e-02
4.609245806932449341e-02
4.557893797755241394e-02
4.535572230815887451e-02
4.542133957147598267e-02
4.511698335409164429e-02
4.530406743288040161e-02
4.498544707894325256e-02
4.470182210206985474e-02
4.430485516786575317e-02
4.455230757594108582e-02
4.455028846859931946e-02
4.395114630460739136e-02
4.412490874528884888e-02
4.365302994847297668e-02
4.334039986133575439e-02
4.313389956951141357e-02
4.311422631144523621e-02
4.342112690210342407e-02
4.280186817049980164e-02
4.261216521263122559e-02
4.252856597304344177e-02
4.280085861682891846e-02
4.191205278038978577e-02
4.226322844624519348e-02
4.191174358129501343e-02
4.186017066240310669e-02
4.181544855237007141e-02
4.195199161767959595e-02
4.158906266093254089e-02
4.141214862465858459e-02
4.087105765938758850e-02
4.107538238167762756e-02
4.064206779003143311e-02
4.085200652480125427e-02
4.051250591874122620e-02
4.048386588692665100e-02
4.040614515542984009e-02
4.086913913488388062e-02
4.015084728598594666e-02
4.000118374824523926e-02
4.008106887340545654e-02
3.974699229001998901e-02
3.988433256745338440e-02
3.952575847506523132e-02
3.961045667529106140e-02
3.930102288722991943e-02
3.955956548452377319e-02
3.942666947841644287e-02
3.922055661678314209e-02
3.925966098904609680e-02
3.882939368486404419e-02
3.878794237971305847e-02
3.898833319544792175e-02
3.888532891869544983e-02
3.859119117259979248e-02
3.878386318683624268e-02
3.865956515073776245e-02
3.854798153042793274e-02
3.831693157553672791e-02
3.859733045101165771e-02
3.804053366184234619e-02
3.776601329445838928e-02
3.790010139346122742e-02
3.779140114784240723e-02
3.771165385842323303e-02
3.765359893441200256e-02
3.779030218720436096e-02
3.759109601378440857e-02
3.781966492533683777e-02
3.746997937560081482e-02
3.725236654281616211e-02
3.732305765151977539e-02
3.701994940638542175e-02
3.696963563561439514e-02
3.690072894096374512e-02
3.704266995191574097e-02
3.679003939032554626e-02
3.680070489645004272e-02
3.664585202932357788e-02
3.674957156181335449e-02
3.652315959334373474e-02
3.637079894542694092e-02
3.627517074346542358e-02
3.657540306448936462e-02
3.641170635819435120e-02
3.621532395482063293e-02
3.612500801682472229e-02
3.620462492108345032e-02
3.589640930294990540e-02
3.617502748966217041e-02
3.581658750772476196e-02
3.576778247952461243e-02
3.549622371792793274e-02
3.584859147667884827e-02
3.537257760763168335e-02
3.563091158866882324e-02
3.535605967044830322e-02
3.567076846957206726e-02
3.529859334230422974e-02
3.548295050859451294e-02
3.554563969373703003e-02
3.531153500080108643e-02
3.543694689869880676e-02
3.520970419049263000e-02
3.519966080784797668e-02
3.503963351249694824e-02
3.490273654460906982e-02
3.482610732316970825e-02
3.489468246698379517e-02
3.490835428237915039e-02
3.464638441801071167e-02
3.449819609522819519e-02
3.463517129421234131e-02
3.475227952003479004e-02
3.461114317178726196e-02
3.456614539027214050e-02
3.437980264425277710e-02
3.443875908851623535e-02
3.423748910427093506e-02
3.412397950887680054e-02
3.427901864051818848e-02
3.418727964162826538e-02
3.430425375699996948e-02
3.412454947829246521e-02
3.416893631219863892e-02
3.418484330177307129e-02
3.379917517304420471e-02
3.387464210391044617e-02
3.385002911090850830e-02
3.397404402494430542e-02
3.388870880007743835e-02
3.353421390056610107e-02
3.355747833847999573e-02
3.358932957053184509e-02
3.367944806814193726e-02
3.341698274016380310e-02
3.338910639286041260e-02
3.342331200838088989e-02
3.336799517273902893e-02
3.310977295041084290e-02
3.327835723757743835e-02
3.282185271382331848e-02
3.325953334569931030e-02
3.284157067537307739e-02
3.303810581564903259e-02
3.310022875666618347e-02
3.322695568203926086e-02
3.279722109436988831e-02
3.299903124570846558e-02
3.295077010989189148e-02
3.311541676521301270e-02
3.279165923595428467e-02
3.297878429293632507e-02
3.278683871030807495e-02
3.268819674849510193e-02
3.246111422777175903e-02
3.269745036959648132e-02
3.252489864826202393e-02
3.244911879301071167e-02
3.271066397428512573e-02
3.235326707363128662e-02
3.252776339650154114e-02
3.237458691000938416e-02
3.240064904093742371e-02
3.205837309360504150e-02
3.211639821529388428e-02
3.207243233919143677e-02
3.223425894975662231e-02
3.196180611848831177e-02
3.209029510617256165e-02
3.203210979700088501e-02
3.202047199010848999e-02
3.192418068647384644e-02
3.178437426686286926e-02
3.198887035250663757e-02
3.191366046667098999e-02
3.181155398488044739e-02
3.186365962028503418e-02
3.166840970516204834e-02
3.168035298585891724e-02
3.205358609557151794e-02
3.179071471095085144e-02
3.166905418038368225e-02
3.172118961811065674e-02
3.166841343045234680e-02
3.155318647623062134e-02
3.171650320291519165e-02
3.158196434378623962e-02
3.153075277805328369e-02
3.127615153789520264e-02
3.139618039131164551e-02
3.150165826082229614e-02
3.126082941889762878e-02
3.136564791202545166e-02
3.133960068225860596e-02
3.162267431616783142e-02
3.106274455785751343e-02
3.120286390185356140e-02
3.110650554299354553e-02
3.106824494898319244e-02
3.113648295402526855e-02
3.095434606075286865e-02
3.111915290355682373e-02
3.122117929160594940e-02
3.116573579609394073e-02
3.072213195264339447e-02
3.108028881251811981e-02
3.097786009311676025e-02
3.088073059916496277e-02
3.091510944068431854e-02
3.077455423772335052e-02
3.057220205664634705e-02
3.072748519480228424e-02
3.063975274562835693e-02
3.083321638405323029e-02
3.053070232272148132e-02
3.058670461177825928e-02
3.079693019390106201e-02
3.068171627819538116e-02
3.067084774374961853e-02
3.046871162950992584e-02
3.047000430524349213e-02
3.042930550873279572e-02
3.038589656352996826e-02
3.044911101460456848e-02
3.043336048722267151e-02
3.044305741786956787e-02
3.032930195331573486e-02
3.029078245162963867e-02
3.022974170744419098e-02
3.036113828420639038e-02
3.045899979770183563e-02
3.020941093564033508e-02
3.013843484222888947e-02
3.023799695074558258e-02
3.030343540012836456e-02
3.025710210204124451e-02
2.994031086564064026e-02
3.022903949022293091e-02
3.014847263693809509e-02
3.002804517745971680e-02
3.002035804092884064e-02
3.009186498820781708e-02
3.003745712339878082e-02
2.982540801167488098e-02
3.003986924886703491e-02
2.968845702707767487e-02
2.968333661556243896e-02
2.991712465882301331e-02
2.965548262000083923e-02
2.961286716163158417e-02
2.997740358114242554e-02
2.968843095004558563e-02
2.975833602249622345e-02
2.964172139763832092e-02
2.988791093230247498e-02
2.941465005278587341e-02
2.965873293578624725e-02
2.955257147550582886e-02
2.958435378968715668e-02
2.940978668630123138e-02
2.956564538180828094e-02
2.976381592452526093e-02
2.967158518731594086e-02
2.930694818496704102e-02
2.938852272927761078e-02
2.957274205982685089e-02
2.949969284236431122e-02
2.918305248022079468e-02
2.947120368480682373e-02
2.947207912802696228e-02
2.916341647505760193e-02
2.947977371513843536e-02
2.937214449048042297e-02
2.952781692147254944e-02
2.939539588987827301e-02
2.924231253564357758e-02
2.926294691860675812e-02
2.929019182920455933e-02
2.912170998752117157e-02
2.933959476649761200e-02
2.922698669135570526e-02
2.916341833770275116e-02
2.930378913879394531e-02
2.902472205460071564e-02
2.917151711881160736e-02
2.893226034939289093e-02
2.903156727552413940e-02
2.912109903991222382e-02
2.906786091625690460e-02
2.911288663744926453e-02
2.896950952708721161e-02
2.886022254824638367e-02
2.892240881919860840e-02
2.877106517553329468e-02
2.894948609173297882e-02
2.876757644116878510e-02
2.863004803657531738e-02
2.912481874227523804e-02
2.887063659727573395e-02
2.866791561245918274e-02
2.881392650306224823e-02
2.873161807656288147e-02
2.855041809380054474e-02
2.882070466876029968e-02
2.875963039696216583e-02
2.872938290238380432e-02
2.838016301393508911e-02
2.870446257293224335e-02
2.865521050989627838e-02
2.850626409053802490e-02
2.858943492174148560e-02
2.867645211517810822e-02
2.853605151176452637e-02
2.839944697916507721e-02
2.832013182342052460e-02
2.849321067333221436e-02
2.841648645699024200e-02
2.848332189023494720e-02
2.828507311642169952e-02
2.849293686449527740e-02
2.832001261413097382e-02
2.826680988073348999e-02
2.832507900893688202e-02
2.841052785515785217e-02
2.846530079841613770e-02
2.837442979216575623e-02
2.805809490382671356e-02
2.823543362319469452e-02
2.821847051382064819e-02
2.821626700460910797e-02
2.832398191094398499e-02
2.822672203183174133e-02
2.809005975723266602e-02
2.812314592301845551e-02
2.848630212247371674e-02
2.822073921561241150e-02
2.809000946581363678e-02
2.798620052635669708e-02
2.827127091586589813e-02
2.814534492790699005e-02
2.797755226492881775e-02
2.829381078481674194e-02
2.812582440674304962e-02
2.796413376927375793e-02
2.798610366880893707e-02
2.785017900168895721e-02
2.793831378221511841e-02
2.812873385846614838e-02
2.797189168632030487e-02
2.772618830204010010e-02
2.795452624559402466e-02
2.792906761169433594e-02
2.774248830974102020e-02
2.797645144164562225e-02
2.790687605738639832e-02
2.780090831220149994e-02
2.769188210368156433e-02
2.783223800361156464e-02
2.760850824415683746e-02
2.782896347343921661e-02
2.759843133389949799e-02
2.770798280835151672e-02
2.780257351696491241e-02
2.775680460035800934e-02
2.775683812797069550e-02
2.787856757640838623e-02
2.769196592271327972e-02
2.772669680416584015e-02
2.777231112122535706e-02
2.752675861120223999e-02
2.763109281659126282e-02
2.766065299510955811e-02
2.767606824636459351e-02
2.746282145380973816e-02
2.758267521858215332e-02
2.746365033090114594e-02
2.757128328084945679e-02
2.763731963932514191e-02
2.741233259439468384e-02
2.742107398808002472e-02
2.729820460081100464e-02
2.753803506493568420e-02
2.737254276871681213e-02
2.757481858134269714e-02
2.715845964848995209e-02
2.725955657660961151e-02
2.721033804118633270e-02
2.733638323843479156e-02
2.721983566880226135e-02
2.736803144216537476e-02
2.725149877369403839e-02
2.730739675462245941e-02
2.707544527947902679e-02
2.727340906858444214e-02
2.720172703266143799e-02
2.713548205792903900e-02
2.728985063731670380e-02
2.746685035526752472e-02
2.716475352644920349e-02
2.715610526502132416e-02
2.720821462571620941e-02
2.726595476269721985e-02
2.728188782930374146e-02
2.717994898557662964e-02
2.700431644916534424e-02
2.725495956838130951e-02
2.682519331574440002e-02
2.708629146218299866e-02
2.703828923404216766e-02
2.716398797929286957e-02
2.695458009839057922e-02
2.693917416036128998e-02
2.693688683211803436e-02
2.702458947896957397e-02
2.685298211872577667e-02
2.695651166141033173e-02
