8.446435630321502686e-02
7.195236533880233765e-02
3.592918068170547485e-02
2.824477478861808777e-02
2.525838464498519897e-02
2.281001023948192596e-02
2.103585377335548401e-02
1.929211243987083435e-02
1.809123344719409943e-02
1.681412383913993835e-02
1.595201902091503143e-02
1.528387237340211868e-02
1.449552550911903381e-02
1.401004567742347717e-02
1.371657289564609528e-02
1.316376868635416031e-02
1.272774860262870789e-02
1.238514576107263565e-02
1.218763645738363266e-02
1.196601241827011108e-02
1.152177900075912476e-02
1.136827748268842697e-02
1.125103235244750977e-02
1.079918816685676575e-02
1.075009908527135849e-02
1.072652731090784073e-02
1.047054771333932877e-02
1.018181070685386658e-02
9.927927516400814056e-03
9.925228543579578400e-03
9.649742394685745239e-03
9.475207887589931488e-03
9.762178175151348114e-03
9.355635382235050201e-03
9.231258183717727661e-03
9.193282574415206909e-03
9.197428822517395020e-03
9.167722426354885101e-03
8.926563896238803864e-03
9.024184197187423706e-03
8.881479501724243164e-03
8.670331910252571106e-03
8.635204285383224487e-03
8.525832556188106537e-03
8.246949873864650726e-03
8.620800450444221497e-03
8.215576410293579102e-03
8.295725099742412567e-03
8.192832581698894501e-03
8.181619457900524139e-03
8.092258125543594360e-03
8.174030110239982605e-03
8.421768434345722198e-03
7.881820201873779297e-03
7.932695560157299042e-03
7.726636715233325958e-03
7.742244750261306763e-03
8.127833716571331024e-03
7.959043607115745544e-03
7.938835769891738892e-03
7.582960650324821472e-03
7.299619261175394058e-03
7.731743622571229935e-03
7.367200683802366257e-03
7.393556647002696991e-03
7.332468871027231216e-03
7.640538737177848816e-03
7.292225956916809082e-03
7.211194839328527451e-03
7.357459980994462967e-03
7.419654633849859238e-03
7.256394717842340469e-03
7.100679911673069000e-03
7.130854763090610504e-03
7.395028602331876755e-03
7.009666878730058670e-03
6.906366907060146332e-03
7.168059702962636948e-03
7.174391299486160278e-03
6.721381098031997681e-03
7.095004431903362274e-03
6.924347020685672760e-03
6.625611800700426102e-03
6.909210700541734695e-03
6.973987445235252380e-03
7.071442902088165283e-03
6.841592956334352493e-03
7.069176994264125824e-03
6.623666733503341675e-03
6.643716245889663696e-03
6.693167146295309067e-03
6.705007981508970261e-03
6.492528133094310760e-03
6.542869377881288528e-03
6.482278928160667419e-03
6.627667229622602463e-03
6.459139287471771240e-03
6.423324812203645706e-03
6.499388255178928375e-03
6.611485965549945831e-03
6.617008708417415619e-03
6.555005442351102829e-03
6.363790947943925858e-03
6.271181162446737289e-03
6.261950358748435974e-03
6.763359531760215759e-03
6.176917813718318939e-03
6.219448521733283997e-03
6.206009071320295334e-03
6.342400796711444855e-03
6.553056184202432632e-03
6.307058501988649368e-03
6.177317816764116287e-03
6.139668170362710953e-03
6.095812655985355377e-03
6.254614330828189850e-03
6.094749551266431808e-03
6.171192042529582977e-03
6.201756186783313751e-03
6.201136391609907150e-03
5.955222528427839279e-03
6.110338028520345688e-03
6.009223405271768570e-03
6.155003793537616730e-03
5.964476149529218674e-03
6.191871594637632370e-03
6.028265692293643951e-03
6.058940198272466660e-03
6.116860080510377884e-03
5.722564645111560822e-03
5.892294459044933319e-03
5.877986084669828415e-03
5.952362902462482452e-03
6.113735958933830261e-03
5.945252720266580582e-03
5.773593205958604813e-03
5.852836649864912033e-03
5.907438229769468307e-03
5.703563801944255829e-03
5.725177936255931854e-03
5.697048269212245941e-03
6.247196812182664871e-03
5.715424194931983948e-03
5.880331154912710190e-03
5.721539258956909180e-03
5.584360100328922272e-03
6.171851884573698044e-03
5.926544312387704849e-03
5.549843888729810715e-03
5.749152973294258118e-03
5.775997880846261978e-03
5.649352911859750748e-03
5.624183453619480133e-03
5.770653486251831055e-03
5.658887792378664017e-03
5.630390718579292297e-03
5.612878594547510147e-03
5.740446038544178009e-03
5.600264295935630798e-03
5.406585521996021271e-03
5.739466287195682526e-03
5.697441753000020981e-03
5.510422866791486740e-03
5.793722346425056458e-03
5.472023505717515945e-03
5.441350862383842468e-03
5.473027005791664124e-03
5.524222739040851593e-03
5.471993703395128250e-03
5.573066882789134979e-03
5.539425648748874664e-03
5.557533353567123413e-03
5.375901702791452408e-03
5.531651899218559265e-03
5.533579736948013306e-03
5.357322283089160919e-03
5.347057245671749115e-03
5.507474299520254135e-03
5.663448944687843323e-03
5.365227814763784409e-03
5.620169453322887421e-03
5.442085675895214081e-03
5.180922336876392365e-03
5.347366444766521454e-03
5.601071752607822418e-03
5.423286929726600647e-03
5.191405769437551498e-03
5.286415573209524155e-03
5.329404026269912720e-03
5.302813369780778885e-03
5.409854464232921600e-03
5.256671458482742310e-03
5.539740901440382004e-03
5.103650037199258804e-03
5.170340184122323990e-03
5.213127937167882919e-03
5.602092947810888290e-03
5.539140198379755020e-03
5.265728570520877838e-03
5.228725727647542953e-03
5.095727741718292236e-03
5.050170700997114182e-03
5.279366858303546906e-03
5.419391207396984100e-03
5.224844440817832947e-03
5.332803353667259216e-03
5.097668152302503586e-03
5.172365345060825348e-03
5.299894139170646667e-03
5.305182654410600662e-03
5.178817547857761383e-03
5.391110200434923172e-03
5.272419191896915436e-03
5.283374805003404617e-03
5.079694092273712158e-03
5.016590934246778488e-03
5.068618338555097580e-03
5.214234814047813416e-03
5.088618025183677673e-03
5.135810934007167816e-03
5.348686128854751587e-03
5.140831694006919861e-03
4.997757263481616974e-03
5.095821339637041092e-03
5.105196498334407806e-03
5.086421500891447067e-03
4.914022982120513916e-03
5.334407091140747070e-03
4.900944884866476059e-03
4.845938645303249359e-03
5.082290619611740112e-03
5.099825095385313034e-03
5.214394535869359970e-03
4.838386084884405136e-03
5.112982820719480515e-03
5.024529062211513519e-03
4.999305121600627899e-03
5.021085031330585480e-03
5.044043995440006256e-03
5.107142496854066849e-03
4.964983090758323669e-03
4.870905075222253799e-03
4.879572894424200058e-03
4.883979912847280502e-03
4.976286552846431732e-03
5.011642351746559143e-03
4.929675254970788956e-03
4.676445852965116501e-03
5.154318641871213913e-03
5.037301685661077499e-03
4.945271648466587067e-03
4.946235101670026779e-03
4.770525731146335602e-03
4.851108416914939880e-03
5.034047178924083710e-03
4.770533647388219833e-03
4.833349958062171936e-03
4.976327065378427505e-03
4.814571235328912735e-03
4.771883133798837662e-03
4.763510078191757202e-03
5.020561162382364273e-03
4.774325061589479446e-03
4.794580396264791489e-03
4.778763279318809509e-03
4.873901139944791794e-03
4.853853955864906311e-03
4.852836485952138901e-03
4.728768486529588699e-03
5.024226382374763489e-03
4.613180644810199738e-03
4.831978119909763336e-03
4.858967848122119904e-03
4.612284246832132339e-03
4.837030544877052307e-03
4.751280415803194046e-03
4.706127103418111801e-03
4.806471522897481918e-03
4.797501023858785629e-03
4.829762037843465805e-03
4.797836299985647202e-03
5.102963652461767197e-03
4.603347741067409515e-03
4.843009170144796371e-03
4.733654670417308807e-03
4.609147552400827408e-03
4.593466874212026596e-03
4.658560268580913544e-03
4.711957182735204697e-03
4.717980977147817612e-03
4.755726549774408340e-03
4.809189587831497192e-03
5.013241898268461227e-03
4.662704654037952423e-03
4.450472071766853333e-03
4.717985633760690689e-03
4.778847564011812210e-03
4.587397444993257523e-03
4.646008368581533432e-03
4.688903689384460449e-03
4.537130706012248993e-03
4.648867063224315643e-03
4.575940314680337906e-03
4.668528679758310318e-03
4.582115914672613144e-03
4.606360569596290588e-03
4.585919901728630066e-03
4.856272600591182709e-03
4.768490325659513474e-03
4.512564744800329208e-03
4.547126591205596924e-03
4.615641664713621140e-03
4.460869356989860535e-03
4.573856480419635773e-03
4.573245532810688019e-03
4.637603182345628738e-03
4.720170982182025909e-03
4.522492643445730209e-03
4.541077185422182083e-03
4.553508944809436798e-03
4.540481138974428177e-03
4.609909839928150177e-03
4.604486282914876938e-03
4.671819508075714111e-03
4.560216795653104782e-03
4.518472123891115189e-03
4.409805405884981155e-03
4.634032025933265686e-03
4.630438052117824554e-03
4.491474013775587082e-03
4.525972064584493637e-03
4.469878040254116058e-03
4.659607540816068649e-03
4.461078438907861710e-03
4.538458306342363358e-03
4.470582120120525360e-03
4.497044254094362259e-03
4.526658449321985245e-03
4.474775400012731552e-03
4.555429331958293915e-03
4.425354767590761185e-03
4.382475744932889938e-03
4.538789857178926468e-03
4.642447456717491150e-03
4.476074595004320145e-03
4.522330593317747116e-03
4.487926606088876724e-03
4.486066289246082306e-03
4.486938938498497009e-03
4.354237113147974014e-03
4.386052023619413376e-03
4.482306074351072311e-03
4.540421534329652786e-03
4.682817030698060989e-03
4.520376678556203842e-03
4.406060092151165009e-03
4.476727917790412903e-03
4.330013412982225418e-03
4.316367674618959427e-03
4.430500790476799011e-03
4.414987750351428986e-03
4.461016505956649780e-03
4.468200728297233582e-03
4.836028907448053360e-03
4.378129728138446808e-03
4.309278912842273712e-03
4.509912338107824326e-03
4.266414791345596313e-03
4.503813572227954865e-03
4.298602230846881866e-03
4.378654062747955322e-03
4.449482075870037079e-03
4.580952227115631104e-03
4.453634377568960190e-03
4.206316079944372177e-03
4.306272603571414948e-03
4.355847835540771484e-03
4.351690877228975296e-03
4.507886711508035660e-03
4.214165732264518738e-03
4.349389113485813141e-03
4.597489722073078156e-03
4.286397714167833328e-03
4.403169266879558563e-03
4.482822027057409286e-03
4.230360966175794601e-03
4.294021520763635635e-03
4.480718169361352921e-03
4.353963304311037064e-03
4.370888229459524155e-03
4.222109913825988770e-03
4.309126641601324081e-03
4.438163246959447861e-03
4.392919130623340607e-03
4.387072753161191940e-03
4.405988845974206924e-03
4.285547416657209396e-03
4.239554982632398605e-03
4.236137494444847107e-03
4.283287562429904938e-03
4.268030170351266861e-03
4.249106626957654953e-03
4.339574370533227921e-03
4.350993316620588303e-03
4.228150006383657455e-03
4.227151162922382355e-03
4.344308748841285706e-03
4.321746528148651123e-03
4.196442198008298874e-03
4.265381488949060440e-03
4.224572330713272095e-03
4.335075616836547852e-03
4.371599294245243073e-03
4.541893955320119858e-03
4.212754778563976288e-03
4.205395467579364777e-03
4.087244160473346710e-03
4.300995729863643646e-03
4.219041671603918076e-03
4.231284372508525848e-03
4.232610575854778290e-03
4.313798155635595322e-03
4.476511850953102112e-03
4.368801601231098175e-03
4.103158600628376007e-03
4.166079685091972351e-03
4.233010113239288330e-03
4.251968581229448318e-03
4.360117483884096146e-03
4.308759700506925583e-03
4.307255614548921585e-03
4.199938382953405380e-03
4.271705634891986847e-03
4.299466498196125031e-03
4.213975742459297180e-03
4.305176902562379837e-03
4.070169292390346527e-03
4.262580070644617081e-03
4.430461674928665161e-03
4.211742430925369263e-03
4.122368060052394867e-03
4.149631131440401077e-03
4.401549231261014938e-03
4.104552324861288071e-03
4.203010350465774536e-03
4.181094467639923096e-03
4.396480973809957504e-03
4.123680293560028076e-03
4.171773791313171387e-03
4.124410450458526611e-03
4.188191611319780350e-03
4.164066165685653687e-03
4.190949257463216782e-03
4.268547520041465759e-03
4.234764724969863892e-03
4.109482280910015106e-03
4.148586653172969818e-03
4.071626812219619751e-03
4.213448613882064819e-03
4.178552422672510147e-03
4.180263727903366089e-03
4.223315510898828506e-03
4.186210222542285919e-03
4.177729133516550064e-03
4.125461447983980179e-03
4.197786096483469009e-03
4.234761465340852737e-03
4.110821522772312164e-03
4.077221732586622238e-03
4.139628726989030838e-03
4.137199837714433670e-03
4.235890693962574005e-03
4.099880810827016830e-03
4.120176192373037338e-03
4.090534057468175888e-03
4.112765658646821976e-03
4.074426833540201187e-03
4.318871535360813141e-03
4.129913169890642166e-03
4.042990505695343018e-03
4.094868898391723633e-03
4.140372853726148605e-03
4.381671082228422165e-03
4.237474873661994934e-03
3.966405056416988373e-03
3.965723793953657150e-03
4.180189222097396851e-03
4.109523724764585495e-03
4.019249696284532547e-03
4.346686415374279022e-03
4.074717406183481216e-03
4.140281118452548981e-03
4.092037677764892578e-03
4.047553986310958862e-03
4.010430537164211273e-03
4.211853723973035812e-03
4.366524051874876022e-03
4.208273719996213913e-03
4.065948072820901871e-03
4.001101944595575333e-03
3.927803598344326019e-03
3.984342329204082489e-03
4.217436537146568298e-03
4.436263348907232285e-03
4.000562243163585663e-03
4.110801499336957932e-03
4.061245825141668320e-03
4.059740342199802399e-03
4.047540482133626938e-03
3.961377311497926712e-03
4.186149686574935913e-03
4.065421875566244125e-03
3.989083226770162582e-03
4.000966902822256088e-03
4.137799143791198730e-03
4.175747279077768326e-03
3.965898882597684860e-03
4.061457701027393341e-03
4.184058401733636856e-03
3.968775738030672073e-03
3.985823132097721100e-03
3.968219272792339325e-03
4.146808758378028870e-03
4.008674994111061096e-03
3.957975190132856369e-03
3.951589111238718033e-03
4.030753858387470245e-03
4.080644808709621429e-03
4.114395938813686371e-03
3.965172916650772095e-03
4.086264409124851227e-03
3.989179152995347977e-03
3.996696323156356812e-03
4.085745196789503098e-03
3.936634864658117294e-03
4.158507566899061203e-03
4.282837733626365662e-03
3.999654669314622879e-03
3.902666503563523293e-03
4.003805574029684067e-03
4.021964967250823975e-03
4.043237306177616119e-03
3.957665991038084030e-03
3.938551060855388641e-03
4.064853768795728683e-03
4.064505919814109802e-03
3.947105724364519119e-03
3.885613521561026573e-03
3.969267942011356354e-03
4.017540253698825836e-03
4.018995445221662521e-03
3.868754720315337181e-03
3.944025374948978424e-03
4.037161357700824738e-03
4.031543619930744171e-03
4.016598686575889587e-03
4.008248914033174515e-03
3.840766381472349167e-03
4.048431757837533951e-03
3.972884267568588257e-03
4.003099165856838226e-03
4.031318239867687225e-03
3.905219025909900665e-03
3.883033059537410736e-03
4.109047353267669678e-03
3.958843182772397995e-03
3.944195806980133057e-03
3.922462929040193558e-03
3.827115055173635483e-03
3.898706985637545586e-03
3.990538418292999268e-03
3.793154377490282059e-03
3.903368255123496056e-03
4.181565716862678528e-03
4.035225603729486465e-03
4.041344393044710159e-03
3.859828691929578781e-03
3.888580948114395142e-03
3.955490887165069580e-03
4.049594048410654068e-03
4.039596766233444214e-03
3.899760311469435692e-03
3.868218045681715012e-03
4.036569967865943909e-03
3.828225657343864441e-03
3.866591490805149078e-03
3.966732416301965714e-03
3.899019444361329079e-03
3.938308916985988617e-03
3.902503289282321930e-03
3.892058739438652992e-03
3.969543613493442535e-03
4.289504140615463257e-03
3.873259760439395905e-03
3.961672540754079819e-03
3.916976507753133774e-03
3.817383199930191040e-03
3.845403669402003288e-03
3.921620547771453857e-03
3.998879808932542801e-03
3.920054994523525238e-03
3.877290990203619003e-03
3.923167008906602859e-03
3.741954453289508820e-03
3.888620296493172646e-03
4.052200354635715485e-03
3.833251539617776871e-03
3.831325564533472061e-03
3.922140691429376602e-03
4.001582972705364227e-03
4.066281951963901520e-03
3.812755690887570381e-03
3.787442110478878021e-03
3.777097444981336594e-03
3.844169201329350471e-03
3.805895568802952766e-03
3.913062624633312225e-03
3.906240686774253845e-03
3.996403887867927551e-03
3.869719104841351509e-03
3.947997000068426132e-03
4.078209865838289261e-03
3.850320121273398399e-03
3.780568484216928482e-03
3.721097949892282486e-03
3.950926940888166428e-03
3.856801427900791168e-03
3.848565043881535530e-03
3.902265802025794983e-03
3.782379673793911934e-03
3.902858356013894081e-03
3.846706124022603035e-03
3.756497288122773170e-03
3.774238983169198036e-03
3.812077222391963005e-03
3.968659322708845139e-03
3.947797231376171112e-03
3.805497195571660995e-03
3.961179405450820923e-03
3.897557966411113739e-03
3.940870985388755798e-03
3.802257124334573746e-03
3.756034886464476585e-03
3.832442685961723328e-03
3.890724154189229012e-03
3.742729546502232552e-03
3.795563476160168648e-03
3.903505858033895493e-03
3.802093910053372383e-03
3.854719689115881920e-03
3.821059130132198334e-03
3.743095789104700089e-03
3.854880575090646744e-03
3.931550309062004089e-03
3.777470672503113747e-03
3.766326233744621277e-03
3.880067262798547745e-03
3.751710290089249611e-03
3.832133021205663681e-03
3.950280137360095978e-03
3.878167131915688515e-03
3.751264186576008797e-03
3.780484432354569435e-03
3.791919443756341934e-03
3.684905357658863068e-03
3.815322648733854294e-03
3.887769998982548714e-03
3.791963914409279823e-03
3.912261687219142914e-03
3.831237787380814552e-03
3.731993725523352623e-03
3.718316787853837013e-03
3.789546899497509003e-03
3.815562464296817780e-03
3.746034577488899231e-03
4.115548450499773026e-03
3.699826542288064957e-03
3.810629248619079590e-03
3.816672367975115776e-03
3.789423033595085144e-03
3.669092198833823204e-03
3.863234771415591240e-03
3.745247842743992805e-03
3.671301528811454773e-03
3.693978069350123405e-03
3.844235092401504517e-03
3.839702345430850983e-03
3.803307423368096352e-03
3.723876317963004112e-03
3.903214354068040848e-03
3.837149823084473610e-03
3.821340156719088554e-03
3.740348387509584427e-03
3.854575101286172867e-03
3.793947165831923485e-03
3.752342192456126213e-03
3.708119736984372139e-03
3.757942235097289085e-03
3.777194302529096603e-03
3.765341360121965408e-03
3.866127924993634224e-03
3.739838954061269760e-03
3.709133714437484741e-03
3.676326014101505280e-03
3.816673066467046738e-03
3.778283484280109406e-03
3.780600149184465408e-03
3.726173425093293190e-03
3.755082376301288605e-03
3.621542360633611679e-03
3.966995980590581894e-03
3.797462675720453262e-03
3.655953099951148033e-03
3.642593976110219955e-03
3.766716225072741508e-03
3.913762513548135757e-03
3.724964801222085953e-03
3.706642193719744682e-03
3.737749997526407242e-03
3.844254417344927788e-03
3.822548314929008484e-03
3.687172895297408104e-03
3.670169506222009659e-03
3.723406465724110603e-03
3.925930242985486984e-03
3.664412070065736771e-03
3.850569482892751694e-03
3.807161934673786163e-03
3.661130554974079132e-03
3.690741490572690964e-03
3.703335532918572426e-03
3.753393422812223434e-03
3.833531402051448822e-03
3.807909088209271431e-03
3.683474613353610039e-03
3.672078717499971390e-03
3.973361104726791382e-03
3.705397946760058403e-03
3.775480203330516815e-03
3.710750024765729904e-03
3.874510759487748146e-03
3.708482487127184868e-03
3.990531433373689651e-03
3.639293601736426353e-03
3.727338043972849846e-03
3.724686335772275925e-03
3.763449145480990410e-03
3.730580443516373634e-03
3.690564772114157677e-03
3.821530379354953766e-03
3.765121800824999809e-03
3.777307225391268730e-03
3.621731419116258621e-03
3.684751922264695168e-03
3.740014042705297470e-03
3.723688656464219093e-03
3.712044097483158112e-03
3.678898559883236885e-03
3.650979138910770416e-03
3.764077555388212204e-03
3.745694877579808235e-03
3.729980671778321266e-03
3.997708205133676529e-03
3.717088606208562851e-03
3.617358859628438950e-03
3.751041134819388390e-03
3.721747780218720436e-03
3.695471212267875671e-03
3.646691329777240753e-03
3.776251804083585739e-03
3.720948006957769394e-03
3.644931362941861153e-03
3.814333584159612656e-03
3.732418641448020935e-03
3.664696589112281799e-03
3.610691754147410393e-03
3.672176739200949669e-03
3.769717179238796234e-03
3.644043579697608948e-03
3.624009666964411736e-03
3.664169926196336746e-03
3.684874624013900757e-03
3.751110751181840897e-03
3.713055979460477829e-03
3.727168077602982521e-03
3.633531508967280388e-03
3.765071509405970573e-03
4.012433812022209167e-03
3.672670340165495872e-03
3.568375483155250549e-03
3.730838885530829430e-03
3.689053002744913101e-03
3.646900877356529236e-03
3.648938611149787903e-03
3.752834862098097801e-03
3.678875975310802460e-03
3.656850429251790047e-03
3.629718441516160965e-03
3.651600098237395287e-03
3.672355087473988533e-03
3.657025983557105064e-03
3.666840260848402977e-03
3.794801654294133186e-03
3.811863949522376060e-03
3.641208633780479431e-03
3.648558864369988441e-03
3.607949241995811462e-03
3.710885299369692802e-03
3.543357597663998604e-03
3.634577151387929916e-03
3.629387822002172470e-03
3.819419536739587784e-03
3.843442071229219437e-03
3.639022586867213249e-03
3.559230593964457512e-03
3.671552753075957298e-03
3.721834160387516022e-03
3.696735482662916183e-03
3.687975462526082993e-03
3.674992593005299568e-03
3.770632436498999596e-03
3.691559424623847008e-03
3.598247887566685677e-03
3.722227411344647408e-03
3.613852430135011673e-03
3.603401593863964081e-03
3.781478852033615112e-03
3.589503699913620949e-03
3.593187080696225166e-03
3.675813786685466766e-03
3.621287876740098000e-03
3.651646198704838753e-03
3.636698704212903976e-03
3.710030810907483101e-03
3.631907049566507339e-03
3.679751418530941010e-03
3.663606243208050728e-03
3.625032957643270493e-03
3.594510722905397415e-03
3.818990429863333702e-03
3.650487633422017097e-03
3.672005608677864075e-03
3.617034293711185455e-03
3.783149411901831627e-03
3.574395086616277695e-03
3.580840071663260460e-03
3.550288267433643341e-03
3.760139225050806999e-03
3.654016414657235146e-03
3.646820783615112305e-03
3.623736789450049400e-03
3.733762074261903763e-03
3.696445375680923462e-03
3.584731137380003929e-03
3.599491436034440994e-03
3.665284719318151474e-03
3.643037518486380577e-03
3.669266356155276299e-03
3.755819285288453102e-03
3.563671372830867767e-03
3.619859693571925163e-03
3.615338355302810669e-03
3.628465346992015839e-03
3.533548675477504730e-03
3.566819941624999046e-03
3.647600766271352768e-03
3.562597325071692467e-03
3.669454017654061317e-03
3.679036861285567284e-03
3.668764373287558556e-03
3.562467871233820915e-03
3.674214472994208336e-03
3.523699240759015083e-03
3.654638538137078285e-03
3.539773868396878242e-03
3.552074078470468521e-03
3.593230154365301132e-03
3.641014453023672104e-03
3.598911222070455551e-03
3.632474690675735474e-03
3.622885327786207199e-03
3.528452478349208832e-03
3.471338655799627304e-03
3.602537093684077263e-03
3.867444116622209549e-03
3.611870342865586281e-03
3.516753902658820152e-03
3.547461237758398056e-03
3.665151074528694153e-03
3.561289049685001373e-03
3.636416047811508179e-03
3.594506299123167992e-03
3.601772245019674301e-03
3.737675957381725311e-03
3.757776226848363876e-03
3.620542120188474655e-03
3.534377086907625198e-03
3.539089811965823174e-03
3.564559621736407280e-03
3.494552336633205414e-03
3.564837854355573654e-03
3.535618539899587631e-03
3.699084045365452766e-03
3.703114809468388557e-03
3.577735507860779762e-03
3.541814396157860756e-03
3.595762653276324272e-03
3.575291251763701439e-03
3.522951388731598854e-03
3.532222704961895943e-03
3.640846349298954010e-03
3.555289236828684807e-03
3.599589690566062927e-03
3.758435137569904327e-03
3.570387838408350945e-03
3.509751753881573677e-03
3.618807997554540634e-03
3.567251609638333321e-03
3.579790703952312469e-03
3.674107603728771210e-03
3.606552723795175552e-03
3.652320941910147667e-03
3.646233351901173592e-03
3.505169181153178215e-03
3.655335400253534317e-03
3.607793245464563370e-03
3.603369928896427155e-03
3.590277628973126411e-03
3.572119399905204773e-03
3.575182054191827774e-03
3.679826389998197556e-03
3.551277797669172287e-03
3.625194774940609932e-03
3.659509588032960892e-03
3.593156812712550163e-03
3.474666038528084755e-03
3.464236157014966011e-03
3.589552128687500954e-03
3.607894293963909149e-03
3.472753101959824562e-03
3.625644138082861900e-03
3.624990116804838181e-03
3.537928685545921326e-03
3.524912521243095398e-03
3.567408537492156029e-03
3.559467382729053497e-03
3.506565466523170471e-03
3.527110675349831581e-03
3.760344814509153366e-03
3.667031880468130112e-03
3.475564997643232346e-03
3.521799342706799507e-03
3.600907744839787483e-03
3.610318526625633240e-03
3.853212343528866768e-03
3.620552597567439079e-03
3.489772556349635124e-03
3.449919633567333221e-03
3.487334353849291801e-03
3.439689520746469498e-03
3.595183137804269791e-03
3.666301490738987923e-03
3.555106464773416519e-03
3.491063369438052177e-03
3.526757238432765007e-03
3.749811789020895958e-03
3.542065853253006935e-03
3.520354628562927246e-03
3.486409783363342285e-03
3.757134079933166504e-03
3.547764150425791740e-03
3.671136917546391487e-03
3.476562909781932831e-03
3.501665079966187477e-03
3.517948789522051811e-03
3.564423881471157074e-03
3.596521681174635887e-03
3.577723167836666107e-03
3.467251546680927277e-03
3.508693771436810493e-03
3.640122944489121437e-03
3.494994249194860458e-03
3.539514262229204178e-03
3.505839267745614052e-03
3.443295834586024284e-03
3.548032371327280998e-03
3.598862560465931892e-03
3.613054286688566208e-03
3.622970310971140862e-03
3.564668586477637291e-03
3.559133503586053848e-03
3.510783193632960320e-03
3.542467020452022552e-03
3.681159578263759613e-03
3.493707859888672829e-03
3.465105779469013214e-03
3.596737515181303024e-03
3.706499701365828514e-03
3.564423881471157074e-03
3.576956456527113914e-03
3.467855975031852722e-03
3.467127215117216110e-03
3.580140182748436928e-03
3.498389152809977531e-03
3.431770950555801392e-03
3.429655684158205986e-03
3.549303626641631126e-03
3.487002803012728691e-03
3.670616075396537781e-03
3.560816170647740364e-03
3.601778764277696609e-03
3.553824499249458313e-03
3.562131198123097420e-03
3.454538993537425995e-03
3.415856277570128441e-03
3.620406379923224449e-03
3.504299093037843704e-03
3.571289358660578728e-03
3.531697671860456467e-03
3.411607351154088974e-03
3.454865422099828720e-03
3.619350492954254150e-03
3.599824383854866028e-03
3.552149049937725067e-03
3.616396803408861160e-03
3.397536231204867363e-03
3.478540806099772453e-03
3.473774529993534088e-03
3.563928650692105293e-03
3.579766955226659775e-03
3.511219285428524017e-03
3.461671527475118637e-03
3.604754107072949409e-03
3.557155840098857880e-03
3.503747284412384033e-03
3.442161949351429939e-03
3.491160459816455841e-03
3.464570036157965660e-03
3.497926751151680946e-03
3.494404489174485207e-03
3.640148555859923363e-03
3.433297155424952507e-03
3.568889573216438293e-03
3.550430061295628548e-03
3.474177094176411629e-03
3.593285568058490753e-03
3.468867391347885132e-03
3.486969741061329842e-03
3.453231416642665863e-03
3.585921833291649818e-03
3.439989406615495682e-03
3.440972417593002319e-03
3.506372682750225067e-03
3.491841722279787064e-03
3.486277535557746887e-03
3.600760130211710930e-03
3.486458677798509598e-03
3.458726452663540840e-03
3.522097598761320114e-03
3.436805680394172668e-03
3.599503543227910995e-03
3.499280195683240891e-03
3.503226675093173981e-03
3.392860759049654007e-03
3.437981242313981056e-03
3.565838793292641640e-03
3.542082849889993668e-03
3.519172081723809242e-03
3.479806473478674889e-03
3.429873147979378700e-03
3.430061275139451027e-03
3.484243294224143028e-03
3.519345307722687721e-03
3.486081026494503021e-03
3.450567601248621941e-03
3.547457279637455940e-03
3.500358667224645615e-03
3.557379357516765594e-03
3.505585249513387680e-03
3.451235359534621239e-03
3.455810947343707085e-03
3.562395460903644562e-03
3.585136961191892624e-03
3.458828199654817581e-03
3.475768724456429482e-03
3.395612817257642746e-03
3.413860918954014778e-03
3.566428087651729584e-03
3.434660844504833221e-03
3.435326972976326942e-03
3.420607652515172958e-03
3.465330461040139198e-03
3.606752026826143265e-03
3.522999351844191551e-03
3.436677623540163040e-03
3.550474764779210091e-03
3.355793654918670654e-03
3.408814314752817154e-03
3.515393938869237900e-03
3.464390058070421219e-03
3.544184379279613495e-03
3.521488513797521591e-03
3.456950886175036430e-03
3.472450887784361839e-03
3.363844938576221466e-03
3.602622076869010925e-03
3.387841628864407539e-03
3.501456463709473610e-03
3.473205957561731339e-03
3.441557521000504494e-03
3.495576325803995132e-03
3.546359715983271599e-03
3.456822130829095840e-03
3.505392931401729584e-03
3.403613343834877014e-03
3.420471213757991791e-03
3.711664117872714996e-03
3.490238450467586517e-03
3.466999158263206482e-03
3.525680163875222206e-03
3.486016998067498207e-03
3.365615848451852798e-03
3.454848658293485641e-03
3.386567346751689911e-03
3.470304422080516815e-03
3.523941617459058762e-03
3.432736964896321297e-03
3.567529376596212387e-03
3.504769876599311829e-03
3.557328600436449051e-03
3.376461099833250046e-03
3.567385254427790642e-03
3.409562632441520691e-03
3.334346693009138107e-03
3.439307445660233498e-03
3.607020713388919830e-03
3.365586046129465103e-03
3.345037810504436493e-03
3.527563298121094704e-03
3.499316284433007240e-03
3.460964886471629143e-03
3.441202454268932343e-03
3.336465451866388321e-03
3.499788930639624596e-03
3.424589056521654129e-03
3.460110398009419441e-03
3.523116465657949448e-03
3.380407579243183136e-03
3.377294633537530899e-03
3.442420391365885735e-03
3.540392965078353882e-03
3.366351826116442680e-03
3.402178175747394562e-03
3.441141219809651375e-03
3.501333296298980713e-03
3.357692621648311615e-03
3.410209901630878448e-03
3.562217811122536659e-03
3.377401735633611679e-03
3.423731774091720581e-03
3.499669022858142853e-03
3.457000944763422012e-03
3.381878836080431938e-03
3.454594640061259270e-03
3.419668413698673248e-03
3.434489481151103973e-03
3.450202522799372673e-03
3.476228332147002220e-03
3.439777996391057968e-03
3.478935919702053070e-03
3.412262070924043655e-03
3.532767994329333305e-03
3.442459972575306892e-03
3.484367625787854195e-03
3.393087070435285568e-03
3.365807933732867241e-03
3.411441808566451073e-03
3.509323112666606903e-03
3.420504974201321602e-03
3.546816296875476837e-03
3.390255616977810860e-03
3.486440749838948250e-03
3.494068514555692673e-03
3.393510822206735611e-03
3.377205925062298775e-03
3.422705689445137978e-03
3.350804094225168228e-03
3.388127079233527184e-03
3.448415547609329224e-03
3.518623998388648033e-03
3.512934083119034767e-03
3.531523281708359718e-03
3.623690688982605934e-03
3.443158697336912155e-03
3.349314676597714424e-03
3.391452832147479057e-03
3.492950694635510445e-03
3.322159172967076302e-03
3.477444406598806381e-03
3.387046745046973228e-03
3.439013846218585968e-03
3.533118637278676033e-03
3.374793799594044685e-03
3.365302924066781998e-03
3.400561399757862091e-03
3.473033895716071129e-03
3.463386557996273041e-03
3.323041368275880814e-03
3.406202653422951698e-03
3.647139761596918106e-03
3.453757613897323608e-03
3.392056562006473541e-03
3.459384897723793983e-03
3.421384142711758614e-03
3.343667136505246162e-03
3.368840785697102547e-03
3.375752829015254974e-03
3.362655639648437500e-03
3.416253020986914635e-03
3.537698416039347649e-03
3.431694349274039268e-03
3.414892824366688728e-03
3.419351996853947639e-03
3.401323687285184860e-03
3.520108526572585106e-03
3.428941126912832260e-03
3.345475532114505768e-03
3.470294643193483353e-03
3.373083192855119705e-03
3.574681235477328300e-03
3.448089584708213806e-03
3.383437404409050941e-03
3.701629349961876869e-03
3.382357535883784294e-03
3.343189135193824768e-03
3.379575209692120552e-03
3.385475371032953262e-03
3.434831975027918816e-03
3.547938307747244835e-03
3.341387491673231125e-03
3.329094033688306808e-03
3.496625693514943123e-03
3.418253967538475990e-03
3.334610722959041595e-03
3.399929264560341835e-03
3.430630778893828392e-03
3.416435560211539268e-03
3.399960231035947800e-03
3.351041814312338829e-03
3.444680944085121155e-03
3.319628769531846046e-03
3.383928677067160606e-03
3.451902419328689575e-03
3.416999476030468941e-03
3.383086528629064560e-03
3.369501791894435883e-03
3.422294976189732552e-03
3.495594952255487442e-03
3.367761848494410515e-03
3.418853506445884705e-03
3.555097850039601326e-03
3.458511782810091972e-03
3.380892332643270493e-03
3.337091067805886269e-03
3.307586070150136948e-03
3.345813136547803879e-03
3.371401457116007805e-03
3.477913327515125275e-03
3.410523524507880211e-03
3.371213562786579132e-03
3.494223812595009804e-03
3.425091737881302834e-03
3.399545326828956604e-03
3.290814347565174103e-03
3.326772945001721382e-03
3.342490410432219505e-03
3.410985227674245834e-03
3.341805189847946167e-03
3.424991853535175323e-03
3.335078014060854912e-03
3.484602319076657295e-03
3.574777627363801003e-03
3.318040864542126656e-03
3.348845755681395531e-03
3.322810167446732521e-03
3.430291544646024704e-03
3.403257112950086594e-03
3.463473869487643242e-03
3.428818425163626671e-03
3.369453363120555878e-03
3.398463362827897072e-03
3.412120277062058449e-03
3.459837520495057106e-03
3.422883106395602226e-03
3.380274865776300430e-03
3.409303957596421242e-03
3.418113337829709053e-03
3.375228261575102806e-03
3.347172401845455170e-03
3.405049908906221390e-03
3.333142492920160294e-03
3.325692145153880119e-03
3.540383419021964073e-03
3.496883437037467957e-03
3.400049172341823578e-03
3.529291832819581032e-03
3.330047009512782097e-03
3.410067642107605934e-03
3.477393882349133492e-03
3.416968975216150284e-03
3.486573463305830956e-03
3.356003668159246445e-03
3.393326420336961746e-03
3.284065984189510345e-03
3.318340517580509186e-03
3.313818247988820076e-03
3.323360811918973923e-03
3.326202742755413055e-03
3.361104754731059074e-03
3.364149713888764381e-03
3.337560687214136124e-03
3.302450757473707199e-03
3.306133905425667763e-03
3.348093712702393532e-03
3.341234754770994186e-03
3.385536838322877884e-03
3.489374183118343353e-03
3.295100294053554535e-03
3.375109285116195679e-03
3.513010451570153236e-03
3.311412408947944641e-03
3.417017636820673943e-03
3.362271701917052269e-03
3.447639523074030876e-03
3.312383312731981277e-03
3.351792227476835251e-03
3.321697469800710678e-03
3.313132561743259430e-03
3.463112749159336090e-03
3.353718202561140060e-03
3.379840869456529617e-03
3.320561954751610756e-03
3.362882649526000023e-03
3.470232943072915077e-03
3.398947417736053467e-03
3.285785438492894173e-03
3.267915686592459679e-03
3.379700705409049988e-03
3.389330813661217690e-03
3.430854761973023415e-03
3.599804826080799103e-03
3.355767810717225075e-03
3.295223927125334740e-03
3.283983562141656876e-03
3.423391608521342278e-03
3.334034234285354614e-03
3.629567800089716911e-03
3.464790759608149529e-03
3.259884193539619446e-03
3.339948365464806557e-03
3.445718204602599144e-03
3.394935047253966331e-03
3.378627356141805649e-03
3.419341053813695908e-03
3.404666204005479813e-03
3.284719539806246758e-03
3.368527395650744438e-03
3.484569955617189407e-03
3.338184440508484840e-03
3.337168367579579353e-03
3.385257441550493240e-03
3.354712389409542084e-03
3.387577133253216743e-03
3.328668884932994843e-03
3.275017021223902702e-03
3.378010820597410202e-03
3.636677982285618782e-03
3.331395098939538002e-03
3.306037513539195061e-03
3.403884358704090118e-03
3.288681386038661003e-03
3.306149272248148918e-03
3.391052596271038055e-03
3.328904509544372559e-03
3.316767979413270950e-03
3.381697228178381920e-03
3.231955459341406822e-03
3.261734964326024055e-03
3.335838206112384796e-03
3.369263606145977974e-03
3.312031971290707588e-03
3.318844828754663467e-03
3.267413703724741936e-03
3.322206903249025345e-03
3.348185447975993156e-03
3.377053188160061836e-03
3.346227575093507767e-03
3.314554458484053612e-03
3.336613299325108528e-03
3.216545330360531807e-03
3.604313824325799942e-03
3.503644373267889023e-03
3.297460498288273811e-03
3.320611314848065376e-03
3.312653629109263420e-03
3.380028065294027328e-03
3.321393625810742378e-03
3.348596626892685890e-03
3.289841348305344582e-03
3.478124039247632027e-03
3.373038023710250854e-03
3.301171353086829185e-03
3.261917503550648689e-03
3.381127957254648209e-03
3.381247632205486298e-03
3.362809540703892708e-03
3.409899771213531494e-03
3.372333245351910591e-03
3.317571710795164108e-03
3.323995275422930717e-03
3.361421637237071991e-03
3.358989953994750977e-03
3.363489406183362007e-03
3.329085418954491615e-03
3.332535037770867348e-03
3.284228965640068054e-03
3.331129672005772591e-03
3.319190582260489464e-03
3.290480002760887146e-03
3.284598235040903091e-03
3.349078819155693054e-03
3.475619247183203697e-03
3.484583459794521332e-03
3.352238098159432411e-03
3.243151120841503143e-03
3.347289049997925758e-03
3.300006268545985222e-03
3.309515537694096565e-03
3.294412279501557350e-03
3.346204524859786034e-03
3.409291850402951241e-03
3.486684756353497505e-03
3.226590808480978012e-03
3.327234182506799698e-03
3.386520082131028175e-03
3.289815504103899002e-03
3.310718107968568802e-03
3.283850150182843208e-03
3.237426513805985451e-03
3.358088899403810501e-03
3.315209411084651947e-03
3.298687981441617012e-03
3.341541392728686333e-03
3.260631579905748367e-03
3.326224396005272865e-03
3.316797781735658646e-03
3.429987933486700058e-03
3.317916300147771835e-03
3.514385549351572990e-03
3.398709697648882866e-03
3.284997539594769478e-03
3.200713079422712326e-03
3.292766632512211800e-03
3.324018558487296104e-03
3.244253573939204216e-03
3.296196926385164261e-03
3.310611005872488022e-03
3.320236923173069954e-03
3.260526340454816818e-03
3.347500693053007126e-03
3.375790314748883247e-03
3.431316697970032692e-03
3.436558181419968605e-03
3.309502033516764641e-03
3.286115592345595360e-03
3.336769761517643929e-03
3.242550184950232506e-03
3.338930662721395493e-03
3.380155656486749649e-03
3.255524672567844391e-03
3.184363013133406639e-03
3.585674567148089409e-03
3.326503094285726547e-03
3.382178954780101776e-03
3.344971919432282448e-03
3.331126878038048744e-03
3.303550183773040771e-03
3.270343411713838577e-03
3.252977738156914711e-03
3.251602407544851303e-03
3.323084441944956779e-03
3.420917782932519913e-03
3.306107595562934875e-03
3.492708317935466766e-03
3.285259474068880081e-03
3.261961508542299271e-03
3.231266979128122330e-03
3.391091944649815559e-03
3.329673083499073982e-03
3.286870662122964859e-03
3.304434241726994514e-03
3.224336309358477592e-03
3.232455812394618988e-03
3.327434882521629333e-03
3.410816192626953125e-03
3.305203747004270554e-03
3.303431440144777298e-03
3.263310762122273445e-03
3.352626226842403412e-03
3.259751945734024048e-03
3.289403626695275307e-03
3.280358389019966125e-03
3.276055445894598961e-03
3.298456547781825066e-03
3.294906578958034515e-03
3.311679000034928322e-03
3.212848911061882973e-03
3.301475197076797485e-03
3.398702712729573250e-03
3.292033215984702110e-03
3.219108795747160912e-03
3.261935664340853691e-03
3.424455877393484116e-03
3.506023436784744263e-03
3.284610807895660400e-03
3.237096127122640610e-03
3.310974687337875366e-03
3.285951679572463036e-03
3.339785849675536156e-03
3.233506809920072556e-03
3.250844078138470650e-03
3.245346480980515480e-03
3.337500616908073425e-03
3.245325991883873940e-03
3.363248193636536598e-03
3.273553447797894478e-03
3.423031419515609741e-03
3.285273909568786621e-03
3.312444780021905899e-03
3.330406732857227325e-03
3.329083789139986038e-03
3.266426036134362221e-03
3.345588687807321548e-03
3.280274802818894386e-03
3.301159944385290146e-03
3.257144009694457054e-03
3.302260302007198334e-03
3.198066493496298790e-03
3.259038086980581284e-03
3.400090150535106659e-03
3.283685306087136269e-03
3.302664728835225105e-03
3.285982413217425346e-03
3.313318826258182526e-03
3.262788755819201469e-03
3.197280457243323326e-03
3.385154064744710922e-03
3.326835343614220619e-03
3.322348697111010551e-03
3.282197285443544388e-03
3.285201732069253922e-03
3.204531036317348480e-03
3.202129388228058815e-03
3.234756179153919220e-03
3.239579498767852783e-03
3.392776707187294960e-03
3.295239759609103203e-03
3.270657267421483994e-03
3.282097401097416878e-03
3.274006303399801254e-03
3.245778381824493408e-03
3.215476637706160545e-03
3.453372977674007416e-03
3.376220818608999252e-03
3.228521905839443207e-03
3.301500342786312103e-03
3.275566501542925835e-03
3.269077511504292488e-03
3.200772684067487717e-03
3.286087885499000549e-03
3.332635853439569473e-03
3.325224155560135841e-03
3.325953148305416107e-03
3.271266352385282516e-03
3.352375235408544540e-03
3.347100224345922470e-03
3.333642845973372459e-03
3.180379979312419891e-03
3.294955007731914520e-03
3.159441286697983742e-03
3.273341106250882149e-03
3.343068063259124756e-03
3.269223496317863464e-03
3.356460016220808029e-03
3.294069087132811546e-03
3.214876167476177216e-03
3.237764351069927216e-03
3.460261039435863495e-03
3.279348602518439293e-03
3.381421323865652084e-03
3.188163973391056061e-03
3.384915878996253014e-03
3.266230225563049316e-03
3.325419733300805092e-03
3.334949491545557976e-03
3.212509211152791977e-03
3.311175620183348656e-03
3.285645507276058197e-03
3.284777281805872917e-03
3.263750812038779259e-03
3.236910561099648476e-03
3.292183158919215202e-03
3.224880201742053032e-03
3.277252195402979851e-03
3.288418520241975784e-03
3.327577607706189156e-03
3.214247059077024460e-03
3.378366120159626007e-03
3.301596967503428459e-03
3.362634917721152306e-03
3.326754784211516380e-03
3.245346015319228172e-03
3.228145884349942207e-03
3.386010881513357162e-03
3.205383662134408951e-03
3.293583169579505920e-03
3.219481790438294411e-03
3.282062476500868797e-03
3.345353761687874794e-03
3.330701263621449471e-03
3.279885044321417809e-03
3.193258307874202728e-03
3.247082000598311424e-03
3.303857054561376572e-03
3.308437764644622803e-03
3.323714016005396843e-03
3.228777786716818810e-03
3.236403455957770348e-03
3.305407473817467690e-03
3.211839357390999794e-03
3.256431547924876213e-03
3.301965771242976189e-03
3.267174353823065758e-03
3.224676707759499550e-03
3.191539552062749863e-03
3.257490228861570358e-03
3.268490079790353775e-03
3.293770365417003632e-03
3.329689614474773407e-03
3.262410871684551239e-03
3.233395284041762352e-03
3.245617495849728584e-03
3.354157786816358566e-03
3.383751492947340012e-03
3.270544344559311867e-03
3.250105539336800575e-03
3.226999193429946899e-03
3.261966630816459656e-03
3.220143727958202362e-03
3.227653214707970619e-03
3.265947103500366211e-03
3.319566138088703156e-03
3.312687622383236885e-03
3.291781758889555931e-03
3.164428984746336937e-03
3.271012101322412491e-03
3.240433055907487869e-03
3.190657589584589005e-03
3.353331238031387329e-03
3.334267996251583099e-03
3.231493290513753891e-03
3.269259352236986160e-03
3.403003327548503876e-03
3.229375230148434639e-03
3.245325060561299324e-03
3.262223675847053528e-03
3.281770972535014153e-03
3.350611310452222824e-03
3.192948875948786736e-03
3.181844716891646385e-03
3.397154156118631363e-03
3.180577186867594719e-03
3.318004310131072998e-03
3.227897919714450836e-03
3.310408908873796463e-03
3.294145921245217323e-03
3.267732681706547737e-03
3.168268827721476555e-03
3.208100562915205956e-03
3.250041045248508453e-03
3.322480246424674988e-03
3.235850017517805099e-03
3.193656681105494499e-03
3.261862322688102722e-03
3.212546929717063904e-03
3.351912833750247955e-03
3.292286535724997520e-03
3.231770591810345650e-03
3.162801498547196388e-03
3.283256199210882187e-03
3.204225795343518257e-03
3.217510646209120750e-03
3.402347676455974579e-03
3.269748063758015633e-03
3.296718234196305275e-03
3.197208046913146973e-03
3.303145989775657654e-03
3.173345001414418221e-03
3.257968928664922714e-03
3.173422766849398613e-03
3.218809841200709343e-03
3.299608826637268066e-03
3.322160802781581879e-03
3.316955873742699623e-03
3.227115608751773834e-03
3.191613126546144485e-03
3.269913606345653534e-03
3.278245916590094566e-03
3.319830168038606644e-03
3.220972139388322830e-03
3.191481810063123703e-03
3.244295483455061913e-03
3.237287513911724091e-03
3.223826410248875618e-03
3.364509902894496918e-03
3.275831928476691246e-03
3.148155286908149719e-03
3.163736080750823021e-03
3.247350919991731644e-03
3.212874755263328552e-03
3.302821889519691467e-03
3.329824423417448997e-03
3.235706593841314316e-03
3.350449493154883385e-03
3.226064145565032959e-03
3.324690740555524826e-03
3.184625646099448204e-03
3.375573083758354187e-03
3.207543166354298592e-03
3.203026717528700829e-03
3.233205527067184448e-03
3.197704674676060677e-03
3.190216608345508575e-03
3.244654973968863487e-03
3.220136277377605438e-03
3.249839181080460548e-03
3.151798155158758163e-03
3.245963016524910927e-03
3.301149467006325722e-03
3.247207961976528168e-03
3.279201919212937355e-03
3.200429026037454605e-03
3.208011854439973831e-03
3.237949917092919350e-03
3.169244155287742615e-03
3.183760214596986771e-03
3.290171967819333076e-03
3.223353764042258263e-03
3.239303827285766602e-03
3.277143230661749840e-03
3.204973880201578140e-03
3.539634402841329575e-03
3.253814298659563065e-03
3.184071509167551994e-03
3.157123224809765816e-03
3.258819691836833954e-03
3.182628657668828964e-03
3.187686903402209282e-03
3.238315228372812271e-03
3.286333754658699036e-03
3.245754865929484367e-03
3.277907613664865494e-03
3.246637294068932533e-03
3.237165976315736771e-03
3.198298392817378044e-03
3.352019935846328735e-03
3.202978754416108131e-03
3.190204733982682228e-03
3.186748130246996880e-03
3.234562231227755547e-03
3.206956898793578148e-03
3.177816979587078094e-03
3.279832424595952034e-03
3.302496857941150665e-03
3.321353578940033913e-03
3.196742618456482887e-03
3.234058152884244919e-03
3.201609710231423378e-03
3.256719559431076050e-03
3.261019941419363022e-03
3.229130059480667114e-03
3.249008441343903542e-03
3.203070955350995064e-03
3.225965891033411026e-03
3.330631880089640617e-03
3.316204296424984932e-03
3.187263384461402893e-03
3.174373880028724670e-03
3.254699753597378731e-03
3.214394673705101013e-03
3.146076109260320663e-03
3.228038549423217773e-03
3.242314094677567482e-03
3.204383887350559235e-03
3.120503854006528854e-03
3.316572867333889008e-03
3.256900468841195107e-03
3.277755109593272209e-03
3.239181591197848320e-03
3.215103875845670700e-03
3.231516806408762932e-03
3.232095623388886452e-03
3.282061312347650528e-03
3.291938686743378639e-03
3.213630290701985359e-03
3.206104505807161331e-03
3.187430324032902718e-03
3.164678346365690231e-03
3.382082330062985420e-03
3.251556307077407837e-03
3.167898859828710556e-03
3.266752231866121292e-03
3.281634300947189331e-03
3.286526072770357132e-03
3.191451774910092354e-03
3.236714750528335571e-03
3.227180102840065956e-03
3.226006170734763145e-03
3.191217780113220215e-03
3.162203123793005943e-03
3.202242543920874596e-03
3.217862453311681747e-03
3.236636053770780563e-03
3.203237196430563927e-03
3.213756252080202103e-03
3.193923039361834526e-03
3.169474657624959946e-03
3.285687183961272240e-03
3.243785118684172630e-03
3.245868720114231110e-03
3.252428956329822540e-03
3.160468768328428268e-03
3.109753364697098732e-03
3.186417976394295692e-03
3.191654803231358528e-03
3.255711868405342102e-03
3.237664466723799706e-03
3.178623504936695099e-03
3.217440331354737282e-03
3.324723802506923676e-03
3.316335147246718407e-03
3.242366714403033257e-03
3.177665639668703079e-03
3.287707222625613213e-03
3.199321450665593147e-03
3.237252589315176010e-03
3.252864116802811623e-03
3.149865195155143738e-03
3.122036345303058624e-03
3.263323102146387100e-03
3.236657707020640373e-03
3.235558746382594109e-03
3.212917596101760864e-03
3.230109810829162598e-03
3.210851922631263733e-03
3.186616348102688789e-03
3.144017653539776802e-03
3.318374045193195343e-03
3.266834188252687454e-03
3.207104746252298355e-03
3.165764501318335533e-03
3.138839732855558395e-03
3.276912029832601547e-03
3.349011996760964394e-03
3.250534413382411003e-03
3.254685318097472191e-03
3.175622550770640373e-03
3.169568022713065147e-03
3.120542736724019051e-03
3.195349127054214478e-03
3.210135502740740776e-03
3.206273308023810387e-03
3.263186663389205933e-03
3.169399220496416092e-03
3.215465927496552467e-03
3.191613592207431793e-03
3.168415278196334839e-03
3.177137579768896103e-03
3.183486405760049820e-03
3.278712276369333267e-03
3.256470896303653717e-03
3.193081589415669441e-03
3.203903790563344955e-03
3.251386107876896858e-03
3.175547812134027481e-03
3.201756160706281662e-03
3.180652856826782227e-03
3.462253604084253311e-03
3.137379651889204979e-03
3.146356204524636269e-03
3.378169145435094833e-03
3.250077599659562111e-03
3.163911169394850731e-03
3.205039072781801224e-03
3.155618906021118164e-03
3.188195172697305679e-03
3.277021693065762520e-03
3.233400406315922737e-03
3.149655647575855255e-03
3.237945260480046272e-03
3.176310798153281212e-03
3.294750116765499115e-03
3.230091417208313942e-03
3.276724601164460182e-03
3.134676720947027206e-03
3.177475184202194214e-03
3.172654891386628151e-03
3.189440816640853882e-03
3.202823922038078308e-03
3.244766499847173691e-03
3.279061056673526764e-03
3.222528845071792603e-03
3.263320308178663254e-03
3.140480956062674522e-03
3.191337222233414650e-03
3.325204132124781609e-03
3.279078053310513496e-03
3.149529686197638512e-03
3.151292214170098305e-03
3.234861418604850769e-03
3.241704311221837997e-03
3.132438985630869865e-03
3.314934670925140381e-03
3.260079771280288696e-03
3.140069078654050827e-03
3.190898569300770760e-03
3.124885493889451027e-03
3.228766145184636116e-03
3.167820628732442856e-03
3.299152012914419174e-03
3.189855488017201424e-03
3.172506345435976982e-03
3.159234300255775452e-03
3.154911100864410400e-03
3.289426909759640694e-03
3.190358867868781090e-03
3.170799929648637772e-03
3.222719766199588776e-03
3.223046194761991501e-03
3.113852813839912415e-03
3.150361124426126480e-03
3.151891287416219711e-03
3.191511379554867744e-03
3.199155209586024284e-03
3.150920616462826729e-03
3.219803096726536751e-03
3.159744199365377426e-03
3.193461801856756210e-03
3.249527653679251671e-03
3.208657260984182358e-03
3.144394140690565109e-03
3.212411887943744659e-03
3.230896312743425369e-03
3.136655781418085098e-03
3.255841555073857307e-03
3.151713404804468155e-03
3.147218143567442894e-03
3.133354475721716881e-03
3.201821353286504745e-03
3.202952677384018898e-03
3.192159347236156464e-03
3.158084349706768990e-03
3.268391359597444534e-03
3.145849565044045448e-03
3.141673048958182335e-03
3.138290718197822571e-03
3.144710324704647064e-03
3.182523651048541069e-03
3.206604393199086189e-03
3.274245187640190125e-03
3.265429288148880005e-03
3.216562559828162193e-03
3.111956873908638954e-03
3.167535876855254173e-03
3.211685223504900932e-03
3.300330368801951408e-03
3.189381677657365799e-03
3.296357113867998123e-03
3.108191769570112228e-03
3.162387758493423462e-03
3.207820467650890350e-03
3.150655655190348625e-03
3.134910948574542999e-03
3.176999511197209358e-03
3.216571174561977386e-03
3.406963078305125237e-03
3.342256881296634674e-03
3.157980507239699364e-03
3.131516510620713234e-03
3.070395207032561302e-03
