2.038515663146972656e+01
2.029499435424804688e+01
2.025485610961914062e+01
2.026007270812988281e+01
2.028417015075683594e+01
2.029791450500488281e+01
2.026151084899902344e+01
2.026645851135253906e+01
2.030669593811035156e+01
2.023637008666992188e+01
2.023208999633789062e+01
2.026830863952636719e+01
2.023681831359863281e+01
2.026119041442871094e+01
2.027400207519531250e+01
2.026852226257324219e+01
2.025151824951171875e+01
2.024428558349609375e+01
2.029231643676757812e+01
2.027526473999023438e+01
2.024151802062988281e+01
2.025627708435058594e+01
2.023326492309570312e+01
2.025383567810058594e+01
2.026789665222167969e+01
2.025330543518066406e+01
2.024356651306152344e+01
2.022910690307617188e+01
2.022824478149414062e+01
2.022889328002929688e+01
2.022938537597656250e+01
2.022943878173828125e+01
2.024529838562011719e+01
2.022978210449218750e+01
2.023170852661132812e+01
2.022391319274902344e+01
2.026937103271484375e+01
2.025999641418457031e+01
2.025481986999511719e+01
2.027249908447265625e+01
2.023616600036621094e+01
2.023831748962402344e+01
2.028898620605468750e+01
2.025582122802734375e+01
2.025439262390136719e+01
2.023974990844726562e+01
2.025835609436035156e+01
2.023440361022949219e+01
2.027807235717773438e+01
2.024469184875488281e+01
2.022956848144531250e+01
2.022052574157714844e+01
2.022921180725097656e+01
2.025845718383789062e+01
2.022503089904785156e+01
2.025888633728027344e+01
2.025305938720703125e+01
2.023643112182617188e+01
2.027382850646972656e+01
2.025200080871582031e+01
2.021993827819824219e+01
2.024855995178222656e+01
2.024312400817871094e+01
2.022964286804199219e+01
2.027382850646972656e+01
2.027342414855957031e+01
2.022109603881835938e+01
2.023667907714843750e+01
2.022207832336425781e+01
2.026185607910156250e+01
2.024955940246582031e+01
2.023621940612792969e+01
2.025513076782226562e+01
2.022492790222167969e+01
2.022418975830078125e+01
2.022714614868164062e+01
2.023953247070312500e+01
2.021524429321289062e+01
2.023536491394042969e+01
2.026212120056152344e+01
2.024799728393554688e+01
2.024406242370605469e+01
2.027021980285644531e+01
2.024534416198730469e+01
2.023894500732421875e+01
2.024699401855468750e+01
2.023944282531738281e+01
2.023918342590332031e+01
2.026449966430664062e+01
2.028243255615234375e+01
2.024061965942382812e+01
2.028777122497558594e+01
2.024016952514648438e+01
2.026157379150390625e+01
2.024776649475097656e+01
2.024117851257324219e+01
2.026484680175781250e+01
2.025767707824707031e+01
2.027173805236816406e+01
2.023876762390136719e+01
2.025197601318359375e+01
2.023750686645507812e+01
2.025263977050781250e+01
2.027188682556152344e+01
2.021915245056152344e+01
2.025836181640625000e+01
2.022962188720703125e+01
2.027125167846679688e+01
2.024908447265625000e+01
2.024809265136718750e+01
2.022739982604980469e+01
2.025885963439941406e+01
2.027557563781738281e+01
2.024804687500000000e+01
2.025979042053222656e+01
2.023690986633300781e+01
2.026547813415527344e+01
2.022755050659179688e+01
2.024737739562988281e+01
2.022203826904296875e+01
2.023814582824707031e+01
2.027729225158691406e+01
2.024321174621582031e+01
2.026668739318847656e+01
2.024411010742187500e+01
2.023620223999023438e+01
2.022333335876464844e+01
2.024030876159667969e+01
2.023063087463378906e+01
2.024119567871093750e+01
2.025799942016601562e+01
2.024008750915527344e+01
2.025589942932128906e+01
2.022606468200683594e+01
2.022013664245605469e+01
2.024353408813476562e+01
2.026997566223144531e+01
2.023898696899414062e+01
2.023365402221679688e+01
2.026916503906250000e+01
2.025807762145996094e+01
2.022035217285156250e+01
2.025951957702636719e+01
2.026437187194824219e+01
2.026222419738769531e+01
2.026741790771484375e+01
2.027225303649902344e+01
2.027008056640625000e+01
2.028038787841796875e+01
2.025672721862792969e+01
2.026455497741699219e+01
2.023923683166503906e+01
2.024338531494140625e+01
2.024689292907714844e+01
2.024468231201171875e+01
2.023398590087890625e+01
2.022092437744140625e+01
2.024374580383300781e+01
2.023897552490234375e+01
2.024245452880859375e+01
2.024766540527343750e+01
2.024163818359375000e+01
2.026209259033203125e+01
2.024673843383789062e+01
2.023362922668457031e+01
2.023180389404296875e+01
2.025241279602050781e+01
2.024525642395019531e+01
2.024018287658691406e+01
2.021966361999511719e+01
2.027872467041015625e+01
2.026648521423339844e+01
2.027322578430175781e+01
2.026664352416992188e+01
2.024127197265625000e+01
2.025609779357910156e+01
2.025205802917480469e+01
2.025743484497070312e+01
2.022637557983398438e+01
2.025512886047363281e+01
2.023419380187988281e+01
2.024063682556152344e+01
2.024382591247558594e+01
2.022514915466308594e+01
2.025231170654296875e+01
2.024208641052246094e+01
2.025908851623535156e+01
2.025225830078125000e+01
2.026097869873046875e+01
2.024418830871582031e+01
2.025116348266601562e+01
2.029063034057617188e+01
2.026964378356933594e+01
2.024089050292968750e+01
2.024191665649414062e+01
2.029326248168945312e+01
2.026684761047363281e+01
2.023849487304687500e+01
2.026584434509277344e+01
2.026486968994140625e+01
2.022367095947265625e+01
2.024924087524414062e+01
2.025995635986328125e+01
2.024499130249023438e+01
2.023983192443847656e+01
2.025153732299804688e+01
2.024135398864746094e+01
2.028402709960937500e+01
2.025013160705566406e+01
2.028309440612792969e+01
2.026249694824218750e+01
2.023022842407226562e+01
2.021925163269042969e+01
2.024097251892089844e+01
2.023527336120605469e+01
2.024785804748535156e+01
2.023590660095214844e+01
2.022888755798339844e+01
2.025716972351074219e+01
2.023347282409667969e+01
2.022751045227050781e+01
2.025348472595214844e+01
2.024513435363769531e+01
2.030074310302734375e+01
2.024644088745117188e+01
2.024217605590820312e+01
2.026609420776367188e+01
2.026129913330078125e+01
2.025399017333984375e+01
2.025714492797851562e+01
2.023247909545898438e+01
2.024796867370605469e+01
2.025060844421386719e+01
2.025852584838867188e+01
2.022636032104492188e+01
2.023561286926269531e+01
2.024364280700683594e+01
2.024459838867187500e+01
2.025862884521484375e+01
2.025855064392089844e+01
2.029564285278320312e+01
2.023884201049804688e+01
2.026281166076660156e+01
2.024556350708007812e+01
2.022793388366699219e+01
2.025206947326660156e+01
2.024925041198730469e+01
2.023813629150390625e+01
2.025541496276855469e+01
2.027032279968261719e+01
2.024643516540527344e+01
2.023639297485351562e+01
2.026580238342285156e+01
2.024365997314453125e+01
2.024465751647949219e+01
2.024978828430175781e+01
2.023219680786132812e+01
2.024148941040039062e+01
2.023161697387695312e+01
2.023587226867675781e+01
2.026394653320312500e+01
2.024409675598144531e+01
2.024898147583007812e+01
2.023887062072753906e+01
2.024342346191406250e+01
2.024835968017578125e+01
2.026013183593750000e+01
2.024769210815429688e+01
2.024154663085937500e+01
2.021357917785644531e+01
2.022311019897460938e+01
2.024878501892089844e+01
2.022690963745117188e+01
2.024185371398925781e+01
2.024926376342773438e+01
2.022769737243652344e+01
2.027860832214355469e+01
2.026819992065429688e+01
2.025804138183593750e+01
2.028962898254394531e+01
2.022940826416015625e+01
2.024969482421875000e+01
2.024118804931640625e+01
2.022981452941894531e+01
2.024689865112304688e+01
2.025367546081542969e+01
2.023399543762207031e+01
2.024324798583984375e+01
2.023366546630859375e+01
2.024092102050781250e+01
2.024945068359375000e+01
2.024026679992675781e+01
2.023429489135742188e+01
2.025332260131835938e+01
2.022984313964843750e+01
2.021786117553710938e+01
2.022527122497558594e+01
2.023178291320800781e+01
2.025125694274902344e+01
2.025143051147460938e+01
2.022880554199218750e+01
2.023421859741210938e+01
2.029138946533203125e+01
2.024412345886230469e+01
2.025261688232421875e+01
2.023781013488769531e+01
2.026487541198730469e+01
2.023221015930175781e+01
2.027013206481933594e+01
2.023903656005859375e+01
2.023382377624511719e+01
2.024882888793945312e+01
2.027244567871093750e+01
2.027003288269042969e+01
2.024805831909179688e+01
2.026158142089843750e+01
2.028186035156250000e+01
2.025254440307617188e+01
2.025766372680664062e+01
2.026368331909179688e+01
2.023755264282226562e+01
2.026518630981445312e+01
2.026078987121582031e+01
2.025401687622070312e+01
2.025448226928710938e+01
2.024430274963378906e+01
2.023921012878417969e+01
2.025426101684570312e+01
2.024636077880859375e+01
2.027186584472656250e+01
2.025329017639160156e+01
2.023131179809570312e+01
2.024732971191406250e+01
2.023549461364746094e+01
2.024153900146484375e+01
2.026071357727050781e+01
2.022267150878906250e+01
2.022288131713867188e+01
2.023123168945312500e+01
2.023112297058105469e+01
2.026796340942382812e+01
2.023685646057128906e+01
2.023078536987304688e+01
2.023748207092285156e+01
2.022751235961914062e+01
2.023345375061035156e+01
2.027107048034667969e+01
2.024546051025390625e+01
2.027057266235351562e+01
2.022437667846679688e+01
2.027322006225585938e+01
2.024708747863769531e+01
2.024463844299316406e+01
2.023113059997558594e+01
2.023030853271484375e+01
2.022976112365722656e+01
2.026382064819335938e+01
2.024025535583496094e+01
2.022712898254394531e+01
2.023796272277832031e+01
2.026099395751953125e+01
2.024943351745605469e+01
2.022851943969726562e+01
2.024503135681152344e+01
2.026335716247558594e+01
2.024637222290039062e+01
2.026272583007812500e+01
2.025675392150878906e+01
2.023061180114746094e+01
2.025418853759765625e+01
2.027077102661132812e+01
2.024614143371582031e+01
2.025843048095703125e+01
2.022692298889160156e+01
2.023294830322265625e+01
2.025558853149414062e+01
2.025749778747558594e+01
2.023463630676269531e+01
2.028897857666015625e+01
2.023249244689941406e+01
2.024433517456054688e+01
2.024583053588867188e+01
2.022434234619140625e+01
2.023062324523925781e+01
2.025683975219726562e+01
2.024378967285156250e+01
2.023954582214355469e+01
2.023690605163574219e+01
2.025441741943359375e+01
2.023950386047363281e+01
2.025426292419433594e+01
2.023211097717285156e+01
2.023042297363281250e+01
2.023388671875000000e+01
2.024295425415039062e+01
2.026110267639160156e+01
2.022285652160644531e+01
2.024708747863769531e+01
2.023170661926269531e+01
2.024167060852050781e+01
2.023878669738769531e+01
2.022475051879882812e+01
2.024060630798339844e+01
2.026118087768554688e+01
2.025731086730957031e+01
2.024727249145507812e+01
2.026316642761230469e+01
2.023505592346191406e+01
2.025779533386230469e+01
2.023392486572265625e+01
2.022724151611328125e+01
2.025513076782226562e+01
2.023078346252441406e+01
2.021952247619628906e+01
2.023357200622558594e+01
2.028108215332031250e+01
2.024518203735351562e+01
2.022565460205078125e+01
2.022950363159179688e+01
2.024740219116210938e+01
2.025120353698730469e+01
2.025021553039550781e+01
2.029452896118164062e+01
2.022191810607910156e+01
2.024461746215820312e+01
2.023483848571777344e+01
2.023868560791015625e+01
2.024727439880371094e+01
2.024866485595703125e+01
2.026945877075195312e+01
2.026090240478515625e+01
2.025694084167480469e+01
2.026161956787109375e+01
2.024291801452636719e+01
2.022849082946777344e+01
2.022974586486816406e+01
2.025297737121582031e+01
2.027922058105468750e+01
2.024334907531738281e+01
2.024339294433593750e+01
2.023917770385742188e+01
2.023371887207031250e+01
2.025737571716308594e+01
2.026828956604003906e+01
2.024536323547363281e+01
2.028514289855957031e+01
2.021931648254394531e+01
2.025769233703613281e+01
2.027920722961425781e+01
2.023422622680664062e+01
2.026644706726074219e+01
2.023113822937011719e+01
2.025061416625976562e+01
2.024510955810546875e+01
2.025149917602539062e+01
2.025136566162109375e+01
2.027475547790527344e+01
2.023635864257812500e+01
2.025916290283203125e+01
2.024232482910156250e+01
2.024819755554199219e+01
2.024640846252441406e+01
2.024297904968261719e+01
2.021811103820800781e+01
2.024403190612792969e+01
2.024208450317382812e+01
2.025131988525390625e+01
2.024665069580078125e+01
2.023968505859375000e+01
2.024996185302734375e+01
2.022702598571777344e+01
2.025118827819824219e+01
2.025314140319824219e+01
2.024789047241210938e+01
2.022776031494140625e+01
2.024642753601074219e+01
2.023083305358886719e+01
2.024948501586914062e+01
2.021544647216796875e+01
2.022884559631347656e+01
2.023992156982421875e+01
2.023431396484375000e+01
2.024423027038574219e+01
2.023656463623046875e+01
2.026349449157714844e+01
2.027698326110839844e+01
2.023350715637207031e+01
2.025768661499023438e+01
2.026781272888183594e+01
2.027240562438964844e+01
2.023383712768554688e+01
2.023549461364746094e+01
2.024047088623046875e+01
2.023137092590332031e+01
2.025334548950195312e+01
2.025170707702636719e+01
2.024653625488281250e+01
2.024979972839355469e+01
2.022820854187011719e+01
2.026247787475585938e+01
2.024960708618164062e+01
2.022831916809082031e+01
2.024208831787109375e+01
2.024246025085449219e+01
2.025326156616210938e+01
2.025533866882324219e+01
2.024490928649902344e+01
2.024618530273437500e+01
2.023589515686035156e+01
2.026277732849121094e+01
2.024419021606445312e+01
2.026368904113769531e+01
2.023513793945312500e+01
2.022552108764648438e+01
2.024435234069824219e+01
2.022483062744140625e+01
2.024181556701660156e+01
2.024708175659179688e+01
2.024126625061035156e+01
2.028203392028808594e+01
2.021149444580078125e+01
2.025831794738769531e+01
2.025404548645019531e+01
2.022617149353027344e+01
2.029554367065429688e+01
2.022213554382324219e+01
2.023070907592773438e+01
2.023560142517089844e+01
2.025910949707031250e+01
2.022255706787109375e+01
2.025821495056152344e+01
2.023533821105957031e+01
2.023951721191406250e+01
2.025200843811035156e+01
2.024735450744628906e+01
2.025590133666992188e+01
2.025270271301269531e+01
2.024359321594238281e+01
2.023231315612792969e+01
2.026543807983398438e+01
2.028808784484863281e+01
2.023999023437500000e+01
2.024943542480468750e+01
2.027784538269042969e+01
2.021754264831542969e+01
2.029508972167968750e+01
2.024403953552246094e+01
2.022776794433593750e+01
2.022992897033691406e+01
2.026551628112792969e+01
2.024826431274414062e+01
2.023586082458496094e+01
2.028967094421386719e+01
2.027738189697265625e+01
2.024491691589355469e+01
2.024756240844726562e+01
2.027647972106933594e+01
2.025856781005859375e+01
2.024443435668945312e+01
2.024290466308593750e+01
2.025086784362792969e+01
2.025001144409179688e+01
2.027964591979980469e+01
2.028087043762207031e+01
2.023977851867675781e+01
2.025806236267089844e+01
2.026956748962402344e+01
2.027640151977539062e+01
2.022589683532714844e+01
2.028654289245605469e+01
2.026749038696289062e+01
2.024430465698242188e+01
2.024581718444824219e+01
2.024941635131835938e+01
2.028042984008789062e+01
2.022743034362792969e+01
2.025991439819335938e+01
2.023802185058593750e+01
2.023030090332031250e+01
2.028565406799316406e+01
2.023587417602539062e+01
2.023379898071289062e+01
2.024539756774902344e+01
2.026843070983886719e+01
2.023513031005859375e+01
2.022982597351074219e+01
2.023598289489746094e+01
2.024225997924804688e+01
2.025611495971679688e+01
2.022491073608398438e+01
2.024600410461425781e+01
2.022975540161132812e+01
2.023709487915039062e+01
2.023025703430175781e+01
2.023970222473144531e+01
2.027492904663085938e+01
2.024036788940429688e+01
2.024531936645507812e+01
2.027472877502441406e+01
2.024289512634277344e+01
2.025551033020019531e+01
2.025889587402343750e+01
2.023655509948730469e+01
2.024878692626953125e+01
2.026571655273437500e+01
2.027652740478515625e+01
2.024005699157714844e+01
2.023521041870117188e+01
2.024611473083496094e+01
2.024802398681640625e+01
2.024107170104980469e+01
2.023588180541992188e+01
2.028122520446777344e+01
2.024780082702636719e+01
2.022832107543945312e+01
2.024082565307617188e+01
2.026531410217285156e+01
2.024896812438964844e+01
2.025982856750488281e+01
2.029471397399902344e+01
2.028564453125000000e+01
2.023945999145507812e+01
2.023237037658691406e+01
2.024328041076660156e+01
2.024591636657714844e+01
2.028339195251464844e+01
2.024585533142089844e+01
2.025807380676269531e+01
2.027671432495117188e+01
2.024424934387207031e+01
2.025363349914550781e+01
2.026502227783203125e+01
2.029997253417968750e+01
2.024048614501953125e+01
2.025572013854980469e+01
2.025679588317871094e+01
2.024996185302734375e+01
2.024891471862792969e+01
2.021342468261718750e+01
2.028149795532226562e+01
2.024010658264160156e+01
2.023617172241210938e+01
2.025868225097656250e+01
2.024357986450195312e+01
2.028608512878417969e+01
2.024770545959472656e+01
2.022577667236328125e+01
2.025887680053710938e+01
2.023741340637207031e+01
2.023406410217285156e+01
2.024675559997558594e+01
2.028087997436523438e+01
2.024158477783203125e+01
2.026351356506347656e+01
2.022859764099121094e+01
2.027155876159667969e+01
2.022766304016113281e+01
2.026120376586914062e+01
2.026808357238769531e+01
2.025539779663085938e+01
2.023714447021484375e+01
2.023438835144042969e+01
2.024623870849609375e+01
2.025148963928222656e+01
2.025499916076660156e+01
2.023963546752929688e+01
2.029536628723144531e+01
2.024466323852539062e+01
2.026428985595703125e+01
2.024901199340820312e+01
2.024369430541992188e+01
2.027301788330078125e+01
2.025401496887207031e+01
2.028417587280273438e+01
2.022775459289550781e+01
2.022986984252929688e+01
2.025477981567382812e+01
2.023707389831542969e+01
2.024580383300781250e+01
2.023162651062011719e+01
2.024091911315917969e+01
2.026330375671386719e+01
2.025586318969726562e+01
2.025201797485351562e+01
2.024775695800781250e+01
2.023932266235351562e+01
2.023889541625976562e+01
2.025127410888671875e+01
2.026093482971191406e+01
2.025855445861816406e+01
2.025434875488281250e+01
2.026721000671386719e+01
2.023031997680664062e+01
2.024902725219726562e+01
2.026509094238281250e+01
2.023585700988769531e+01
2.023274230957031250e+01
2.024902915954589844e+01
2.025725936889648438e+01
2.024616432189941406e+01
2.024196434020996094e+01
2.027003288269042969e+01
2.025602722167968750e+01
2.024235534667968750e+01
2.023828697204589844e+01
2.027010917663574219e+01
2.023234748840332031e+01
2.025418281555175781e+01
2.025610542297363281e+01
2.023854064941406250e+01
2.024777030944824219e+01
2.023379135131835938e+01
2.026183128356933594e+01
2.026549339294433594e+01
2.027000236511230469e+01
2.027551841735839844e+01
2.024953842163085938e+01
2.021635055541992188e+01
2.022957992553710938e+01
2.025936889648437500e+01
2.023991775512695312e+01
2.027737236022949219e+01
2.026473999023437500e+01
2.024717140197753906e+01
2.024941253662109375e+01
2.027891349792480469e+01
2.025160789489746094e+01
2.023908424377441406e+01
2.024324989318847656e+01
2.025738143920898438e+01
2.022394752502441406e+01
2.022718238830566406e+01
2.026336097717285156e+01
2.025904846191406250e+01
2.025564384460449219e+01
2.023928833007812500e+01
2.027653694152832031e+01
2.021745491027832031e+01
2.024476623535156250e+01
2.023924446105957031e+01
2.022820854187011719e+01
2.025052452087402344e+01
2.024996948242187500e+01
2.023085212707519531e+01
2.025710868835449219e+01
2.023587417602539062e+01
2.024570083618164062e+01
2.025073814392089844e+01
2.023943328857421875e+01
2.023143196105957031e+01
2.024646949768066406e+01
2.027937889099121094e+01
2.024955177307128906e+01
2.024428558349609375e+01
2.023010253906250000e+01
2.024883460998535156e+01
2.026013374328613281e+01
2.025628662109375000e+01
2.026203346252441406e+01
2.025676918029785156e+01
2.024698829650878906e+01
2.023493957519531250e+01
2.024704360961914062e+01
2.024237060546875000e+01
2.021531105041503906e+01
2.024145126342773438e+01
2.023497390747070312e+01
2.024604606628417969e+01
2.023973655700683594e+01
2.023564338684082031e+01
2.025242424011230469e+01
2.022695732116699219e+01
2.024189376831054688e+01
2.022751045227050781e+01
2.025009155273437500e+01
2.025703811645507812e+01
2.028253173828125000e+01
2.021950721740722656e+01
2.022902488708496094e+01
2.025919342041015625e+01
2.028652954101562500e+01
2.023785400390625000e+01
2.024500083923339844e+01
2.023609733581542969e+01
2.024950218200683594e+01
2.021488761901855469e+01
2.023476982116699219e+01
2.022330474853515625e+01
2.025369453430175781e+01
2.029523277282714844e+01
2.024667739868164062e+01
2.025561714172363281e+01
2.023891830444335938e+01
2.024326324462890625e+01
2.026438331604003906e+01
2.027655220031738281e+01
2.023094558715820312e+01
2.024227714538574219e+01
2.025882720947265625e+01
2.022651481628417969e+01
2.024131202697753906e+01
2.024261856079101562e+01
2.025895500183105469e+01
2.022428703308105469e+01
2.025800514221191406e+01
2.022832298278808594e+01
2.025067138671875000e+01
2.026397705078125000e+01
2.027439308166503906e+01
2.023983573913574219e+01
2.027115631103515625e+01
2.026935195922851562e+01
2.025425720214843750e+01
2.022839927673339844e+01
2.024652862548828125e+01
2.024656295776367188e+01
2.026636314392089844e+01
2.023109626770019531e+01
2.022362518310546875e+01
2.024861335754394531e+01
2.023779487609863281e+01
2.025531196594238281e+01
2.023833274841308594e+01
2.024132347106933594e+01
2.023820495605468750e+01
2.022871780395507812e+01
2.025857543945312500e+01
2.025381660461425781e+01
2.024121284484863281e+01
2.025217247009277344e+01
2.023758506774902344e+01
2.025285720825195312e+01
2.024271202087402344e+01
2.023573303222656250e+01
2.024112319946289062e+01
2.025352287292480469e+01
2.024153518676757812e+01
2.027295875549316406e+01
2.024034500122070312e+01
2.023624801635742188e+01
2.024539566040039062e+01
2.024802017211914062e+01
2.026486015319824219e+01
2.023169136047363281e+01
2.025191497802734375e+01
2.028426742553710938e+01
2.022149658203125000e+01
2.022062492370605469e+01
2.026606750488281250e+01
2.024621391296386719e+01
2.027116012573242188e+01
2.028562736511230469e+01
2.022525215148925781e+01
2.024274635314941406e+01
2.025951004028320312e+01
2.026354408264160156e+01
2.029080390930175781e+01
2.024484825134277344e+01
2.023591613769531250e+01
2.024093818664550781e+01
2.025482940673828125e+01
2.028988075256347656e+01
2.022747039794921875e+01
2.023773574829101562e+01
2.023835563659667969e+01
2.024310302734375000e+01
2.025025367736816406e+01
2.024006843566894531e+01
2.026234817504882812e+01
2.022584915161132812e+01
2.027296066284179688e+01
2.025261306762695312e+01
2.023936080932617188e+01
2.027810668945312500e+01
2.023931312561035156e+01
2.026563835144042969e+01
2.025042343139648438e+01
2.025580215454101562e+01
2.025991058349609375e+01
2.026550865173339844e+01
2.022965240478515625e+01
2.022566032409667969e+01
2.023454284667968750e+01
2.024360656738281250e+01
2.024512481689453125e+01
2.026229286193847656e+01
2.023716926574707031e+01
2.029057502746582031e+01
2.026834297180175781e+01
2.023960113525390625e+01
2.026150703430175781e+01
2.026560783386230469e+01
2.023252487182617188e+01
2.026193237304687500e+01
2.024727630615234375e+01
2.026166152954101562e+01
2.023778915405273438e+01
2.021575355529785156e+01
2.022384452819824219e+01
2.023935699462890625e+01
2.023555946350097656e+01
2.025945854187011719e+01
2.024352264404296875e+01
2.024239921569824219e+01
2.025518417358398438e+01
2.024199485778808594e+01
2.023870849609375000e+01
2.022304916381835938e+01
2.023369789123535156e+01
2.022762870788574219e+01
2.028192520141601562e+01
2.022886466979980469e+01
2.025384521484375000e+01
2.023859786987304688e+01
2.024334335327148438e+01
2.023098373413085938e+01
2.026220893859863281e+01
2.028380393981933594e+01
2.023917388916015625e+01
2.023311614990234375e+01
2.024517250061035156e+01
2.026242256164550781e+01
2.024407577514648438e+01
2.025345230102539062e+01
2.025481986999511719e+01
2.023587417602539062e+01
2.026931953430175781e+01
2.027295875549316406e+01
2.023715972900390625e+01
2.025576400756835938e+01
2.023073005676269531e+01
2.024374771118164062e+01
2.024707984924316406e+01
2.023327255249023438e+01
2.028241157531738281e+01
2.026199722290039062e+01
2.024910736083984375e+01
2.022786331176757812e+01
2.023451805114746094e+01
2.023829269409179688e+01
2.024992561340332031e+01
2.025507164001464844e+01
2.024189567565917969e+01
2.024154472351074219e+01
2.026506996154785156e+01
2.023658561706542969e+01
2.025174713134765625e+01
2.026573944091796875e+01
2.025289916992187500e+01
2.022088050842285156e+01
2.026581573486328125e+01
2.022541236877441406e+01
2.027137565612792969e+01
2.024142646789550781e+01
2.022891998291015625e+01
2.023910713195800781e+01
2.023572921752929688e+01
2.024084281921386719e+01
2.023982048034667969e+01
2.023260879516601562e+01
2.023851776123046875e+01
2.023116874694824219e+01
2.027061080932617188e+01
2.022686195373535156e+01
2.024749755859375000e+01
2.027680015563964844e+01
2.023839759826660156e+01
2.025826835632324219e+01
2.023421096801757812e+01
2.026267433166503906e+01
2.025602722167968750e+01
2.025741195678710938e+01
2.023197937011718750e+01
2.022638511657714844e+01
2.022743415832519531e+01
2.025046730041503906e+01
2.023261260986328125e+01
2.024213600158691406e+01
2.026474380493164062e+01
2.023719215393066406e+01
2.023961448669433594e+01
2.024731254577636719e+01
2.022500419616699219e+01
2.026768684387207031e+01
2.025310707092285156e+01
2.027285957336425781e+01
2.023483657836914062e+01
2.021639251708984375e+01
2.026045227050781250e+01
2.025521659851074219e+01
2.025577735900878906e+01
2.026218414306640625e+01
2.027937316894531250e+01
2.026453018188476562e+01
2.025202941894531250e+01
2.022856330871582031e+01
2.025441360473632812e+01
2.025045967102050781e+01
2.022870635986328125e+01
2.026597976684570312e+01
