8.136048167943954468e-02
2.682248502969741821e-02
2.057060040533542633e-02
1.841398328542709351e-02
1.705669425427913666e-02
1.606994308531284332e-02
1.552746910601854324e-02
1.479038689285516739e-02
1.444816775619983673e-02
1.387763954699039459e-02
1.339815557003021240e-02
1.296817604452371597e-02
1.286840252578258514e-02
1.241280883550643921e-02
1.226893439888954163e-02
1.208217255771160126e-02
1.173316314816474915e-02
1.157260779291391373e-02
1.114481780678033829e-02
1.100477017462253571e-02
1.079220231622457504e-02
1.066484488546848297e-02
1.063401903957128525e-02
1.030986569821834564e-02
1.008553430438041687e-02
1.000860333442687988e-02
9.754724800586700439e-03
9.822746738791465759e-03
9.748973883688449860e-03
9.464886039495468140e-03
9.404420852661132812e-03
9.261385537683963776e-03
9.101585485041141510e-03
9.227069094777107239e-03
8.811815641820430756e-03
8.883947506546974182e-03
8.977433666586875916e-03
8.716768585145473480e-03
8.713332936167716980e-03
8.537274785339832306e-03
8.365729823708534241e-03
8.534925989806652069e-03
8.290194906294345856e-03
8.452531881630420685e-03
8.148725144565105438e-03
8.237982168793678284e-03
8.232067339122295380e-03
7.944424636662006378e-03
8.075335994362831116e-03
7.834021002054214478e-03
8.122193627059459686e-03
7.670847233384847641e-03
7.721232715994119644e-03
7.762892171740531921e-03
7.534468080848455429e-03
7.580881472676992416e-03
7.528656162321567535e-03
7.575791794806718826e-03
7.366663310676813126e-03
7.317834533751010895e-03
7.226274814456701279e-03
7.310163229703903198e-03
7.330846507102251053e-03
7.167228031903505325e-03
7.310108747333288193e-03
6.940589286386966705e-03
7.095494773238897324e-03
7.058480288833379745e-03
7.028449326753616333e-03
7.013256195932626724e-03
6.945448927581310272e-03
6.778855342417955399e-03
6.882937625050544739e-03
6.878130137920379639e-03
6.600242573767900467e-03
6.942205596715211868e-03
6.922176573425531387e-03
6.589885801076889038e-03
6.587561685591936111e-03
6.514617707580327988e-03
6.576479878276586533e-03
6.463668774813413620e-03
6.530863232910633087e-03
6.375362165272235870e-03
6.451312452554702759e-03
6.467991042882204056e-03
6.354575511068105698e-03
6.484657991677522659e-03
6.266949232667684555e-03
6.356394384056329727e-03
6.183150224387645721e-03
6.201073992997407913e-03
6.168653257191181183e-03
6.184040103107690811e-03
6.229730322957038879e-03
6.084082648158073425e-03
6.096007302403450012e-03
6.314351223409175873e-03
5.939912982285022736e-03
6.104555912315845490e-03
6.070636212825775146e-03
6.217009387910366058e-03
6.048838607966899872e-03
5.809955764561891556e-03
6.035101599991321564e-03
5.825362168252468109e-03
5.939933937042951584e-03
5.861747544258832932e-03
5.691586527973413467e-03
5.832274910062551498e-03
5.789094138890504837e-03
5.739362910389900208e-03
5.708533804863691330e-03
5.782586522400379181e-03
5.829082801938056946e-03
5.845027975738048553e-03
5.811020266264677048e-03
5.676825065165758133e-03
5.580198951065540314e-03
5.835529882460832596e-03
5.829883273690938950e-03
5.620124749839305878e-03
5.655179265886545181e-03
5.807217210531234741e-03
5.600331816822290421e-03
5.634526256471872330e-03
5.652826279401779175e-03
5.638584028929471970e-03
5.472971126437187195e-03
5.569528788328170776e-03
5.399459041655063629e-03
5.525334272533655167e-03
5.505613982677459717e-03
5.463222041726112366e-03
5.573325790464878082e-03
5.249788053333759308e-03
5.442386027425527573e-03
5.342906806617975235e-03
5.380092654377222061e-03
5.335181485861539841e-03
5.362923722714185715e-03
5.294583272188901901e-03
5.396337248384952545e-03
5.354705732315778732e-03
5.206678993999958038e-03
5.320289172232151031e-03
5.270118359476327896e-03
5.251778755336999893e-03
5.469055380672216415e-03
5.129380151629447937e-03
5.331264343112707138e-03
5.287719424813985825e-03
5.113830324262380600e-03
5.214903037995100021e-03
5.244835745543241501e-03
5.096511915326118469e-03
5.340539850294589996e-03
5.129500757902860641e-03
5.171543918550014496e-03
5.216688849031925201e-03
5.011252593249082565e-03
5.003652535378932953e-03
5.230757873505353928e-03
5.001193843781948090e-03
5.019316449761390686e-03
5.060225259512662888e-03
5.010955035686492920e-03
5.128880497068166733e-03
5.082559306174516678e-03
5.005259066820144653e-03
4.936994984745979309e-03
4.967210348695516586e-03
5.053072236478328705e-03
4.964557942003011703e-03
4.982806276530027390e-03
4.971760790795087814e-03
4.996438510715961456e-03
4.963121376931667328e-03
4.883540794253349304e-03
4.963085055351257324e-03
4.943130072206258774e-03
4.951678216457366943e-03
4.932411015033721924e-03
4.822502844035625458e-03
4.854107741266489029e-03
4.884264897555112839e-03
4.729575011879205704e-03
4.848514217883348465e-03
4.939981270581483841e-03
4.812038037925958633e-03
4.715398885309696198e-03
4.862050060182809830e-03
4.805679433047771454e-03
4.791512154042720795e-03
4.832641221582889557e-03
4.921172745525836945e-03
4.873388912528753281e-03
4.829069599509239197e-03
4.818512126803398132e-03
4.845577757805585861e-03
4.626277368515729904e-03
4.882290493696928024e-03
4.770584870129823685e-03
4.677930846810340881e-03
4.562009125947952271e-03
4.784764721989631653e-03
4.552946891635656357e-03
4.723317455500364304e-03
4.653662443161010742e-03
4.631466232240200043e-03
4.612213466316461563e-03
4.588131792843341827e-03
4.709753673523664474e-03
4.491451662033796310e-03
4.599062725901603699e-03
4.752853419631719589e-03
4.560586996376514435e-03
4.540363326668739319e-03
4.810774698853492737e-03
4.533323459327220917e-03
4.529596772044897079e-03
4.557015374302864075e-03
4.625958856195211411e-03
4.566412884742021561e-03
4.477150272578001022e-03
4.574554041028022766e-03
4.477413836866617203e-03
4.407704807817935944e-03
4.577572923153638840e-03
4.386094864457845688e-03
4.609252326190471649e-03
4.526921547949314117e-03
4.630402196198701859e-03
4.390617366880178452e-03
4.531532060354948044e-03
4.481536801904439926e-03
4.423866514116525650e-03
4.357093013823032379e-03
4.456732887774705887e-03
4.458804149180650711e-03
4.438958596438169479e-03
4.468275234103202820e-03
4.594009369611740112e-03
4.540753085166215897e-03
4.416839219629764557e-03
4.490078892558813095e-03
4.458488430827856064e-03
4.501738119870424271e-03
4.464048426598310471e-03
4.405987448990345001e-03
4.290085285902023315e-03
4.392997361719608307e-03
4.269393626600503922e-03
4.504515789449214935e-03
4.349583294242620468e-03
4.474927671253681183e-03
4.334473982453346252e-03
4.321025684475898743e-03
4.428705666214227676e-03
4.481546115130186081e-03
4.405335988849401474e-03
4.379917401820421219e-03
4.267094656825065613e-03
4.372545052319765091e-03
4.420078359544277191e-03
4.201136529445648193e-03
4.306561313569545746e-03
4.283222369849681854e-03
4.425516817718744278e-03
4.283195827156305313e-03
4.289109725505113602e-03
4.300616215914487839e-03
4.228116944432258606e-03
4.221241921186447144e-03
4.258136730641126633e-03
4.220327828079462051e-03
4.180507734417915344e-03
4.229771438986063004e-03
4.301140084862709045e-03
4.194561392068862915e-03
4.222624469548463821e-03
4.255589563399553299e-03
4.219849128276109695e-03
4.191431682556867599e-03
4.249353893101215363e-03
4.260984249413013458e-03
4.276607651263475418e-03
4.319188650697469711e-03
4.100575111806392670e-03
4.264941439032554626e-03
4.220542963594198227e-03
4.356836434453725815e-03
4.175824113190174103e-03
4.190557636320590973e-03
4.098250996321439743e-03
4.145674407482147217e-03
4.171610344201326370e-03
4.120678175240755081e-03
4.214300308376550674e-03
4.243112169206142426e-03
4.140448756515979767e-03
4.217177163809537888e-03
3.990669269114732742e-03
4.148375708609819412e-03
4.137885291129350662e-03
4.074535798281431198e-03
4.206156823784112930e-03
4.150313790887594223e-03
4.070736933499574661e-03
4.004099406301975250e-03
4.194773733615875244e-03
3.988526761531829834e-03
4.256520885974168777e-03
4.068314097821712494e-03
4.074825439602136612e-03
4.090567585080862045e-03
4.025422502309083939e-03
3.908549435436725616e-03
3.991384524852037430e-03
4.163568839430809021e-03
3.938694950193166733e-03
4.073492251336574554e-03
4.024354740977287292e-03
3.997519612312316895e-03
3.970937337726354599e-03
4.091392736881971359e-03
4.148675594478845596e-03
4.087238106876611710e-03
3.990460187196731567e-03
4.024510737508535385e-03
4.050380084663629532e-03
3.951939288526773453e-03
4.090492147952318192e-03
3.984762355685234070e-03
4.093667957931756973e-03
4.057640675455331802e-03
4.011923912912607193e-03
4.005990922451019287e-03
4.063341300934553146e-03
3.973812796175479889e-03
3.945005126297473907e-03
3.911458421498537064e-03
3.967545926570892334e-03
3.930269274860620499e-03
3.947635646909475327e-03
4.001634661108255386e-03
3.970608580857515335e-03
3.979315515607595444e-03
4.056783858686685562e-03
3.979049157351255417e-03
3.891717176884412766e-03
4.003752022981643677e-03
3.875936148688197136e-03
3.939202986657619476e-03
3.754552919417619705e-03
3.944178577512502670e-03
3.905702149495482445e-03
3.891964675858616829e-03
3.894691821187734604e-03
3.889796091243624687e-03
4.026462323963642120e-03
3.905191086232662201e-03
3.944144584238529205e-03
3.910389263182878494e-03
3.899028757587075233e-03
3.891807515174150467e-03
3.842543810606002808e-03
3.898520953953266144e-03
3.849579952657222748e-03
3.844916122034192085e-03
3.929719328880310059e-03
3.995836246758699417e-03
3.803150495514273643e-03
3.858196316286921501e-03
3.974111750721931458e-03
3.939099144190549850e-03
3.779656486585736275e-03
3.879834664985537529e-03
3.924575634300708771e-03
3.829121356830000877e-03
3.937101922929286957e-03
3.936354070901870728e-03
3.966677002608776093e-03
3.829363267868757248e-03
3.810696769505739212e-03
3.933576401323080063e-03
3.767470829188823700e-03
3.731769975274801254e-03
3.891977248713374138e-03
3.753590397536754608e-03
3.945484291762113571e-03
3.797409357503056526e-03
3.692112630233168602e-03
3.942948766052722931e-03
3.782727057114243507e-03
3.835732350125908852e-03
3.876457689329981804e-03
3.801525104790925980e-03
3.688568016514182091e-03
3.804657841101288795e-03
3.785870270803570747e-03
3.759666811674833298e-03
3.831779584288597107e-03
3.932464867830276489e-03
3.791569964960217476e-03
3.871117718517780304e-03
3.796410746872425079e-03
3.874058835208415985e-03
3.706643590703606606e-03
3.861519973725080490e-03
3.698402317240834236e-03
3.825037740170955658e-03
3.878967370837926865e-03
3.595818765461444855e-03
3.831970505416393280e-03
3.789000213146209717e-03
3.723110305145382881e-03
3.814026713371276855e-03
3.830973058938980103e-03
3.760796273127198219e-03
3.836396848782896996e-03
3.812921466305851936e-03
3.641733201220631599e-03
3.677041968330740929e-03
3.764476394280791283e-03
3.798696910962462425e-03
3.681879024952650070e-03
3.653963096439838409e-03
3.675845451653003693e-03
3.734199563041329384e-03
3.712253645062446594e-03
3.734356025233864784e-03
3.756939666345715523e-03
3.792646341025829315e-03
3.644190961495041847e-03
3.648508340120315552e-03
3.681999864056706429e-03
3.735012840479612350e-03
3.711903700605034828e-03
3.745852736756205559e-03
3.613657783716917038e-03
3.875380381941795349e-03
3.647136967629194260e-03
3.671447746455669403e-03
3.657796420156955719e-03
3.782659536227583885e-03
3.750661853700876236e-03
3.698842599987983704e-03
3.688343800604343414e-03
3.765406087040901184e-03
3.672340419143438339e-03
3.783070715144276619e-03
3.548649605363607407e-03
3.605751087889075279e-03
3.730076598003506660e-03
3.752899821847677231e-03
3.696839557960629463e-03
3.701458452269434929e-03
3.816984826698899269e-03
3.651609411463141441e-03
3.665795549750328064e-03
3.698865883052349091e-03
3.644620999693870544e-03
3.568863961845636368e-03
3.651611041277647018e-03
3.611212829127907753e-03
3.635121043771505356e-03
3.706550691276788712e-03
3.625164506956934929e-03
3.493405645713210106e-03
3.789161797612905502e-03
3.644184209406375885e-03
3.611964872106909752e-03
3.626758465543389320e-03
3.598102601245045662e-03
3.685442730784416199e-03
3.606677521020174026e-03
3.600169438868761063e-03
3.802628256380558014e-03
3.588240128010511398e-03
3.651082515716552734e-03
3.640615846961736679e-03
3.674878273159265518e-03
3.635313129052519798e-03
3.588052466511726379e-03
3.637752961367368698e-03
3.527843859046697617e-03
3.655767766758799553e-03
3.651638049632310867e-03
3.550000023096799850e-03
3.642885480076074600e-03
3.609662177041172981e-03
3.577457740902900696e-03
3.625740529969334602e-03
3.521000267937779427e-03
3.622679039835929871e-03
3.566070925444364548e-03
3.570721484720706940e-03
3.549000248312950134e-03
3.508792957291007042e-03
3.600536612793803215e-03
3.568605054169893265e-03
3.543824655935168266e-03
3.583045909181237221e-03
3.570094704627990723e-03
3.584072459489107132e-03
3.503646003082394600e-03
3.563126781955361366e-03
3.421496134251356125e-03
3.642796305939555168e-03
3.658549161627888680e-03
3.462213557213544846e-03
3.545568557456135750e-03
3.506446024402976036e-03
3.527876688167452812e-03
3.617263864725828171e-03
3.354539163410663605e-03
3.596874885261058807e-03
3.605982987210154533e-03
3.611513180658221245e-03
3.400350222364068031e-03
3.596771275624632835e-03
3.442905144765973091e-03
3.637671237811446190e-03
3.426382085308432579e-03
3.421185771003365517e-03
3.435620106756687164e-03
3.495001932606101036e-03
3.408926073461771011e-03
3.534538671374320984e-03
3.398863598704338074e-03
3.478168509900569916e-03
3.610533196479082108e-03
3.440453438088297844e-03
3.498849924653768539e-03
3.518601646646857262e-03
3.541450947523117065e-03
3.501083701848983765e-03
3.449901938438415527e-03
3.408623393625020981e-03
3.540016943588852882e-03
3.442490007728338242e-03
3.522608662024140358e-03
3.528847126290202141e-03
3.404671559110283852e-03
3.446256974712014198e-03
3.415215294808149338e-03
3.358412068337202072e-03
3.563163103535771370e-03
3.486079862341284752e-03
3.419953864067792892e-03
3.421481698751449585e-03
3.509792266413569450e-03
3.485131775960326195e-03
3.434642450883984566e-03
3.475810633972287178e-03
3.324953839182853699e-03
3.443091642111539841e-03
3.334538312628865242e-03
3.407042240723967552e-03
3.375157248228788376e-03
3.384016454219818115e-03
3.513846313580870628e-03
3.430729731917381287e-03
3.447425551712512970e-03
3.501054830849170685e-03
3.428582102060317993e-03
3.416161751374602318e-03
3.305045422166585922e-03
3.537691896781325340e-03
3.423890331760048866e-03
3.470366587862372398e-03
3.421193221583962440e-03
3.384063020348548889e-03
3.355695633217692375e-03
3.475588513538241386e-03
3.389210440218448639e-03
3.470674157142639160e-03
3.351635066792368889e-03
3.360566683113574982e-03
3.425099188461899757e-03
3.425330389291048050e-03
3.420389955863356590e-03
3.419694025069475174e-03
3.404807299375534058e-03
3.474032972007989883e-03
3.347653197124600410e-03
3.452464006841182709e-03
3.428696887567639351e-03
3.404069226235151291e-03
3.486748784780502319e-03
3.399458015337586403e-03
3.435392864048480988e-03
3.323462791740894318e-03
3.355216234922409058e-03
3.360240953043103218e-03
3.394735278561711311e-03
3.439164021983742714e-03
3.335707588121294975e-03
3.345459001138806343e-03
3.289828542619943619e-03
3.362220013514161110e-03
3.275514114648103714e-03
3.308575134724378586e-03
3.452817909419536591e-03
3.474234370514750481e-03
3.324602497741580009e-03
3.232299117371439934e-03
3.318660426884889603e-03
3.283295780420303345e-03
3.412255784496665001e-03
3.317141672596335411e-03
3.342932788655161858e-03
3.382779425010085106e-03
3.250897629186511040e-03
3.507326589897274971e-03
3.263196907937526703e-03
3.424628870561718941e-03
3.352711908519268036e-03
3.266351297497749329e-03
3.357787383720278740e-03
3.317038062959909439e-03
3.265105420723557472e-03
3.354514716193079948e-03
3.313303692266345024e-03
3.256087889894843102e-03
3.463840577751398087e-03
3.288233187049627304e-03
3.343524876981973648e-03
3.372221020981669426e-03
3.238537581637501717e-03
3.361566457897424698e-03
3.289341693744063377e-03
3.268294967710971832e-03
3.395915962755680084e-03
3.227002220228314400e-03
3.366819350048899651e-03
3.248928114771842957e-03
3.253102535381913185e-03
3.307922044768929482e-03
3.220461541786789894e-03
3.232724266126751900e-03
3.316569607704877853e-03
3.294055582955479622e-03
3.260387806221842766e-03
3.530276007950305939e-03
3.400911809876561165e-03
3.393711056560277939e-03
3.345394972711801529e-03
3.381846705451607704e-03
3.224729094654321671e-03
3.204252570867538452e-03
3.299067029729485512e-03
3.285976126790046692e-03
3.315328620374202728e-03
3.277515759691596031e-03
3.236967837437987328e-03
3.267861204221844673e-03
3.362900810316205025e-03
3.209715243428945541e-03
3.213362069800496101e-03
3.151461016386747360e-03
3.301562042906880379e-03
3.270883113145828247e-03
3.355239983648061752e-03
3.245486179366707802e-03
3.277407726272940636e-03
3.315433859825134277e-03
3.279637079685926437e-03
3.431634511798620224e-03
3.280665492638945580e-03
3.329188562929630280e-03
3.204976208508014679e-03
3.260198980569839478e-03
3.276401199400424957e-03
3.221081104129552841e-03
3.317999653518199921e-03
3.200659528374671936e-03
3.402297152206301689e-03
3.302536671981215477e-03
3.241812810301780701e-03
3.361119190230965614e-03
3.195468336343765259e-03
3.341234289109706879e-03
3.284713719040155411e-03
3.163957968354225159e-03
3.353497013449668884e-03
3.270253306254744530e-03
3.391902428120374680e-03
3.356248373165726662e-03
3.322859294712543488e-03
3.310411470010876656e-03
3.198052290827035904e-03
3.418632084503769875e-03
3.245745087042450905e-03
3.311941633000969887e-03
3.260274883359670639e-03
3.157604020088911057e-03
3.155914135277271271e-03
3.326114267110824585e-03
3.292003646492958069e-03
3.255680436268448830e-03
3.214844968169927597e-03
3.273027483373880386e-03
3.235357347875833511e-03
3.239396959543228149e-03
3.294652560725808144e-03
3.221701364964246750e-03
3.155957208946347237e-03
3.273963928222656250e-03
3.286390332505106926e-03
3.232131479308009148e-03
3.123070579022169113e-03
3.199013182893395424e-03
3.176282392814755440e-03
3.216620301827788353e-03
3.337017027661204338e-03
3.106419695541262627e-03
3.229525405913591385e-03
3.250777721405029297e-03
3.202100750058889389e-03
3.269171109423041344e-03
3.189507871866226196e-03
3.236463991925120354e-03
3.251176793128252029e-03
3.202017629519104958e-03
3.100598230957984924e-03
3.188949311152100563e-03
3.214530879631638527e-03
3.219912992790341377e-03
3.213013056665658951e-03
3.242544597014784813e-03
3.237823024392127991e-03
3.173039294779300690e-03
3.206320572644472122e-03
3.256127471104264259e-03
3.179924562573432922e-03
3.274837508797645569e-03
3.207045374438166618e-03
3.223220817744731903e-03
3.319859737530350685e-03
3.202624619007110596e-03
3.280656877905130386e-03
3.120795823633670807e-03
3.103908384218811989e-03
3.178500337526202202e-03
3.278238698840141296e-03
3.171393880620598793e-03
3.189473645761609077e-03
3.201490733772516251e-03
3.220230108126997948e-03
3.148924792185425758e-03
3.150921547785401344e-03
3.189960261806845665e-03
3.293804125860333443e-03
3.218996338546276093e-03
3.194944234564900398e-03
3.075663466006517410e-03
3.236284246668219566e-03
3.134107682853937149e-03
3.244472434744238853e-03
3.239046549424529076e-03
3.174513345584273338e-03
3.221836872398853302e-03
3.066626610234379768e-03
3.152337158098816872e-03
3.145683091133832932e-03
3.108384320512413979e-03
3.175195073708891869e-03
3.243253799155354500e-03
3.104509087279438972e-03
3.147444454953074455e-03
3.175229998305439949e-03
3.260137513279914856e-03
3.201854415237903595e-03
3.173927543684840202e-03
3.062825649976730347e-03
3.140600863844156265e-03
3.168607596307992935e-03
3.158896230161190033e-03
3.207303583621978760e-03
3.115196246653795242e-03
3.129961201921105385e-03
3.064942313358187675e-03
3.056921064853668213e-03
3.126766998320817947e-03
2.983704674988985062e-03
3.138158470392227173e-03
3.143075155094265938e-03
3.201873740181326866e-03
3.188815433531999588e-03
3.140256274491548538e-03
3.146934788674116135e-03
3.074943786486983299e-03
3.189624985679984093e-03
3.011717461049556732e-03
3.125351388007402420e-03
3.153285244479775429e-03
3.186509246006608009e-03
3.111179685220122337e-03
3.174909856170415878e-03
3.094549290835857391e-03
3.083964111283421516e-03
3.217860357835888863e-03
3.092857310548424721e-03
3.085679374635219574e-03
3.089272184297442436e-03
3.125577000901103020e-03
3.099088324233889580e-03
3.122866619378328323e-03
3.093085018917918205e-03
3.077856497839093208e-03
3.111820667982101440e-03
3.093064995482563972e-03
3.107985248789191246e-03
3.057348541915416718e-03
3.057843307033181190e-03
3.083272138610482216e-03
3.110802499577403069e-03
3.052078885957598686e-03
3.065275494009256363e-03
3.137563588097691536e-03
3.104485571384429932e-03
3.209660993888974190e-03
3.024379024282097816e-03
3.132052253931760788e-03
3.054129658266901970e-03
3.063870826736092567e-03
3.165889065712690353e-03
3.085808828473091125e-03
3.058474743738770485e-03
3.144704038277268410e-03
3.139035310596227646e-03
3.070202423259615898e-03
3.159885527566075325e-03
3.081771545112133026e-03
2.930103568360209465e-03
3.077863948419690132e-03
3.175556426867842674e-03
3.033831948414444923e-03
3.083019750192761421e-03
3.054731758311390877e-03
3.045425051823258400e-03
3.049132181331515312e-03
3.030367894098162651e-03
3.146483097225427628e-03
3.185905050486326218e-03
3.042655065655708313e-03
3.073332831263542175e-03
3.089786972850561142e-03
3.025069134309887886e-03
3.081464674323797226e-03
3.155641490593552589e-03
3.132469020783901215e-03
3.032303182408213615e-03
3.051714040338993073e-03
3.110583173111081123e-03
3.089843085035681725e-03
3.242646111175417900e-03
3.046427620574831963e-03
3.090897575020790100e-03
3.154769307002425194e-03
3.012353088706731796e-03
3.202333115041255951e-03
3.050028812140226364e-03
3.103518625721335411e-03
3.048681886866688728e-03
3.130781231448054314e-03
3.082659561187028885e-03
3.069877158850431442e-03
3.046276280656456947e-03
3.161428496241569519e-03
3.002980956807732582e-03
3.159423591569066048e-03
3.081169445067644119e-03
2.967188367620110512e-03
3.014046465978026390e-03
3.087281482294201851e-03
3.022902645170688629e-03
3.023362252861261368e-03
3.107918659225106239e-03
3.136583603918552399e-03
3.084750846028327942e-03
3.036218928173184395e-03
2.993167610839009285e-03
3.109002020210027695e-03
3.114128019660711288e-03
3.008874831721186638e-03
3.142955247312784195e-03
3.105005249381065369e-03
3.072608262300491333e-03
3.101336071267724037e-03
2.967804670333862305e-03
3.058213274925947189e-03
3.062319243326783180e-03
2.998943906277418137e-03
3.029582090675830841e-03
3.080553608015179634e-03
3.110299818217754364e-03
3.038991708308458328e-03
3.041274845600128174e-03
2.934402087703347206e-03
3.119043074548244476e-03
3.036341629922389984e-03
2.993328263983130455e-03
3.028525272384285927e-03
2.891770796850323677e-03
3.010204760357737541e-03
3.041600575670599937e-03
3.100678557530045509e-03
3.081982722505927086e-03
2.975813113152980804e-03
2.996403723955154419e-03
3.068987978622317314e-03
3.017664421349763870e-03
3.040426876395940781e-03
3.103728638961911201e-03
2.986022271215915680e-03
2.885746071115136147e-03
2.984122373163700104e-03
2.944095991551876068e-03
2.924628555774688721e-03
2.992569468915462494e-03
3.038111142814159393e-03
3.015250666067004204e-03
3.164893249049782753e-03
3.048063721507787704e-03
2.975112525746226311e-03
2.970848698168992996e-03
2.941664773970842361e-03
3.146680537611246109e-03
3.039201954379677773e-03
3.056805115193128586e-03
3.102905582636594772e-03
3.040467156097292900e-03
3.275804221630096436e-03
3.023666795343160629e-03
3.071033395826816559e-03
2.958246506750583649e-03
2.985032042488455772e-03
3.144128248095512390e-03
2.993437461555004120e-03
3.169235540553927422e-03
2.990663284435868263e-03
3.001478733494877815e-03
3.011568682268261909e-03
3.017222508788108826e-03
3.077506553381681442e-03
2.962736412882804871e-03
3.064738353714346886e-03
2.952555194497108459e-03
3.094919025897979736e-03
3.082632552832365036e-03
3.164251800626516342e-03
3.021513344720005989e-03
2.953428775072097778e-03
3.088546451181173325e-03
2.980891847983002663e-03
3.000401426106691360e-03
3.002257784828543663e-03
3.008050844073295593e-03
2.963518491014838219e-03
2.981623169034719467e-03
3.123337402939796448e-03
2.954303054139018059e-03
3.139138221740722656e-03
2.895291661843657494e-03
3.101204987615346909e-03
3.057795111089944839e-03
2.989265136420726776e-03
2.987186890095472336e-03
3.049532882869243622e-03
2.943130908533930779e-03
3.038782626390457153e-03
2.992239082232117653e-03
3.101691836491227150e-03
2.967006294056773186e-03
3.133064135909080505e-03
2.988311694934964180e-03
3.061502240598201752e-03
3.093936946243047714e-03
3.019493771716952324e-03
3.002385608851909637e-03
2.968969289213418961e-03
3.044877434149384499e-03
2.980990102514624596e-03
2.973047783598303795e-03
3.084852825850248337e-03
3.008970757946372032e-03
2.876839833334088326e-03
3.029570681974291801e-03
3.051472362130880356e-03
2.995058661326766014e-03
3.050650004297494888e-03
2.985068596899509430e-03
3.081872826442122459e-03
2.981063676998019218e-03
3.025900106877088547e-03
2.966486383229494095e-03
2.993243513628840446e-03
