2.497214972972869873e-01
2.153792083263397217e-01
1.300458163022994995e-01
9.130812436342239380e-02
6.656043231487274170e-02
5.257599800825119019e-02
4.243520274758338928e-02
3.624935820698738098e-02
3.132349625229835510e-02
2.802510559558868408e-02
2.586695551872253418e-02
2.315377816557884216e-02
2.174697630107402802e-02
2.045284956693649292e-02
1.926942914724349976e-02
1.803494989871978760e-02
1.711421273648738861e-02
1.620694808661937714e-02
1.544568035751581192e-02
1.475570723414421082e-02
1.413164660334587097e-02
1.366094872355461121e-02
1.341189444065093994e-02
1.282181125134229660e-02
1.233944576233625412e-02
1.220661588013172150e-02
1.167995110154151917e-02
1.110068149864673615e-02
1.097626145929098129e-02
1.063838321715593338e-02
1.022963039577007294e-02
1.009435672312974930e-02
9.798808023333549500e-03
9.582906030118465424e-03
9.354987181723117828e-03
9.060733951628208160e-03
8.861384354531764984e-03
8.561173453927040100e-03
8.377193473279476166e-03
8.298378437757492065e-03
8.076486177742481232e-03
7.897346280515193939e-03
7.729694247245788574e-03
7.641261443495750427e-03
7.575640920549631119e-03
7.300073746591806412e-03
7.326513063162565231e-03
7.057026028633117676e-03
6.982807070016860962e-03
6.819575559347867966e-03
6.598824635148048401e-03
6.680185440927743912e-03
6.467793602496385574e-03
6.383208092302083969e-03
6.361509207636117935e-03
6.164602469652891159e-03
6.066238973289728165e-03
6.017541047185659409e-03
5.871897563338279724e-03
5.925499368458986282e-03
5.776481702923774719e-03
5.650337319821119308e-03
5.533379968255758286e-03
5.543929524719715118e-03
5.422846879810094833e-03
5.343482363969087601e-03
5.247768945991992950e-03
5.142210982739925385e-03
5.129060707986354828e-03
5.096137057989835739e-03
5.071341525763273239e-03
4.917516838759183884e-03
4.823371767997741699e-03
4.924682434648275375e-03
4.826046060770750046e-03
4.786147270351648331e-03
4.689408466219902039e-03
4.606359638273715973e-03
4.580102395266294479e-03
4.481780342757701874e-03
4.480545874685049057e-03
4.441138356924057007e-03
4.441552795469760895e-03
4.358118865638971329e-03
4.274587612599134445e-03
4.232834558933973312e-03
4.261218942701816559e-03
4.127230495214462280e-03
4.166368860751390457e-03
4.159993492066860199e-03
4.020662512630224228e-03
4.173920489847660065e-03
4.031920339912176132e-03
4.047502297908067703e-03
3.923767711967229843e-03
3.821733873337507248e-03
3.983472939580678940e-03
3.785775508731603622e-03
3.879340132698416710e-03
3.742089960724115372e-03
3.729834221303462982e-03
3.749013645574450493e-03
3.749254858121275902e-03
3.671573940664529800e-03
3.721488872542977333e-03
3.568782238289713860e-03
3.585960948839783669e-03
3.555881557986140251e-03
3.521336009725928307e-03
3.568589454516768456e-03
3.470250172540545464e-03
3.547955770045518875e-03
3.441467881202697754e-03
3.431403078138828278e-03
3.354108193889260292e-03
3.414222039282321930e-03
3.361253766342997551e-03
3.397017251700162888e-03
3.353212261572480202e-03
3.203889587894082069e-03
3.266685875132679939e-03
3.231610637158155441e-03
3.236941061913967133e-03
3.095755819231271744e-03
3.181796753779053688e-03
3.147237701341509819e-03
3.106748685240745544e-03
3.180552506819367409e-03
3.151122014969587326e-03
3.087361343204975128e-03
3.055344568565487862e-03
3.151932964101433754e-03
2.978743519634008408e-03
3.051768522709608078e-03
3.029588144272565842e-03
3.016721690073609352e-03
2.999608404934406281e-03
2.958461409434676170e-03
2.900780411437153816e-03
2.928758971393108368e-03
2.950898837298154831e-03
2.909118309617042542e-03
2.897936152294278145e-03
2.854098100215196609e-03
2.893023192882537842e-03
2.822087612003087997e-03
2.890131901949644089e-03
2.776282839477062225e-03
2.847169293090701103e-03
2.774960594251751900e-03
2.739519113674759865e-03
2.791839651763439178e-03
2.763372845947742462e-03
2.789266174659132957e-03
2.819381188601255417e-03
2.713463502004742622e-03
2.679235069081187248e-03
2.678160089999437332e-03
2.722475910559296608e-03
2.643870422616600990e-03
2.639997052028775215e-03
2.677544485777616501e-03
2.683437895029783249e-03
2.642092993482947350e-03
2.637463388964533806e-03
2.701300662010908127e-03
2.529864432290196419e-03
2.549349796026945114e-03
2.693037968128919601e-03
2.531963400542736053e-03
2.620603423565626144e-03
2.565156202763319016e-03
2.531698904931545258e-03
2.496909350156784058e-03
2.538018161430954933e-03
2.509925514459609985e-03
2.451560227200388908e-03
2.523813629522919655e-03
2.544109942391514778e-03
2.517083659768104553e-03
2.486327197402715683e-03
2.574572106823325157e-03
2.448640763759613037e-03
2.502634190022945404e-03
2.436184324324131012e-03
2.390324370935559273e-03
2.465086756274104118e-03
2.419151365756988525e-03
2.375969197601079941e-03
2.424793317914009094e-03
2.409492153674364090e-03
2.382689388468861580e-03
2.340449718758463860e-03
2.373687224462628365e-03
2.397556323558092117e-03
2.368225250393152237e-03
2.339075319468975067e-03
2.346359891816973686e-03
2.356762532144784927e-03
2.364202402532100677e-03
2.310085110366344452e-03
2.416345989331603050e-03
2.336702076718211174e-03
2.295600017532706261e-03
2.303769113495945930e-03
2.293082885444164276e-03
2.251005731523036957e-03
2.324858447536826134e-03
2.286393893882632256e-03
2.306788926944136620e-03
2.288915216922760010e-03
2.297953702509403229e-03
2.192243700847029686e-03
2.280012704432010651e-03
2.289125230163335800e-03
2.235020045191049576e-03
2.201801864430308342e-03
2.178367692977190018e-03
2.260408597066998482e-03
2.227718941867351532e-03
2.210349077358841896e-03
2.232749247923493385e-03
2.178560476750135422e-03
2.170398365706205368e-03
2.139832358807325363e-03
2.196337794885039330e-03
2.109816530719399452e-03
2.151153748854994774e-03
2.249130979180335999e-03
2.147393766790628433e-03
2.102798083797097206e-03
2.208022866398096085e-03
2.147056395187973976e-03
2.127803396433591843e-03
2.120819874107837677e-03
2.109851688146591187e-03
2.160064876079559326e-03
2.119500190019607544e-03
2.064218744635581970e-03
2.115516457706689835e-03
2.070553833618760109e-03
2.116919262334704399e-03
2.160152886062860489e-03
2.109358320012688637e-03
2.144784433767199516e-03
2.089707180857658386e-03
2.099502831697463989e-03
2.088310196995735168e-03
2.079143654555082321e-03
2.023449633270502090e-03
2.088498789817094803e-03
2.053613308817148209e-03
2.128666033968329430e-03
2.077369485050439835e-03
2.086976310238242149e-03
2.036737510934472084e-03
2.062357030808925629e-03
1.990851946175098419e-03
2.019306411966681480e-03
2.012061886489391327e-03
1.998702296987175941e-03
2.053427277132868767e-03
1.988300355151295662e-03
2.026899717748165131e-03
1.967799616977572441e-03
2.055453369393944740e-03
2.078425139188766479e-03
1.978773623704910278e-03
2.002003602683544159e-03
2.002794528380036354e-03
1.927621313370764256e-03
1.990888500586152077e-03
1.985979033634066582e-03
1.990600256249308586e-03
1.992307137697935104e-03
1.967180985957384109e-03
1.964213792234659195e-03
2.013552701100707054e-03
1.975593157112598419e-03
1.958789071068167686e-03
1.978927524760365486e-03
1.936181331984698772e-03
1.940131653100252151e-03
1.913073705509305000e-03
1.961001195013523102e-03
1.933080959133803844e-03
1.878654584288597107e-03
1.939262379892170429e-03
1.855969312600791454e-03
1.889173989184200764e-03
1.977646257728338242e-03
1.909998711198568344e-03
1.905914512462913990e-03
1.938295667059719563e-03
1.938983565196394920e-03
1.949783181771636009e-03
1.942650531418621540e-03
1.915616681799292564e-03
1.900961040519177914e-03
1.934399013407528400e-03
1.867408398538827896e-03
1.931615639477968216e-03
1.812865841202437878e-03
1.858742209151387215e-03
1.856119954027235508e-03
1.831118715927004814e-03
1.882684882730245590e-03
1.863385085016489029e-03
1.850845641456544399e-03
1.920051407068967819e-03
1.850656466558575630e-03
1.866660080850124359e-03
1.880260184407234192e-03
1.843473408371210098e-03
1.838061842136085033e-03
1.902585499919950962e-03
1.878082752227783203e-03
1.795150106772780418e-03
1.924338634125888348e-03
1.789571018889546394e-03
1.882293843664228916e-03
1.844208687543869019e-03
1.791180111467838287e-03
1.825314364396035671e-03
1.938240253366529942e-03
1.776188961230218410e-03
1.831347821280360222e-03
1.834781491197645664e-03
1.786447945050895214e-03
1.811141846701502800e-03
1.809176290407776833e-03
1.781620667316019535e-03
1.819867291487753391e-03
1.872301101684570312e-03
1.789725734852254391e-03
1.846968545578420162e-03
1.790940295904874802e-03
1.788526424206793308e-03
1.817974844016134739e-03
1.779645564965903759e-03
1.824463950470089912e-03
1.785756903700530529e-03
1.776251592673361301e-03
1.790884067304432392e-03
1.819102093577384949e-03
1.766872359439730644e-03
1.745439949445426464e-03
1.775535056367516518e-03
1.789271715097129345e-03
1.806564629077911377e-03
1.762697705999016762e-03
1.770626171492040157e-03
1.757903839461505413e-03
1.775233540683984756e-03
1.762194326147437096e-03
1.770837581716477871e-03
1.702479319646954536e-03
1.772601739503443241e-03
1.795853953808546066e-03
1.773202558979392052e-03
1.763962791301310062e-03
1.726998947560787201e-03
1.695763901807367802e-03
1.707185292616486549e-03
1.745010376907885075e-03
1.724601606838405132e-03
1.757050631567835808e-03
1.761714345775544643e-03
1.733939512632787228e-03
1.678077736869454384e-03
1.715275575406849384e-03
1.685525872744619846e-03
1.717129722237586975e-03
1.785467495210468769e-03
1.742606284096837044e-03
1.724787522107362747e-03
1.689914730377495289e-03
1.709248055703938007e-03
1.707964693196117878e-03
1.748111215420067310e-03
1.698143663816154003e-03
1.673333812505006790e-03
1.688501564785838127e-03
1.694999868050217628e-03
1.708382624201476574e-03
1.680518034845590591e-03
1.696345163509249687e-03
1.775205950252711773e-03
1.681145047768950462e-03
1.675257342867553234e-03
1.684165792539715767e-03
1.665696501731872559e-03
1.719797262921929359e-03
1.724512898363173008e-03
1.649360056035220623e-03
1.683259964920580387e-03
1.647962257266044617e-03
1.759089995175600052e-03
1.678469358012080193e-03
1.732866396196186543e-03
1.690612523816525936e-03
1.661999733187258244e-03
1.731384894810616970e-03
1.679353765211999416e-03
1.646561780944466591e-03
1.719609950669109821e-03
1.604249351657927036e-03
1.671579550020396709e-03
1.697881263680756092e-03
1.642832066863775253e-03
1.763915643095970154e-03
1.651783008128404617e-03
1.662228372879326344e-03
1.652642269618809223e-03
1.675979350693523884e-03
1.625774195417761803e-03
1.659372937865555286e-03
1.674538478255271912e-03
1.635975670069456100e-03
1.704455004073679447e-03
1.645150710828602314e-03
1.731655793264508247e-03
1.670366968028247356e-03
1.681174617260694504e-03
1.634464249946177006e-03
1.618307316675782204e-03
1.676383195444941521e-03
1.617551199160516262e-03
1.640929724089801311e-03
1.586636179126799107e-03
1.682021305896341801e-03
1.580890500918030739e-03
1.639487920328974724e-03
1.620359253138303757e-03
1.606567064300179482e-03
1.632014755159616470e-03
1.609598635695874691e-03
1.639928552322089672e-03
1.572657725773751736e-03
1.642159884795546532e-03
1.672266516834497452e-03
1.604542136192321777e-03
1.582086668349802494e-03
1.599614159204065800e-03
1.550156390294432640e-03
1.605745521374046803e-03
1.618068665266036987e-03
1.619840040802955627e-03
1.595013425685465336e-03
1.612157793715596199e-03
1.655714935623109341e-03
1.585269114002585411e-03
1.617247704416513443e-03
1.575796166434884071e-03
1.566415186971426010e-03
1.639184658415615559e-03
1.592961954884231091e-03
1.653943909332156181e-03
1.634082524105906487e-03
1.593641238287091255e-03
1.568678417243063450e-03
1.555300666950643063e-03
1.602818840183317661e-03
1.555858412757515907e-03
1.525586820207536221e-03
1.595384557731449604e-03
1.599870738573372364e-03
1.517801778391003609e-03
1.626851735636591911e-03
1.532242400571703911e-03
1.570981694385409355e-03
1.642693881876766682e-03
1.595251727849245071e-03
1.639666850678622723e-03
1.580595620907843113e-03
1.535296323709189892e-03
1.505900756455957890e-03
1.584321144036948681e-03
1.581207150593400002e-03
1.594400382600724697e-03
1.552781788632273674e-03
1.498407800681889057e-03
1.573492656461894512e-03
1.544146682135760784e-03
1.583948149345815182e-03
1.595838577486574650e-03
1.535583287477493286e-03
1.595571637153625488e-03
1.536423573270440102e-03
1.552262809127569199e-03
1.554318121634423733e-03
1.493069343268871307e-03
1.671971054747700691e-03
1.553029404021799564e-03
1.592929358594119549e-03
1.566572231240570545e-03
1.507791690528392792e-03
1.581133692525327206e-03
1.501670689322054386e-03
1.491072122007608414e-03
1.581629156135022640e-03
1.512614777311682701e-03
1.528236549347639084e-03
1.568334526382386684e-03
1.618490554392337799e-03
1.516204793006181717e-03
1.517763012088835239e-03
1.601445255801081657e-03
1.536711235530674458e-03
1.492815325036644936e-03
1.535945222713053226e-03
1.546238549053668976e-03
1.541704055853188038e-03
1.556118950247764587e-03
1.489727525040507317e-03
1.536107040010392666e-03
1.538951764814555645e-03
1.472405623644590378e-03
1.564203412272036076e-03
1.544251921586692333e-03
1.571134082041680813e-03
1.589141087606549263e-03
1.504066749475896358e-03
1.629204140044748783e-03
1.541837234981358051e-03
1.523523475043475628e-03
1.483279513195157051e-03
1.496341545134782791e-03
1.557932700961828232e-03
1.515121315605938435e-03
1.496584154665470123e-03
1.591029926203191280e-03
1.514279982075095177e-03
1.536719035357236862e-03
1.518682693131268024e-03
1.471932861022651196e-03
1.531912363134324551e-03
1.519502606242895126e-03
1.512829330749809742e-03
1.502284081652760506e-03
1.525535131804645061e-03
1.498147496022284031e-03
1.482967403717339039e-03
1.494089490734040737e-03
1.576467650011181831e-03
1.481302781030535698e-03
1.502335537225008011e-03
1.547119347378611565e-03
1.480476581491529942e-03
1.491164672188460827e-03
1.543417572975158691e-03
1.506592263467609882e-03
1.510481815785169601e-03
1.498570083640515804e-03
1.499271835200488567e-03
1.535453833639621735e-03
1.493014628067612648e-03
1.531430985778570175e-03
1.512332470156252384e-03
1.482983119785785675e-03
1.503811683505773544e-03
1.469424460083246231e-03
1.528017804957926273e-03
1.521758269518613815e-03
1.459127757698297501e-03
1.457038219086825848e-03
1.493062009103596210e-03
1.454550772905349731e-03
1.462833257392048836e-03
1.480068545788526535e-03
1.552668516524136066e-03
1.493106479756534100e-03
1.408379408530890942e-03
1.465186243876814842e-03
1.505899592302739620e-03
1.463137450627982616e-03
1.461395411752164364e-03
1.478204852901399136e-03
1.506141503341495991e-03
1.507437555119395256e-03
1.511130947619676590e-03
1.469805138185620308e-03
1.514196395874023438e-03
1.468209316954016685e-03
1.446810667403042316e-03
1.482134219259023666e-03
1.478502759709954262e-03
1.487112953327596188e-03
1.452842378057539463e-03
1.452459488064050674e-03
1.482503139413893223e-03
1.520476303994655609e-03
1.488549285568296909e-03
1.526852021925151348e-03
1.476008677855134010e-03
1.481903018429875374e-03
1.454098382964730263e-03
1.460791449062526226e-03
1.455085235647857189e-03
1.428743475116789341e-03
1.474423683248460293e-03
1.533305854536592960e-03
1.452067052014172077e-03
1.492927200160920620e-03
1.449603121727705002e-03
1.489957445301115513e-03
1.454793615266680717e-03
1.475928816944360733e-03
1.429809723049402237e-03
1.443376648239791393e-03
1.453915960155427456e-03
1.480221748352050781e-03
1.465960289351642132e-03
1.501272199675440788e-03
1.462480868212878704e-03
1.458263606764376163e-03
1.432305318303406239e-03
1.394986524246633053e-03
1.470211544074118137e-03
1.476460252888500690e-03
1.439690240658819675e-03
1.447928952984511852e-03
1.439245650544762611e-03
1.489440095610916615e-03
1.431146985851228237e-03
1.468559144996106625e-03
1.458605751395225525e-03
1.430263975635170937e-03
1.435957616195082664e-03
1.477858168072998524e-03
1.433688914403319359e-03
1.460667583160102367e-03
1.423809560947120190e-03
1.448948867619037628e-03
1.409786869771778584e-03
1.423045760020613670e-03
1.470421208068728447e-03
1.387723255902528763e-03
1.427263254299759865e-03
1.411363482475280762e-03
1.447070273570716381e-03
1.452296273782849312e-03
1.437655300833284855e-03
1.453728531487286091e-03
1.406670198775827885e-03
1.422100584022700787e-03
1.456092461012303829e-03
1.437514438293874264e-03
1.477100653573870659e-03
1.430040691047906876e-03
1.422732719220221043e-03
1.432350138202309608e-03
1.419715932570397854e-03
1.428443123586475849e-03
1.439160085283219814e-03
1.368278288282454014e-03
1.459753490053117275e-03
1.431892975233495235e-03
1.406466821208596230e-03
1.400159788317978382e-03
1.417731167748570442e-03
1.430567703209817410e-03
1.401288784109055996e-03
1.430370495654642582e-03
1.443588756956160069e-03
1.430779462680220604e-03
1.447685877792537212e-03
1.381681300699710846e-03
1.375339692458510399e-03
1.424657297320663929e-03
1.417668303474783897e-03
1.433536875993013382e-03
1.374040963128209114e-03
1.410436118021607399e-03
1.397826825268566608e-03
1.400365377776324749e-03
1.381349517032504082e-03
1.445975154638290405e-03
1.455246587283909321e-03
1.424165442585945129e-03
1.409103046171367168e-03
1.415597624145448208e-03
1.397814252413809299e-03
1.438108272850513458e-03
1.427158247679471970e-03
1.382503542117774487e-03
1.472388743422925472e-03
1.396068371832370758e-03
1.406827825121581554e-03
1.425338443368673325e-03
1.384103903546929359e-03
1.386135467328131199e-03
1.411284320056438446e-03
1.388600794598460197e-03
1.413543242961168289e-03
1.407271833159029484e-03
1.423764973878860474e-03
1.381559530273079872e-03
1.389985205605626106e-03
1.386591116897761822e-03
1.402075635269284248e-03
1.401879824697971344e-03
1.356648164801299572e-03
1.355328597128391266e-03
1.397370127961039543e-03
1.402495661750435829e-03
1.390967168845236301e-03
1.405173097737133503e-03
1.451574033126235008e-03
1.365107367746531963e-03
1.399805187247693539e-03
1.381700625643134117e-03
1.329840510152280331e-03
1.389020006172358990e-03
1.423718407750129700e-03
1.410270808264613152e-03
1.394112478010356426e-03
1.345811993815004826e-03
1.390784862451255322e-03
1.396264415234327316e-03
1.434205216355621815e-03
1.348213874734938145e-03
1.431318232789635658e-03
1.372215803712606430e-03
1.392007223330438137e-03
1.418546657077968121e-03
1.353175030089914799e-03
1.406549126841127872e-03
1.354771782644093037e-03
1.390081364661455154e-03
1.377627253532409668e-03
1.365478849038481712e-03
1.343134092167019844e-03
1.368324621580541134e-03
1.370840240269899368e-03
1.349193276837468147e-03
1.346823875792324543e-03
1.394750084728002548e-03
1.382516114972531796e-03
1.394118182361125946e-03
1.374060171656310558e-03
1.370318466797471046e-03
1.343753770925104618e-03
1.384479226544499397e-03
1.375160529278218746e-03
1.377923763357102871e-03
1.318908063694834709e-03
1.351190032437443733e-03
1.406013034284114838e-03
1.355879008769989014e-03
1.403803005814552307e-03
1.359863439574837685e-03
1.376965316012501717e-03
1.381113892421126366e-03
1.379193156026303768e-03
1.378452638164162636e-03
1.312131178565323353e-03
1.358646899461746216e-03
1.359838643111288548e-03
1.364418305456638336e-03
1.428748131729662418e-03
1.353921135887503624e-03
1.418009167537093163e-03
1.327755744569003582e-03
1.376411644741892815e-03
1.349227270111441612e-03
1.310270861722528934e-03
1.404399052262306213e-03
1.377810142002999783e-03
1.356067485176026821e-03
1.361187663860619068e-03
1.380249042995274067e-03
1.328456914052367210e-03
1.385582494549453259e-03
1.339589245617389679e-03
1.386524061672389507e-03
1.344863907434046268e-03
1.331392792053520679e-03
1.414227066561579704e-03
1.377778826281428337e-03
1.358608365990221500e-03
1.386236050166189671e-03
1.385450945235788822e-03
1.347802346572279930e-03
1.361443661153316498e-03
1.386277377605438232e-03
1.402389025315642357e-03
1.387130469083786011e-03
1.332986634224653244e-03
1.342973089776933193e-03
1.342469244264066219e-03
1.369487959891557693e-03
1.346804783679544926e-03
1.362061826512217522e-03
1.329342718236148357e-03
1.329922350123524666e-03
1.357818138785660267e-03
1.318903872743248940e-03
1.352093066088855267e-03
1.350360689684748650e-03
1.346145640127360821e-03
1.384454197250306606e-03
1.310187624767422676e-03
1.317666959948837757e-03
1.349275233224034309e-03
1.373831881210207939e-03
1.361358328722417355e-03
1.341840950772166252e-03
1.298751099966466427e-03
1.373168895952403545e-03
1.342894393019378185e-03
1.326020457781851292e-03
1.358320703729987144e-03
1.316485926508903503e-03
1.351212966255843639e-03
1.330393133684992790e-03
1.363099436275660992e-03
1.368014956824481487e-03
1.342933159321546555e-03
1.319626462645828724e-03
1.284533645957708359e-03
1.343792304396629333e-03
1.377722597680985928e-03
1.317613408900797367e-03
1.347544370219111443e-03
1.327149337157607079e-03
1.397763262502849102e-03
1.324745826423168182e-03
1.364076510071754456e-03
1.345817930996417999e-03
1.309966319240629673e-03
1.329263206571340561e-03
1.336520654149353504e-03
1.310312538407742977e-03
1.347914803773164749e-03
1.345093362033367157e-03
1.309848506934940815e-03
1.345847151242196560e-03
1.371865277178585529e-03
1.391176367178559303e-03
1.357667264528572559e-03
1.307431608438491821e-03
1.335596083663403988e-03
1.325890421867370605e-03
1.296264585107564926e-03
1.309154788032174110e-03
1.295100781135261059e-03
1.323116477578878403e-03
1.396751613356173038e-03
1.338902977295219898e-03
1.385909388773143291e-03
1.306578167714178562e-03
1.305309706367552280e-03
1.322488300502300262e-03
1.361536327749490738e-03
1.319674891419708729e-03
1.324693323113024235e-03
1.337210298515856266e-03
1.341805560514330864e-03
1.298563671298325062e-03
1.338491099886596203e-03
1.318098977208137512e-03
1.289272331632673740e-03
1.356074004434049129e-03
1.288722152821719646e-03
1.300764735788106918e-03
1.317349378950893879e-03
1.283435616642236710e-03
1.329147838987410069e-03
1.383467810228466988e-03
1.333561725914478302e-03
1.317699439823627472e-03
1.300682662986218929e-03
1.272769295610487461e-03
1.363775925710797310e-03
1.313313725404441357e-03
1.293532899580895901e-03
1.334449159912765026e-03
1.290448475629091263e-03
1.328827114775776863e-03
1.279814750887453556e-03
1.330036553554236889e-03
1.338790054433047771e-03
1.302223885431885719e-03
1.305666752159595490e-03
1.254426897503435612e-03
1.307156286202371120e-03
1.348128193058073521e-03
1.262233243323862553e-03
1.287698163650929928e-03
1.288727973587810993e-03
1.302278484217822552e-03
1.296572969295084476e-03
1.304814126342535019e-03
1.305035315454006195e-03
1.299555995501577854e-03
1.247275620698928833e-03
1.325885183177888393e-03
1.302701653912663460e-03
1.305229961872100830e-03
1.315181027166545391e-03
1.364981289952993393e-03
1.261803670786321163e-03
1.331325969658792019e-03
1.376022468321025372e-03
1.297007431276142597e-03
1.290911692194640636e-03
1.330994185991585255e-03
1.281889970414340496e-03
1.319764065556228161e-03
1.363766845315694809e-03
1.286223996430635452e-03
1.308524282649159431e-03
1.336496556177735329e-03
1.318077440373599529e-03
1.317847752943634987e-03
1.255608163774013519e-03
1.313781132921576500e-03
1.387699274346232414e-03
1.334155211225152016e-03
1.279911957681179047e-03
1.274871639907360077e-03
1.372207538224756718e-03
1.297362032346427441e-03
1.284413854591548443e-03
1.299271127209067345e-03
1.306209480389952660e-03
1.294299727305769920e-03
1.352566760033369064e-03
1.291696331463754177e-03
1.304401434026658535e-03
1.264502527192234993e-03
1.326195313595235348e-03
1.317389192990958691e-03
1.372459460981190205e-03
1.278720097616314888e-03
1.253049820661544800e-03
1.354320324026048183e-03
1.307314261794090271e-03
1.321564544923603535e-03
1.300053088925778866e-03
1.278525334782898426e-03
1.286087557673454285e-03
1.271351706236600876e-03
1.248980755917727947e-03
1.253692200407385826e-03
1.319359638728201389e-03
1.313211047090590000e-03
1.334594213403761387e-03
1.306415186263620853e-03
1.311446656472980976e-03
1.299225841648876667e-03
1.382349175401031971e-03
1.302158576436340809e-03
1.317219459451735020e-03
1.266034319996833801e-03
1.325776334851980209e-03
1.276531023904681206e-03
1.306950696744024754e-03
1.290979678742587566e-03
1.278904383070766926e-03
1.262333942577242851e-03
1.264562830328941345e-03
1.261873287148773670e-03
1.313421176746487617e-03
1.300584408454596996e-03
1.280925702303647995e-03
1.280502998270094395e-03
1.401898101903498173e-03
1.325117773376405239e-03
1.327094039879739285e-03
1.295112189836800098e-03
1.272255089133977890e-03
1.367539050988852978e-03
1.279950491152703762e-03
1.280135824345052242e-03
1.295631285756826401e-03
1.265343045815825462e-03
1.277983305044472218e-03
1.307996455579996109e-03
1.312666572630405426e-03
1.297332579270005226e-03
1.239224220626056194e-03
1.299358322285115719e-03
1.224422012455761433e-03
1.261800178326666355e-03
1.327575184404850006e-03
1.334148109890520573e-03
1.244879909791052341e-03
1.316001638770103455e-03
1.284547033719718456e-03
1.270161126740276814e-03
1.274751615710556507e-03
1.301671727560460567e-03
1.259822049178183079e-03
1.310165273025631905e-03
1.308902632445096970e-03
1.301025971770286560e-03
1.296810572966933250e-03
1.301866257563233376e-03
1.218298217281699181e-03
1.290524262003600597e-03
1.316753681749105453e-03
1.303208409808576107e-03
1.290379324927926064e-03
1.360764144919812679e-03
1.258458592928946018e-03
1.294268178753554821e-03
1.315542613156139851e-03
1.277171191759407520e-03
1.263450481928884983e-03
1.324842334724962711e-03
1.244897721335291862e-03
1.265684026293456554e-03
1.298525603488087654e-03
1.293850829824805260e-03
1.255321200005710125e-03
1.335289212875068188e-03
1.261443365365266800e-03
1.241749501787126064e-03
1.264515216462314129e-03
1.264161779545247555e-03
1.295180758461356163e-03
1.296399626880884171e-03
1.257774070836603642e-03
1.306731952354311943e-03
1.281357137486338615e-03
1.342436647973954678e-03
1.262549543753266335e-03
1.258582109585404396e-03
1.297252601943910122e-03
1.314760884270071983e-03
1.256181159988045692e-03
1.286429353058338165e-03
1.253062044270336628e-03
1.265647937543690205e-03
1.303599216043949127e-03
1.334881177172064781e-03
1.287295366637408733e-03
1.267980900593101978e-03
1.268877531401813030e-03
1.305304467678070068e-03
1.307329745031893253e-03
1.226167310960590839e-03
1.226445310749113560e-03
1.259904820472002029e-03
1.268264022655785084e-03
1.283175079151988029e-03
1.277945470064878464e-03
1.255372771993279457e-03
1.285028527490794659e-03
1.318944850936532021e-03
1.244434388354420662e-03
1.227140426635742188e-03
1.261379453353583813e-03
1.293481094762682915e-03
1.264561200514435768e-03
1.255330862477421761e-03
1.257559284567832947e-03
1.279666437767446041e-03
1.264297403395175934e-03
1.260465360246598721e-03
1.259197248145937920e-03
1.255243434570729733e-03
1.298102550208568573e-03
1.292939996346831322e-03
1.242216909304261208e-03
1.228899229317903519e-03
1.305217621847987175e-03
1.231375499628484249e-03
1.287949387915432453e-03
1.283873920328915119e-03
1.251862035132944584e-03
1.242247526533901691e-03
1.247394015081226826e-03
1.258487580344080925e-03
1.336270011961460114e-03
1.265728846192359924e-03
1.255951588973402977e-03
1.273253001272678375e-03
1.235548523254692554e-03
1.276626018807291985e-03
1.235140603967010975e-03
1.362718525342643261e-03
1.251949346624314785e-03
1.332774758338928223e-03
1.257296884432435036e-03
1.274236128665506840e-03
1.304604928009212017e-03
1.277888310141861439e-03
1.294964225962758064e-03
1.297957729548215866e-03
1.290180021896958351e-03
1.282809302210807800e-03
1.228115521371364594e-03
1.240803394466638565e-03
1.233821501955389977e-03
1.310858293436467648e-03
1.250963076017796993e-03
1.284855650737881660e-03
1.264395657926797867e-03
1.251317909918725491e-03
1.298704184591770172e-03
1.289153704419732094e-03
1.244738814420998096e-03
1.282045966945588589e-03
1.244725659489631653e-03
1.293899025768041611e-03
1.280018128454685211e-03
1.259701908566057682e-03
1.215299707837402821e-03
1.229128101840615273e-03
1.248657121323049068e-03
1.187309622764587402e-03
1.223064260557293892e-03
1.230107620358467102e-03
1.289517735131084919e-03
1.227081869728863239e-03
1.269931206479668617e-03
1.236206153407692909e-03
1.249629771336913109e-03
1.251072855666279793e-03
1.219447585754096508e-03
1.267677987925708294e-03
1.222728868015110493e-03
1.268837600946426392e-03
1.218786928802728653e-03
1.285301172174513340e-03
1.209120382554829121e-03
1.272884663194417953e-03
1.231897505931556225e-03
1.239246805198490620e-03
1.273774541914463043e-03
1.231744769029319286e-03
1.273752888664603233e-03
1.280498458072543144e-03
1.259361975826323032e-03
1.195869641378521919e-03
1.279294723644852638e-03
1.314167515374720097e-03
1.247201231308281422e-03
1.227749278768897057e-03
1.214453834109008312e-03
1.275021815672516823e-03
1.272567082196474075e-03
1.241898513399064541e-03
1.219237223267555237e-03
1.248825923539698124e-03
1.234287978149950504e-03
1.197756617330014706e-03
1.255393261089920998e-03
1.240908633917570114e-03
1.242126803845167160e-03
1.234661554917693138e-03
1.226276275701820850e-03
1.186093199066817760e-03
1.258596777915954590e-03
1.250419998541474342e-03
1.214245450682938099e-03
1.288916449993848801e-03
1.247299369424581528e-03
1.235556090250611305e-03
1.232551876455545425e-03
1.185462460853159428e-03
1.235874020494520664e-03
1.270539592951536179e-03
1.214135205373167992e-03
1.257698982954025269e-03
1.259775483049452305e-03
1.232540002092719078e-03
1.258239732123911381e-03
1.181355211883783340e-03
1.253189053386449814e-03
1.185185858048498631e-03
1.248826622031629086e-03
1.180784427560865879e-03
1.217830227687954903e-03
1.251213368959724903e-03
1.204104628413915634e-03
1.267997431568801403e-03
1.323251985013484955e-03
1.176935853436589241e-03
1.209262176416814327e-03
1.243958831764757633e-03
1.241532620042562485e-03
1.233115443028509617e-03
1.160811400040984154e-03
1.213340437971055508e-03
1.229476998560130596e-03
1.240488491021096706e-03
1.218212069943547249e-03
1.224569859914481640e-03
1.242206781171262264e-03
1.307712518610060215e-03
1.198149402625858784e-03
1.174769946373999119e-03
1.228481880389153957e-03
1.261107856407761574e-03
1.198923564516007900e-03
1.299420837312936783e-03
1.190492184832692146e-03
1.187981339171528816e-03
1.237540505826473236e-03
1.233346876688301563e-03
1.260258373804390430e-03
1.274024834856390953e-03
1.222420600242912769e-03
1.242522266693413258e-03
1.320738345384597778e-03
1.195328892208635807e-03
1.178731094114482403e-03
1.227489556185901165e-03
1.235235482454299927e-03
1.239328179508447647e-03
1.205781823955476284e-03
1.204143394716084003e-03
1.242043334059417248e-03
1.280964002944529057e-03
1.178013510070741177e-03
1.274632872082293034e-03
1.218555727973580360e-03
1.210682443343102932e-03
1.250740257091820240e-03
1.227370230481028557e-03
1.209255424328148365e-03
1.244262210093438625e-03
1.213734736666083336e-03
1.232188311405479908e-03
1.295321038924157619e-03
1.232977840118110180e-03
1.189473201520740986e-03
1.171096228063106537e-03
1.252383342944085598e-03
1.239029224961996078e-03
1.229380257427692413e-03
1.181789906695485115e-03
1.245193765498697758e-03
1.206749700941145420e-03
1.269395230337977409e-03
1.168730435892939568e-03
1.207283930853009224e-03
1.226269989274442196e-03
1.263120677322149277e-03
1.263023004867136478e-03
1.231812522746622562e-03
1.183333690278232098e-03
1.265334314666688442e-03
1.250303001143038273e-03
1.234487979672849178e-03
1.199853140860795975e-03
1.244889688678085804e-03
1.214549294672906399e-03
1.210715970955789089e-03
1.204360392875969410e-03
1.222768099978566170e-03
1.211852882988750935e-03
1.210003159940242767e-03
1.264676917344331741e-03
1.170725910924375057e-03
1.285515259951353073e-03
1.279767020605504513e-03
1.218558521941304207e-03
1.252026064321398735e-03
1.227756962180137634e-03
1.230398542247712612e-03
1.231851754710078239e-03
1.233260962180793285e-03
1.219316269271075726e-03
1.169156515970826149e-03
1.203648047521710396e-03
1.198870246298611164e-03
1.222899998538196087e-03
1.221768441610038280e-03
1.213321811519563198e-03
1.174461096525192261e-03
1.281540840864181519e-03
1.200368278659880161e-03
1.189936185255646706e-03
1.215771073475480080e-03
1.215457334183156490e-03
1.191989635117352009e-03
1.276350114494562149e-03
1.264683203771710396e-03
1.173701952211558819e-03
1.209602807648479939e-03
1.182955456897616386e-03
1.201751059852540493e-03
1.194830052554607391e-03
1.175085082650184631e-03
1.191788585856556892e-03
1.256356132216751575e-03
1.244650222361087799e-03
1.221746322698891163e-03
1.247028936631977558e-03
1.169286551885306835e-03
1.205002889037132263e-03
1.171911368146538734e-03
1.232351409271359444e-03
1.186668523587286472e-03
1.242262427695095539e-03
1.248885528184473515e-03
1.242005848325788975e-03
1.227802946232259274e-03
1.268762629479169846e-03
1.230550580658018589e-03
1.204271102324128151e-03
1.150263706222176552e-03
1.188887050375342369e-03
1.223474740982055664e-03
1.206056098453700542e-03
1.193625270389020443e-03
1.222693012095987797e-03
1.211328082717955112e-03
1.198266632854938507e-03
1.169334165751934052e-03
1.242246129550039768e-03
1.234476454555988312e-03
1.220616395585238934e-03
1.211815862916409969e-03
1.220595091581344604e-03
1.207591965794563293e-03
1.169495633803308010e-03
1.204819069243967533e-03
1.216144999489188194e-03
1.183685730211436749e-03
1.189459580928087234e-03
1.203645253553986549e-03
1.189198461361229420e-03
1.225519925355911255e-03
1.223367988131940365e-03
1.206703134812414646e-03
1.254843198694288731e-03
1.219373312778770924e-03
1.190670649521052837e-03
1.188116380944848061e-03
1.202056766487658024e-03
1.206643762998282909e-03
1.185397501103579998e-03
1.231866772286593914e-03
1.189225702546536922e-03
1.154162455350160599e-03
1.216890872456133366e-03
1.224114210344851017e-03
1.235035131685435772e-03
1.154022989794611931e-03
1.232734182849526405e-03
1.207170775160193443e-03
1.161011983640491962e-03
1.171274459920823574e-03
1.173236989416182041e-03
1.229999004863202572e-03
1.137122279033064842e-03
1.233374699950218201e-03
1.228219829499721527e-03
1.198856742121279240e-03
1.243723672814667225e-03
1.184385153464972973e-03
1.186409499496221542e-03
1.193001633509993553e-03
1.180483377538621426e-03
1.168850692920386791e-03
1.203378546051681042e-03
1.156997168436646461e-03
1.239876495674252510e-03
1.184487366117537022e-03
1.197836711071431637e-03
1.190802664496004581e-03
1.233776216395199299e-03
1.158952130936086178e-03
1.190268783830106258e-03
1.188430585898458958e-03
1.208495348691940308e-03
1.185786211863160133e-03
1.215648604556918144e-03
1.147091970779001713e-03
1.203011255711317062e-03
1.141092274338006973e-03
1.215217751450836658e-03
1.214485615491867065e-03
1.159708597697317600e-03
1.198746962472796440e-03
1.184438006021082401e-03
1.197722624056041241e-03
1.227677566930651665e-03
1.168741029687225819e-03
1.193486968986690044e-03
1.246586209163069725e-03
1.176175544969737530e-03
1.213823212310671806e-03
1.185699831694364548e-03
1.252851914614439011e-03
1.179478596895933151e-03
1.251633162610232830e-03
1.141682150773704052e-03
1.190959941595792770e-03
1.172041171230375767e-03
1.173839089460670948e-03
1.201363978907465935e-03
1.199869439005851746e-03
1.164867659099400043e-03
1.151313423179090023e-03
1.214727410115301609e-03
1.176967751234769821e-03
1.141808228567242622e-03
1.168091665022075176e-03
1.238216762430965900e-03
1.173557480797171593e-03
1.131526194512844086e-03
1.207542838528752327e-03
1.228682929649949074e-03
1.196358818560838699e-03
1.210580463521182537e-03
1.187810092233121395e-03
1.170183997601270676e-03
1.210020738653838634e-03
1.169029390439391136e-03
1.214547897689044476e-03
1.209231908433139324e-03
1.210405724123120308e-03
1.219906378537416458e-03
1.194284646771848202e-03
1.219215802848339081e-03
1.154529047198593616e-03
1.156637328676879406e-03
1.162022002972662449e-03
1.193027361296117306e-03
1.200635102577507496e-03
1.207677181810140610e-03
1.176357152871787548e-03
1.202948275022208691e-03
1.187297515571117401e-03
1.218989607878029346e-03
1.191445044241845608e-03
1.171547221019864082e-03
1.185633940622210503e-03
1.165143214166164398e-03
1.169489580206573009e-03
1.204629777930676937e-03
1.189099973998963833e-03
1.191932358779013157e-03
1.172881689853966236e-03
1.149702584370970726e-03
1.213641022332012653e-03
1.209801761433482170e-03
1.187344663776457310e-03
1.236320124007761478e-03
1.164638670161366463e-03
1.187030109576880932e-03
1.172039774246513844e-03
1.166148227639496326e-03
1.230495516210794449e-03
1.171947107650339603e-03
1.184263033792376518e-03
1.222080434672534466e-03
1.166387461125850677e-03
1.187068177387118340e-03
1.159100094810128212e-03
1.160951447673141956e-03
1.132465549744665623e-03
1.165486406534910202e-03
1.205619075335562229e-03
1.160911982879042625e-03
1.149641117081046104e-03
1.186345471069216728e-03
1.160827465355396271e-03
1.238492433913052082e-03
1.241669058799743652e-03
1.178542501293122768e-03
1.226570107974112034e-03
1.216706703417003155e-03
1.153184915892779827e-03
1.161844120360910892e-03
1.172977965325117111e-03
1.232692273333668709e-03
1.136146951466798782e-03
1.211720751598477364e-03
1.223683939315378666e-03
1.200737431645393372e-03
1.178695820271968842e-03
1.162909320555627346e-03
1.203815569169819355e-03
1.208370667882263660e-03
1.224438543431460857e-03
1.194345648400485516e-03
1.227614120580255985e-03
1.156207988969981670e-03
1.172827673144638538e-03
1.208668341860175133e-03
1.172124175354838371e-03
1.151881413534283638e-03
1.179096521809697151e-03
1.219680416397750378e-03
1.168135670013725758e-03
1.161622465588152409e-03
1.223137718625366688e-03
1.178143429569900036e-03
1.180719351395964622e-03
1.164458808489143848e-03
1.148759853094816208e-03
1.178528997115790844e-03
1.175624085590243340e-03
1.182400737889111042e-03
1.172755029983818531e-03
1.204604981467127800e-03
1.247773063369095325e-03
1.172793097794055939e-03
1.124857342801988125e-03
1.179976039566099644e-03
1.182723091915249825e-03
1.138303079642355442e-03
1.139136846177279949e-03
1.134417485445737839e-03
1.185358734801411629e-03
1.157068647444248199e-03
1.149863586761057377e-03
1.187296467833220959e-03
1.251033158041536808e-03
1.163357286714017391e-03
1.162011642009019852e-03
1.191365765407681465e-03
1.160342246294021606e-03
1.209735753946006298e-03
1.171597046777606010e-03
1.179213402792811394e-03
1.145687885582447052e-03
1.151212840341031551e-03
1.251670881174504757e-03
1.178107107989490032e-03
1.166328322142362595e-03
1.211062073707580566e-03
1.147566945292055607e-03
1.207379158586263657e-03
1.184864435344934464e-03
1.195344724692404270e-03
1.167894806712865829e-03
1.165734953247010708e-03
1.154460478574037552e-03
1.163872657343745232e-03
1.152159878984093666e-03
1.225726678967475891e-03
1.122557790949940681e-03
1.152345794253051281e-03
1.200744416564702988e-03
1.197555335238575935e-03
1.172602758742868900e-03
1.149811549112200737e-03
1.187688671052455902e-03
1.172552467323839664e-03
1.204204163514077663e-03
1.136713777668774128e-03
1.149060204625129700e-03
1.200774218887090683e-03
1.227217493578791618e-03
1.168642775155603886e-03
1.149197923950850964e-03
1.209912472404539585e-03
1.200946047902107239e-03
1.187397283501923084e-03
1.153831603005528450e-03
1.209590467624366283e-03
1.168020302429795265e-03
1.176029560156166553e-03
1.191539340652525425e-03
1.158130238763988018e-03
1.185025204904377460e-03
1.139660365879535675e-03
1.191193819977343082e-03
1.173449796624481678e-03
1.195734250359237194e-03
1.216936972923576832e-03
1.190723385661840439e-03
1.136674196459352970e-03
1.162638072855770588e-03
1.168618211522698402e-03
1.210820046253502369e-03
1.213104929774999619e-03
1.193376490846276283e-03
1.160111161880195141e-03
1.137148356065154076e-03
1.175982528366148472e-03
1.204557600431144238e-03
1.173571916297078133e-03
1.169195515103638172e-03
1.176394755020737648e-03
1.169664552435278893e-03
1.180354389362037182e-03
1.131525496020913124e-03
1.132023287937045097e-03
1.202022074721753597e-03
1.128954812884330750e-03
1.206667860969901085e-03
1.182399224489927292e-03
1.181167317554354668e-03
1.141249900683760643e-03
1.187593792565166950e-03
1.178973587229847908e-03
1.207957509905099869e-03
1.155321835540235043e-03
1.126611256040632725e-03
1.178459147922694683e-03
1.205091830343008041e-03
1.172748510725796223e-03
1.148500363342463970e-03
1.111357007175683975e-03
1.192534808069467545e-03
1.172981923446059227e-03
1.188683323562145233e-03
1.186613575555384159e-03
1.179474289529025555e-03
1.165916328318417072e-03
1.127486233599483967e-03
1.210659509524703026e-03
1.117971609346568584e-03
1.167739508673548698e-03
1.148393959738314152e-03
1.229667221195995808e-03
1.222143648192286491e-03
1.171655603684484959e-03
1.180965453386306763e-03
1.179348793812096119e-03
1.166031463071703911e-03
1.201433129608631134e-03
1.202934188768267632e-03
1.183892134577035904e-03
1.140471198596060276e-03
1.182860578410327435e-03
1.139505882747471333e-03
1.168025424703955650e-03
1.123592723160982132e-03
1.184405176900327206e-03
1.151417614892125130e-03
1.135703525505959988e-03
1.157779479399323463e-03
1.167683745734393597e-03
1.181631698273122311e-03
1.186799607239663601e-03
1.182065461762249470e-03
1.175309065729379654e-03
1.164478948339819908e-03
1.140012638643383980e-03
1.177979167550802231e-03
1.180893043056130409e-03
1.192267867736518383e-03
1.178929000161588192e-03
1.172883086837828159e-03
1.152565353550016880e-03
1.166618196293711662e-03
1.187914400361478329e-03
1.169824623502790928e-03
1.211651018820703030e-03
1.140599255450069904e-03
1.153086312115192413e-03
1.190088689327239990e-03
1.193629461340606213e-03
1.167098642326891422e-03
1.181922387331724167e-03
1.162307686172425747e-03
1.156019279733300209e-03
1.163205830380320549e-03
1.196055090986192226e-03
1.147928996942937374e-03
1.152026234194636345e-03
1.228452310897409916e-03
1.150980591773986816e-03
1.111969701014459133e-03
1.181879546493291855e-03
1.148737152107059956e-03
1.174492179416120052e-03
1.121265930123627186e-03
1.168347895145416260e-03
1.140269916504621506e-03
1.140845823101699352e-03
1.159687992185354233e-03
1.172088668681681156e-03
1.197951263748109341e-03
1.241384190507233143e-03
1.185731729492545128e-03
1.151300268247723579e-03
1.142419525422155857e-03
1.130960881710052490e-03
1.197328674606978893e-03
1.189832459203898907e-03
1.135982805863022804e-03
1.202858402393758297e-03
1.158524421043694019e-03
1.156716141849756241e-03
1.149035175330936909e-03
1.154787605628371239e-03
1.195572200231254101e-03
1.174622098915278912e-03
1.176219317130744457e-03
1.222253078594803810e-03
1.130201620981097221e-03
1.164928078651428223e-03
1.128715230152010918e-03
1.163165201433002949e-03
1.203807536512613297e-03
1.131298718973994255e-03
1.134226215071976185e-03
1.188023365102708340e-03
1.139613799750804901e-03
1.184624619781970978e-03
1.132865785621106625e-03
1.131956232711672783e-03
1.173251075670123100e-03
1.089561497792601585e-03
1.150338677689433098e-03
1.113409409299492836e-03
1.226648921146988869e-03
1.215689931996166706e-03
1.168762100860476494e-03
1.137947314418852329e-03
1.187513349577784538e-03
1.125636976212263107e-03
1.149527612142264843e-03
1.228134497068822384e-03
1.193085568957030773e-03
1.195256831124424934e-03
1.142030698247253895e-03
1.130835968069732189e-03
1.199239748530089855e-03
1.217665150761604309e-03
1.137266866862773895e-03
1.178125035949051380e-03
1.129088690504431725e-03
1.251615234650671482e-03
1.111344201490283012e-03
1.213093521073460579e-03
1.144669484347105026e-03
1.146863098256289959e-03
1.145420712418854237e-03
1.133905490860342979e-03
1.095610787160694599e-03
1.197864068672060966e-03
1.130982534959912300e-03
1.219738856889307499e-03
1.116591971367597580e-03
1.163574168458580971e-03
1.165981171652674675e-03
1.149557996541261673e-03
1.185436733067035675e-03
1.118186512030661106e-03
1.181687810458242893e-03
1.155419042333960533e-03
1.156172016635537148e-03
1.191469607874751091e-03
1.175306271761655807e-03
1.119705149903893471e-03
1.192675554193556309e-03
1.136746606789529324e-03
1.144399284385144711e-03
1.144724199548363686e-03
1.170144998468458652e-03
1.147363567724823952e-03
1.106603653170168400e-03
1.156986574642360210e-03
1.175126992166042328e-03
1.164588029496371746e-03
1.142026041634380817e-03
1.151903765276074409e-03
1.117054256610572338e-03
1.170962117612361908e-03
1.164079876616597176e-03
1.096180640161037445e-03
1.207055873237550259e-03
1.142291934229433537e-03
1.137080253101885319e-03
1.201506471261382103e-03
1.187335932627320290e-03
1.122832647524774075e-03
1.120815868489444256e-03
1.190612441860139370e-03
1.150658470578491688e-03
1.147083938121795654e-03
1.135188736952841282e-03
1.142303459346294403e-03
1.212229952216148376e-03
1.158364932052791119e-03
1.110025215893983841e-03
1.114365411922335625e-03
1.152234850451350212e-03
1.149977208115160465e-03
1.157266087830066681e-03
1.152415061369538307e-03
1.155756530351936817e-03
1.146086491644382477e-03
1.143583329394459724e-03
1.209843088872730732e-03
1.176550984382629395e-03
1.142394728958606720e-03
1.137530198320746422e-03
1.159560983069241047e-03
1.179985469207167625e-03
1.130720949731767178e-03
1.159139443188905716e-03
1.182368374429643154e-03
1.142346882261335850e-03
1.129705691710114479e-03
1.089560799300670624e-03
1.148642040789127350e-03
1.127541181631386280e-03
1.143271219916641712e-03
1.177462632767856121e-03
1.147733186371624470e-03
1.113196485675871372e-03
1.207667752169072628e-03
1.219732686877250671e-03
1.139254774898290634e-03
1.176993129774928093e-03
1.174312783405184746e-03
1.139449886977672577e-03
1.173573778942227364e-03
1.137315062806010246e-03
1.102633657865226269e-03
1.105802715755999088e-03
1.242506201379001141e-03
1.114620477892458439e-03
1.145204994827508926e-03
1.172662829048931599e-03
1.115541555918753147e-03
1.144645968452095985e-03
1.153723802417516708e-03
1.144382753409445286e-03
1.159006962552666664e-03
1.153966994024813175e-03
1.142786466516554356e-03
1.165733672678470612e-03
1.163385342806577682e-03
1.149266026914119720e-03
1.140182837843894958e-03
1.142056891694664955e-03
1.190859591588377953e-03
1.095095532946288586e-03
1.180893625132739544e-03
1.186499721370637417e-03
1.194262178614735603e-03
1.169362687505781651e-03
1.142489723861217499e-03
1.109024393372237682e-03
1.166487578302621841e-03
1.148259849287569523e-03
1.141818589530885220e-03
1.174386357888579369e-03
1.204144791699945927e-03
1.134084654040634632e-03
1.115976367145776749e-03
1.124513917602598667e-03
1.200185157358646393e-03
1.162538188509643078e-03
1.122245565056800842e-03
1.168536837212741375e-03
1.119925058446824551e-03
1.164657762274146080e-03
1.109677017666399479e-03
1.137122744694352150e-03
1.144423382356762886e-03
1.163133652880787849e-03
1.154271769337356091e-03
1.127883559092879295e-03
1.182578154839575291e-03
1.200390746816992760e-03
1.157438964582979679e-03
1.157250837422907352e-03
1.127643045037984848e-03
1.126591465435922146e-03
1.145914429798722267e-03
1.162351225502789021e-03
1.150894095189869404e-03
1.108374912291765213e-03
1.112809521146118641e-03
1.201223814859986305e-03
1.148677431046962738e-03
1.147620263509452343e-03
1.169272698462009430e-03
1.150613999925553799e-03
1.096665859222412109e-03
1.139952917583286762e-03
1.157204620540142059e-03
1.124722533859312534e-03
1.166896196082234383e-03
1.126437913626432419e-03
1.100468914955854416e-03
1.143473316915333271e-03
1.150425872765481472e-03
1.179831451736390591e-03
1.070588477887213230e-03
1.173970405943691730e-03
1.148604438640177250e-03
1.126669580116868019e-03
1.172061660327017307e-03
1.108142081648111343e-03
1.109167002141475677e-03
1.178181613795459270e-03
1.091554062440991402e-03
1.107554999180138111e-03
1.136503997258841991e-03
1.144516980275511742e-03
1.197800389491021633e-03
1.152701443061232567e-03
1.124891801737248898e-03
1.186747569590806961e-03
1.117450650781393051e-03
1.147622708231210709e-03
1.109463744796812534e-03
1.157867140136659145e-03
1.161483000032603741e-03
1.135793630965054035e-03
1.152714365161955357e-03
1.173548400402069092e-03
1.119145657867193222e-03
1.162801054306328297e-03
1.126108225435018539e-03
1.133642042987048626e-03
1.139990868978202343e-03
1.172193093225359917e-03
1.144881825894117355e-03
1.120936125516891479e-03
1.156222540885210037e-03
1.196716213598847389e-03
1.174881937913596630e-03
1.132612465880811214e-03
1.120491768233478069e-03
1.111443969421088696e-03
1.138976658694446087e-03
1.188802649267017841e-03
1.151114585809409618e-03
1.163148786872625351e-03
1.073058811016380787e-03
1.157657825388014317e-03
1.115843304432928562e-03
1.129927462898194790e-03
1.089011318981647491e-03
1.159851439297199249e-03
1.166690955869853497e-03
1.160991960205137730e-03
1.146134687587618828e-03
1.119596068747341633e-03
1.168197602964937687e-03
1.125421957112848759e-03
1.084444927982985973e-03
1.155590987764298916e-03
1.138854888267815113e-03
1.117519801482558250e-03
1.157312188297510147e-03
1.121354987844824791e-03
1.166956615634262562e-03
1.110903220251202583e-03
1.098219421692192554e-03
1.169988652691245079e-03
1.118674641475081444e-03
1.137044047936797142e-03
1.144772628322243690e-03
1.168004469946026802e-03
1.118324580602347851e-03
1.160679385066032410e-03
1.158351660706102848e-03
1.162904663942754269e-03
1.079199835658073425e-03
1.072788727469742298e-03
1.164028537459671497e-03
1.171468873508274555e-03
1.200585160404443741e-03
1.084733521565794945e-03
1.170538482256233692e-03
1.092227990739047527e-03
1.067993463948369026e-03
1.160003826953470707e-03
1.150323310866951942e-03
1.110969344154000282e-03
1.107075018808245659e-03
1.150679076090455055e-03
1.155333127826452255e-03
1.100333174690604210e-03
1.125212758779525757e-03
1.152729964815080166e-03
1.148304669186472893e-03
1.105612493120133877e-03
1.151292119175195694e-03
1.119580352678894997e-03
1.129634329117834568e-03
1.161761698313057423e-03
1.070285798050463200e-03
1.125987269915640354e-03
1.104803639464080334e-03
1.172917895019054413e-03
1.104665920138359070e-03
1.211584545671939850e-03
1.081001362763345242e-03
1.157695893198251724e-03
1.151934266090393066e-03
1.126176561228930950e-03
1.143905334174633026e-03
1.083344104699790478e-03
1.162292552180588245e-03
1.164260669611394405e-03
1.142263994552195072e-03
1.137367682531476021e-03
1.140875043347477913e-03
1.135083613917231560e-03
1.120666391216218472e-03
1.197202713228762150e-03
1.186037203297019005e-03
1.110653276555240154e-03
1.155132660642266273e-03
1.133923185989260674e-03
1.089472323656082153e-03
1.141002168878912926e-03
1.056909793987870216e-03
1.145773916505277157e-03
1.239939942024648190e-03
1.122607733123004436e-03
1.096414751373231411e-03
1.110997283831238747e-03
1.182301784865558147e-03
1.104789553210139275e-03
1.175394398160278797e-03
1.109313685446977615e-03
1.151949050836265087e-03
1.097018481232225895e-03
1.131606753915548325e-03
1.187161426059901714e-03
1.124816248193383217e-03
1.081251888535916805e-03
1.186064444482326508e-03
1.138496445491909981e-03
1.142724649980664253e-03
1.134930993430316448e-03
1.123843598179519176e-03
1.171304145827889442e-03
1.135776634328067303e-03
1.118926098570227623e-03
1.148660900071263313e-03
1.121416105888783932e-03
1.108539057895541191e-03
1.163659850135445595e-03
1.153758494183421135e-03
1.169926021248102188e-03
1.118523767217993736e-03
1.160813611932098866e-03
1.134506659582257271e-03
1.130333868786692619e-03
1.100458088330924511e-03
1.234885887242853642e-03
1.153469551354646683e-03
1.076667336747050285e-03
1.088295248337090015e-03
1.136478385888040066e-03
1.161146210506558418e-03
1.137456041760742664e-03
1.111937453970313072e-03
1.119644613936543465e-03
1.154659083113074303e-03
1.161397900432348251e-03
1.115241553634405136e-03
1.109280856326222420e-03
1.125290989875793457e-03
1.158650615252554417e-03
1.142063876613974571e-03
1.115169725380837917e-03
1.180205610580742359e-03
1.125849201343953609e-03
1.105603063479065895e-03
1.139568397775292397e-03
1.167163951322436333e-03
1.125474576838314533e-03
1.139939180575311184e-03
1.134254271164536476e-03
1.125468057580292225e-03
1.180883496999740601e-03
1.142458408139646053e-03
1.123841968365013599e-03
1.119541353546082973e-03
1.146796392276883125e-03
1.163367647677659988e-03
1.083697425201535225e-03
1.113638048991560936e-03
1.162849832326173782e-03
1.156215323135256767e-03
1.153736142441630363e-03
1.123930676840245724e-03
1.168663031421601772e-03
1.155437552370131016e-03
1.094174804165959358e-03
1.124533009715378284e-03
1.159336534328758717e-03
1.158132799901068211e-03
1.105026807636022568e-03
1.123469090089201927e-03
1.150783034972846508e-03
1.119890250265598297e-03
1.123792724683880806e-03
1.104728435166180134e-03
1.164424233138561249e-03
1.105948700569570065e-03
1.100135850720107555e-03
1.132633420638740063e-03
1.093149534426629543e-03
1.146147726103663445e-03
1.095795189030468464e-03
1.132803154177963734e-03
1.124569564126431942e-03
1.079012057743966579e-03
1.121360342949628830e-03
1.087601529434323311e-03
1.221281825564801693e-03
1.095996936783194542e-03
1.107634278014302254e-03
1.120694330893456936e-03
1.131786615587770939e-03
1.094748382456600666e-03
1.154818804934620857e-03
1.103968126699328423e-03
1.107672345824539661e-03
1.193539472296833992e-03
1.179911312647163868e-03
1.112735364586114883e-03
1.090165111236274242e-03
1.084197894670069218e-03
1.129196840338408947e-03
1.114826533012092113e-03
1.154968631453812122e-03
1.052089617587625980e-03
1.130982418544590473e-03
1.145676127634942532e-03
1.122372341342270374e-03
1.087351585738360882e-03
1.157987629994750023e-03
1.178934122435748577e-03
1.112863421440124512e-03
1.133286743424832821e-03
1.134262769483029842e-03
1.137851038947701454e-03
1.128117437474429607e-03
1.163820619694888592e-03
1.167446607723832130e-03
1.117144129239022732e-03
1.090401434339582920e-03
1.105686184018850327e-03
1.143855042755603790e-03
1.172055024653673172e-03
1.162207918241620064e-03
1.085391151718795300e-03
1.123649301007390022e-03
1.119551714509725571e-03
1.073723426088690758e-03
1.098846900276839733e-03
1.138994470238685608e-03
1.127327093854546547e-03
1.160299172624945641e-03
1.140397274866700172e-03
1.105372793972492218e-03
1.105341594666242599e-03
1.135642640292644501e-03
1.118635176680982113e-03
1.122319605201482773e-03
1.073129358701407909e-03
1.159790088422596455e-03
1.137810875661671162e-03
1.098456326872110367e-03
1.124542206525802612e-03
1.118519576266407967e-03
1.168188056908547878e-03
1.116045867092907429e-03
1.145965419709682465e-03
1.110010896809399128e-03
1.127075869590044022e-03
1.129887881688773632e-03
1.118986285291612148e-03
1.126061077229678631e-03
1.165981986559927464e-03
1.139151863753795624e-03
1.124186557717621326e-03
1.082335016690194607e-03
1.083064707927405834e-03
1.155435922555625439e-03
1.104861847124993801e-03
1.124730217270553112e-03
1.138292253017425537e-03
1.105815055780112743e-03
1.085447031073272228e-03
1.137391780503094196e-03
1.118876738473773003e-03
1.108716125600039959e-03
1.164905144833028316e-03
1.087875221855938435e-03
1.107157208025455475e-03
1.086434000171720982e-03
1.057757413946092129e-03
1.131710014306008816e-03
1.087243203073740005e-03
1.102619688026607037e-03
1.114717451855540276e-03
1.100665656849741936e-03
1.173884957097470760e-03
1.129742828197777271e-03
1.090392004698514938e-03
1.132580800913274288e-03
1.085388124920427799e-03
1.098586246371269226e-03
1.137446030043065548e-03
1.093973987735807896e-03
1.122594578191637993e-03
1.120972214266657829e-03
1.072096405550837517e-03
1.141881337389349937e-03
1.064150594174861908e-03
1.153222983703017235e-03
1.128441188484430313e-03
1.109916483983397484e-03
1.195919234305620193e-03
1.077287248335778713e-03
1.149298157542943954e-03
1.108994125388562679e-03
1.086444943211972713e-03
1.123417401686310768e-03
1.119013992138206959e-03
1.113415113650262356e-03
1.116198254749178886e-03
1.057335757650434971e-03
1.145384972915053368e-03
1.079299603588879108e-03
1.083746086806058884e-03
1.100676832720637321e-03
1.148906187154352665e-03
1.139900996349751949e-03
1.102294423617422581e-03
1.106617157347500324e-03
1.104454044252634048e-03
1.099100103601813316e-03
1.132236910052597523e-03
1.099143992178142071e-03
1.107811578549444675e-03
1.122058136388659477e-03
1.171142444945871830e-03
1.120479777455329895e-03
1.123403664678335190e-03
1.110926503315567970e-03
1.160733983851969242e-03
1.082759816199541092e-03
1.096702180802822113e-03
1.138967811129987240e-03
1.171423704363405704e-03
1.115531427785754204e-03
1.091507729142904282e-03
1.099517219699919224e-03
1.109859673306345940e-03
1.106630777940154076e-03
1.103994320146739483e-03
1.126652350649237633e-03
1.131554716266691685e-03
1.154259894974529743e-03
1.137168961577117443e-03
1.146366470493376255e-03
1.114717219024896622e-03
1.071714097633957863e-03
1.084925141185522079e-03
1.130006741732358932e-03
1.092100399546325207e-03
1.124277710914611816e-03
1.092710997909307480e-03
1.097508007660508156e-03
1.105688512325286865e-03
1.048925681971013546e-03
1.146249938756227493e-03
1.145337824709713459e-03
1.063966890797019005e-03
1.108181197196245193e-03
1.073703402653336525e-03
1.029299572110176086e-03
1.099005341529846191e-03
1.111150020733475685e-03
1.133643439970910549e-03
1.034469227306544781e-03
1.101652742363512516e-03
1.120582921430468559e-03
1.120571745559573174e-03
1.113649457693099976e-03
1.085162279196083546e-03
1.086341915652155876e-03
1.114395214244723320e-03
1.061358838342130184e-03
1.124982372857630253e-03
1.082804054021835327e-03
1.100544002838432789e-03
1.155483536422252655e-03
1.166906324215233326e-03
1.094962353818118572e-03
1.133178710006177425e-03
1.137154526077210903e-03
1.119358697906136513e-03
1.090280013158917427e-03
1.145136309787631035e-03
1.103439135476946831e-03
1.175741781480610371e-03
1.126435003243386745e-03
1.127177383750677109e-03
1.101956237107515335e-03
1.129971700720489025e-03
1.101666130125522614e-03
1.133539597503840923e-03
1.158171449787914753e-03
1.129504875279963017e-03
1.158495782874524593e-03
1.120227621868252754e-03
1.131731551140546799e-03
1.083566341549158096e-03
1.115813152864575386e-03
1.119622495025396347e-03
1.147904433310031891e-03
1.113074482418596745e-03
1.140645472332835197e-03
1.126776565797626972e-03
1.099435379728674889e-03
1.147276489064097404e-03
1.130188582465052605e-03
1.105228555388748646e-03
1.139464322477579117e-03
1.129260635934770107e-03
1.089771161787211895e-03
1.106531941331923008e-03
1.102498732507228851e-03
1.102935057133436203e-03
1.115221180953085423e-03
1.145341899245977402e-03
1.082980772480368614e-03
1.115729915909469128e-03
1.108723692595958710e-03
1.154635683633387089e-03
1.110638608224689960e-03
1.101245288737118244e-03
1.159593113698065281e-03
1.087084296159446239e-03
1.106109470129013062e-03
1.117154257372021675e-03
1.103098504245281219e-03
1.103569404222071171e-03
1.127805910073220730e-03
1.087303273379802704e-03
1.126612303778529167e-03
1.143469940871000290e-03
1.134073943831026554e-03
1.054071472026407719e-03
1.112468889914453030e-03
1.133719226345419884e-03
1.114648999646306038e-03
1.131118740886449814e-03
1.147248549386858940e-03
1.093973754905164242e-03
1.164815854281187057e-03
1.151851494796574116e-03
1.132204080931842327e-03
1.092154183425009251e-03
1.136594102717936039e-03
1.139364670962095261e-03
1.088348915800452232e-03
1.139610190875828266e-03
1.154523808509111404e-03
1.085823052562773228e-03
1.125699956901371479e-03
1.083946670405566692e-03
1.153856515884399414e-03
1.091277692466974258e-03
1.103773713111877441e-03
1.133887330070137978e-03
1.134520862251520157e-03
1.141147571615874767e-03
1.090472913347184658e-03
1.143572153523564339e-03
1.068414188921451569e-03
1.079847919754683971e-03
1.118167769163846970e-03
1.120784087106585503e-03
1.047656987793743610e-03
1.104257768020033836e-03
1.117520849220454693e-03
1.115391729399561882e-03
1.140060951001942158e-03
1.070455065928399563e-03
1.105144852772355080e-03
1.111126504838466644e-03
1.088206889107823372e-03
1.120577682740986347e-03
1.108563737943768501e-03
1.079337671399116516e-03
1.057213521562516689e-03
1.111135934479534626e-03
1.106517505832016468e-03
1.085866824723780155e-03
1.128233852796256542e-03
1.080581103451550007e-03
1.088508055545389652e-03
1.127584138885140419e-03
1.044591306708753109e-03
1.103620743378996849e-03
1.087907236069440842e-03
1.137853018008172512e-03
1.077701686881482601e-03
1.122963381931185722e-03
1.141874119639396667e-03
1.092889113351702690e-03
1.089449622668325901e-03
1.102840760722756386e-03
1.086680451408028603e-03
1.093797851353883743e-03
1.057283370755612850e-03
1.128827687352895737e-03
1.123567926697432995e-03
1.054235268384218216e-03
1.125120674259960651e-03
1.143166446126997471e-03
1.069299760274589062e-03
1.132498960942029953e-03
1.090431935153901577e-03
1.085198367945849895e-03
1.079824287444353104e-03
1.094321487471461296e-03
1.068958197720348835e-03
1.071309670805931091e-03
1.080783200450241566e-03
1.105226227082312107e-03
1.087709679268300533e-03
1.122623449191451073e-03
1.172204851172864437e-03
1.090256497263908386e-03
1.084757968783378601e-03
1.103977323509752750e-03
1.103289658203721046e-03
1.072176033630967140e-03
1.104461494833230972e-03
1.113188103772699833e-03
1.102197100408375263e-03
1.161890802904963493e-03
1.109858509153127670e-03
1.136775244958698750e-03
1.093053608201444149e-03
1.096650375984609127e-03
1.110158627852797508e-03
1.124147675000131130e-03
1.119058229960501194e-03
1.160161918960511684e-03
1.087448792532086372e-03
1.089447294361889362e-03
1.169036375358700752e-03
1.063234289176762104e-03
1.130712102167308331e-03
1.134076737798750401e-03
1.072574406862258911e-03
1.077356864698231220e-03
1.071689999662339687e-03
1.102604786865413189e-03
1.085641910322010517e-03
1.090333564206957817e-03
1.094718230888247490e-03
1.123016932979226112e-03
1.081895083189010620e-03
1.125587383285164833e-03
1.133021782152354717e-03
1.112881349399685860e-03
1.143546542152762413e-03
1.084904302842915058e-03
1.084920950233936310e-03
1.078507513739168644e-03
1.083704526536166668e-03
1.128070056438446045e-03
1.071531558409333229e-03
1.082691247574985027e-03
1.104438095353543758e-03
1.045008772052824497e-03
1.074852189049124718e-03
1.088749268092215061e-03
1.094804960303008556e-03
1.168009010143578053e-03
1.106048468500375748e-03
1.094365608878433704e-03
1.165297348052263260e-03
1.075438689440488815e-03
1.061737537384033203e-03
1.050774124450981617e-03
1.107936957851052284e-03
1.071336795575916767e-03
1.112431753426790237e-03
1.114738988690078259e-03
1.125439768657088280e-03
1.119446009397506714e-03
1.051184139214456081e-03
1.176930032670497894e-03
1.039908151142299175e-03
1.097003696486353874e-03
1.099835732020437717e-03
1.132287783548235893e-03
1.072425977326929569e-03
1.162731787189841270e-03
1.106255222111940384e-03
1.096643740311264992e-03
1.117478357627987862e-03
1.078376546502113342e-03
1.132037374190986156e-03
1.113061094656586647e-03
1.064829295501112938e-03
1.140995766036212444e-03
1.104572205804288387e-03
1.077671884559094906e-03
1.114953192882239819e-03
1.123081427067518234e-03
1.075374078936874866e-03
1.104569644667208195e-03
1.112050958909094334e-03
1.132475445047020912e-03
1.090175355784595013e-03
1.066938275471329689e-03
1.101166941225528717e-03
1.072125276550650597e-03
1.131971133872866631e-03
1.139161526225507259e-03
1.111592864617705345e-03
1.084466581232845783e-03
1.105996896512806416e-03
1.123718218877911568e-03
1.088892109692096710e-03
1.093524973839521408e-03
1.091337180696427822e-03
1.119721215218305588e-03
1.110581913962960243e-03
1.051282044500112534e-03
1.097301603294909000e-03
1.067990669980645180e-03
1.125928713008761406e-03
1.115709426812827587e-03
1.067352015525102615e-03
1.096036401577293873e-03
1.169928233139216900e-03
1.101608737371861935e-03
1.084907678887248039e-03
1.084627700038254261e-03
1.090640667825937271e-03
1.086918404325842857e-03
1.109323929995298386e-03
1.048822770826518536e-03
1.071976847015321255e-03
1.062293304130434990e-03
1.100668217986822128e-03
1.104049617424607277e-03
1.025186735205352306e-03
1.059045083820819855e-03
1.079219859093427658e-03
1.129083684645593166e-03
1.079491339623928070e-03
1.109007745981216431e-03
1.079800887964665890e-03
1.089409226551651955e-03
1.137995277531445026e-03
1.090609352104365826e-03
1.044287579134106636e-03
1.095905317924916744e-03
1.081721740774810314e-03
1.116112340241670609e-03
1.159188221208751202e-03
1.089980360120534897e-03
1.113641425035893917e-03
1.115060760639607906e-03
1.151587464846670628e-03
1.097147352993488312e-03
1.087178476154804230e-03
1.092232181690633297e-03
1.087752636522054672e-03
1.116394298151135445e-03
1.116869039833545685e-03
1.091646146960556507e-03
1.080048969015479088e-03
1.109816017560660839e-03
1.110488432459533215e-03
1.087513286620378494e-03
1.067948061972856522e-03
1.118051237426698208e-03
1.121683628298342228e-03
1.082267262972891331e-03
1.052902778610587120e-03
1.119212829507887363e-03
1.113229314796626568e-03
1.125856768339872360e-03
1.144270412623882294e-03
1.078982139006257057e-03
1.084693241864442825e-03
1.078808330930769444e-03
1.082782633602619171e-03
1.088277203962206841e-03
1.109754783101379871e-03
1.050337683409452438e-03
1.106082811020314693e-03
1.107817864976823330e-03
1.116031664423644543e-03
1.118153450079262257e-03
1.074296538718044758e-03
1.127750729210674763e-03
1.143689965829253197e-03
1.071790815331041813e-03
1.075593871064484119e-03
1.111112302169203758e-03
1.116893603466451168e-03
1.114370301365852356e-03
1.078169560059905052e-03
1.097779488191008568e-03
1.101076486520469189e-03
1.078269211575388908e-03
1.129751675762236118e-03
1.082122209481894970e-03
1.110718818381428719e-03
1.082865404896438122e-03
1.121442997828125954e-03
1.083800452761352062e-03
1.110090757720172405e-03
1.092283753678202629e-03
1.112377853132784367e-03
1.133220968768000603e-03
1.096371910534799099e-03
1.069728750735521317e-03
1.120703760534524918e-03
1.079040812328457832e-03
1.128638163208961487e-03
1.113787526264786720e-03
1.105785602703690529e-03
1.097842701710760593e-03
1.122474553994834423e-03
1.083281240426003933e-03
1.146754948422312737e-03
1.152159646153450012e-03
1.051129540428519249e-03
1.082420465536415577e-03
1.113412203267216682e-03
1.078959670849144459e-03
1.064039184711873531e-03
1.068104640580713749e-03
1.171206939034163952e-03
1.027356949634850025e-03
1.096952008083462715e-03
1.034954562783241272e-03
1.084054820239543915e-03
1.094831968657672405e-03
1.117795356549322605e-03
1.106387120671570301e-03
1.132193603552877903e-03
1.074010157026350498e-03
1.076664426364004612e-03
1.127765746787190437e-03
1.121124834753572941e-03
1.104227034375071526e-03
1.095018116757273674e-03
1.070543541572988033e-03
1.087022246792912483e-03
1.073932275176048279e-03
1.101201749406754971e-03
1.106402021832764149e-03
1.067409408278763294e-03
1.065488555468618870e-03
1.093621947802603245e-03
1.092458143830299377e-03
1.085706287994980812e-03
1.076517626643180847e-03
1.083425246179103851e-03
1.101803616620600224e-03
1.109498552978038788e-03
1.112991478294134140e-03
1.054284628480672836e-03
1.090941368602216244e-03
1.103073940612375736e-03
1.061756280250847340e-03
1.127381343394517899e-03
1.090441015549004078e-03
1.100762281566858292e-03
1.076106098480522633e-03
1.088742748834192753e-03
1.078135916031897068e-03
1.109477365389466286e-03
1.117812120355665684e-03
1.110550365410745144e-03
1.100960886105895042e-03
1.126607297919690609e-03
1.085827476345002651e-03
1.087702694348990917e-03
1.066850614733994007e-03
1.146945171058177948e-03
1.069624559022486210e-03
1.091764774173498154e-03
1.072263112291693687e-03
1.101747853681445122e-03
1.084816292859613895e-03
1.095982268452644348e-03
1.064700423739850521e-03
1.109236967749893665e-03
1.087549026124179363e-03
1.108233002014458179e-03
1.070120139047503471e-03
1.115349819883704185e-03
1.074180705472826958e-03
1.077517285011708736e-03
1.132505363784730434e-03
1.073489431291818619e-03
1.034328481182456017e-03
1.121025299653410912e-03
1.102722599171102047e-03
1.115168561227619648e-03
1.090913428924977779e-03
1.098847598768770695e-03
1.089872093871235847e-03
1.079914858564734459e-03
1.078102854080498219e-03
1.050952123478055000e-03
1.114235958084464073e-03
1.076260814443230629e-03
1.062192488461732864e-03
1.080961548723280430e-03
1.107161049731075764e-03
1.086845644749701023e-03
1.053267391398549080e-03
1.140969572588801384e-03
1.092180609703063965e-03
1.092693768441677094e-03
1.081066089682281017e-03
1.102953567169606686e-03
1.110646640881896019e-03
1.035893918015062809e-03
1.131877303123474121e-03
1.103859744034707546e-03
1.096425694413483143e-03
1.056521548889577389e-03
1.051936997100710869e-03
1.105606905184686184e-03
1.073236344382166862e-03
1.062192022800445557e-03
1.051984261721372604e-03
1.094573410227894783e-03
1.109939301386475563e-03
1.152631943114101887e-03
1.067521865479648113e-03
1.032624975778162479e-03
1.069431193172931671e-03
1.047795522026717663e-03
1.078512170352041721e-03
1.070662518031895161e-03
1.163155771791934967e-03
1.066009746864438057e-03
1.058288151398301125e-03
1.037054578773677349e-03
1.109500299207866192e-03
1.086301286704838276e-03
1.079835928976535797e-03
1.050756429322063923e-03
1.148158451542258263e-03
1.104528782889246941e-03
1.076143700629472733e-03
1.116383355110883713e-03
1.093084225431084633e-03
1.053031184710562229e-03
1.117998966947197914e-03
1.092833001166582108e-03
1.058874302543699741e-03
1.128309057094156742e-03
1.074968138709664345e-03
1.089372090063989162e-03
1.069712918251752853e-03
1.068173907697200775e-03
1.064297743141651154e-03
1.080408925190567970e-03
1.073338906280696392e-03
1.087709912098944187e-03
1.096802996471524239e-03
1.099134446121752262e-03
1.111422083340585232e-03
1.104941125959157944e-03
1.087848446331918240e-03
1.110311714000999928e-03
1.116347266361117363e-03
1.104667899198830128e-03
1.052464940585196018e-03
1.106431358493864536e-03
1.099902437999844551e-03
1.138873281888663769e-03
1.095931511372327805e-03
1.088725519366562366e-03
1.065675052814185619e-03
1.115455175749957561e-03
1.096352934837341309e-03
1.087130978703498840e-03
1.023701042868196964e-03
1.092623104341328144e-03
1.132711535319685936e-03
1.084599294699728489e-03
1.069345162250101566e-03
1.082541886717081070e-03
1.109874108806252480e-03
1.128627569414675236e-03
1.113849459215998650e-03
1.078503089956939220e-03
1.074472209438681602e-03
1.082477159798145294e-03
1.067364006303250790e-03
1.102162757888436317e-03
1.077099470421671867e-03
1.108115073293447495e-03
1.115742023102939129e-03
1.113920938223600388e-03
1.120176864787936211e-03
1.128348987549543381e-03
1.077039283700287342e-03
1.111500663682818413e-03
1.104576047509908676e-03
1.098441658541560173e-03
1.061872695572674274e-03
1.104498980566859245e-03
1.101859495975077152e-03
1.070412690751254559e-03
1.111178658902645111e-03
1.065301126800477505e-03
1.135948114097118378e-03
1.093220547772943974e-03
1.082992996089160442e-03
1.128444564528763294e-03
1.099254004657268524e-03
1.134629594162106514e-03
1.044012256897985935e-03
1.052553765475749969e-03
1.077936845831573009e-03
1.066646538674831390e-03
1.094209263101220131e-03
1.111779711209237576e-03
1.106194802559912205e-03
1.111027901060879230e-03
1.078162458725273609e-03
1.116778468713164330e-03
1.092233578674495220e-03
1.063147676177322865e-03
1.083528273738920689e-03
1.124568050727248192e-03
1.087544020265340805e-03
1.103121554479002953e-03
1.066120341420173645e-03
1.078097266145050526e-03
1.088489429093897343e-03
1.062137424014508724e-03
1.139465719461441040e-03
1.065791118890047073e-03
1.099464949220418930e-03
1.146788243204355240e-03
1.097342581488192081e-03
1.076020416803658009e-03
1.070637255907058716e-03
1.106902956962585449e-03
1.112475991249084473e-03
1.131404191255569458e-03
1.091327867470681667e-03
1.077494351193308830e-03
1.168950344435870647e-03
1.117883715778589249e-03
1.104098279029130936e-03
1.113616977818310261e-03
1.056392560712993145e-03
1.060511334799230099e-03
1.126418821513652802e-03
1.108597731217741966e-03
1.097769476473331451e-03
1.063413335941731930e-03
1.083047129213809967e-03
1.092485385015606880e-03
1.018847571685910225e-03
1.095089945010840893e-03
1.130490447394549847e-03
1.097210682928562164e-03
1.160998712293803692e-03
1.149873365648090839e-03
1.098802429623901844e-03
1.075911102816462517e-03
1.125658745877444744e-03
1.159379840828478336e-03
1.089232973754405975e-03
1.104683848097920418e-03
1.098724897019565105e-03
1.032322063110768795e-03
1.074744155630469322e-03
1.128114643506705761e-03
1.063693547621369362e-03
1.028769998811185360e-03
1.066941302269697189e-03
1.116246450692415237e-03
1.074429019354283810e-03
1.067393925040960312e-03
1.087498385459184647e-03
1.064662239514291286e-03
1.006872509606182575e-03
1.094875857234001160e-03
1.051663653925061226e-03
1.058923546224832535e-03
1.071774400770664215e-03
1.140460837632417679e-03
1.100750872865319252e-03
1.093888306058943272e-03
1.074585830792784691e-03
1.103906426578760147e-03
1.059664296917617321e-03
1.078483532182872295e-03
1.050303224474191666e-03
1.080729765817523003e-03
1.076526124961674213e-03
1.069227117113769054e-03
1.057628891430795193e-03
1.071159029379487038e-03
1.096047111786901951e-03
1.105240895412862301e-03
1.086804433725774288e-03
1.075929030776023865e-03
1.075277919881045818e-03
1.110113807953894138e-03
1.068731304258108139e-03
1.091806567274034023e-03
1.083260169252753258e-03
1.096741063520312309e-03
1.084360992535948753e-03
1.071402570232748985e-03
1.136018545366823673e-03
1.088971970602869987e-03
1.067044911906123161e-03
1.145765418186783791e-03
1.068257377482950687e-03
1.027959864586591721e-03
1.068356912583112717e-03
1.089524943381547928e-03
1.097922562621533871e-03
1.072517363354563713e-03
1.078554429113864899e-03
1.041211653500795364e-03
1.068717334419488907e-03
1.066320459358394146e-03
1.106133800931274891e-03
1.047033583745360374e-03
1.131314551457762718e-03
1.070527592673897743e-03
1.122985966503620148e-03
1.071863225661218166e-03
1.138475025072693825e-03
1.052379724569618702e-03
1.068980083800852299e-03
1.031620311550796032e-03
1.091430196538567543e-03
1.123881549574434757e-03
1.107292366214096546e-03
1.149901538155972958e-03
1.063874107785522938e-03
1.055956701748073101e-03
1.056094304658472538e-03
1.077620778232812881e-03
1.117906882427632809e-03
1.081970171071588993e-03
1.131251105107367039e-03
1.030601328238844872e-03
1.107995864003896713e-03
1.115170423872768879e-03
1.055435044690966606e-03
1.091251964680850506e-03
1.064676558598875999e-03
1.080553513020277023e-03
1.031032181344926357e-03
1.119865686632692814e-03
1.060716691426932812e-03
1.029386883601546288e-03
1.065982156433165073e-03
1.083634910173714161e-03
1.054184744134545326e-03
1.056708861142396927e-03
1.053734449669718742e-03
1.069062738679349422e-03
1.085834577679634094e-03
1.066564931534230709e-03
1.114067737944424152e-03
1.071746344678103924e-03
1.126352581195533276e-03
1.066549331881105900e-03
1.073734136298298836e-03
1.110882847569882870e-03
1.060990616679191589e-03
1.055452856235206127e-03
1.092827180400490761e-03
1.057464745827019215e-03
1.100076129660010338e-03
1.052738167345523834e-03
1.092967228032648563e-03
1.098530716262757778e-03
1.052605221047997475e-03
1.097143860533833504e-03
1.077878521755337715e-03
1.086097559891641140e-03
1.107299700379371643e-03
1.071370905265212059e-03
1.065248739905655384e-03
1.100102788768708706e-03
1.097998814657330513e-03
1.063919975422322750e-03
1.079629175364971161e-03
1.109107281081378460e-03
1.131746335886418819e-03
1.131947734393179417e-03
1.053098356351256371e-03
