2.033797836303710938e+01
2.028040313720703125e+01
2.029763221740722656e+01
2.030180358886718750e+01
2.030243492126464844e+01
2.029573249816894531e+01
2.027987480163574219e+01
2.026936340332031250e+01
2.025101852416992188e+01
2.029521942138671875e+01
2.029180335998535156e+01
2.026552009582519531e+01
2.032893371582031250e+01
2.031511497497558594e+01
2.024405479431152344e+01
2.025770950317382812e+01
2.029552078247070312e+01
2.026104736328125000e+01
2.027517700195312500e+01
2.026621246337890625e+01
2.028417968750000000e+01
2.026079750061035156e+01
2.025951576232910156e+01
2.023352241516113281e+01
2.023956871032714844e+01
2.024703979492187500e+01
2.024639701843261719e+01
2.024164772033691406e+01
2.026279258728027344e+01
2.023075866699218750e+01
2.024307441711425781e+01
2.025216865539550781e+01
2.026592826843261719e+01
2.027910423278808594e+01
2.022533416748046875e+01
2.026614189147949219e+01
2.023909568786621094e+01
2.023905563354492188e+01
2.027380561828613281e+01
2.024222183227539062e+01
2.025174331665039062e+01
2.026014137268066406e+01
2.026030921936035156e+01
2.023494911193847656e+01
2.023623275756835938e+01
2.027322769165039062e+01
2.027818489074707031e+01
2.028535079956054688e+01
2.028948211669921875e+01
2.026635360717773438e+01
2.027771186828613281e+01
2.027887153625488281e+01
2.026975250244140625e+01
2.025365066528320312e+01
2.026683807373046875e+01
2.032000350952148438e+01
2.026532936096191406e+01
2.025939178466796875e+01
2.023030853271484375e+01
2.029257011413574219e+01
2.031171798706054688e+01
2.023610687255859375e+01
2.027656364440917969e+01
2.026525688171386719e+01
2.025191307067871094e+01
2.025992965698242188e+01
2.033395195007324219e+01
2.028432846069335938e+01
2.026742553710937500e+01
2.028954124450683594e+01
2.026154899597167969e+01
2.028519821166992188e+01
2.028136253356933594e+01
2.028472709655761719e+01
2.025707054138183594e+01
2.025417900085449219e+01
2.030164527893066406e+01
2.026498031616210938e+01
2.027906417846679688e+01
2.025572013854980469e+01
2.027044105529785156e+01
2.025828742980957031e+01
2.027375411987304688e+01
2.025841331481933594e+01
2.027786445617675781e+01
2.027949714660644531e+01
2.026075172424316406e+01
2.026550674438476562e+01
2.025904464721679688e+01
2.023129653930664062e+01
2.026892280578613281e+01
2.028734588623046875e+01
2.028224754333496094e+01
2.028421401977539062e+01
2.026029777526855469e+01
2.025512886047363281e+01
2.025376510620117188e+01
2.027524948120117188e+01
2.028196334838867188e+01
2.034023666381835938e+01
2.024003791809082031e+01
2.023964500427246094e+01
2.023636436462402344e+01
2.027860641479492188e+01
2.025617218017578125e+01
2.025146865844726562e+01
2.025495529174804688e+01
2.027804756164550781e+01
2.025484848022460938e+01
2.030379295349121094e+01
2.024469757080078125e+01
2.026276969909667969e+01
2.030871772766113281e+01
2.029113769531250000e+01
2.023957824707031250e+01
2.025216865539550781e+01
2.023813056945800781e+01
2.024785232543945312e+01
2.026932334899902344e+01
2.029546165466308594e+01
2.025270843505859375e+01
2.025262260437011719e+01
2.024418449401855469e+01
2.022665596008300781e+01
2.023425865173339844e+01
2.026251792907714844e+01
2.031200218200683594e+01
2.024495506286621094e+01
2.026711273193359375e+01
2.026124191284179688e+01
2.026221656799316406e+01
2.026006507873535156e+01
2.026840400695800781e+01
2.025217819213867188e+01
2.027185249328613281e+01
2.022977828979492188e+01
2.027281951904296875e+01
2.025914382934570312e+01
2.025575256347656250e+01
2.029792022705078125e+01
2.025778770446777344e+01
2.024882316589355469e+01
2.025339126586914062e+01
2.026837539672851562e+01
2.025673103332519531e+01
2.026622962951660156e+01
2.024921226501464844e+01
2.026013374328613281e+01
2.029584312438964844e+01
2.025956153869628906e+01
2.025898170471191406e+01
2.027848434448242188e+01
2.027422714233398438e+01
2.027050399780273438e+01
2.028811454772949219e+01
2.023848152160644531e+01
2.024263572692871094e+01
2.029710388183593750e+01
2.026684379577636719e+01
2.027323341369628906e+01
2.025308227539062500e+01
2.030840873718261719e+01
2.025451469421386719e+01
2.026775169372558594e+01
2.030878829956054688e+01
2.024189758300781250e+01
2.023024749755859375e+01
2.025832748413085938e+01
2.027953338623046875e+01
2.025409126281738281e+01
2.027933502197265625e+01
2.024139213562011719e+01
2.025547218322753906e+01
2.025633621215820312e+01
2.024058723449707031e+01
2.028358840942382812e+01
2.027032279968261719e+01
2.027976608276367188e+01
2.029512405395507812e+01
2.027815055847167969e+01
2.026331138610839844e+01
2.024161529541015625e+01
2.025961875915527344e+01
2.028509140014648438e+01
2.028165245056152344e+01
2.025877571105957031e+01
2.031550979614257812e+01
2.024968910217285156e+01
2.025198936462402344e+01
2.025206947326660156e+01
2.024985122680664062e+01
2.028142356872558594e+01
2.024505996704101562e+01
2.028345108032226562e+01
2.026100349426269531e+01
2.027779769897460938e+01
2.025195503234863281e+01
2.025953865051269531e+01
2.023014068603515625e+01
2.024475097656250000e+01
2.023493003845214844e+01
2.029033851623535156e+01
2.026104164123535156e+01
2.025761032104492188e+01
2.026276016235351562e+01
2.026567268371582031e+01
2.026047325134277344e+01
2.024484825134277344e+01
2.024502754211425781e+01
2.024766349792480469e+01
2.024981117248535156e+01
2.026543426513671875e+01
2.025349617004394531e+01
2.028086280822753906e+01
2.024985122680664062e+01
2.025188255310058594e+01
2.026741027832031250e+01
2.024958419799804688e+01
2.024851799011230469e+01
2.024138069152832031e+01
2.024991416931152344e+01
2.027851486206054688e+01
2.025021553039550781e+01
2.029471969604492188e+01
2.025319862365722656e+01
2.028050231933593750e+01
2.023566627502441406e+01
2.028349113464355469e+01
2.025575065612792969e+01
2.023436927795410156e+01
2.027401351928710938e+01
2.027986145019531250e+01
2.026147079467773438e+01
2.026919364929199219e+01
2.027566146850585938e+01
2.028886032104492188e+01
2.023335647583007812e+01
2.026013374328613281e+01
2.027398872375488281e+01
2.025498199462890625e+01
2.027614402770996094e+01
2.028649711608886719e+01
2.026478576660156250e+01
2.025821495056152344e+01
2.027906417846679688e+01
2.026086235046386719e+01
2.024965476989746094e+01
2.024674606323242188e+01
2.027670478820800781e+01
2.028761863708496094e+01
2.022947883605957031e+01
2.024696731567382812e+01
2.025658988952636719e+01
2.026721191406250000e+01
2.026068496704101562e+01
2.025295829772949219e+01
2.024748611450195312e+01
2.026774024963378906e+01
2.025236701965332031e+01
2.027383995056152344e+01
2.025756835937500000e+01
2.027944183349609375e+01
2.028906822204589844e+01
2.024224472045898438e+01
2.027593231201171875e+01
2.028984451293945312e+01
2.025791549682617188e+01
2.025717926025390625e+01
2.031414604187011719e+01
2.026337432861328125e+01
2.028307723999023438e+01
2.028750419616699219e+01
2.026894187927246094e+01
2.030331611633300781e+01
2.027826499938964844e+01
2.027714157104492188e+01
2.023818206787109375e+01
2.024468040466308594e+01
2.026445960998535156e+01
2.029131507873535156e+01
2.027923393249511719e+01
2.025895881652832031e+01
2.027385330200195312e+01
2.025335693359375000e+01
2.025452613830566406e+01
2.026222991943359375e+01
2.025325012207031250e+01
2.027947807312011719e+01
2.025531959533691406e+01
2.028941154479980469e+01
2.027162361145019531e+01
2.024377632141113281e+01
2.028615570068359375e+01
2.023577117919921875e+01
2.027420234680175781e+01
2.022459602355957031e+01
2.023827743530273438e+01
2.026889610290527344e+01
2.028404998779296875e+01
2.028234291076660156e+01
2.028437614440917969e+01
2.025878715515136719e+01
2.029621696472167969e+01
2.027017593383789062e+01
2.025670051574707031e+01
2.027012443542480469e+01
2.026693153381347656e+01
2.025701332092285156e+01
2.027143287658691406e+01
2.029312896728515625e+01
2.026999855041503906e+01
2.023961448669433594e+01
2.024575805664062500e+01
2.024494552612304688e+01
2.024703216552734375e+01
2.034618186950683594e+01
2.026319313049316406e+01
2.027948570251464844e+01
2.025031661987304688e+01
2.027999687194824219e+01
2.026319313049316406e+01
2.024533653259277344e+01
2.027944755554199219e+01
2.028736495971679688e+01
2.024630355834960938e+01
2.025930023193359375e+01
2.025624465942382812e+01
2.023369216918945312e+01
2.024945259094238281e+01
2.025282859802246094e+01
2.028707122802734375e+01
2.026272583007812500e+01
2.026009750366210938e+01
2.029503822326660156e+01
2.026912117004394531e+01
2.024868202209472656e+01
2.026928520202636719e+01
2.032794189453125000e+01
2.028915977478027344e+01
2.027787017822265625e+01
2.024842262268066406e+01
2.027086257934570312e+01
2.026532554626464844e+01
2.025232696533203125e+01
2.024623680114746094e+01
2.024415588378906250e+01
2.028711891174316406e+01
2.029343986511230469e+01
2.024683761596679688e+01
2.027092933654785156e+01
2.025857162475585938e+01
2.024596214294433594e+01
2.026375770568847656e+01
2.023866271972656250e+01
2.026790428161621094e+01
2.028657341003417969e+01
2.026178359985351562e+01
2.028962707519531250e+01
2.027435684204101562e+01
2.024264907836914062e+01
2.025055122375488281e+01
2.026741409301757812e+01
2.026506042480468750e+01
2.025612640380859375e+01
2.027006912231445312e+01
2.026508903503417969e+01
2.025133514404296875e+01
2.025758934020996094e+01
2.029509925842285156e+01
2.027064132690429688e+01
2.024929618835449219e+01
2.025429153442382812e+01
2.024552536010742188e+01
2.025242424011230469e+01
2.028407096862792969e+01
2.026521110534667969e+01
2.025710868835449219e+01
2.026444816589355469e+01
2.026281929016113281e+01
2.026113510131835938e+01
2.027042579650878906e+01
2.027251815795898438e+01
2.024559974670410156e+01
2.026968193054199219e+01
2.025136184692382812e+01
2.027458190917968750e+01
2.025342178344726562e+01
2.023584747314453125e+01
2.024970245361328125e+01
2.028271102905273438e+01
2.027011489868164062e+01
2.027549362182617188e+01
2.026209831237792969e+01
2.025812911987304688e+01
2.031494140625000000e+01
2.025241088867187500e+01
2.023530006408691406e+01
2.024918556213378906e+01
2.025361633300781250e+01
2.025305938720703125e+01
2.027583694458007812e+01
2.025191879272460938e+01
2.024027252197265625e+01
2.025759696960449219e+01
2.027906608581542969e+01
2.024624443054199219e+01
2.023009490966796875e+01
2.024862670898437500e+01
2.026637077331542969e+01
2.023858451843261719e+01
2.026097869873046875e+01
2.025409698486328125e+01
2.026628303527832031e+01
2.027721023559570312e+01
2.025380134582519531e+01
2.026265144348144531e+01
2.025128173828125000e+01
2.025164985656738281e+01
2.026415443420410156e+01
2.027354240417480469e+01
2.025424766540527344e+01
2.023137092590332031e+01
2.024748420715332031e+01
2.026389122009277344e+01
2.024530982971191406e+01
2.027109527587890625e+01
2.027627372741699219e+01
2.026354217529296875e+01
2.023225021362304688e+01
2.029646492004394531e+01
2.027150917053222656e+01
2.023815345764160156e+01
2.028249359130859375e+01
2.023725509643554688e+01
2.024881362915039062e+01
2.028115844726562500e+01
2.024536514282226562e+01
2.023853874206542969e+01
2.026189804077148438e+01
2.027475738525390625e+01
2.025267028808593750e+01
2.026168823242187500e+01
2.025944137573242188e+01
2.026699447631835938e+01
2.027519226074218750e+01
2.027709007263183594e+01
2.027382850646972656e+01
2.026946449279785156e+01
2.026255226135253906e+01
2.026796531677246094e+01
2.024650955200195312e+01
2.029428100585937500e+01
2.024948883056640625e+01
2.024234771728515625e+01
2.024172019958496094e+01
2.024740219116210938e+01
2.026502227783203125e+01
2.024910163879394531e+01
2.027250671386718750e+01
2.024419021606445312e+01
2.025715255737304688e+01
2.023881721496582031e+01
2.026925659179687500e+01
2.026317977905273438e+01
2.026482009887695312e+01
2.025168991088867188e+01
2.027399826049804688e+01
2.028803634643554688e+01
2.025407791137695312e+01
2.025384140014648438e+01
2.022635078430175781e+01
2.025840759277343750e+01
2.027287101745605469e+01
2.025222587585449219e+01
2.022884368896484375e+01
2.026464462280273438e+01
2.024466323852539062e+01
2.024073600769042969e+01
2.026966476440429688e+01
2.024247360229492188e+01
2.028155136108398438e+01
2.024327278137207031e+01
2.025818634033203125e+01
2.028598785400390625e+01
2.027019691467285156e+01
2.026434135437011719e+01
2.024884223937988281e+01
2.025594329833984375e+01
2.024522590637207031e+01
2.028293418884277344e+01
2.024765777587890625e+01
2.026471328735351562e+01
2.026903343200683594e+01
2.025465393066406250e+01
2.025477409362792969e+01
2.026329994201660156e+01
2.024567413330078125e+01
2.027834129333496094e+01
2.025601768493652344e+01
2.025261688232421875e+01
2.025557327270507812e+01
2.027261734008789062e+01
2.028765678405761719e+01
2.024298667907714844e+01
2.027401161193847656e+01
2.026698303222656250e+01
2.027172088623046875e+01
2.025033378601074219e+01
2.025480842590332031e+01
2.026892662048339844e+01
2.025990867614746094e+01
2.025707817077636719e+01
2.025595092773437500e+01
2.030340957641601562e+01
2.023494529724121094e+01
2.027439880371093750e+01
2.028743171691894531e+01
2.024104309082031250e+01
2.027349090576171875e+01
2.024042510986328125e+01
2.025668144226074219e+01
2.025869750976562500e+01
2.028550720214843750e+01
2.024782562255859375e+01
2.028056907653808594e+01
2.029081535339355469e+01
2.024854850769042969e+01
2.025196647644042969e+01
2.024980735778808594e+01
2.023587036132812500e+01
2.026506233215332031e+01
2.023599243164062500e+01
2.028599548339843750e+01
2.026387596130371094e+01
2.023650932312011719e+01
2.028314399719238281e+01
2.026057243347167969e+01
2.025163078308105469e+01
2.025173568725585938e+01
2.026169967651367188e+01
2.025952339172363281e+01
2.025980567932128906e+01
2.022969627380371094e+01
2.027901268005371094e+01
2.024609375000000000e+01
2.024413490295410156e+01
2.028674888610839844e+01
2.024229621887207031e+01
2.024523353576660156e+01
2.027090072631835938e+01
2.025718498229980469e+01
2.024316024780273438e+01
2.022803688049316406e+01
2.028566741943359375e+01
2.028306579589843750e+01
2.024407768249511719e+01
2.027225303649902344e+01
2.023565864562988281e+01
2.025253677368164062e+01
2.026085090637207031e+01
2.027216720581054688e+01
2.025340843200683594e+01
2.027567291259765625e+01
2.028355979919433594e+01
2.026365852355957031e+01
2.027068328857421875e+01
2.025823402404785156e+01
2.024444198608398438e+01
2.024805450439453125e+01
2.025820922851562500e+01
2.027068519592285156e+01
2.025782966613769531e+01
2.026692008972167969e+01
2.026065635681152344e+01
2.025195312500000000e+01
2.023960685729980469e+01
2.027153968811035156e+01
2.026152420043945312e+01
2.026916122436523438e+01
2.026137161254882812e+01
2.027625083923339844e+01
2.025907135009765625e+01
2.025898551940917969e+01
2.025498962402343750e+01
2.028207778930664062e+01
2.022669792175292969e+01
2.026844596862792969e+01
2.024571990966796875e+01
2.028520011901855469e+01
2.025814056396484375e+01
2.029209136962890625e+01
2.025990867614746094e+01
2.024730300903320312e+01
2.024990653991699219e+01
2.022322463989257812e+01
2.026476478576660156e+01
2.027121162414550781e+01
2.029657745361328125e+01
2.026677322387695312e+01
2.026348876953125000e+01
2.029312515258789062e+01
2.026757431030273438e+01
2.026326179504394531e+01
2.029712295532226562e+01
2.026459312438964844e+01
2.025076866149902344e+01
2.027963256835937500e+01
2.026528358459472656e+01
2.026933860778808594e+01
2.025992584228515625e+01
2.025153350830078125e+01
2.023573684692382812e+01
2.026390075683593750e+01
2.028579902648925781e+01
2.027334213256835938e+01
2.026288414001464844e+01
2.026033973693847656e+01
2.026984786987304688e+01
2.024721908569335938e+01
2.025501632690429688e+01
2.028766250610351562e+01
2.026420593261718750e+01
2.025280380249023438e+01
2.024343681335449219e+01
2.028395843505859375e+01
2.025922203063964844e+01
2.027027893066406250e+01
2.028821182250976562e+01
2.023382377624511719e+01
2.026441764831542969e+01
2.027122688293457031e+01
2.027269554138183594e+01
2.026252174377441406e+01
2.026858139038085938e+01
2.024028396606445312e+01
2.025619125366210938e+01
2.024300575256347656e+01
2.025698089599609375e+01
2.028612899780273438e+01
2.025143623352050781e+01
2.028579330444335938e+01
2.028529739379882812e+01
2.024051856994628906e+01
2.025187492370605469e+01
2.026099395751953125e+01
2.025440025329589844e+01
2.025444221496582031e+01
2.023441505432128906e+01
2.023739624023437500e+01
2.025879287719726562e+01
2.023489379882812500e+01
2.027736473083496094e+01
2.022779846191406250e+01
2.023648834228515625e+01
2.024318313598632812e+01
2.029325294494628906e+01
2.024898338317871094e+01
2.024514007568359375e+01
2.028050231933593750e+01
2.026186370849609375e+01
2.028724670410156250e+01
2.025761032104492188e+01
2.024617004394531250e+01
2.023088836669921875e+01
2.029596519470214844e+01
2.026371002197265625e+01
2.024640464782714844e+01
2.028936958312988281e+01
2.025318336486816406e+01
2.022426414489746094e+01
2.027865409851074219e+01
2.027045631408691406e+01
2.026579666137695312e+01
2.022470092773437500e+01
2.026030540466308594e+01
2.022566795349121094e+01
2.027669715881347656e+01
2.025365066528320312e+01
2.025783157348632812e+01
2.025728034973144531e+01
2.026636314392089844e+01
2.026597595214843750e+01
2.027287101745605469e+01
2.026883506774902344e+01
2.027645111083984375e+01
2.027540969848632812e+01
2.030219459533691406e+01
2.026671791076660156e+01
2.027456092834472656e+01
2.025819778442382812e+01
2.032223701477050781e+01
2.025961685180664062e+01
2.024858283996582031e+01
2.025698471069335938e+01
2.027005004882812500e+01
2.026663970947265625e+01
2.027614402770996094e+01
2.027892875671386719e+01
2.022970008850097656e+01
2.026140785217285156e+01
2.031346893310546875e+01
2.027633666992187500e+01
2.024574470520019531e+01
2.024687767028808594e+01
2.024646186828613281e+01
2.025531768798828125e+01
2.026321601867675781e+01
2.025969123840332031e+01
2.023349571228027344e+01
2.029964447021484375e+01
2.026968955993652344e+01
2.023922729492187500e+01
2.028566741943359375e+01
2.024264717102050781e+01
2.026892280578613281e+01
2.023208045959472656e+01
2.027934265136718750e+01
2.027037429809570312e+01
2.026759147644042969e+01
2.027307891845703125e+01
2.027521514892578125e+01
2.025715827941894531e+01
2.024956130981445312e+01
2.027526473999023438e+01
2.026642799377441406e+01
2.029292869567871094e+01
2.025838279724121094e+01
2.024478721618652344e+01
2.027722930908203125e+01
2.027571296691894531e+01
2.025120353698730469e+01
2.025339508056640625e+01
2.024714469909667969e+01
2.026357460021972656e+01
2.027590560913085938e+01
2.028028678894042969e+01
2.024340057373046875e+01
2.023004341125488281e+01
2.024659538269042969e+01
2.027382087707519531e+01
2.028867530822753906e+01
2.026145362854003906e+01
2.028200721740722656e+01
2.030796432495117188e+01
2.026425743103027344e+01
2.025422477722167969e+01
2.026483345031738281e+01
2.025850868225097656e+01
2.024808120727539062e+01
2.027083206176757812e+01
2.024735832214355469e+01
2.028633308410644531e+01
2.028771400451660156e+01
2.026410865783691406e+01
2.030128097534179688e+01
2.025250816345214844e+01
2.026388549804687500e+01
2.026313209533691406e+01
2.028757095336914062e+01
2.025218391418457031e+01
2.026642227172851562e+01
2.027162170410156250e+01
2.023442840576171875e+01
2.029701423645019531e+01
2.024968528747558594e+01
2.028237915039062500e+01
2.027505683898925781e+01
2.024470710754394531e+01
2.023839569091796875e+01
2.025931739807128906e+01
2.029261589050292969e+01
2.027404022216796875e+01
2.024233627319335938e+01
2.029651451110839844e+01
2.028006744384765625e+01
2.024190711975097656e+01
2.029490280151367188e+01
2.026926803588867188e+01
2.027171707153320312e+01
2.029348945617675781e+01
2.024194526672363281e+01
2.028000640869140625e+01
2.025660324096679688e+01
2.031463432312011719e+01
2.026486778259277344e+01
2.027360534667968750e+01
2.026950263977050781e+01
2.026078987121582031e+01
2.022781372070312500e+01
2.028458213806152344e+01
2.028286361694335938e+01
2.028945541381835938e+01
2.026915550231933594e+01
2.025680923461914062e+01
2.025410461425781250e+01
2.026624679565429688e+01
2.025901603698730469e+01
2.021608734130859375e+01
2.025828170776367188e+01
2.028305244445800781e+01
2.022920608520507812e+01
2.023989105224609375e+01
2.022665977478027344e+01
2.023783302307128906e+01
2.025575065612792969e+01
2.027163696289062500e+01
2.026577758789062500e+01
2.024364471435546875e+01
2.023697662353515625e+01
2.026633834838867188e+01
2.023986053466796875e+01
2.025160789489746094e+01
2.025471878051757812e+01
2.027967071533203125e+01
2.024099731445312500e+01
2.026383209228515625e+01
2.026054382324218750e+01
2.024433517456054688e+01
2.023699188232421875e+01
2.029219245910644531e+01
2.024846076965332031e+01
2.031105613708496094e+01
2.026551628112792969e+01
2.023785591125488281e+01
2.026102447509765625e+01
2.026311111450195312e+01
2.027794265747070312e+01
2.031082725524902344e+01
2.026992416381835938e+01
2.027375984191894531e+01
2.028267669677734375e+01
2.027287101745605469e+01
2.030680847167968750e+01
2.031089019775390625e+01
2.027784729003906250e+01
2.026034545898437500e+01
2.024278259277343750e+01
2.026352691650390625e+01
2.027038574218750000e+01
2.025841331481933594e+01
2.028275489807128906e+01
2.026033782958984375e+01
2.024742889404296875e+01
2.025154304504394531e+01
2.026107025146484375e+01
2.029092407226562500e+01
2.023309898376464844e+01
2.023476600646972656e+01
2.025030708312988281e+01
2.025775146484375000e+01
2.027385711669921875e+01
2.027034759521484375e+01
2.028726768493652344e+01
2.027541923522949219e+01
2.027433776855468750e+01
2.027041625976562500e+01
2.026453018188476562e+01
2.025950431823730469e+01
2.025850105285644531e+01
2.026881217956542969e+01
2.026154899597167969e+01
2.026408386230468750e+01
2.024922943115234375e+01
2.028087425231933594e+01
2.026556396484375000e+01
2.031598854064941406e+01
2.029324531555175781e+01
2.025590705871582031e+01
2.024785614013671875e+01
2.025874137878417969e+01
2.026565361022949219e+01
2.023272705078125000e+01
2.024301910400390625e+01
2.023515129089355469e+01
2.025279998779296875e+01
2.024801254272460938e+01
2.027661323547363281e+01
2.025105094909667969e+01
2.025480270385742188e+01
2.024696350097656250e+01
2.029665946960449219e+01
2.024859046936035156e+01
2.029084587097167969e+01
2.024835968017578125e+01
2.023113822937011719e+01
2.028843307495117188e+01
2.027418899536132812e+01
2.024100685119628906e+01
2.021938705444335938e+01
2.023604965209960938e+01
2.026150894165039062e+01
2.027934837341308594e+01
2.023886680603027344e+01
2.029042434692382812e+01
2.025672531127929688e+01
2.023868751525878906e+01
2.025214385986328125e+01
2.025502967834472656e+01
2.027561759948730469e+01
2.024196243286132812e+01
2.026495742797851562e+01
2.028371238708496094e+01
2.027951812744140625e+01
2.023683357238769531e+01
2.029059219360351562e+01
2.027025604248046875e+01
2.026971244812011719e+01
2.025789451599121094e+01
2.028586196899414062e+01
2.030425453186035156e+01
2.027680778503417969e+01
2.026013374328613281e+01
2.028932571411132812e+01
2.027917289733886719e+01
2.025040245056152344e+01
2.027628326416015625e+01
2.027124404907226562e+01
2.025207901000976562e+01
2.030797576904296875e+01
2.026489257812500000e+01
2.024931144714355469e+01
2.025310325622558594e+01
2.027278518676757812e+01
2.027735710144042969e+01
2.025865936279296875e+01
2.025721359252929688e+01
2.027037811279296875e+01
2.027123451232910156e+01
2.025275993347167969e+01
2.027102851867675781e+01
2.027055358886718750e+01
2.026392364501953125e+01
2.024031066894531250e+01
2.026922035217285156e+01
2.029462051391601562e+01
2.024521827697753906e+01
2.027033042907714844e+01
2.023195075988769531e+01
2.024243927001953125e+01
2.026016044616699219e+01
2.026105308532714844e+01
2.029129219055175781e+01
2.026054382324218750e+01
2.024857711791992188e+01
2.025113105773925781e+01
2.023426628112792969e+01
2.025894927978515625e+01
2.026989936828613281e+01
2.023666954040527344e+01
2.026612663269042969e+01
2.024117279052734375e+01
2.026715087890625000e+01
2.026694488525390625e+01
2.026253890991210938e+01
2.026358032226562500e+01
2.027277755737304688e+01
2.028063201904296875e+01
2.026635742187500000e+01
2.026841163635253906e+01
2.027034378051757812e+01
2.025875854492187500e+01
2.025289916992187500e+01
2.026817512512207031e+01
2.025906372070312500e+01
2.024955177307128906e+01
2.022042465209960938e+01
2.025958442687988281e+01
2.028380966186523438e+01
2.024980926513671875e+01
2.025255393981933594e+01
2.029675865173339844e+01
2.027062416076660156e+01
2.022461128234863281e+01
2.024528884887695312e+01
2.026546478271484375e+01
2.023677825927734375e+01
2.026298713684082031e+01
2.026805305480957031e+01
2.027160263061523438e+01
2.024780845642089844e+01
2.028197097778320312e+01
2.023553276062011719e+01
2.026325035095214844e+01
2.025334930419921875e+01
2.023540687561035156e+01
2.024339294433593750e+01
2.025967407226562500e+01
2.027868843078613281e+01
2.024753952026367188e+01
2.026869964599609375e+01
2.024831390380859375e+01
2.025265693664550781e+01
2.029310417175292969e+01
2.031079101562500000e+01
2.024751472473144531e+01
2.026658248901367188e+01
2.026236724853515625e+01
2.026462745666503906e+01
2.024060630798339844e+01
2.025645828247070312e+01
