2.031013679504394531e+01
2.022240257263183594e+01
2.021589660644531250e+01
2.021202850341796875e+01
2.006896781921386719e+01
1.991608810424804688e+01
2.008710098266601562e+01
2.005620002746582031e+01
2.007421684265136719e+01
1.975989723205566406e+01
1.953759574890136719e+01
1.946562767028808594e+01
1.930214691162109375e+01
1.922346878051757812e+01
1.920672416687011719e+01
1.900916481018066406e+01
1.884033203125000000e+01
1.871608352661132812e+01
1.849039840698242188e+01
1.825068855285644531e+01
1.800402832031250000e+01
1.766820716857910156e+01
1.744660377502441406e+01
1.702194023132324219e+01
1.668859291076660156e+01
1.635021018981933594e+01
1.599500751495361328e+01
1.564916133880615234e+01
1.521767044067382812e+01
1.491088771820068359e+01
1.457221698760986328e+01
1.434073638916015625e+01
1.403206729888916016e+01
1.377405452728271484e+01
1.348901557922363281e+01
1.325399398803710938e+01
1.295398330688476562e+01
1.269068145751953125e+01
1.247149467468261719e+01
1.223791694641113281e+01
1.196517753601074219e+01
1.175481128692626953e+01
1.162215709686279297e+01
1.149641132354736328e+01
1.125621414184570312e+01
1.112165069580078125e+01
1.092774963378906250e+01
1.077723121643066406e+01
1.065847301483154297e+01
1.051837539672851562e+01
1.040744781494140625e+01
1.026532840728759766e+01
1.016271591186523438e+01
1.001900196075439453e+01
9.922858238220214844e+00
9.860742568969726562e+00
9.718121528625488281e+00
9.659692764282226562e+00
9.517403602600097656e+00
9.465982437133789062e+00
9.346238136291503906e+00
9.267998695373535156e+00
9.229146957397460938e+00
9.161203384399414062e+00
9.048857688903808594e+00
9.016113281250000000e+00
8.989872932434082031e+00
8.861334800720214844e+00
8.820065498352050781e+00
8.745612144470214844e+00
8.689077377319335938e+00
8.623466491699218750e+00
8.564275741577148438e+00
8.499106407165527344e+00
8.498392105102539062e+00
8.457573890686035156e+00
8.336215972900390625e+00
8.328174591064453125e+00
8.227453231811523438e+00
8.203304290771484375e+00
8.146004676818847656e+00
8.106877326965332031e+00
8.053336143493652344e+00
7.998511791229248047e+00
7.994559288024902344e+00
7.941783428192138672e+00
7.922020912170410156e+00
7.916823387145996094e+00
7.849681377410888672e+00
7.749546051025390625e+00
7.671323299407958984e+00
7.700946331024169922e+00
7.718262672424316406e+00
7.616942405700683594e+00
7.609158515930175781e+00
7.567650794982910156e+00
7.568462371826171875e+00
7.502576351165771484e+00
7.489953041076660156e+00
7.421529769897460938e+00
7.388847827911376953e+00
7.383198261260986328e+00
7.346868038177490234e+00
7.258126735687255859e+00
7.261213302612304688e+00
7.263817310333251953e+00
7.309576511383056641e+00
7.220174312591552734e+00
7.188857078552246094e+00
7.152950763702392578e+00
7.144910335540771484e+00
7.037730693817138672e+00
7.043865680694580078e+00
7.043076515197753906e+00
7.077264785766601562e+00
6.974065780639648438e+00
6.949423313140869141e+00
6.977431297302246094e+00
6.929887294769287109e+00
6.913513183593750000e+00
6.920193672180175781e+00
6.889634609222412109e+00
6.841826438903808594e+00
6.868863105773925781e+00
6.820283412933349609e+00
6.842973232269287109e+00
6.784232616424560547e+00
6.772099018096923828e+00
6.753704071044921875e+00
6.694147109985351562e+00
6.751129627227783203e+00
6.726698398590087891e+00
6.681207180023193359e+00
6.703887462615966797e+00
6.697608470916748047e+00
6.661828994750976562e+00
6.629679679870605469e+00
6.614612579345703125e+00
6.670616626739501953e+00
6.545611381530761719e+00
6.581796646118164062e+00
6.549305915832519531e+00
6.485138893127441406e+00
6.597580432891845703e+00
6.505580902099609375e+00
6.531408309936523438e+00
6.529325962066650391e+00
6.478293418884277344e+00
6.433665275573730469e+00
6.445771694183349609e+00
6.452560901641845703e+00
6.439733505249023438e+00
6.401590824127197266e+00
6.369526386260986328e+00
6.436380386352539062e+00
6.386247634887695312e+00
6.373060703277587891e+00
6.384881019592285156e+00
6.291127681732177734e+00
6.264753818511962891e+00
6.324291229248046875e+00
6.316277027130126953e+00
6.258376121520996094e+00
6.256238937377929688e+00
6.231787681579589844e+00
6.265348434448242188e+00
6.249491214752197266e+00
6.185878276824951172e+00
6.194283485412597656e+00
6.206629753112792969e+00
6.185484886169433594e+00
6.148282051086425781e+00
6.153589248657226562e+00
6.130052566528320312e+00
6.133141040802001953e+00
6.206497192382812500e+00
6.162600040435791016e+00
6.161862373352050781e+00
6.087455749511718750e+00
6.107639789581298828e+00
6.089374542236328125e+00
6.102970123291015625e+00
6.126080036163330078e+00
6.033944606781005859e+00
6.047807693481445312e+00
6.022818565368652344e+00
6.056232929229736328e+00
6.038329124450683594e+00
6.008873462677001953e+00
5.976977825164794922e+00
6.027543544769287109e+00
5.990367412567138672e+00
6.009638309478759766e+00
5.997808456420898438e+00
5.911333560943603516e+00
5.942168712615966797e+00
5.995967388153076172e+00
5.929063320159912109e+00
6.023644447326660156e+00
5.902672290802001953e+00
5.945354938507080078e+00
5.914222240447998047e+00
5.887651920318603516e+00
5.891716957092285156e+00
5.829778671264648438e+00
5.864950656890869141e+00
5.826206684112548828e+00
5.894538879394531250e+00
5.870599746704101562e+00
5.863115787506103516e+00
5.838636875152587891e+00
5.772078037261962891e+00
5.846754074096679688e+00
5.747150421142578125e+00
5.845017910003662109e+00
5.830145359039306641e+00
5.781114578247070312e+00
5.732573509216308594e+00
5.782097339630126953e+00
5.763738155364990234e+00
5.749940395355224609e+00
5.782679557800292969e+00
5.731053352355957031e+00
5.724030494689941406e+00
5.806125164031982422e+00
5.742887496948242188e+00
5.732670307159423828e+00
5.770501613616943359e+00
5.683842658996582031e+00
5.692837715148925781e+00
5.687880516052246094e+00
5.703257083892822266e+00
5.706621646881103516e+00
5.707734107971191406e+00
5.640608310699462891e+00
5.701666355133056641e+00
5.644299030303955078e+00
5.629721641540527344e+00
5.618003368377685547e+00
5.663928508758544922e+00
5.677569389343261719e+00
5.653276443481445312e+00
5.615923404693603516e+00
5.590542316436767578e+00
5.645868301391601562e+00
5.606936931610107422e+00
5.654089450836181641e+00
5.640961647033691406e+00
5.616845607757568359e+00
5.564625740051269531e+00
5.552417755126953125e+00
5.545169353485107422e+00
5.589514732360839844e+00
5.531930446624755859e+00
5.551580429077148438e+00
5.510116577148437500e+00
5.546874523162841797e+00
5.548902511596679688e+00
5.476647853851318359e+00
5.563780307769775391e+00
5.477651119232177734e+00
5.562082767486572266e+00
5.474467277526855469e+00
5.513322830200195312e+00
5.494251728057861328e+00
5.514496326446533203e+00
5.467079162597656250e+00
5.497893810272216797e+00
5.519730567932128906e+00
5.430740833282470703e+00
5.459197998046875000e+00
5.478923797607421875e+00
5.435274124145507812e+00
5.443520069122314453e+00
5.409461021423339844e+00
5.472059249877929688e+00
5.502743244171142578e+00
5.435181140899658203e+00
5.426253318786621094e+00
5.415628910064697266e+00
5.403197765350341797e+00
5.456205368041992188e+00
5.432152271270751953e+00
5.361042022705078125e+00
5.364725112915039062e+00
5.354741573333740234e+00
5.379203796386718750e+00
5.392035484313964844e+00
5.397456645965576172e+00
5.371424674987792969e+00
5.391460895538330078e+00
5.392643928527832031e+00
5.290085792541503906e+00
5.385459423065185547e+00
5.273776531219482422e+00
5.331865310668945312e+00
5.329734325408935547e+00
5.304074287414550781e+00
5.373537063598632812e+00
5.283503532409667969e+00
5.283675670623779297e+00
5.280598640441894531e+00
5.302910804748535156e+00
5.278378486633300781e+00
5.308856487274169922e+00
5.223260879516601562e+00
5.296744346618652344e+00
5.269139289855957031e+00
5.235891819000244141e+00
5.236163616180419922e+00
5.282710075378417969e+00
5.236917018890380859e+00
5.235391139984130859e+00
5.262839317321777344e+00
5.224580764770507812e+00
5.246660709381103516e+00
5.234241962432861328e+00
5.170663356781005859e+00
5.254933357238769531e+00
5.173813343048095703e+00
5.287490844726562500e+00
5.163141250610351562e+00
5.214937686920166016e+00
5.177490711212158203e+00
5.248929500579833984e+00
5.237755298614501953e+00
5.210660457611083984e+00
5.219750404357910156e+00
5.217603683471679688e+00
5.156030654907226562e+00
5.165071487426757812e+00
5.139432907104492188e+00
5.143364429473876953e+00
5.173036098480224609e+00
5.146944046020507812e+00
5.161468029022216797e+00
5.165401935577392578e+00
5.195420265197753906e+00
5.196765422821044922e+00
5.137805461883544922e+00
5.235401630401611328e+00
5.180511951446533203e+00
5.191882133483886719e+00
5.119615077972412109e+00
5.111381053924560547e+00
5.122275829315185547e+00
5.147724628448486328e+00
5.163579463958740234e+00
5.138642787933349609e+00
5.109626770019531250e+00
5.142485141754150391e+00
5.134759902954101562e+00
5.128583431243896484e+00
5.142231464385986328e+00
5.106867313385009766e+00
5.075995922088623047e+00
5.077676296234130859e+00
5.051144599914550781e+00
5.059956550598144531e+00
5.069361209869384766e+00
5.037041664123535156e+00
5.086555004119873047e+00
5.037562370300292969e+00
5.070745468139648438e+00
5.121313571929931641e+00
5.106653690338134766e+00
5.063595294952392578e+00
5.048253536224365234e+00
5.066005706787109375e+00
5.114894390106201172e+00
5.055015087127685547e+00
5.023450374603271484e+00
5.058167934417724609e+00
5.017536163330078125e+00
5.015241622924804688e+00
5.046332359313964844e+00
5.017292976379394531e+00
5.002525806427001953e+00
4.933670043945312500e+00
4.948251247406005859e+00
4.994337558746337891e+00
5.019161224365234375e+00
4.963616371154785156e+00
4.944601058959960938e+00
4.970305442810058594e+00
4.984499454498291016e+00
5.020270347595214844e+00
4.960253238677978516e+00
4.959871292114257812e+00
4.911805152893066406e+00
4.950357437133789062e+00
4.984702110290527344e+00
4.959404945373535156e+00
5.048181056976318359e+00
4.922555923461914062e+00
4.954171180725097656e+00
4.963231086730957031e+00
4.894391536712646484e+00
4.966595172882080078e+00
4.901051044464111328e+00
4.988544940948486328e+00
4.924590587615966797e+00
4.893857955932617188e+00
4.912473678588867188e+00
4.838788509368896484e+00
4.939786911010742188e+00
4.862033367156982422e+00
4.942159175872802734e+00
4.849200248718261719e+00
4.876555919647216797e+00
4.962687492370605469e+00
4.878787517547607422e+00
4.865672588348388672e+00
4.844647407531738281e+00
4.887666225433349609e+00
4.867513179779052734e+00
4.834475517272949219e+00
4.884956836700439453e+00
4.870297431945800781e+00
4.797488212585449219e+00
4.834571838378906250e+00
4.875762939453125000e+00
4.886704921722412109e+00
4.858918666839599609e+00
4.849329471588134766e+00
4.854716300964355469e+00
4.854725360870361328e+00
4.865546226501464844e+00
4.828390598297119141e+00
4.835606098175048828e+00
4.793586730957031250e+00
4.856657505035400391e+00
4.790819168090820312e+00
4.826211452484130859e+00
4.826398849487304688e+00
4.800055980682373047e+00
4.810354709625244141e+00
4.873888015747070312e+00
4.839848518371582031e+00
4.854131698608398438e+00
4.789664268493652344e+00
4.833862304687500000e+00
4.825455665588378906e+00
4.856855869293212891e+00
4.790368080139160156e+00
4.819671630859375000e+00
4.788643836975097656e+00
4.827435016632080078e+00
4.789763450622558594e+00
4.805807590484619141e+00
4.765658378601074219e+00
4.745468139648437500e+00
4.791060447692871094e+00
4.811402797698974609e+00
4.770398139953613281e+00
4.792406082153320312e+00
4.746617794036865234e+00
4.809239387512207031e+00
4.802644729614257812e+00
4.811835289001464844e+00
4.766885280609130859e+00
4.788788795471191406e+00
4.774015426635742188e+00
4.786526203155517578e+00
4.760899066925048828e+00
4.737370014190673828e+00
4.757585048675537109e+00
4.733764648437500000e+00
4.763264656066894531e+00
4.769569396972656250e+00
4.741520404815673828e+00
4.775074958801269531e+00
4.716580867767333984e+00
4.708192348480224609e+00
4.712221145629882812e+00
4.718852519989013672e+00
4.765440940856933594e+00
4.732192039489746094e+00
4.701792240142822266e+00
4.725632667541503906e+00
4.719889640808105469e+00
4.712130546569824219e+00
4.766839027404785156e+00
4.703248977661132812e+00
4.640236854553222656e+00
4.719621658325195312e+00
4.748968124389648438e+00
4.710891246795654297e+00
4.687291622161865234e+00
4.681185722351074219e+00
4.651495933532714844e+00
4.753261566162109375e+00
4.692328929901123047e+00
4.662665843963623047e+00
4.668686866760253906e+00
4.706522941589355469e+00
4.679587364196777344e+00
4.756673812866210938e+00
4.720465660095214844e+00
4.637063503265380859e+00
4.694825172424316406e+00
4.705498218536376953e+00
4.699193954467773438e+00
4.700598239898681641e+00
4.726950645446777344e+00
4.725734710693359375e+00
4.663993835449218750e+00
4.646762847900390625e+00
4.653017044067382812e+00
4.718481063842773438e+00
4.618315696716308594e+00
4.641541957855224609e+00
4.668828487396240234e+00
4.610737323760986328e+00
4.626905441284179688e+00
4.619810581207275391e+00
4.700372219085693359e+00
4.608601570129394531e+00
4.597354412078857422e+00
4.606571674346923828e+00
4.670953750610351562e+00
4.594216823577880859e+00
4.648037433624267578e+00
4.575947761535644531e+00
4.625670909881591797e+00
4.689038276672363281e+00
4.666882514953613281e+00
4.601179122924804688e+00
4.651975154876708984e+00
4.623332023620605469e+00
4.698127746582031250e+00
4.588752746582031250e+00
4.593556404113769531e+00
4.576950550079345703e+00
4.566230773925781250e+00
4.605383396148681641e+00
4.608859062194824219e+00
4.551703453063964844e+00
4.595991134643554688e+00
4.543488979339599609e+00
4.630121231079101562e+00
4.627775192260742188e+00
4.639513492584228516e+00
4.593409061431884766e+00
4.544929981231689453e+00
4.622827529907226562e+00
4.538689613342285156e+00
4.570260524749755859e+00
4.611269474029541016e+00
4.606802940368652344e+00
4.554649829864501953e+00
4.566651344299316406e+00
4.603479385375976562e+00
4.555341720581054688e+00
4.553258419036865234e+00
4.601769447326660156e+00
4.531864166259765625e+00
4.558847904205322266e+00
4.559326648712158203e+00
4.562825202941894531e+00
4.653665542602539062e+00
4.577037334442138672e+00
4.628118038177490234e+00
4.533501148223876953e+00
4.565639495849609375e+00
4.611589431762695312e+00
4.514342784881591797e+00
4.651517868041992188e+00
4.566832542419433594e+00
4.574293136596679688e+00
4.572142601013183594e+00
4.538575172424316406e+00
4.551990032196044922e+00
4.662970542907714844e+00
4.568327426910400391e+00
4.552451133728027344e+00
4.517918586730957031e+00
4.506692409515380859e+00
4.541049003601074219e+00
4.620829582214355469e+00
4.577404499053955078e+00
4.510873794555664062e+00
4.553640365600585938e+00
4.506468772888183594e+00
4.573621273040771484e+00
4.592677116394042969e+00
4.526710510253906250e+00
4.547705173492431641e+00
4.521209716796875000e+00
4.651158809661865234e+00
4.528334140777587891e+00
4.535209178924560547e+00
4.497673988342285156e+00
4.575315475463867188e+00
4.526458263397216797e+00
4.532795906066894531e+00
4.525549411773681641e+00
4.515040397644042969e+00
4.480503559112548828e+00
4.470285892486572266e+00
4.527028560638427734e+00
4.477832794189453125e+00
4.482760429382324219e+00
4.475703716278076172e+00
4.499896049499511719e+00
4.488865852355957031e+00
4.492083072662353516e+00
4.524812698364257812e+00
4.494970321655273438e+00
4.467696666717529297e+00
4.454592704772949219e+00
4.493709564208984375e+00
4.471948146820068359e+00
4.517087936401367188e+00
4.434295654296875000e+00
4.491985321044921875e+00
4.456532478332519531e+00
4.461843967437744141e+00
4.470983982086181641e+00
4.449556350708007812e+00
4.460265636444091797e+00
4.488008499145507812e+00
4.466782569885253906e+00
4.416515827178955078e+00
4.506735801696777344e+00
4.397912979125976562e+00
4.404498577117919922e+00
4.436332225799560547e+00
4.467492580413818359e+00
4.421479225158691406e+00
4.427215576171875000e+00
4.405789375305175781e+00
4.405200958251953125e+00
4.421244621276855469e+00
4.422235965728759766e+00
4.385677337646484375e+00
4.435610294342041016e+00
4.457574844360351562e+00
4.450383663177490234e+00
4.363409996032714844e+00
4.438448905944824219e+00
4.401124000549316406e+00
4.435912609100341797e+00
4.474676609039306641e+00
4.439745903015136719e+00
4.393324851989746094e+00
4.428089141845703125e+00
4.448481082916259766e+00
4.413636207580566406e+00
4.413675785064697266e+00
4.389434814453125000e+00
4.492753982543945312e+00
4.412420749664306641e+00
4.377653121948242188e+00
4.344105720520019531e+00
4.406759738922119141e+00
4.387986660003662109e+00
4.398290157318115234e+00
4.427915096282958984e+00
4.382594585418701172e+00
4.415141105651855469e+00
4.326414585113525391e+00
4.350561618804931641e+00
4.397000312805175781e+00
4.372196674346923828e+00
4.422673225402832031e+00
4.364671707153320312e+00
4.392211437225341797e+00
4.400740146636962891e+00
4.352133274078369141e+00
4.431439876556396484e+00
4.444098949432373047e+00
4.396495342254638672e+00
4.346442222595214844e+00
4.387907981872558594e+00
4.405506610870361328e+00
4.335425853729248047e+00
4.351805686950683594e+00
4.379117012023925781e+00
4.382932186126708984e+00
4.327724456787109375e+00
4.407104969024658203e+00
4.415188312530517578e+00
4.458404541015625000e+00
4.379773139953613281e+00
4.360082149505615234e+00
4.378675460815429688e+00
4.358812808990478516e+00
4.405689239501953125e+00
4.361007690429687500e+00
4.366457462310791016e+00
4.337124824523925781e+00
4.338186264038085938e+00
4.378747463226318359e+00
4.288762569427490234e+00
4.325794696807861328e+00
4.387563228607177734e+00
4.355153083801269531e+00
4.322936534881591797e+00
4.349246501922607422e+00
4.377307891845703125e+00
4.346848964691162109e+00
4.306193351745605469e+00
4.312366008758544922e+00
4.363979816436767578e+00
4.309600830078125000e+00
4.347236633300781250e+00
4.309870719909667969e+00
4.318609237670898438e+00
4.318996906280517578e+00
4.321037292480468750e+00
4.288918495178222656e+00
4.259440422058105469e+00
4.287962913513183594e+00
4.289623260498046875e+00
4.302169322967529297e+00
4.289014339447021484e+00
4.247894287109375000e+00
4.332016468048095703e+00
4.341356277465820312e+00
4.307400226593017578e+00
4.325997829437255859e+00
4.266458511352539062e+00
4.345718860626220703e+00
4.344128608703613281e+00
4.251115798950195312e+00
4.250304698944091797e+00
4.305331230163574219e+00
4.346632003784179688e+00
4.248398303985595703e+00
4.314336776733398438e+00
4.307257175445556641e+00
4.296517848968505859e+00
4.312347888946533203e+00
4.278336524963378906e+00
4.241495132446289062e+00
4.304318428039550781e+00
4.316476821899414062e+00
4.300957679748535156e+00
4.305255889892578125e+00
4.255723953247070312e+00
4.299748897552490234e+00
4.295319080352783203e+00
4.248292922973632812e+00
4.284176349639892578e+00
4.267845153808593750e+00
4.270999908447265625e+00
4.274815082550048828e+00
4.337838649749755859e+00
4.291662693023681641e+00
4.339607238769531250e+00
4.224087715148925781e+00
4.253781795501708984e+00
4.271291255950927734e+00
4.239120006561279297e+00
4.219270706176757812e+00
4.246792793273925781e+00
4.274320125579833984e+00
4.219962120056152344e+00
4.219186782836914062e+00
4.264219284057617188e+00
4.249228000640869141e+00
4.216374397277832031e+00
4.283497810363769531e+00
4.302627563476562500e+00
4.249453544616699219e+00
4.236282825469970703e+00
4.211998462677001953e+00
4.228649139404296875e+00
4.225219726562500000e+00
4.209832191467285156e+00
4.227905273437500000e+00
4.237905025482177734e+00
4.241786956787109375e+00
4.161107063293457031e+00
4.222387313842773438e+00
4.207526683807373047e+00
4.279820919036865234e+00
4.249424457550048828e+00
4.187846660614013672e+00
4.183320045471191406e+00
4.207149028778076172e+00
4.228415012359619141e+00
4.204981327056884766e+00
4.198694705963134766e+00
4.211167335510253906e+00
4.193310737609863281e+00
4.201704025268554688e+00
4.207808017730712891e+00
4.198253154754638672e+00
4.218027114868164062e+00
4.245300769805908203e+00
4.265117168426513672e+00
4.202627182006835938e+00
4.213760852813720703e+00
4.169940471649169922e+00
4.158694744110107422e+00
4.206294536590576172e+00
4.201246738433837891e+00
4.180341243743896484e+00
4.185348987579345703e+00
4.221596717834472656e+00
4.166420936584472656e+00
4.214140892028808594e+00
4.165143966674804688e+00
4.177275180816650391e+00
4.252444267272949219e+00
4.161507606506347656e+00
4.194023609161376953e+00
4.166177272796630859e+00
4.200241565704345703e+00
4.268054485321044922e+00
4.160374164581298828e+00
4.238067626953125000e+00
4.183386802673339844e+00
4.208020210266113281e+00
4.152427196502685547e+00
4.188819408416748047e+00
4.247954368591308594e+00
4.312055110931396484e+00
4.189785003662109375e+00
4.221993923187255859e+00
4.206681728363037109e+00
4.175114631652832031e+00
4.189674377441406250e+00
4.159492015838623047e+00
4.214785575866699219e+00
4.158375740051269531e+00
4.145816802978515625e+00
4.178204059600830078e+00
4.194227695465087891e+00
4.211317539215087891e+00
4.166156768798828125e+00
4.162503719329833984e+00
4.117660045623779297e+00
4.122466564178466797e+00
4.183712005615234375e+00
4.191235065460205078e+00
4.188830852508544922e+00
4.116184711456298828e+00
4.213071823120117188e+00
4.161270141601562500e+00
4.171659946441650391e+00
4.183909893035888672e+00
4.139707565307617188e+00
4.179084300994873047e+00
4.113741397857666016e+00
4.169679164886474609e+00
4.173317432403564453e+00
4.108102798461914062e+00
4.133907794952392578e+00
4.186723232269287109e+00
4.160066127777099609e+00
4.144311428070068359e+00
4.172620296478271484e+00
4.153282165527343750e+00
4.190627574920654297e+00
4.181590080261230469e+00
4.107047557830810547e+00
4.164788246154785156e+00
4.143637657165527344e+00
4.126472473144531250e+00
4.131557941436767578e+00
4.133743762969970703e+00
4.170786857604980469e+00
4.114835739135742188e+00
4.082728385925292969e+00
4.088535308837890625e+00
4.114227771759033203e+00
4.155314922332763672e+00
4.122544765472412109e+00
4.118488788604736328e+00
4.126222133636474609e+00
4.125658512115478516e+00
4.216588973999023438e+00
4.127604961395263672e+00
4.084551334381103516e+00
4.104366779327392578e+00
4.131433010101318359e+00
4.115540504455566406e+00
4.083196640014648438e+00
4.104717731475830078e+00
4.134254455566406250e+00
4.126982688903808594e+00
4.151530265808105469e+00
4.112510204315185547e+00
4.075362682342529297e+00
4.090118885040283203e+00
4.120411872863769531e+00
4.160809516906738281e+00
4.127586841583251953e+00
4.155185222625732422e+00
4.131332874298095703e+00
4.110630989074707031e+00
4.099891185760498047e+00
4.064017772674560547e+00
4.080858707427978516e+00
4.079137802124023438e+00
4.085545539855957031e+00
4.116712093353271484e+00
4.054762363433837891e+00
4.046993732452392578e+00
4.112938404083251953e+00
4.084479331970214844e+00
4.085286140441894531e+00
4.057842254638671875e+00
4.096512317657470703e+00
4.068476200103759766e+00
4.048211097717285156e+00
4.096877574920654297e+00
4.055840969085693359e+00
4.035059928894042969e+00
4.138498306274414062e+00
4.110284805297851562e+00
4.037982940673828125e+00
4.064764022827148438e+00
4.044837474822998047e+00
4.109750270843505859e+00
4.074631214141845703e+00
4.066638469696044922e+00
4.055185794830322266e+00
4.104073047637939453e+00
4.092092037200927734e+00
4.085437297821044922e+00
4.027950763702392578e+00
4.100056648254394531e+00
4.117382049560546875e+00
4.026632785797119141e+00
4.135394096374511719e+00
4.050604820251464844e+00
4.137177944183349609e+00
4.075539112091064453e+00
4.136574268341064453e+00
4.074478626251220703e+00
4.032351016998291016e+00
4.053792953491210938e+00
4.056733131408691406e+00
4.107124805450439453e+00
4.029150009155273438e+00
4.090297698974609375e+00
4.136560916900634766e+00
4.031418323516845703e+00
4.066869735717773438e+00
4.017042636871337891e+00
4.027714252471923828e+00
4.100210189819335938e+00
4.049214363098144531e+00
4.086547851562500000e+00
4.115695476531982422e+00
4.145829677581787109e+00
4.059068202972412109e+00
4.012991428375244141e+00
4.026926517486572266e+00
4.029452800750732422e+00
4.080025672912597656e+00
4.072575569152832031e+00
4.054927825927734375e+00
4.029887676239013672e+00
4.050360679626464844e+00
4.057799339294433594e+00
4.040577888488769531e+00
4.076161384582519531e+00
4.067649364471435547e+00
4.018455028533935547e+00
4.135931968688964844e+00
4.010849475860595703e+00
4.015308380126953125e+00
4.064573287963867188e+00
4.004861354827880859e+00
4.009027004241943359e+00
4.032175540924072266e+00
4.057864189147949219e+00
4.043141841888427734e+00
4.101075649261474609e+00
4.079046726226806641e+00
4.055337905883789062e+00
4.026875495910644531e+00
4.029388427734375000e+00
3.995401859283447266e+00
4.018124103546142578e+00
4.058992385864257812e+00
4.015033245086669922e+00
4.024308204650878906e+00
4.040265560150146484e+00
4.036256313323974609e+00
4.060906887054443359e+00
4.024577140808105469e+00
4.037531852722167969e+00
4.006737709045410156e+00
3.968702316284179688e+00
3.973663330078125000e+00
4.014369487762451172e+00
4.006478786468505859e+00
4.060783863067626953e+00
3.984802007675170898e+00
4.046253681182861328e+00
4.029740810394287109e+00
4.052049160003662109e+00
3.982889413833618164e+00
4.019279479980468750e+00
