8.432302623987197876e-02
7.388977706432342529e-02
3.691582754254341125e-02
2.713661640882492065e-02
2.287642657756805420e-02
2.015002258121967316e-02
1.804259791970252991e-02
1.609207130968570709e-02
1.444471906870603561e-02
1.294627133756875992e-02
1.201083231717348099e-02
1.086362544447183609e-02
1.006166264414787292e-02
9.395405650138854980e-03
8.808822371065616608e-03
8.472484536468982697e-03
7.673954125493764877e-03
7.913292385637760162e-03
7.207313552498817444e-03
6.705068051815032959e-03
6.585205905139446259e-03
6.435947958379983902e-03
5.920804571360349655e-03
6.140786688774824142e-03
5.725140683352947235e-03
5.162562243640422821e-03
5.513295531272888184e-03
5.389288533478975296e-03
5.042764358222484589e-03
5.361258052289485931e-03
4.887334071099758148e-03
4.404367879033088684e-03
4.868817515671253204e-03
5.041040945798158646e-03
4.591247066855430603e-03
4.550678655505180359e-03
4.037283826619386673e-03
4.614771343767642975e-03
4.634979646652936935e-03
4.504968877881765366e-03
3.960067871958017349e-03
4.200286231935024261e-03
3.943609073758125305e-03
4.201039671897888184e-03
3.852242371067404747e-03
4.272174090147018433e-03
3.683837596327066422e-03
4.204634577035903931e-03
3.983555827289819717e-03
3.767858492210507393e-03
3.487458452582359314e-03
3.991990350186824799e-03
4.076399840414524078e-03
3.451340598985552788e-03
3.656838322058320045e-03
3.940202761441469193e-03
3.243915503844618797e-03
3.118114545941352844e-03
3.397525055333971977e-03
3.691450692713260651e-03
3.737088292837142944e-03
3.284762613475322723e-03
3.043857170268893242e-03
3.333907341584563255e-03
3.200771985575556755e-03
3.172978293150663376e-03
3.295682370662689209e-03
2.933059353381395340e-03
2.982039237394928932e-03
3.690180368721485138e-03
3.068417543545365334e-03
3.043190576136112213e-03
3.401877125725150108e-03
2.784535521641373634e-03
3.158484818413853645e-03
3.422365756705403328e-03
2.833387348800897598e-03
2.926412038505077362e-03
2.868402516469359398e-03
3.179609309881925583e-03
2.968146698549389839e-03
3.266852349042892456e-03
2.654850250110030174e-03
2.551609184592962265e-03
3.626759862527251244e-03
2.521217800676822662e-03
2.467098413035273552e-03
3.208942944183945656e-03
3.023414872586727142e-03
2.441151998937129974e-03
3.199140308424830437e-03
2.611746313050389290e-03
2.357623307034373283e-03
2.403818769380450249e-03
3.523225430399179459e-03
2.766194986179471016e-03
2.423463389277458191e-03
2.438534982502460480e-03
2.367122797295451164e-03
2.863794565200805664e-03
3.131764708086848259e-03
2.621325431391596794e-03
2.389526925981044769e-03
3.152230521664023399e-03
2.487902529537677765e-03
2.250441117212176323e-03
2.705696504563093185e-03
2.732592867687344551e-03
2.439298899844288826e-03
2.480982569977641106e-03
2.665582345798611641e-03
2.588260686025023460e-03
2.645281609147787094e-03
2.399213844910264015e-03
2.303623594343662262e-03
2.329561160877346992e-03
2.435987349599599838e-03
2.192507497966289520e-03
2.490178681910037994e-03
2.749563427641987801e-03
2.301384927704930305e-03
2.314298413693904877e-03
2.276069018989801407e-03
2.981880214065313339e-03
2.551306504756212234e-03
2.255982020869851112e-03
1.973087200894951820e-03
2.421968383714556694e-03
2.340355655178427696e-03
2.754202112555503845e-03
2.211286220699548721e-03
2.367045497521758080e-03
2.080628182739019394e-03
2.305765636265277863e-03
2.170732710510492325e-03
2.436939161270856857e-03
1.971529331058263779e-03
1.962498528882861137e-03
2.502184594050049782e-03
2.126234816387295723e-03
2.168454462662339211e-03
2.154139103367924690e-03
2.712540095672011375e-03
2.105120103806257248e-03
2.307488583028316498e-03
2.041535452008247375e-03
1.858319737948477268e-03
2.095564268529415131e-03
2.350570168346166611e-03
2.444398822262883186e-03
2.201537368819117546e-03
2.019600244238972664e-03
2.124452963471412659e-03
2.744101453572511673e-03
1.839528908021748066e-03
1.856663380749523640e-03
2.119551645591855049e-03
2.162254415452480316e-03
1.882188953459262848e-03
2.343247411772608757e-03
2.760574687272310257e-03
2.124449936673045158e-03
1.821703743189573288e-03
1.766976201906800270e-03
2.447501057758927345e-03
2.215573564171791077e-03
2.000504871830344200e-03
1.917136949487030506e-03
1.805101521313190460e-03
1.829746412113308907e-03
2.404553815722465515e-03
2.021214459091424942e-03
2.025606576353311539e-03
2.088869456201791763e-03
1.930695725604891777e-03
2.109371591359376907e-03
1.894150627776980400e-03
2.095262287184596062e-03
1.880822703242301941e-03
1.955842133611440659e-03
1.984871923923492432e-03
1.780235092155635357e-03
1.881687436252832413e-03
2.180689712986350060e-03
1.930792001076042652e-03
1.937547582201659679e-03
2.232133178040385246e-03
2.046677516773343086e-03
1.701500150375068188e-03
2.089044312015175819e-03
1.970122102648019791e-03
1.703985733911395073e-03
1.686281990259885788e-03
2.189541235566139221e-03
1.857382012531161308e-03
1.777035999111831188e-03
1.937126624397933483e-03
1.841566991060972214e-03
1.907266560010612011e-03
1.833359128795564175e-03
1.921713002957403660e-03
2.050554379820823669e-03
1.976721221581101418e-03
1.900896546430885792e-03
1.872989232651889324e-03
1.657415181398391724e-03
1.671403530053794384e-03
1.851866836659610271e-03
2.021422376856207848e-03
1.871924847364425659e-03
1.858175266534090042e-03
1.878475537523627281e-03
1.647981698624789715e-03
1.610965118743479252e-03
1.645587617531418800e-03
2.134661655873060226e-03
2.026373287662863731e-03
1.595078501850366592e-03
1.594633795320987701e-03
2.063721418380737305e-03
1.920086680911481380e-03
1.715337391942739487e-03
1.675830804742872715e-03
1.694292062893509865e-03
1.568694249726831913e-03
1.826258143410086632e-03
2.029304625466465950e-03
1.756438752636313438e-03
1.900661271065473557e-03
1.712718978524208069e-03
1.827688654884696007e-03
1.578019466251134872e-03
2.137166913598775864e-03
1.939854584634304047e-03
1.550304936245083809e-03
1.536347437649965286e-03
1.577553804963827133e-03
1.679376000538468361e-03
2.037044381722807884e-03
1.853555324487388134e-03
1.685480237938463688e-03
1.620537601411342621e-03
1.607131445780396461e-03
1.782849314622581005e-03
1.581117976456880569e-03
2.001507673412561417e-03
1.601826515980064869e-03
1.542882644571363926e-03
1.946108182892203331e-03
1.617519650608301163e-03
1.580427517183125019e-03
1.706988783553242683e-03
1.927180332131683826e-03
1.716121565550565720e-03
1.924075768329203129e-03
1.489697606302797794e-03
1.598435570485889912e-03
1.535086194053292274e-03
1.840027282014489174e-03
1.539416261948645115e-03
1.628585509024560452e-03
1.605438767001032829e-03
1.641616923734545708e-03
1.739496248774230480e-03
1.556139322929084301e-03
1.638983376324176788e-03
1.604806631803512573e-03
1.553073758259415627e-03
1.666497089900076389e-03
2.043162239715456963e-03
1.681215944699943066e-03
1.538642682135105133e-03
1.403165631927549839e-03
1.476520672440528870e-03
2.189661143347620964e-03
1.475235330872237682e-03
1.830461318604648113e-03
1.420584972947835922e-03
1.919092959724366665e-03
1.493813702836632729e-03
1.348001533187925816e-03
1.500378712080419064e-03
1.809789799153804779e-03
1.685974420979619026e-03
1.727990806102752686e-03
1.485263230279088020e-03
1.390210469253361225e-03
1.657411688938736916e-03
1.535959891043603420e-03
1.706039765849709511e-03
1.717654988169670105e-03
1.543881138786673546e-03
1.484221429564058781e-03
1.582470722496509552e-03
1.806839136406779289e-03
1.457584905438125134e-03
1.590731088072061539e-03
1.485536107793450356e-03
1.457288861274719238e-03
1.549416221678256989e-03
1.701447763480246067e-03
1.411234727129340172e-03
1.522058853879570961e-03
1.549645792692899704e-03
1.888790400698781013e-03
1.567745814099907875e-03
1.663743169046938419e-03
1.581630203872919083e-03
1.390896970406174660e-03
1.305651152506470680e-03
1.363189890980720520e-03
1.472693867981433868e-03
1.822625636123120785e-03
2.084542298689484596e-03
1.446822774596512318e-03
1.300033531151711941e-03
1.552374567836523056e-03
1.680228393524885178e-03
1.439088839106261730e-03
1.362864626571536064e-03
1.734205987304449081e-03
1.796317053958773613e-03
1.411557546816766262e-03
1.382091897539794445e-03
1.350640319287776947e-03
1.549920183606445789e-03
1.529172761365771294e-03
1.486252411268651485e-03
1.807030057534575462e-03
1.400226145051419735e-03
1.559806638397276402e-03
1.467473222874104977e-03
1.510339789092540741e-03
1.537163392640650272e-03
1.354688196443021297e-03
1.584981102496385574e-03
1.524183317087590694e-03
1.367139047943055630e-03
1.410364755429327488e-03
1.629580627195537090e-03
1.381696201860904694e-03
1.476920093409717083e-03
1.772665069438517094e-03
1.674796105362474918e-03
1.305777113884687424e-03
1.265750848688185215e-03
1.413951395079493523e-03
1.537256990559399128e-03
1.395365572534501553e-03
1.618508365936577320e-03
1.425517257302999496e-03
1.324779004789888859e-03
1.472672913223505020e-03
1.480898354202508926e-03
1.654490944929420948e-03
1.346046570688486099e-03
1.467608963139355183e-03
1.381383859552443027e-03
1.498382305726408958e-03
1.346671371720731258e-03
1.267361454665660858e-03
1.512368791736662388e-03
1.397471292875707150e-03
1.866344129666686058e-03
1.374507555738091469e-03
1.256973482668399811e-03
1.413148245774209499e-03
1.607989193871617317e-03
1.377256819978356361e-03
1.550502027384936810e-03
1.304727513343095779e-03
1.279241405427455902e-03
1.422935747541487217e-03
1.584459329023957253e-03
1.580363954417407513e-03
1.683922717347741127e-03
1.496659009717404842e-03
1.302188960835337639e-03
1.318549504503607750e-03
1.267723273485898972e-03
1.673358492553234100e-03
1.353882020339369774e-03
1.638255082070827484e-03
1.280408585444092751e-03
1.234356313943862915e-03
1.386016956530511379e-03
1.394297461956739426e-03
1.400901121087372303e-03
1.238206517882645130e-03
1.305958139710128307e-03
1.273952308110892773e-03
1.878759707324206829e-03
1.472278614528477192e-03
1.224100473336875439e-03
1.260714838281273842e-03
1.541014644317328930e-03
1.782282837666571140e-03
1.314271823503077030e-03
1.260032528080046177e-03
1.271501882001757622e-03
1.335908309556543827e-03
1.385691808536648750e-03
1.444134744815528393e-03
1.304332981817424297e-03
1.494249794632196426e-03
1.276401919312775135e-03
1.235672738403081894e-03
2.373079070821404457e-03
1.608594437129795551e-03
1.256809919141232967e-03
1.185402390547096729e-03
1.318496302701532841e-03
1.306778402067720890e-03
1.428611925803124905e-03
1.269310829229652882e-03
1.563343801535665989e-03
1.318578724749386311e-03
1.216882024891674519e-03
1.228725304827094078e-03
1.247542910277843475e-03
1.729204552248120308e-03
1.465535140596330166e-03
1.248261192813515663e-03
1.247526844963431358e-03
1.306939288042485714e-03
1.492740935645997524e-03
1.478156074881553650e-03
1.680722925812005997e-03
1.288121799007058144e-03
1.219469239003956318e-03
1.294184359721839428e-03
1.342654693871736526e-03
1.297073671594262123e-03
1.317008282057940960e-03
1.339208451099693775e-03
1.244064886122941971e-03
1.350689679384231567e-03
1.395577099174261093e-03
1.251410692930221558e-03
1.327275065705180168e-03
1.512094866484403610e-03
1.236250973306596279e-03
1.559520373120903969e-03
1.266630366444587708e-03
1.233373186551034451e-03
1.314431545324623585e-03
1.363172195851802826e-03
1.267311861738562584e-03
1.245248364284634590e-03
1.430868171155452728e-03
1.447062939405441284e-03
1.310285762883722782e-03
1.214482123032212257e-03
1.224583364091813564e-03
1.149910502135753632e-03
1.477522542700171471e-03
1.285251579247415066e-03
1.192298834212124348e-03
1.433005789294838905e-03
1.389281940646469593e-03
1.244535786099731922e-03
1.286900835111737251e-03
1.179912011139094830e-03
1.280049909837543964e-03
1.264781458303332329e-03
1.502164057455956936e-03
1.454494660720229149e-03
1.183432759717106819e-03
1.155279693193733692e-03
1.274120993912220001e-03
1.916907494887709618e-03
1.209419802762567997e-03
1.201794249936938286e-03
1.162789529189467430e-03
1.577971503138542175e-03
1.414795056916773319e-03
1.133383135311305523e-03
1.237117336131632328e-03
1.544905011542141438e-03
1.197133562527596951e-03
1.185477129183709621e-03
1.247647101990878582e-03
1.292884815484285355e-03
1.228482578881084919e-03
1.248687854968011379e-03
1.368311583064496517e-03
1.365671516396105289e-03
1.179816201329231262e-03
1.167819602414965630e-03
1.295181107707321644e-03
1.898720161989331245e-03
1.399741158820688725e-03
1.097042928449809551e-03
1.166981877759099007e-03
1.195392105728387833e-03
1.174575765617191792e-03
1.176835270598530769e-03
1.328589394688606262e-03
1.423039007931947708e-03
1.316267414949834347e-03
1.347835059277713299e-03
1.156087848357856274e-03
1.191158429719507694e-03
1.198296784423291683e-03
1.486561261117458344e-03
1.241197809576988220e-03
1.113660284318029881e-03
1.229222747497260571e-03
1.248526503331959248e-03
1.354146981611847878e-03
1.356084481813013554e-03
1.255790470167994499e-03
1.189432572573423386e-03
1.209105714224278927e-03
1.380153466016054153e-03
1.122058369219303131e-03
1.328335725702345371e-03
1.196523779071867466e-03
1.707346877083182335e-03
1.315626665018498898e-03
1.118108630180358887e-03
1.111200312152504921e-03
1.086425152607262135e-03
1.272466615773737431e-03
1.259918208234012127e-03
1.409427495673298836e-03
1.224467298015952110e-03
1.130499411374330521e-03
1.386228832416236401e-03
1.328046433627605438e-03
1.247012405656278133e-03
1.129719312302768230e-03
1.131935045123100281e-03
1.162398606538772583e-03
1.349989208392798901e-03
1.274908543564379215e-03
1.438392908312380314e-03
1.268457970581948757e-03
1.140248379670083523e-03
1.230084220878779888e-03
1.120054745115339756e-03
1.151360105723142624e-03
1.537589239887893200e-03
1.201146165840327740e-03
1.114516984671354294e-03
1.096661551855504513e-03
1.094995648600161076e-03
1.447450951673090458e-03
1.247542328201234341e-03
1.188556547276675701e-03
1.102523994632065296e-03
1.125471899285912514e-03
1.196944620460271835e-03
1.705783884972333908e-03
1.154662808403372765e-03
1.060215290635824203e-03
1.115302788093686104e-03
1.495477161370217800e-03
1.391615718603134155e-03
1.263340236619114876e-03
1.162944012321531773e-03
1.072689541615545750e-03
1.078134868294000626e-03
1.125470153056085110e-03
1.597098773345351219e-03
1.539284829050302505e-03
1.218734774738550186e-03
1.049092737957835197e-03
1.057559391483664513e-03
1.208061003126204014e-03
1.156801939941942692e-03
1.206962391734123230e-03
1.217763987369835377e-03
1.368167228065431118e-03
1.278486219234764576e-03
1.142400666140019894e-03
1.023839577101171017e-03
1.072178711183369160e-03
1.190590555779635906e-03
1.364435534924268723e-03
1.428094576112926006e-03
1.118666143156588078e-03
1.695090555585920811e-03
1.111426739953458309e-03
1.036468311212956905e-03
1.150720985606312752e-03
1.031954889185726643e-03
1.354317180812358856e-03
1.521919271908700466e-03
1.108572701923549175e-03
1.114843413233757019e-03
1.138204592280089855e-03
1.222032122313976288e-03
1.123158028349280357e-03
1.628471072763204575e-03
1.173143507912755013e-03
1.078130095265805721e-03
1.065221615135669708e-03
1.179050654172897339e-03
1.133383717387914658e-03
1.289115520194172859e-03
1.171815441921353340e-03
1.117626554332673550e-03
1.057043438777327538e-03
1.157918246462941170e-03
1.072590239346027374e-03
1.365023315884172916e-03
1.168009941466152668e-03
1.121127395890653133e-03
1.114084967412054539e-03
1.299433759413659573e-03
1.232630689628422260e-03
1.369140460155904293e-03
1.153455232270061970e-03
1.175926299765706062e-03
1.074873376637697220e-03
1.022304175421595573e-03
1.172396005131304264e-03
1.195025630295276642e-03
1.042157760821282864e-03
1.066449098289012909e-03
1.655732979997992516e-03
1.194260315969586372e-03
1.026485115289688110e-03
1.074755564332008362e-03
1.080448273569345474e-03
1.539533957839012146e-03
1.297727460041642189e-03
1.153439865447580814e-03
1.206602435559034348e-03
1.046305289492011070e-03
1.015439862385392189e-03
1.039740280248224735e-03
1.483183354139328003e-03
1.296847593039274216e-03
1.240577665157616138e-03
1.041857642121613026e-03
1.039633993059396744e-03
1.197430538013577461e-03
1.240747864358127117e-03
1.002279808744788170e-03
1.069518737494945526e-03
1.401920919306576252e-03
1.134179416112601757e-03
1.050824066624045372e-03
1.236943062394857407e-03
1.426558126695454121e-03
1.112137571908533573e-03
1.043197582475841045e-03
1.013167900964617729e-03
1.119364285841584206e-03
1.206484390422701836e-03
1.202274463139474392e-03
1.142941764555871487e-03
1.115658320486545563e-03
1.336993998847901821e-03
1.155568403191864491e-03
1.067000557668507099e-03
1.020828145556151867e-03
1.327905803918838501e-03
1.218971214257180691e-03
1.097616739571094513e-03
9.843790903687477112e-04
1.035673427395522594e-03
1.133078476414084435e-03
1.292324741370975971e-03
1.343166688457131386e-03
1.203503110446035862e-03
1.105218543671071529e-03
9.836159879341721535e-04
1.113693928346037865e-03
1.219550962559878826e-03
1.036284375004470348e-03
1.109078060835599899e-03
1.157556893303990364e-03
9.975323919206857681e-04
1.360266818664968014e-03
1.260310760699212551e-03
1.033567590638995171e-03
1.130446093156933784e-03
1.143639441579580307e-03
1.047109253704547882e-03
1.249481923878192902e-03
1.075377454981207848e-03
1.061611343175172806e-03
1.028064405545592308e-03
1.195613993331789970e-03
9.927512146532535553e-04
1.242090016603469849e-03
1.075822394341230392e-03
1.149902003817260265e-03
1.064803102053701878e-03
1.075929030776023865e-03
1.874892855994403362e-03
1.098494976758956909e-03
9.997728047892451286e-04
9.927605278789997101e-04
1.066201017238199711e-03
1.019595656543970108e-03
1.242065220139920712e-03
1.025381032377481461e-03
1.050480874255299568e-03
1.072085578925907612e-03
1.063540345057845116e-03
1.208704430609941483e-03
1.004757825285196304e-03
1.334912958554923534e-03
1.243937760591506958e-03
1.055552856996655464e-03
1.150825177319347858e-03
9.868441848084330559e-04
1.001357799395918846e-03
1.037229900248348713e-03
1.086765900254249573e-03
1.351547194644808769e-03
1.127364463172852993e-03
1.038532704114913940e-03
1.005637925118207932e-03
1.102384994737803936e-03
1.109717763029038906e-03
1.053156098350882530e-03
1.166717731393873692e-03
1.019851304590702057e-03
1.005879370495676994e-03
1.113348756916821003e-03
1.238870201632380486e-03
1.116638188250362873e-03
1.107714721001684666e-03
1.161366584710776806e-03
1.064201816916465759e-03
1.002541976049542427e-03
9.941327152773737907e-04
1.029015867970883846e-03
1.519972691312432289e-03
1.134925405494868755e-03
1.027662539854645729e-03
1.146556809544563293e-03
9.840205311775207520e-04
1.139222877100110054e-03
1.131163910031318665e-03
1.120770233683288097e-03
1.040690811350941658e-03
9.455472463741898537e-04
1.035738969221711159e-03
1.543673221021890640e-03
1.175746321678161621e-03
9.995570871978998184e-04
9.620191412977874279e-04
9.423860465176403522e-04
1.236186246387660503e-03
9.639713680371642113e-04
9.649794665165245533e-04
1.298068440519273281e-03
1.079749083146452904e-03
1.035095308907330036e-03
1.145222224295139313e-03
9.952520485967397690e-04
9.653224260546267033e-04
9.754597558639943600e-04
1.047310535795986652e-03
1.184029038995504379e-03
1.046367338858544827e-03
1.045892597176134586e-03
1.086038188077509403e-03
1.201380277052521706e-03
1.087738084606826305e-03
9.694375912658870220e-04
1.128555275499820709e-03
9.756310028024017811e-04
9.378973627462983131e-04
1.290189567953348160e-03
1.128964475356042385e-03
1.008128048852086067e-03
9.708653087727725506e-04
9.597468306310474873e-04
1.217810320667922497e-03
1.222113496623933315e-03
1.094176666811108589e-03
1.081810100004076958e-03
9.881043806672096252e-04
1.110662822611629963e-03
1.021949923597276211e-03
1.207703608088195324e-03
1.187388086691498756e-03
9.655170724727213383e-04
1.020915457047522068e-03
1.042471267282962799e-03
9.809202747419476509e-04
1.118433312512934208e-03
1.066452939994633198e-03
1.194025855511426926e-03
1.084013725630939007e-03
9.243083768524229527e-04
9.302948601543903351e-04
1.316447509452700615e-03
9.873706148937344551e-04
1.119731925427913666e-03
1.032375497743487358e-03
1.308611244894564152e-03
1.053610118106007576e-03
1.008596387691795826e-03
1.000973279587924480e-03
9.779052343219518661e-04
1.077952445484697819e-03
9.795875521376729012e-04
9.801301639527082443e-04
1.023049233481287956e-03
9.709139703772962093e-04
1.100356574170291424e-03
1.083670649677515030e-03
1.155745820142328739e-03
9.398085530847311020e-04
1.063410891219973564e-03
9.453064412809908390e-04
1.108877360820770264e-03
1.209861598908901215e-03
9.749969467520713806e-04
9.651242289692163467e-04
1.075021340511739254e-03
9.926941711455583572e-04
9.379385155625641346e-04
1.038644812069833279e-03
9.711299207992851734e-04
1.208630506880581379e-03
9.988928213715553284e-04
1.090898760594427586e-03
1.005305792205035686e-03
9.883438469842076302e-04
9.722324321046471596e-04
1.084710122086107731e-03
9.822923457249999046e-04
9.000772843137383461e-04
1.040416071191430092e-03
1.061635208316147327e-03
1.062578521668910980e-03
9.768623858690261841e-04
1.149883260950446129e-03
1.040339237079024315e-03
1.012079301290214062e-03
1.071898266673088074e-03
1.063889008946716785e-03
1.033820910379290581e-03
1.021820004098117352e-03
1.150634954683482647e-03
9.683117968961596489e-04
9.374246001243591309e-04
1.023023505695164204e-03
1.190686016343533993e-03
1.036393688991665840e-03
1.097191707231104374e-03
1.034354092553257942e-03
1.021459233015775681e-03
9.728134609758853912e-04
9.953220142051577568e-04
1.105534378439188004e-03
9.642852237448096275e-04
1.068608486093580723e-03
1.259488286450505257e-03
1.073763705790042877e-03
9.225108660757541656e-04
9.133751154877245426e-04
1.114391605369746685e-03
1.049420214258134365e-03
1.188311842270195484e-03
9.627519175410270691e-04
9.160814224742352962e-04
9.348289459012448788e-04
1.044680248014628887e-03
1.077548833563923836e-03
1.112389378249645233e-03
1.039428287185728550e-03
9.255751501768827438e-04
9.881968144327402115e-04
9.164717048406600952e-04
1.040019793435931206e-03
9.923970792442560196e-04
9.244575630873441696e-04
1.070943311788141727e-03
9.711474413052201271e-04
1.146828755736351013e-03
1.041381969116628170e-03
1.053188578225672245e-03
9.856576798483729362e-04
9.338816162198781967e-04
1.102194655686616898e-03
1.029096078127622604e-03
9.422044968232512474e-04
1.079329522326588631e-03
9.697799687273800373e-04
1.166440080851316452e-03
1.074406318366527557e-03
1.049446640536189079e-03
9.664662065915763378e-04
8.902866975404322147e-04
9.050676599144935608e-04
9.951913962140679359e-04
1.024784636683762074e-03
1.097782980650663376e-03
1.099782763049006462e-03
9.313379996456205845e-04
9.190583950839936733e-04
9.016981930471956730e-04
9.455109247937798500e-04
9.732790058478713036e-04
1.151020871475338936e-03
1.097207656130194664e-03
9.930881205946207047e-04
1.022028736770153046e-03
9.080817108042538166e-04
1.133641577325761318e-03
1.123866182751953602e-03
9.303432889282703400e-04
1.138365478254854679e-03
1.083176466636359692e-03
9.273731848224997520e-04
9.033745154738426208e-04
1.008232240565121174e-03
9.125692304223775864e-04
9.461323497816920280e-04
1.115081016905605793e-03
9.528947412036359310e-04
1.035300898365676403e-03
1.451745396479964256e-03
9.255354525521397591e-04
8.865101262927055359e-04
1.070011639967560768e-03
9.853179799392819405e-04
9.070332162082195282e-04
9.065349004231393337e-04
9.096215362660586834e-04
1.092103775590658188e-03
1.099352492019534111e-03
9.186849347315728664e-04
8.868674631230533123e-04
1.039813156239688396e-03
1.053112093359231949e-03
9.308912558481097221e-04
1.015987712889909744e-03
1.006753300316631794e-03
9.207461844198405743e-04
9.565736399963498116e-04
1.020672265440225601e-03
9.313750779256224632e-04
1.068055746145546436e-03
1.086397678591310978e-03
1.020630355924367905e-03
8.708139066584408283e-04
9.178222971968352795e-04
9.336840594187378883e-04
1.031768741086125374e-03
9.182759677059948444e-04
9.214155725203454494e-04
9.834604570642113686e-04
1.083575538359582424e-03
1.132107805460691452e-03
9.330704342573881149e-04
8.801213698461651802e-04
1.108691911213099957e-03
1.389865763485431671e-03
1.012826920486986637e-03
8.761420031078159809e-04
8.682656916789710522e-04
9.497032151557505131e-04
1.196467434056103230e-03
1.025979174301028252e-03
9.103009942919015884e-04
9.124335483647882938e-04
9.177864412777125835e-04
1.324216602370142937e-03
1.021045609377324581e-03
9.970600949600338936e-04
8.772750152274966240e-04
8.956632809713482857e-04
9.325447608716785908e-04
1.026434940285980701e-03
1.081166323274374008e-03
9.332736954092979431e-04
9.655593894422054291e-04
1.057859743013978004e-03
8.836125489324331284e-04
9.963323827832937241e-04
9.313960908912122250e-04
1.024719909764826298e-03
1.120839151553809643e-03
8.852322935126721859e-04
9.172532591037452221e-04
9.724567062221467495e-04
9.185043163597583771e-04
1.023196266032755375e-03
9.501828462816774845e-04
9.105773060582578182e-04
8.911555632948875427e-04
1.013360801152884960e-03
9.347481536678969860e-04
9.442089940421283245e-04
1.193310599774122238e-03
9.610156994313001633e-04
9.188155527226626873e-04
1.010174979455769062e-03
9.728000732138752937e-04
9.702885872684419155e-04
1.028505503199994564e-03
9.732074686326086521e-04
9.172816062346100807e-04
8.987432229332625866e-04
1.060862094163894653e-03
9.431228390894830227e-04
1.304511679336428642e-03
9.464543545618653297e-04
9.056960116140544415e-04
8.572296355850994587e-04
8.414002950303256512e-04
8.967549074441194534e-04
1.374504761770367622e-03
1.122872228734195232e-03
8.788648410700261593e-04
1.035219873301684856e-03
9.202374494634568691e-04
8.833162137307226658e-04
8.897042134776711464e-04
8.777266484685242176e-04
9.450353682041168213e-04
9.242449887096881866e-04
1.000875257886946201e-03
9.568633395247161388e-04
8.997232071124017239e-04
8.849255391396582127e-04
1.001374679617583752e-03
8.883116533979773521e-04
9.140711626969277859e-04
1.147605478763580322e-03
9.703311370685696602e-04
1.196909695863723755e-03
1.136251958087086678e-03
9.399115806445479393e-04
8.499962277710437775e-04
9.579251636750996113e-04
1.071196980774402618e-03
1.053030719049274921e-03
9.465569746680557728e-04
1.001435215584933758e-03
8.722741622477769852e-04
8.469523745588958263e-04
9.647129918448626995e-04
1.124479575082659721e-03
9.357587550766766071e-04
1.034302520565688610e-03
8.681325707584619522e-04
8.875359781086444855e-04
9.554813732393085957e-04
1.073692925274372101e-03
8.691001567058265209e-04
9.231661679223179817e-04
1.140743843279778957e-03
1.066855387762188911e-03
8.925434085540473461e-04
8.664228371344506741e-04
8.658699807710945606e-04
1.154004246927797794e-03
9.424348827451467514e-04
9.507969371043145657e-04
8.854102925397455692e-04
1.091784914024174213e-03
9.247065172530710697e-04
8.791864966042339802e-04
9.659635834395885468e-04
9.488472715020179749e-04
8.573334780521690845e-04
1.044573495164513588e-03
9.181660716421902180e-04
8.484098943881690502e-04
8.350663702003657818e-04
8.972058421932160854e-04
9.508040966466069221e-04
9.260263177566230297e-04
1.214450574479997158e-03
9.846575558185577393e-04
1.148508046753704548e-03
1.337636145763099194e-03
8.609865326434373856e-04
8.905146387405693531e-04
1.056117704138159752e-03
8.675534045323729515e-04
8.520166156813502312e-04
8.746929815970361233e-04
8.989944471977651119e-04
9.456176776438951492e-04
8.572763763368129730e-04
1.159847714006900787e-03
1.024025143124163151e-03
8.839882793836295605e-04
8.567502372898161411e-04
8.647378999739885330e-04
9.163774666376411915e-04
1.044290489517152309e-03
8.925325819291174412e-04
9.499840671196579933e-04
9.762914269231259823e-04
8.722057100385427475e-04
8.898490923456847668e-04
9.659172501415014267e-04
9.368225582875311375e-04
8.661313331685960293e-04
8.720111218281090260e-04
8.472549379803240299e-04
9.154605213552713394e-04
9.464292670600116253e-04
1.192551571875810623e-03
9.421058348380029202e-04
8.352983859367668629e-04
8.653036202304065228e-04
9.885770268738269806e-04
9.013196686282753944e-04
1.230739406310021877e-03
8.628133218735456467e-04
8.535909582860767841e-04
8.397626806981861591e-04
8.915730286389589310e-04
8.663723710924386978e-04
8.657433209009468555e-04
9.833022486418485641e-04
9.833092335611581802e-04
9.750342578627169132e-04
8.693387499079108238e-04
8.898787782527506351e-04
8.569532074034214020e-04
8.989741909317672253e-04
9.034582180902361870e-04
1.005220226943492889e-03
9.819333208724856377e-04
8.729611290618777275e-04
8.513729553669691086e-04
1.232045469805598259e-03
1.085144467651844025e-03
9.437557309865951538e-04
8.256413275375962257e-04
8.356674225069582462e-04
8.115607197396457195e-04
8.817192865535616875e-04
9.708158322609961033e-04
9.663565433584153652e-04
9.352688211947679520e-04
1.121152774430811405e-03
9.318868396803736687e-04
8.761937497183680534e-04
9.282080573029816151e-04
9.352976339869201183e-04
8.514398941770195961e-04
8.844080148264765739e-04
8.758996264077723026e-04
9.648188133724033833e-04
1.012329361401498318e-03
8.784188539721071720e-04
8.779318304732441902e-04
8.352914010174572468e-04
1.050137449055910110e-03
1.039510709233582020e-03
9.858635021373629570e-04
9.315942879766225815e-04
9.581561898812651634e-04
8.359109051525592804e-04
8.195762638933956623e-04
8.486250881105661392e-04
9.878870332613587379e-04
8.970696362666785717e-04
1.094994368031620979e-03
9.183214278891682625e-04
8.377276826649904251e-04
8.265588548965752125e-04
8.734291186556220055e-04
8.938821265473961830e-04
8.605066686868667603e-04
1.222861814312636852e-03
9.721023379825055599e-04
1.316940761171281338e-03
9.393069194629788399e-04
8.004632545635104179e-04
8.764087106101214886e-04
8.617696585133671761e-04
8.410942391492426395e-04
9.614248992875218391e-04
9.066918864846229553e-04
1.048562466166913509e-03
9.895602706819772720e-04
9.320428944192826748e-04
8.465269347652792931e-04
8.333875448442995548e-04
8.113090880215167999e-04
8.364670211449265480e-04
1.172874821349978447e-03
9.227505652233958244e-04
8.050237665884196758e-04
8.477075607515871525e-04
9.984037606045603752e-04
8.318235049955546856e-04
8.140477584674954414e-04
8.451255853287875652e-04
1.032876316457986832e-03
1.040529925376176834e-03
8.357028709724545479e-04
8.536314126104116440e-04
9.499473380856215954e-04
8.348345872946083546e-04
9.523223270662128925e-04
8.281281916424632072e-04
8.737244643270969391e-04
8.527127793058753014e-04
8.380689541809260845e-04
1.149740419350564480e-03
1.155958045274019241e-03
9.157309541478753090e-04
8.130507194437086582e-04
8.321828790940344334e-04
8.455173228867352009e-04
1.061519607901573181e-03
8.860835805535316467e-04
9.656356996856629848e-04
8.827903075143694878e-04
8.644903427921235561e-04
8.594546234235167503e-04
8.220011950470507145e-04
9.283423423767089844e-04
8.419177611358463764e-04
9.111470426432788372e-04
1.182155800051987171e-03
8.306562085635960102e-04
8.545286837033927441e-04
8.049033349379897118e-04
8.009064476937055588e-04
8.776977774687111378e-04
8.810117142274975777e-04
8.634774130769073963e-04
8.749273838475346565e-04
9.831176139414310455e-04
9.086345089599490166e-04
8.776399190537631512e-04
9.312988840974867344e-04
8.238493464887142181e-04
8.245867211371660233e-04
8.479586686007678509e-04
9.166927193291485310e-04
9.748995071277022362e-04
8.879830129444599152e-04
8.225166238844394684e-04
8.253827691078186035e-04
8.373310556635260582e-04
1.002729753963649273e-03
8.496473892591893673e-04
8.310788543894886971e-04
8.413312607444822788e-04
1.019513350911438465e-03
9.074193658307194710e-04
8.315553423017263412e-04
8.328986004926264286e-04
1.182713778689503670e-03
9.082053438760340214e-04
8.911939221434295177e-04
8.403682732023298740e-04
1.058371039107441902e-03
8.867484866641461849e-04
8.232752443291246891e-04
8.089683833532035351e-04
8.160076686181128025e-04
8.453992777504026890e-04
9.654652094468474388e-04
9.052159148268401623e-04
8.718244498595595360e-04
8.585050236433744431e-04
9.766869479790329933e-04
8.477887022309005260e-04
8.446613210253417492e-04
8.605850744061172009e-04
8.583299932070076466e-04
8.191771339625120163e-04
8.672181866131722927e-04
9.503103210590779781e-04
9.627824765630066395e-04
9.198501356877386570e-04
8.516339585185050964e-04
9.565054788254201412e-04
8.664235938340425491e-04
9.290019515901803970e-04
7.968926220200955868e-04
8.713198476471006870e-04
9.376545785926282406e-04
8.944356231950223446e-04
8.084326400421559811e-04
8.829594589769840240e-04
8.604573667980730534e-04
8.680137107148766518e-04
1.180777093395590782e-03
9.941131575033068657e-04
8.697825251147150993e-04
7.756862905807793140e-04
7.789660012349486351e-04
9.827663889154791832e-04
8.715043077245354652e-04
9.116652654483914375e-04
8.598355343565344810e-04
8.351506548933684826e-04
8.621519664302468300e-04
8.452446199953556061e-04
7.931746658869087696e-04
9.029342327266931534e-04
8.622528985142707825e-04
9.110340033657848835e-04
8.629926596768200397e-04
1.022701733745634556e-03
8.822688832879066467e-04
8.263536146841943264e-04
9.136553853750228882e-04
9.096909197978675365e-04
8.601022418588399887e-04
8.497064118273556232e-04
8.489731117151677608e-04
8.759878692217171192e-04
8.057579398155212402e-04
1.088340301066637039e-03
9.413202060386538506e-04
8.377510821446776390e-04
8.684110362082719803e-04
9.379966068081557751e-04
9.490252123214304447e-04
8.365561952814459801e-04
7.851924747228622437e-04
8.735108422115445137e-04
8.904094574972987175e-04
8.187211933545768261e-04
8.868676959536969662e-04
8.522953721694648266e-04
8.291826816275715828e-04
1.070246333256363869e-03
8.140305872075259686e-04
9.724530973471701145e-04
8.108487818390130997e-04
8.160027791745960712e-04
7.950437720865011215e-04
8.508354076184332371e-04
9.032222442328929901e-04
8.353229495696723461e-04
8.793688029982149601e-04
8.923907880671322346e-04
7.903656223788857460e-04
7.746451883576810360e-04
8.058637613430619240e-04
1.018974813632667065e-03
8.983433363027870655e-04
8.409965084865689278e-04
7.911963621154427528e-04
7.912401342764496803e-04
8.344058296643197536e-04
9.564024512656033039e-04
8.474229252897202969e-04
9.262387175112962723e-04
7.904700469225645065e-04
8.132732473313808441e-04
7.774204132147133350e-04
8.220704621635377407e-04
8.520831470377743244e-04
8.694934658706188202e-04
9.332721820101141930e-04
9.534328128211200237e-04
8.085546432994306087e-04
9.356382652185857296e-04
1.006923732347786427e-03
8.091480704024434090e-04
8.280822657980024815e-04
8.228432852774858475e-04
8.006946300156414509e-04
8.459835662506520748e-04
8.482793346047401428e-04
8.140454883687198162e-04
9.148886310867965221e-04
9.193125297315418720e-04
7.948317797854542732e-04
7.898589246906340122e-04
8.333015721291303635e-04
8.311983547173440456e-04
9.619696647860109806e-04
9.994845604524016380e-04
8.337349863722920418e-04
8.067518938332796097e-04
9.092971449717879295e-04
8.218354196287691593e-04
8.365796529687941074e-04
8.570160134695470333e-04
8.310569683089852333e-04
1.078130211681127548e-03
8.926173904910683632e-04
8.682371699251234531e-04
9.833738440647721291e-04
8.487285813316702843e-04
8.092967909760773182e-04
8.162227459251880646e-04
9.553793352097272873e-04
8.669267408549785614e-04
8.048388408496975899e-04
8.201915188692510128e-04
7.862183847464621067e-04
8.522521820850670338e-04
9.986156364902853966e-04
8.715573931112885475e-04
7.644760771654546261e-04
1.015802146866917610e-03
8.042250992730259895e-04
8.321704808622598648e-04
7.724736351519823074e-04
7.913858862593770027e-04
8.282838389277458191e-04
8.678107406012713909e-04
7.908401312306523323e-04
8.844452677294611931e-04
9.393363143317401409e-04
9.093647822737693787e-04
8.491886546835303307e-04
8.088513859547674656e-04
8.322888170368969440e-04
8.116101380437612534e-04
8.492997731082141399e-04
7.758719730190932751e-04
8.461729739792644978e-04
8.885817369446158409e-04
8.479818352498114109e-04
8.841581293381750584e-04
8.614474791102111340e-04
7.882887730374932289e-04
7.749772630631923676e-04
8.024291018955409527e-04
1.258770469576120377e-03
9.581986814737319946e-04
8.382906089536845684e-04
8.053801138885319233e-04
7.659242837689816952e-04
7.663912256248295307e-04
1.011829241178929806e-03
9.011264774017035961e-04
8.080356055870652199e-04
7.604989805258810520e-04
7.645839941687881947e-04
8.039320819079875946e-04
9.065243648365139961e-04
8.794186869636178017e-04
8.366834954358637333e-04
7.998408982530236244e-04
9.103615302592515945e-04
9.785090805962681770e-04
9.198875632137060165e-04
8.008205331861972809e-04
7.794148987159132957e-04
8.308429969474673271e-04
7.924457895569503307e-04
7.963476236909627914e-04
8.361458894796669483e-04
8.125667809508740902e-04
8.170117507688701153e-04
7.812457042746245861e-04
8.218982256948947906e-04
9.748239535838365555e-04
8.948819013312458992e-04
7.878323667682707310e-04
8.273866842500865459e-04
9.893107926473021507e-04
9.029569337144494057e-04
7.910565473139286041e-04
7.479143096134066582e-04
7.865831139497458935e-04
7.660837145522236824e-04
8.222942124120891094e-04
9.262016392312943935e-04
8.530076593160629272e-04
9.268245776183903217e-04
8.323703077621757984e-04
7.784782792441546917e-04
7.866509840823709965e-04
8.273161365650594234e-04
7.674878579564392567e-04
8.323352085426449776e-04
8.791531436145305634e-04
7.827096269465982914e-04
8.946541347540915012e-04
8.412894676439464092e-04
7.837504381313920021e-04
8.109668851830065250e-04
8.775758906267583370e-04
8.642103639431297779e-04
8.521580602973699570e-04
8.462548139505088329e-04
8.330448181368410587e-04
7.860897458158433437e-04
8.398738573305308819e-04
8.075833902694284916e-04
8.359079365618526936e-04
9.399103582836687565e-04
9.198717889375984669e-04
8.588024065829813480e-04
8.654445991851389408e-04
7.588443113490939140e-04
7.515301113016903400e-04
8.179310825653374195e-04
9.268847061321139336e-04
7.884487276896834373e-04
7.669450715184211731e-04
8.553506340831518173e-04
7.928608101792633533e-04
8.617097628302872181e-04
7.791908574290573597e-04
7.393155246973037720e-04
8.805886027403175831e-04
9.009293862618505955e-04
8.661863976158201694e-04
7.972265011630952358e-04
7.702488801442086697e-04
8.496516384184360504e-04
8.657242287881672382e-04
7.863643695600330830e-04
7.501181680709123611e-04
8.612740784883499146e-04
7.925214595161378384e-04
8.432859322056174278e-04
8.148947381414473057e-04
1.185678294859826565e-03
8.974238880909979343e-04
7.604312850162386894e-04
7.997369975782930851e-04
7.520570652559399605e-04
9.773096535354852676e-04
8.728359825909137726e-04
7.615576032549142838e-04
8.229070226661860943e-04
1.053152838721871376e-03
8.114490774460136890e-04
7.768165087327361107e-04
7.416322478093206882e-04
7.611644105054438114e-04
9.463851456530392170e-04
8.628651848994195461e-04
7.816064171493053436e-04
8.125538006424903870e-04
7.358473958447575569e-04
9.037987911142408848e-04
8.352664299309253693e-04
7.773888646624982357e-04
8.084845030680298805e-04
7.704077288508415222e-04
8.234349661506712437e-04
8.069088216871023178e-04
8.638841100037097931e-04
8.149878121912479401e-04
8.407869609072804451e-04
7.924583042040467262e-04
7.514727185480296612e-04
8.651316165924072266e-04
8.975091623142361641e-04
7.751568919047713280e-04
8.580558933317661285e-04
7.825423963367938995e-04
8.026413852348923683e-04
9.180483175441622734e-04
9.835866512730717659e-04
9.083895129151642323e-04
7.878442411310970783e-04
7.399666937999427319e-04
7.404167554341256618e-04
8.230134844779968262e-04
8.127798209898173809e-04
8.127075270749628544e-04
7.819173624739050865e-04
8.541230927221477032e-04
9.536982397548854351e-04
8.203175966627895832e-04
7.940943469293415546e-04
8.260507602244615555e-04
7.394856656901538372e-04
7.709934143349528313e-04
7.852686103433370590e-04
8.665788918733596802e-04
9.631368448026478291e-04
8.097108220681548119e-04
7.658837130293250084e-04
8.064049761742353439e-04
8.607069612480700016e-04
8.599018910899758339e-04
8.491975604556500912e-04
7.261642022058367729e-04
8.243304328061640263e-04
7.962097297422587872e-04
8.330974378623068333e-04
8.913978817872703075e-04
7.665781886316835880e-04
8.711080299690365791e-04
9.197771432809531689e-04
7.828200468793511391e-04
7.720757857896387577e-04
8.124713203869760036e-04
9.569847024977207184e-04
7.755171973258256912e-04
7.974497275426983833e-04
1.026347745209932327e-03
7.626619189977645874e-04
8.084273431450128555e-04
7.648653700016438961e-04
8.303953218273818493e-04
7.913883309811353683e-04
7.826957153156399727e-04
8.436783682554960251e-04
8.224260527640581131e-04
8.684555650688707829e-04
7.785814814269542694e-04
7.962482632137835026e-04
8.791247382760047913e-04
8.121191640384495258e-04
7.491769501939415932e-04
8.276036824099719524e-04
8.166338084265589714e-04
7.773446268402040005e-04
8.365807007066905499e-04
7.804950000718235970e-04
7.908524712547659874e-04
9.035859256982803345e-04
9.413021616637706757e-04
7.458575419150292873e-04
8.156504482030868530e-04
7.780466694384813309e-04
7.783017354086041451e-04
7.647545426152646542e-04
7.650472107343375683e-04
8.457617950625717640e-04
8.667522342875599861e-04
7.734211394563317299e-04
1.025519915856420994e-03
7.558675715699791908e-04
7.429642137140035629e-04
7.976217893883585930e-04
8.125504828058183193e-04
7.629037718288600445e-04
7.666195742785930634e-04
7.673494983464479446e-04
1.120784552767872810e-03
7.787515060044825077e-04
7.680127746425569057e-04
7.508875569328665733e-04
8.454010239802300930e-04
7.387518999166786671e-04
7.685308228246867657e-04
8.015310741029679775e-04
8.122820290736854076e-04
8.056298247538506985e-04
7.709081983193755150e-04
7.350721280090510845e-04
9.640246280469000340e-04
7.777721621096134186e-04
8.797910413704812527e-04
8.092274074442684650e-04
7.489685085602104664e-04
7.687645847909152508e-04
7.931974832899868488e-04
9.021171717904508114e-04
7.856127340346574783e-04
8.460300159640610218e-04
7.425763760693371296e-04
7.547446875832974911e-04
7.569424924440681934e-04
8.538487600162625313e-04
7.709276396781206131e-04
8.083856664597988129e-04
7.458197069354355335e-04
8.824574179016053677e-04
8.342402870766818523e-04
7.603727863170206547e-04
7.330429507419466972e-04
8.672271505929529667e-04
7.816139841452240944e-04
7.163719856180250645e-04
8.935527876019477844e-04
1.043743453919887543e-03
7.916003232821822166e-04
8.334832964465022087e-04
7.336457492783665657e-04
7.203491404652595520e-04
7.833559648133814335e-04
8.660278399474918842e-04
7.328956853598356247e-04
7.490810821764171124e-04
8.179632714018225670e-04
8.638579165562987328e-04
7.301816949620842934e-04
7.508742273785173893e-04
7.433730643242597580e-04
8.577374392189085484e-04
7.866792730055749416e-04
7.596588693559169769e-04
7.925775717012584209e-04
8.237407309934496880e-04
9.304458508267998695e-04
8.345593814738094807e-04
7.847575470805168152e-04
7.502135704271495342e-04
7.475006859749555588e-04
8.061918197199702263e-04
7.743283640593290329e-04
8.124217274598777294e-04
9.084144257940351963e-04
7.556061027571558952e-04
8.414101321250200272e-04
1.016947673633694649e-03
8.446112624369561672e-04
7.918218616396188736e-04
7.230271585285663605e-04
9.653715533204376698e-04
7.982144597917795181e-04
7.538203499279916286e-04
7.550744339823722839e-04
8.066081791184842587e-04
7.775913691148161888e-04
8.332218276336789131e-04
7.678112015128135681e-04
8.819825015962123871e-04
7.861527847126126289e-04
7.268688641488552094e-04
7.677959511056542397e-04
7.436908781528472900e-04
7.624892168678343296e-04
9.540650062263011932e-04
7.425611256621778011e-04
7.146929274313151836e-04
8.860924863256514072e-04
9.633188019506633282e-04
7.718258420936763287e-04
7.229248876683413982e-04
8.437227224931120872e-04
7.466766983270645142e-04
7.520072394981980324e-04
7.556326454505324364e-04
8.087955066002905369e-04
7.577828364446759224e-04
9.601516067050397396e-04
9.199916385114192963e-04
7.578025106340646744e-04
7.451100391335785389e-04
7.679283735342323780e-04
7.908847182989120483e-04
7.516215555369853973e-04
7.995858322829008102e-04
7.733288803137838840e-04
7.952647865749895573e-04
9.399321861565113068e-04
1.314750174060463905e-03
8.372553857043385506e-04
7.375194109044969082e-04
7.067349506542086601e-04
7.815792341716587543e-04
7.672695210203528404e-04
7.851724512875080109e-04
7.289586937986314297e-04
7.503879023715853691e-04
7.404656498692929745e-04
8.704842184670269489e-04
7.856940501369535923e-04
7.372018299065530300e-04
7.773786201141774654e-04
7.989060832187533379e-04
8.087976602837443352e-04
7.375385612249374390e-04
7.291439105756580830e-04
9.692652965895831585e-04
8.575799292884767056e-04
7.439948967657983303e-04
7.938277558423578739e-04
7.469378178939223289e-04
8.424851694144308567e-04
7.760295993648469448e-04
7.728606578893959522e-04
7.578369695693254471e-04
7.034388254396617413e-04
7.281792932190001011e-04
8.660820894874632359e-04
7.607188890688121319e-04
7.414258434437215328e-04
7.396507426165044308e-04
8.509387844242155552e-04
7.776003913022577763e-04
8.438686490990221500e-04
7.804994820617139339e-04
7.548813591711223125e-04
7.335345144383609295e-04
9.455568506382405758e-04
7.830057875253260136e-04
7.504837703891098499e-04
7.179199019446969032e-04
7.329213549382984638e-04
7.627156446687877178e-04
8.020625682547688484e-04
7.719875429756939411e-04
9.693946922197937965e-04
8.215933921746909618e-04
7.212155032902956009e-04
7.167173898778855801e-04
7.502575172111392021e-04
9.973748819902539253e-04
7.785811321809887886e-04
7.607257575727999210e-04
7.941174553707242012e-04
7.571534370072185993e-04
7.467659888789057732e-04
7.135206833481788635e-04
7.351135136559605598e-04
8.378840284422039986e-04
8.101002895273268223e-04
7.605211576446890831e-04
7.344806217588484287e-04
7.348625804297626019e-04
8.536207024008035660e-04
7.840165053494274616e-04
7.588465232402086258e-04
7.812399999238550663e-04
7.275092648342251778e-04
8.116668323054909706e-04
9.136224398389458656e-04
9.406870231032371521e-04
7.415670552290976048e-04
7.161842077039182186e-04
7.984769181348383427e-04
7.205519941635429859e-04
7.412722334265708923e-04
7.144361152313649654e-04
7.388706435449421406e-04
7.827248773537576199e-04
7.369226659648120403e-04
1.040508039295673370e-03
9.782913839444518089e-04
7.444474613294005394e-04
7.548925932496786118e-04
7.685914169996976852e-04
7.203031564131379128e-04
7.581764948554337025e-04
7.866203086450695992e-04
8.064238936640322208e-04
7.907347171567380428e-04
7.659972761757671833e-04
7.908730767667293549e-04
7.407236844301223755e-04
1.244555693119764328e-03
7.741486770100891590e-04
7.243500440381467342e-04
7.357253343798220158e-04
7.605343125760555267e-04
7.582326070405542850e-04
6.965444772504270077e-04
7.842428167350590229e-04
8.488584426231682301e-04
7.382287876680493355e-04
7.503778906539082527e-04
9.360768017359077930e-04
8.031971519812941551e-04
7.363557233475148678e-04
7.051305728964507580e-04
7.620060350745916367e-04
8.007409633137285709e-04
7.748284260742366314e-04
7.071181316860020161e-04
7.254165248014032841e-04
9.431824437342584133e-04
9.102636249735951424e-04
8.490869076922535896e-04
7.987249409779906273e-04
7.349376101046800613e-04
7.584545528516173363e-04
9.006761829368770123e-04
7.415035506710410118e-04
6.857853732071816921e-04
7.389613892883062363e-04
7.563474355265498161e-04
7.953247986733913422e-04
7.639102987013757229e-04
8.133132359944283962e-04
7.619631942361593246e-04
7.287258049473166466e-04
7.765693007968366146e-04
8.066096925176680088e-04
7.278153789229691029e-04
7.957544876262545586e-04
1.142813474871218204e-03
8.644520421512424946e-04
7.500963984057307243e-04
7.043264922685921192e-04
6.837783148512244225e-04
6.942074396647512913e-04
7.208441966213285923e-04
8.108124020509421825e-04
9.073623805306851864e-04
7.672708015888929367e-04
7.143755210563540459e-04
6.994073628447949886e-04
7.735903491266071796e-04
8.469700696878135204e-04
8.969844202511012554e-04
7.162855472415685654e-04
9.008962078951299191e-04
7.329676882363855839e-04
7.058564224280416965e-04
7.636684458702802658e-04
7.641994161531329155e-04
7.753457175567746162e-04
7.705738535150885582e-04
8.820760413073003292e-04
7.629133760929107666e-04
8.703065686859190464e-04
7.327651255764067173e-04
7.074023014865815639e-04
6.955909193493425846e-04
7.419411558657884598e-04
7.060109055601060390e-04
7.639675750397145748e-04
7.778474246151745319e-04
8.014721679501235485e-04
7.425483781844377518e-04
7.763777393847703934e-04
7.587888976559042931e-04
7.468372932635247707e-04
7.796665886417031288e-04
7.553763571195304394e-04
7.805970381014049053e-04
8.034841739572584629e-04
7.353581022471189499e-04
6.913924007676541805e-04
7.483450463041663170e-04
7.797667058184742928e-04
7.651840569451451302e-04
1.000957447104156017e-03
7.786027854308485985e-04
7.394720450975000858e-04
7.649256149306893349e-04
7.385595818050205708e-04
7.077681948430836201e-04
6.944464985281229019e-04
8.025688584893941879e-04
7.512372103519737720e-04
7.677816320210695267e-04
7.333625108003616333e-04
7.196333608590066433e-04
7.268202025443315506e-04
8.930461481213569641e-04
7.814343553036451340e-04
7.546082488261163235e-04
8.121798746287822723e-04
8.538733236491680145e-04
7.141284295357763767e-04
7.120993686839938164e-04
8.482935372740030289e-04
7.320675067603588104e-04
1.198914251290261745e-03
7.677430403418838978e-04
7.828608504496514797e-04
7.141399546526372433e-04
7.061513024382293224e-04
7.417415617965161800e-04
7.735582767054438591e-04
7.066475809551775455e-04
7.090657018125057220e-04
8.881198009476065636e-04
8.020491804927587509e-04
7.708157645538449287e-04
7.234058575704693794e-04
7.543166284449398518e-04
7.381782634183764458e-04
8.082907879725098610e-04
7.236499222926795483e-04
7.201923290267586708e-04
8.138601551763713360e-04
7.760301232337951660e-04
7.775719277560710907e-04
8.473364287056028843e-04
7.275053067132830620e-04
7.222993299365043640e-04
7.979935617186129093e-04
7.240146514959633350e-04
7.214837241917848587e-04
7.110305596143007278e-04
7.721846341155469418e-04
7.287050248123705387e-04
1.122188870795071125e-03
7.228042231872677803e-04
7.942059310153126717e-04
6.853320519439876080e-04
7.009423570707440376e-04
7.004833896644413471e-04
7.412051199935376644e-04
7.169296150095760822e-04
8.100814884528517723e-04
7.144737755879759789e-04
8.507214952260255814e-04
7.289119530469179153e-04
7.069865241646766663e-04
7.062155636958777905e-04
7.370134117081761360e-04
8.664104971103370190e-04
7.659290567971765995e-04
7.028366671875119209e-04
7.555372430942952633e-04
8.133488590829074383e-04
