2.518797218799591064e-01
2.510868608951568604e-01
2.511042356491088867e-01
2.510896623134613037e-01
2.510745227336883545e-01
2.510729432106018066e-01
2.511132955551147461e-01
2.510935664176940918e-01
2.510982751846313477e-01
2.510838806629180908e-01
2.511070668697357178e-01
2.510786652565002441e-01
2.511016428470611572e-01
2.510931491851806641e-01
2.510847747325897217e-01
2.510983049869537354e-01
2.510561645030975342e-01
2.510903179645538330e-01
2.510933578014373779e-01
2.510978877544403076e-01
2.510893046855926514e-01
2.511007487773895264e-01
2.510561645030975342e-01
2.510911822319030762e-01
2.510754168033599854e-01
2.510927319526672363e-01
2.510677874088287354e-01
2.510881423950195312e-01
2.510783672332763672e-01
2.510920166969299316e-01
2.510851621627807617e-01
2.510911226272583008e-01
2.511115968227386475e-01
2.510886192321777344e-01
2.510960102081298828e-01
2.510928213596343994e-01
2.510773837566375732e-01
2.510838508605957031e-01
2.510955035686492920e-01
2.510895133018493652e-01
2.511072456836700439e-01
2.510921061038970947e-01
2.510767579078674316e-01
2.511024177074432373e-01
2.510915398597717285e-01
2.510761022567749023e-01
2.511141002178192139e-01
2.510877847671508789e-01
2.510876059532165527e-01
2.511072754859924316e-01
2.511043846607208252e-01
2.510977983474731445e-01
2.510939836502075195e-01
2.511003613471984863e-01
2.510936856269836426e-01
2.511210739612579346e-01
2.510749697685241699e-01
2.510727047920227051e-01
2.510942518711090088e-01
2.510632276535034180e-01
2.510727047920227051e-01
2.510986924171447754e-01
2.510824203491210938e-01
2.510787546634674072e-01
2.510645091533660889e-01
2.511250972747802734e-01
2.510924637317657471e-01
2.510840594768524170e-01
2.510524094104766846e-01
2.510687112808227539e-01
2.511124610900878906e-01
2.510883510112762451e-01
2.511093616485595703e-01
2.510764598846435547e-01
2.510849833488464355e-01
2.510620653629302979e-01
2.510788142681121826e-01
2.510794997215270996e-01
2.510786652565002441e-01
2.511026263236999512e-01
2.510627210140228271e-01
2.510862946510314941e-01
2.510989606380462646e-01
2.510873079299926758e-01
2.510811388492584229e-01
2.510911524295806885e-01
2.510951757431030273e-01
2.510955333709716797e-01
2.510812878608703613e-01
2.510900795459747314e-01
2.510764300823211670e-01
2.510896921157836914e-01
2.510831356048583984e-01
2.511002421379089355e-01
2.511047720909118652e-01
2.511026561260223389e-01
2.510782480239868164e-01
2.510969340801239014e-01
2.510831356048583984e-01
2.511029243469238281e-01
2.510846555233001709e-01
2.510893046855926514e-01
2.510851621627807617e-01
2.510653734207153320e-01
2.510943710803985596e-01
2.510937154293060303e-01
2.511050105094909668e-01
2.510917186737060547e-01
2.511039674282073975e-01
2.510739564895629883e-01
2.510815560817718506e-01
2.510934472084045410e-01
2.510501146316528320e-01
2.510871887207031250e-01
2.510959804058074951e-01
2.510921061038970947e-01
2.511136829853057861e-01
2.510998249053955078e-01
2.510899007320404053e-01
2.510758936405181885e-01
2.510729432106018066e-01
2.510731816291809082e-01
2.510931789875030518e-01
2.510695457458496094e-01
2.510724365711212158e-01
2.510785460472106934e-01
2.510925233364105225e-01
2.510880529880523682e-01
2.511198520660400391e-01
2.510962784290313721e-01
2.510997951030731201e-01
2.511094808578491211e-01
2.511089742183685303e-01
2.510685324668884277e-01
2.511047720909118652e-01
2.510755956172943115e-01
2.510686516761779785e-01
2.510866820812225342e-01
2.510882616043090820e-01
2.510877251625061035e-01
2.511124014854431152e-01
2.511075735092163086e-01
2.510822117328643799e-01
2.510778903961181641e-01
2.511021792888641357e-01
2.510769069194793701e-01
2.510991096496582031e-01
2.510962784290313721e-01
2.510802149772644043e-01
2.510777115821838379e-01
2.510907948017120361e-01
2.510960996150970459e-01
2.511039674282073975e-01
2.510825097560882568e-01
2.510700821876525879e-01
2.510937154293060303e-01
2.510873973369598389e-01
2.510995268821716309e-01
2.510942816734313965e-01
2.510696053504943848e-01
2.510825395584106445e-01
2.511091232299804688e-01
2.511032819747924805e-01
2.510969042778015137e-01
2.510789930820465088e-01
2.511004507541656494e-01
2.510748803615570068e-01
2.510830461978912354e-01
2.510995268821716309e-01
2.510747611522674561e-01
2.510898113250732422e-01
2.510807514190673828e-01
2.510777413845062256e-01
2.510783076286315918e-01
2.510887682437896729e-01
2.510764002799987793e-01
2.510945498943328857e-01
2.511095106601715088e-01
2.511107325553894043e-01
2.510817050933837891e-01
2.511066794395446777e-01
2.510951161384582520e-01
2.510812580585479736e-01
2.511032819747924805e-01
2.510823309421539307e-01
2.510728240013122559e-01
2.510740458965301514e-01
2.510697841644287109e-01
2.510927915573120117e-01
2.510967254638671875e-01
2.510600388050079346e-01
2.510817050933837891e-01
2.510914504528045654e-01
2.510755956172943115e-01
2.510980367660522461e-01
2.510642707347869873e-01
2.510762214660644531e-01
2.510863244533538818e-01
2.510891258716583252e-01
2.510905861854553223e-01
2.511022388935089111e-01
2.510964572429656982e-01
2.510916888713836670e-01
2.511027753353118896e-01
2.511093318462371826e-01
2.510721087455749512e-01
2.510781884193420410e-01
2.510822117328643799e-01
2.511017024517059326e-01
2.511179149150848389e-01
2.510838508605957031e-01
2.510892748832702637e-01
2.511041760444641113e-01
2.511096596717834473e-01
2.510819733142852783e-01
2.510981261730194092e-01
2.511062324047088623e-01
2.510865926742553711e-01
2.510685920715332031e-01
2.510961890220642090e-01
2.510983049869537354e-01
2.511185109615325928e-01
2.510699629783630371e-01
2.511023581027984619e-01
2.510880827903747559e-01
2.510794997215270996e-01
2.511099576950073242e-01
2.510588169097900391e-01
2.510812878608703613e-01
2.510721385478973389e-01
2.511001825332641602e-01
2.511050105094909668e-01
2.510744035243988037e-01
2.510831654071807861e-01
2.510949969291687012e-01
2.510977089405059814e-01
2.510777115821838379e-01
2.510976791381835938e-01
2.511119246482849121e-01
2.510606050491333008e-01
2.510958909988403320e-01
2.510640025138854980e-01
2.511081695556640625e-01
2.510851919651031494e-01
2.510716915130615234e-01
2.510924041271209717e-01
2.510659098625183105e-01
2.510982453823089600e-01
2.510641217231750488e-01
2.510905265808105469e-01
2.511128783226013184e-01
2.510851323604583740e-01
2.510733008384704590e-01
2.511022388935089111e-01
2.510983049869537354e-01
2.510984241962432861e-01
2.510862350463867188e-01
2.510910034179687500e-01
2.510736882686614990e-01
2.510844171047210693e-01
2.511011958122253418e-01
2.511144280433654785e-01
2.510856688022613525e-01
2.510859966278076172e-01
2.511055767536163330e-01
2.510788440704345703e-01
2.510856091976165771e-01
2.510679364204406738e-01
2.511218488216400146e-01
2.511067688465118408e-01
2.510960102081298828e-01
2.510684430599212646e-01
2.511112093925476074e-01
2.511067986488342285e-01
2.510832846164703369e-01
2.510905265808105469e-01
2.511170506477355957e-01
2.510708868503570557e-01
2.511097788810729980e-01
2.510970234870910645e-01
2.510777711868286133e-01
2.511018216609954834e-01
2.510569393634796143e-01
2.510707378387451172e-01
2.510881721973419189e-01
2.510978877544403076e-01
2.510859668254852295e-01
2.511019408702850342e-01
2.510865330696105957e-01
2.511038184165954590e-01
2.510814666748046875e-01
2.510657608509063721e-01
2.510824203491210938e-01
2.510734796524047852e-01
2.511194348335266113e-01
2.511102259159088135e-01
2.510804831981658936e-01
2.510973215103149414e-01
2.510856091976165771e-01
2.510820329189300537e-01
2.510741651058197021e-01
2.510946691036224365e-01
2.511012554168701172e-01
2.510827779769897461e-01
2.510895729064941406e-01
2.510943710803985596e-01
2.510659098625183105e-01
2.510879039764404297e-01
2.510705888271331787e-01
2.511054575443267822e-01
2.510622441768646240e-01
2.511004805564880371e-01
2.510947287082672119e-01
2.510851621627807617e-01
2.511078417301177979e-01
2.511141002178192139e-01
2.510702311992645264e-01
2.510953545570373535e-01
2.510908842086791992e-01
2.510755658149719238e-01
2.511130571365356445e-01
2.510727345943450928e-01
2.510715723037719727e-01
2.510872185230255127e-01
2.510834336280822754e-01
2.510797977447509766e-01
2.510883808135986328e-01
2.510761320590972900e-01
2.510963678359985352e-01
2.510680258274078369e-01
2.510807514190673828e-01
2.511043250560760498e-01
2.510557472705841064e-01
2.510985732078552246e-01
2.511116564273834229e-01
2.510866522789001465e-01
2.510902285575866699e-01
2.510945796966552734e-01
2.510594725608825684e-01
2.510990500450134277e-01
2.510583996772766113e-01
2.511058449745178223e-01
2.510924041271209717e-01
2.510825097560882568e-01
2.510652244091033936e-01
2.510823011398315430e-01
2.511033117771148682e-01
2.510686218738555908e-01
2.510895729064941406e-01
2.510719597339630127e-01
2.510882616043090820e-01
2.510927617549896240e-01
2.510713934898376465e-01
2.510875165462493896e-01
2.510753571987152100e-01
2.510677278041839600e-01
2.510633170604705811e-01
2.510623037815093994e-01
2.510664463043212891e-01
2.510731816291809082e-01
2.510900199413299561e-01
2.510983049869537354e-01
2.511075735092163086e-01
2.510645389556884766e-01
2.510810196399688721e-01
2.510834634304046631e-01
2.510854601860046387e-01
2.510983943939208984e-01
2.510761618614196777e-01
2.510921061038970947e-01
2.510534524917602539e-01
2.511174082756042480e-01
2.510730624198913574e-01
2.511342465877532959e-01
2.510789632797241211e-01
2.510866820812225342e-01
2.510988414287567139e-01
2.511049211025238037e-01
2.510720491409301758e-01
2.510791420936584473e-01
2.510782480239868164e-01
2.510799169540405273e-01
2.510782182216644287e-01
2.510939836502075195e-01
2.510885894298553467e-01
2.510831654071807861e-01
2.510869503021240234e-01
2.510688900947570801e-01
2.510993778705596924e-01
2.510947287082672119e-01
2.510850727558135986e-01
2.510994970798492432e-01
2.510991096496582031e-01
2.510880827903747559e-01
2.510848045349121094e-01
2.510513663291931152e-01
2.511018514633178711e-01
2.510794997215270996e-01
2.510949671268463135e-01
2.510688304901123047e-01
2.511039674282073975e-01
2.510970830917358398e-01
2.510986924171447754e-01
2.510963678359985352e-01
2.511013150215148926e-01
2.510857284069061279e-01
2.511247396469116211e-01
2.510910630226135254e-01
2.510926127433776855e-01
2.510727643966674805e-01
2.510804831981658936e-01
2.511291503906250000e-01
2.510985434055328369e-01
2.510710656642913818e-01
2.511077225208282471e-01
2.510966658592224121e-01
2.511138021945953369e-01
2.510826885700225830e-01
2.510511279106140137e-01
2.510755062103271484e-01
2.511066496372222900e-01
2.510911524295806885e-01
2.510699331760406494e-01
2.510960102081298828e-01
2.511166036128997803e-01
2.510641217231750488e-01
2.510463595390319824e-01
2.511098682880401611e-01
2.510696947574615479e-01
2.510954737663269043e-01
2.511038184165954590e-01
2.510618269443511963e-01
2.510745525360107422e-01
2.510917782783508301e-01
2.510831654071807861e-01
2.510907948017120361e-01
2.511042654514312744e-01
2.510946989059448242e-01
2.510814070701599121e-01
2.510967254638671875e-01
2.510781586170196533e-01
2.510994672775268555e-01
2.511005997657775879e-01
2.510960102081298828e-01
2.511002123355865479e-01
2.510831654071807861e-01
2.510945200920104980e-01
2.510891258716583252e-01
2.510638535022735596e-01
2.510662078857421875e-01
2.511049211025238037e-01
2.510907053947448730e-01
2.510983645915985107e-01
2.511121928691864014e-01
2.510817646980285645e-01
2.510927915573120117e-01
2.510740756988525391e-01
2.510672509670257568e-01
2.510682344436645508e-01
2.510930299758911133e-01
2.510846853256225586e-01
2.510861754417419434e-01
2.510937154293060303e-01
2.510858774185180664e-01
2.510949075222015381e-01
2.510773837566375732e-01
2.510903775691986084e-01
2.510794997215270996e-01
2.511112391948699951e-01
2.510828375816345215e-01
2.511091530323028564e-01
2.510960102081298828e-01
2.510970830917358398e-01
2.510969340801239014e-01
2.510950565338134766e-01
2.510854601860046387e-01
2.510780394077301025e-01
2.510969340801239014e-01
2.510916888713836670e-01
2.510729134082794189e-01
2.511182725429534912e-01
2.511055767536163330e-01
2.511110901832580566e-01
2.510703504085540771e-01
2.510798871517181396e-01
2.510813772678375244e-01
2.511046528816223145e-01
2.511045634746551514e-01
2.511100471019744873e-01
2.510706484317779541e-01
2.510827779769897461e-01
2.510921359062194824e-01
2.511237859725952148e-01
2.511001229286193848e-01
2.511197924613952637e-01
2.511026263236999512e-01
2.511041164398193359e-01
2.510854303836822510e-01
2.510747909545898438e-01
2.510774731636047363e-01
2.511008679866790771e-01
2.510901093482971191e-01
2.510836422443389893e-01
2.511097788810729980e-01
2.510911822319030762e-01
2.510880231857299805e-01
2.511023283004760742e-01
2.510759830474853516e-01
2.510828077793121338e-01
2.510753571987152100e-01
2.511064112186431885e-01
2.510947287082672119e-01
2.510828375816345215e-01
2.511029541492462158e-01
2.510705590248107910e-01
2.511047720909118652e-01
2.511008679866790771e-01
2.510703504085540771e-01
2.511011958122253418e-01
2.510874867439270020e-01
2.510858178138732910e-01
2.510950267314910889e-01
2.510893642902374268e-01
2.510938644409179688e-01
2.510851323604583740e-01
2.511007189750671387e-01
2.510780990123748779e-01
2.511202394962310791e-01
2.510825395584106445e-01
2.510723471641540527e-01
2.510869204998016357e-01
2.510710656642913818e-01
2.510803043842315674e-01
2.511241137981414795e-01
2.510725855827331543e-01
2.511021494865417480e-01
2.510823309421539307e-01
2.511093616485595703e-01
2.510659694671630859e-01
2.510974109172821045e-01
2.510824501514434814e-01
2.510769367218017578e-01
2.511170804500579834e-01
2.510608136653900146e-01
2.510918080806732178e-01
2.510904967784881592e-01
2.510979771614074707e-01
2.510899007320404053e-01
2.510971724987030029e-01
2.510533630847930908e-01
2.510861456394195557e-01
2.511085867881774902e-01
2.510872781276702881e-01
2.510820031166076660e-01
2.510730922222137451e-01
2.510858774185180664e-01
2.511026859283447266e-01
2.510861158370971680e-01
2.510827183723449707e-01
2.510807216167449951e-01
2.510908544063568115e-01
2.510775029659271240e-01
2.511130273342132568e-01
2.510899007320404053e-01
2.510984241962432861e-01
2.510837912559509277e-01
2.510826289653778076e-01
2.511116266250610352e-01
2.510761320590972900e-01
2.510900497436523438e-01
2.510950565338134766e-01
2.510934472084045410e-01
2.510900497436523438e-01
2.510970830917358398e-01
2.510835826396942139e-01
2.510812878608703613e-01
2.511013448238372803e-01
2.510746121406555176e-01
2.510670125484466553e-01
2.510981559753417969e-01
2.510934770107269287e-01
2.510711252689361572e-01
2.510827183723449707e-01
2.510971724987030029e-01
2.511039078235626221e-01
2.511011362075805664e-01
2.511057555675506592e-01
2.511114180088043213e-01
2.510825693607330322e-01
2.511233091354370117e-01
2.510900795459747314e-01
2.510742843151092529e-01
2.510865330696105957e-01
2.510730028152465820e-01
2.511026263236999512e-01
2.511043846607208252e-01
2.511134147644042969e-01
2.510754764080047607e-01
2.510924637317657471e-01
2.510813474655151367e-01
2.510884404182434082e-01
2.510815262794494629e-01
2.510565817356109619e-01
2.511378526687622070e-01
2.510785758495330811e-01
2.510971426963806152e-01
2.510964572429656982e-01
2.510866820812225342e-01
2.511063814163208008e-01
2.511169314384460449e-01
2.510756552219390869e-01
2.511086165904998779e-01
2.510973811149597168e-01
2.510949671268463135e-01
2.510808408260345459e-01
2.511005997657775879e-01
2.510881721973419189e-01
2.510934174060821533e-01
2.510893046855926514e-01
2.510951459407806396e-01
2.510726153850555420e-01
2.511118650436401367e-01
2.511046528816223145e-01
2.510820925235748291e-01
2.510786950588226318e-01
2.511057257652282715e-01
2.510620355606079102e-01
2.511050999164581299e-01
2.511017918586730957e-01
2.510836422443389893e-01
2.510729432106018066e-01
2.510882914066314697e-01
2.510981559753417969e-01
2.510801851749420166e-01
2.510978281497955322e-01
2.511014342308044434e-01
2.510973513126373291e-01
2.510915398597717285e-01
2.510775923728942871e-01
2.511098086833953857e-01
2.510732412338256836e-01
2.510884702205657959e-01
2.510977089405059814e-01
2.510806322097778320e-01
2.511136829853057861e-01
2.511089146137237549e-01
2.510656118392944336e-01
2.510556280612945557e-01
2.510796785354614258e-01
2.511076629161834717e-01
2.511100172996520996e-01
2.510965764522552490e-01
2.510632872581481934e-01
2.510916888713836670e-01
2.510678768157958984e-01
2.511015832424163818e-01
2.510809898376464844e-01
2.510938942432403564e-01
2.511022090911865234e-01
2.511090040206909180e-01
2.510690391063690186e-01
2.511091828346252441e-01
2.510731518268585205e-01
2.510997354984283447e-01
2.510844171047210693e-01
2.510909140110015869e-01
2.510895133018493652e-01
2.510642707347869873e-01
2.510838806629180908e-01
2.510798275470733643e-01
2.510816752910614014e-01
2.510881125926971436e-01
2.511050701141357422e-01
2.510899305343627930e-01
2.510705888271331787e-01
2.510865330696105957e-01
2.510866224765777588e-01
2.510976195335388184e-01
2.510662972927093506e-01
2.510784566402435303e-01
2.510813474655151367e-01
2.510967552661895752e-01
2.510793209075927734e-01
2.510862052440643311e-01
2.510710060596466064e-01
2.510862648487091064e-01
2.511066198348999023e-01
2.510799169540405273e-01
2.510700821876525879e-01
2.510986924171447754e-01
2.511044144630432129e-01
2.510686218738555908e-01
2.510975897312164307e-01
2.510727643966674805e-01
2.510901391506195068e-01
2.511050403118133545e-01
2.510865926742553711e-01
2.511087954044342041e-01
2.510820329189300537e-01
2.510994970798492432e-01
2.510869204998016357e-01
2.510908842086791992e-01
2.510887980461120605e-01
2.510902881622314453e-01
2.510834336280822754e-01
2.510814964771270752e-01
2.510988414287567139e-01
2.510935366153717041e-01
2.511133253574371338e-01
2.511025071144104004e-01
2.510958909988403320e-01
2.510797083377838135e-01
2.510891258716583252e-01
2.510932683944702148e-01
2.510883510112762451e-01
2.511077821254730225e-01
2.511127293109893799e-01
2.510875761508941650e-01
2.510870397090911865e-01
2.510797381401062012e-01
2.510780394077301025e-01
2.510972321033477783e-01
2.511004507541656494e-01
2.510915398597717285e-01
2.510750591754913330e-01
2.510995864868164062e-01
2.510878443717956543e-01
2.510797977447509766e-01
2.510839998722076416e-01
2.510938942432403564e-01
2.511151731014251709e-01
2.510930597782135010e-01
2.510946393013000488e-01
2.510775327682495117e-01
2.510874271392822266e-01
2.510731518268585205e-01
2.511101961135864258e-01
2.511155009269714355e-01
2.510760724544525146e-01
2.511099874973297119e-01
2.510609924793243408e-01
2.511020600795745850e-01
2.510883808135986328e-01
2.511011064052581787e-01
2.510833740234375000e-01
2.510922253131866455e-01
2.511166036128997803e-01
2.510808110237121582e-01
2.510549128055572510e-01
2.510983049869537354e-01
2.510986924171447754e-01
2.510820329189300537e-01
2.511084079742431641e-01
2.510789334774017334e-01
2.511026561260223389e-01
2.511186897754669189e-01
2.510812580585479736e-01
2.510937154293060303e-01
2.510924935340881348e-01
2.510910928249359131e-01
2.510653436183929443e-01
2.511026263236999512e-01
2.510933578014373779e-01
2.510734498500823975e-01
2.511005401611328125e-01
2.510786652565002441e-01
2.510716915130615234e-01
2.510703504085540771e-01
2.510617077350616455e-01
2.510978281497955322e-01
2.510803341865539551e-01
2.510873675346374512e-01
2.511158287525177002e-01
2.510912716388702393e-01
2.510766088962554932e-01
2.510690093040466309e-01
2.510796785354614258e-01
2.510650455951690674e-01
2.510975003242492676e-01
2.510893046855926514e-01
2.510886490345001221e-01
2.510662674903869629e-01
2.510835230350494385e-01
2.510978877544403076e-01
2.510867118835449219e-01
2.511029839515686035e-01
2.510926127433776855e-01
2.510825097560882568e-01
2.511030435562133789e-01
2.510977685451507568e-01
2.510898411273956299e-01
2.510880231857299805e-01
2.510913610458374023e-01
2.510925233364105225e-01
2.510682344436645508e-01
2.510855197906494141e-01
2.510874867439270020e-01
2.510857284069061279e-01
2.510781884193420410e-01
2.511011660099029541e-01
2.510919272899627686e-01
2.510746121406555176e-01
2.511027157306671143e-01
2.511035501956939697e-01
2.510734796524047852e-01
2.510831654071807861e-01
2.510976791381835938e-01
2.511117160320281982e-01
2.510826587677001953e-01
2.510983347892761230e-01
2.510953545570373535e-01
2.511065602302551270e-01
2.510787546634674072e-01
2.511017322540283203e-01
2.511072158813476562e-01
2.510734498500823975e-01
2.510719597339630127e-01
2.510992288589477539e-01
2.511014044284820557e-01
2.510935664176940918e-01
2.510978579521179199e-01
2.510965764522552490e-01
2.511148154735565186e-01
2.510762810707092285e-01
2.511006295680999756e-01
2.510819733142852783e-01
2.510839402675628662e-01
2.510961294174194336e-01
2.510825395584106445e-01
2.511053085327148438e-01
2.510928809642791748e-01
2.510932683944702148e-01
2.510947585105895996e-01
2.511012256145477295e-01
2.510735988616943359e-01
2.511100769042968750e-01
2.511017620563507080e-01
2.510616183280944824e-01
2.510993182659149170e-01
2.510806322097778320e-01
2.510873079299926758e-01
2.510790824890136719e-01
2.510875761508941650e-01
2.510865330696105957e-01
2.510947287082672119e-01
2.510814964771270752e-01
2.511060535907745361e-01
2.511051595211029053e-01
2.510800957679748535e-01
2.510823011398315430e-01
2.510950565338134766e-01
2.510971724987030029e-01
2.510855197906494141e-01
2.510897815227508545e-01
2.510890066623687744e-01
2.510768175125122070e-01
2.510831654071807861e-01
2.510686218738555908e-01
2.510817646980285645e-01
2.510993778705596924e-01
2.510893344879150391e-01
2.511028051376342773e-01
2.510974705219268799e-01
2.510899305343627930e-01
2.510927021503448486e-01
2.510873973369598389e-01
2.510885596275329590e-01
2.510746121406555176e-01
2.510875463485717773e-01
2.511143982410430908e-01
2.510955035686492920e-01
2.510817348957061768e-01
2.511084079742431641e-01
2.510865032672882080e-01
2.510773837566375732e-01
2.510685920715332031e-01
2.510943412780761719e-01
2.510970532894134521e-01
2.510904669761657715e-01
2.510827183723449707e-01
2.510973811149597168e-01
2.511191070079803467e-01
2.511145174503326416e-01
2.510856091976165771e-01
2.510897517204284668e-01
2.510839104652404785e-01
2.510879933834075928e-01
2.510668635368347168e-01
2.510667741298675537e-01
2.510853409767150879e-01
2.510901987552642822e-01
2.510816752910614014e-01
2.510793507099151611e-01
2.510924339294433594e-01
2.510942816734313965e-01
2.510814666748046875e-01
2.510974407196044922e-01
2.510791420936584473e-01
2.510903179645538330e-01
2.510835230350494385e-01
2.510609328746795654e-01
2.510946691036224365e-01
2.510812878608703613e-01
2.510643303394317627e-01
2.510915994644165039e-01
2.510975301265716553e-01
2.510891556739807129e-01
2.511025667190551758e-01
2.510922253131866455e-01
2.511201202869415283e-01
2.510846555233001709e-01
2.510974705219268799e-01
2.510734200477600098e-01
2.510820329189300537e-01
2.510886788368225098e-01
2.511144578456878662e-01
2.511074841022491455e-01
2.510614395141601562e-01
2.510594427585601807e-01
2.510842382907867432e-01
2.511132359504699707e-01
2.510964274406433105e-01
2.510710060596466064e-01
2.510818243026733398e-01
2.510765194892883301e-01
2.510988116264343262e-01
2.510926127433776855e-01
2.510820627212524414e-01
2.510960698127746582e-01
2.510989606380462646e-01
2.510972321033477783e-01
2.510947287082672119e-01
2.510732412338256836e-01
2.510849237442016602e-01
2.510983049869537354e-01
2.510562241077423096e-01
2.510873675346374512e-01
2.510766983032226562e-01
2.510850429534912109e-01
2.510893940925598145e-01
2.510708868503570557e-01
2.510760724544525146e-01
2.510849535465240479e-01
2.510803341865539551e-01
2.510775327682495117e-01
2.510500848293304443e-01
2.510866820812225342e-01
2.510798871517181396e-01
2.510971724987030029e-01
2.510825693607330322e-01
2.510778605937957764e-01
2.511017918586730957e-01
2.510757744312286377e-01
2.510918974876403809e-01
2.510951161384582520e-01
2.510649561882019043e-01
2.510821819305419922e-01
2.510970830917358398e-01
2.510844767093658447e-01
2.510796189308166504e-01
2.510589957237243652e-01
2.510881721973419189e-01
2.511128783226013184e-01
2.511080801486968994e-01
2.510834634304046631e-01
2.510959804058074951e-01
2.510809302330017090e-01
2.511101663112640381e-01
2.510772645473480225e-01
2.510856091976165771e-01
2.510862052440643311e-01
2.510942518711090088e-01
2.510819435119628906e-01
2.510968148708343506e-01
2.511020302772521973e-01
2.510716021060943604e-01
2.511021792888641357e-01
2.511107325553894043e-01
2.510721981525421143e-01
2.510958909988403320e-01
2.511035203933715820e-01
2.510898113250732422e-01
2.510780692100524902e-01
2.510905861854553223e-01
2.510899305343627930e-01
2.510708272457122803e-01
2.510780394077301025e-01
2.510941624641418457e-01
2.510820329189300537e-01
2.510628104209899902e-01
2.510916590690612793e-01
2.510918080806732178e-01
2.510958313941955566e-01
2.510963976383209229e-01
2.510796785354614258e-01
2.511056959629058838e-01
2.510839104652404785e-01
2.511059939861297607e-01
2.510731816291809082e-01
2.510744929313659668e-01
