2.497074604034423828e-01
2.459582388401031494e-01
2.306543737649917603e-01
2.115231156349182129e-01
1.509921550750732422e-01
1.103648096323013306e-01
8.437196165323257446e-02
6.936351209878921509e-02
5.882854387164115906e-02
5.274575948715209961e-02
4.779201745986938477e-02
4.335332289338111877e-02
4.047487303614616394e-02
3.914804384112358093e-02
3.663442656397819519e-02
3.415761888027191162e-02
3.289310634136199951e-02
3.072717599570751190e-02
3.014980629086494446e-02
2.920045703649520874e-02
2.734804712235927582e-02
2.670057117938995361e-02
2.641841582953929901e-02
2.557022869586944580e-02
2.496303617954254150e-02
2.412351220846176147e-02
2.345021627843379974e-02
2.310165204107761383e-02
2.282435074448585510e-02
2.253597229719161987e-02
2.233050577342510223e-02
2.193384245038032532e-02
2.122125402092933655e-02
2.103549614548683167e-02
2.092075534164905548e-02
2.092821337282657623e-02
1.939093694090843201e-02
1.972813904285430908e-02
1.921288482844829559e-02
1.976331695914268494e-02
1.946500688791275024e-02
1.880102418363094330e-02
1.862539909780025482e-02
1.869197189807891846e-02
1.847885362803936005e-02
1.833398081362247467e-02
1.799836941063404083e-02
1.722352020442485809e-02
1.787334866821765900e-02
1.741420291364192963e-02
1.753035746514797211e-02
1.677512563765048981e-02
1.677486486732959747e-02
1.669096574187278748e-02
1.672511361539363861e-02
1.588540524244308472e-02
1.697181910276412964e-02
1.625147834420204163e-02
1.617000624537467957e-02
1.590781100094318390e-02
1.578026264905929565e-02
1.571661047637462616e-02
1.557715609669685364e-02
1.575532741844654083e-02
1.536882109940052032e-02
1.485573872923851013e-02
1.581666991114616394e-02
1.513746380805969238e-02
1.498377230018377304e-02
1.497676596045494080e-02
1.511256396770477295e-02
1.477200351655483246e-02
1.512326393276453018e-02
1.463611703366041183e-02
1.453595329076051712e-02
1.418263465166091919e-02
1.418124604970216751e-02
1.457750052213668823e-02
1.387279853224754333e-02
1.430955622345209122e-02
1.374443806707859039e-02
1.428292598575353622e-02
1.426432654261589050e-02
1.380036678165197372e-02
1.436631102114915848e-02
1.373150479048490524e-02
1.423430256545543671e-02
1.345461513847112656e-02
1.404635887593030930e-02
1.403510197997093201e-02
1.364269666373729706e-02
1.339088939130306244e-02
1.318221259862184525e-02
1.316828187555074692e-02
1.321248244494199753e-02
1.372913457453250885e-02
1.283530797809362411e-02
1.329907774925231934e-02
1.298401039093732834e-02
1.323200203478336334e-02
1.283127348870038986e-02
1.312427408993244171e-02
1.272980496287345886e-02
1.275868061929941177e-02
1.239246968179941177e-02
1.284738071262836456e-02
1.277476735413074493e-02
1.283965911716222763e-02
1.267354562878608704e-02
1.277560088783502579e-02
1.240340340882539749e-02
1.233448926359415054e-02
1.299607381224632263e-02
1.234938204288482666e-02
1.241322048008441925e-02
1.243352610617876053e-02
1.207798905670642853e-02
1.285540126264095306e-02
1.251968648284673691e-02
1.252935174852609634e-02
1.219438295811414719e-02
1.168859470635652542e-02
1.225412264466285706e-02
1.225089002400636673e-02
1.230230554938316345e-02
1.237444207072257996e-02
1.252451166510581970e-02
1.241137832403182983e-02
1.182102039456367493e-02
1.235114317387342453e-02
1.207898929715156555e-02
1.210744213312864304e-02
1.189563795924186707e-02
1.229891832917928696e-02
1.198978535830974579e-02
1.225184742361307144e-02
1.167526375502347946e-02
1.203392446041107178e-02
1.186284516006708145e-02
1.180923078209161758e-02
1.193264778703451157e-02
1.187850441783666611e-02
1.164832804352045059e-02
1.195645146071910858e-02
1.194760482758283615e-02
1.170356478542089462e-02
1.172480173408985138e-02
1.200554799288511276e-02
1.150100212544202805e-02
1.135009340941905975e-02
1.158037316054105759e-02
1.124468445777893066e-02
1.154405437409877777e-02
1.121893990784883499e-02
1.143467240035533905e-02
1.151359081268310547e-02
1.122386846691370010e-02
1.113041583448648453e-02
1.159039791673421860e-02
1.139556337147951126e-02
1.120802573859691620e-02
1.145911309868097305e-02
1.107028033584356308e-02
1.135119888931512833e-02
1.158308703452348709e-02
1.111267320811748505e-02
1.156657747924327850e-02
1.168945711106061935e-02
1.105023082345724106e-02
1.107572764158248901e-02
1.123509556055068970e-02
1.096528582274913788e-02
1.110661588609218597e-02
1.089231483638286591e-02
1.092532835900783539e-02
1.127073168754577637e-02
1.142712403088808060e-02
1.068588998168706894e-02
1.101102493703365326e-02
1.094380673021078110e-02
1.095031946897506714e-02
1.079935301095247269e-02
1.095790229737758636e-02
1.121008768677711487e-02
1.059173792600631714e-02
1.087333168834447861e-02
1.101853977888822556e-02
1.108381804078817368e-02
1.054417248815298080e-02
1.113419700413942337e-02
1.100068911910057068e-02
1.098221447318792343e-02
1.066856738179922104e-02
1.080909371376037598e-02
1.053741108626127243e-02
1.071124803274869919e-02
1.063770148903131485e-02
1.110048964619636536e-02
1.057781837880611420e-02
1.073019113391637802e-02
1.053335610777139664e-02
1.033587194979190826e-02
1.121641043573617935e-02
1.103397924453020096e-02
1.079762913286685944e-02
1.068009436130523682e-02
1.048762165009975433e-02
1.080171670764684677e-02
1.044812891632318497e-02
1.070313807576894760e-02
1.087705325335264206e-02
1.022727694362401962e-02
1.053796056658029556e-02
1.091608218848705292e-02
1.032533589750528336e-02
1.049261447042226791e-02
1.013481616973876953e-02
1.087328046560287476e-02
1.045130006968975067e-02
1.042807195335626602e-02
1.096963137388229370e-02
1.054413989186286926e-02
1.015246473252773285e-02
1.071098726242780685e-02
1.018738653510808945e-02
9.930708445608615875e-03
1.039163582026958466e-02
1.038646697998046875e-02
1.038114540278911591e-02
1.044534333050251007e-02
1.037292368710041046e-02
1.033802330493927002e-02
1.032881345599889755e-02
1.019487157464027405e-02
9.867432527244091034e-03
1.053570210933685303e-02
9.976538829505443573e-03
1.004096772521734238e-02
1.058426499366760254e-02
1.039073802530765533e-02
1.041253563016653061e-02
1.060722116380929947e-02
9.951381944119930267e-03
1.010443642735481262e-02
1.060298644006252289e-02
1.022438984364271164e-02
9.801792912185192108e-03
1.029600854963064194e-02
1.003445032984018326e-02
1.037947554141283035e-02
1.033970247954130173e-02
1.038860157132148743e-02
9.990204125642776489e-03
1.030080672353506088e-02
1.006507314741611481e-02
1.035127136856317520e-02
9.692688472568988800e-03
1.012754160910844803e-02
1.031361985951662064e-02
9.825712069869041443e-03
1.008563395589590073e-02
1.019753050059080124e-02
1.000505033880472183e-02
1.023978460580110550e-02
9.895385242998600006e-03
1.000260189175605774e-02
1.004309952259063721e-02
9.963723830878734589e-03
9.611124172806739807e-03
1.032283809036016464e-02
9.574807249009609222e-03
1.002240180969238281e-02
1.012560538947582245e-02
9.669610299170017242e-03
1.032232493162155151e-02
9.815793484449386597e-03
9.646123275160789490e-03
9.826316498219966888e-03
9.749796241521835327e-03
9.843294508755207062e-03
9.931866079568862915e-03
9.960526600480079651e-03
9.688647463917732239e-03
9.637272916734218597e-03
9.796835482120513916e-03
9.541614912450313568e-03
9.583571925759315491e-03
9.718321263790130615e-03
9.876988828182220459e-03
9.758409112691879272e-03
9.527567774057388306e-03
9.641814976930618286e-03
9.724562056362628937e-03
9.796919301152229309e-03
1.003415230661630630e-02
9.965570643544197083e-03
9.707883931696414948e-03
9.240861050784587860e-03
9.570905007421970367e-03
9.646041318774223328e-03
1.010537520051002502e-02
9.570599533617496490e-03
9.486207738518714905e-03
9.741820394992828369e-03
9.664414450526237488e-03
9.692165069282054901e-03
9.269539266824722290e-03
9.463831782341003418e-03
9.519586339592933655e-03
9.495159611105918884e-03
9.574179537594318390e-03
9.406201541423797607e-03
9.852288290858268738e-03
9.802504442632198334e-03
9.626653976738452911e-03
9.484460577368736267e-03
9.391047991812229156e-03
9.946964681148529053e-03
9.563016705214977264e-03
9.772919118404388428e-03
9.904009290039539337e-03
9.703367017209529877e-03
9.964640252292156219e-03
9.440003894269466400e-03
9.664916433393955231e-03
9.262329898774623871e-03
9.776682592928409576e-03
9.812356904149055481e-03
9.561910293996334076e-03
9.380038827657699585e-03
1.004747673869132996e-02
9.277530945837497711e-03
9.080693125724792480e-03
9.326932020485401154e-03
9.641498327255249023e-03
9.347676299512386322e-03
9.291788563132286072e-03
9.414141066372394562e-03
9.609290398657321930e-03
9.493519552052021027e-03
9.697029367089271545e-03
9.410623461008071899e-03
9.394712746143341064e-03
9.400679729878902435e-03
9.318094700574874878e-03
9.057817980647087097e-03
9.251750074326992035e-03
9.491756558418273926e-03
9.682249277830123901e-03
9.307027794420719147e-03
9.326810948550701141e-03
9.930415078997612000e-03
9.153284132480621338e-03
9.276475757360458374e-03
9.656119160354137421e-03
9.071137756109237671e-03
9.030617773532867432e-03
9.508825838565826416e-03
9.426278062164783478e-03
9.144105017185211182e-03
9.129234589636325836e-03
9.384549222886562347e-03
9.265800938010215759e-03
9.353155270218849182e-03
9.887012653052806854e-03
9.473110549151897430e-03
9.572387672960758209e-03
9.255606681108474731e-03
9.180565364658832550e-03
9.165349416434764862e-03
9.075571782886981964e-03
9.247755631804466248e-03
9.313120506703853607e-03
9.222732856869697571e-03
9.495124220848083496e-03
9.179643355309963226e-03
9.179300628602504730e-03
9.506870061159133911e-03
9.174452163279056549e-03
9.488078765571117401e-03
9.360459633171558380e-03
9.020199999213218689e-03
9.355766698718070984e-03
9.350623935461044312e-03
9.150007739663124084e-03
9.439527057111263275e-03
9.524890221655368805e-03
9.395196102559566498e-03
9.371071122586727142e-03
9.721559472382068634e-03
8.910846896469593048e-03
9.307699277997016907e-03
9.010992944240570068e-03
9.070322848856449127e-03
9.249217808246612549e-03
9.015791118144989014e-03
9.679989889264106750e-03
8.940210565924644470e-03
9.323131293058395386e-03
9.447215124964714050e-03
8.994019590318202972e-03
9.338218718767166138e-03
9.028734639286994934e-03
8.949047885835170746e-03
8.923307061195373535e-03
9.638822637498378754e-03
9.134618565440177917e-03
9.131545200943946838e-03
9.252733550965785980e-03
9.367727674543857574e-03
8.933376520872116089e-03
9.380855597555637360e-03
9.073138236999511719e-03
9.454394690692424774e-03
9.205023758113384247e-03
9.214729070663452148e-03
9.159180335700511932e-03
9.045106358826160431e-03
9.176390245556831360e-03
8.814377710223197937e-03
9.069333784282207489e-03
9.395756758749485016e-03
8.999938145279884338e-03
8.896111510694026947e-03
8.720502257347106934e-03
9.303911589086055756e-03
9.110409766435623169e-03
8.891870267689228058e-03
9.121653623878955841e-03
9.142474271357059479e-03
9.102379903197288513e-03
9.037803858518600464e-03
9.136470966041088104e-03
9.147973731160163879e-03
9.144729003310203552e-03
9.032502770423889160e-03
8.801820687949657440e-03
8.880209177732467651e-03
9.079998359084129333e-03
8.928190916776657104e-03
9.087279438972473145e-03
8.998264558613300323e-03
9.003146551549434662e-03
9.092990309000015259e-03
9.112385101616382599e-03
8.926124311983585358e-03
8.845457807183265686e-03
9.420594200491905212e-03
8.808520622551441193e-03
8.929980918765068054e-03
8.812404237687587738e-03
8.900930173695087433e-03
9.047534316778182983e-03
9.124688804149627686e-03
8.874849416315555573e-03
8.967767469584941864e-03
8.895211853086948395e-03
9.084008634090423584e-03
9.024881757795810699e-03
9.034175425767898560e-03
9.067652747035026550e-03
8.937013335525989532e-03
8.724713698029518127e-03
8.721320889890193939e-03
9.053946472704410553e-03
9.097657166421413422e-03
9.272545576095581055e-03
8.832174353301525116e-03
8.807177655398845673e-03
9.007081389427185059e-03
9.112532250583171844e-03
8.962629362940788269e-03
9.070323780179023743e-03
8.835222572088241577e-03
9.055407717823982239e-03
8.789308369159698486e-03
8.816374465823173523e-03
8.758554235100746155e-03
8.945534005761146545e-03
8.573087863624095917e-03
9.134426712989807129e-03
8.798045106232166290e-03
8.555066771805286407e-03
8.812827058136463165e-03
8.746623992919921875e-03
9.029199369251728058e-03
8.790673688054084778e-03
8.991819806396961212e-03
8.871134370565414429e-03
8.797041140496730804e-03
8.764821104705333710e-03
8.997315540909767151e-03
8.676907047629356384e-03
8.904810994863510132e-03
8.782924152910709381e-03
8.789628744125366211e-03
8.914736099541187286e-03
8.923742920160293579e-03
8.766385726630687714e-03
8.869951590895652771e-03
8.836017921566963196e-03
9.095926769077777863e-03
8.654861710965633392e-03
8.647837676107883453e-03
8.961744606494903564e-03
8.860222063958644867e-03
8.913957513868808746e-03
8.723703213036060333e-03
8.807854726910591125e-03
8.656883612275123596e-03
8.756317198276519775e-03
8.668900467455387115e-03
8.846730925142765045e-03
8.827034384012222290e-03
9.095341898500919342e-03
8.922146633267402649e-03
8.521073497831821442e-03
8.970921859145164490e-03
8.773097768425941467e-03
8.797197602689266205e-03
8.676033467054367065e-03
8.679691702127456665e-03
8.912515826523303986e-03
8.830132894217967987e-03
8.618467487394809723e-03
8.881964720785617828e-03
8.873909711837768555e-03
8.851647377014160156e-03
8.370775729417800903e-03
8.460855111479759216e-03
8.523207157850265503e-03
8.699590340256690979e-03
8.488656021654605865e-03
8.942625485360622406e-03
8.772042579948902130e-03
8.885274641215801239e-03
8.595987223088741302e-03
8.621172979474067688e-03
8.629810065031051636e-03
8.724658749997615814e-03
8.691654540598392487e-03
8.733317255973815918e-03
8.701070211827754974e-03
8.403548039495944977e-03
8.613621816039085388e-03
8.719603531062602997e-03
8.762595243752002716e-03
8.482040837407112122e-03
9.071276523172855377e-03
8.761815726757049561e-03
8.719760924577713013e-03
8.599788881838321686e-03
8.605667389929294586e-03
8.509501814842224121e-03
8.279014378786087036e-03
8.650480769574642181e-03
8.410029113292694092e-03
8.647889830172061920e-03
8.344212546944618225e-03
8.918161503970623016e-03
8.298784494400024414e-03
8.737487718462944031e-03
9.037172421813011169e-03
8.414989337325096130e-03
8.699452504515647888e-03
8.533506654202938080e-03
8.885622955858707428e-03
8.818943984806537628e-03
8.906804956495761871e-03
8.789512328803539276e-03
8.375589735805988312e-03
8.607530966401100159e-03
8.523836731910705566e-03
8.543002419173717499e-03
8.893631398677825928e-03
8.679410442709922791e-03
8.549888618290424347e-03
8.673401549458503723e-03
8.968244306743144989e-03
8.710996247828006744e-03
8.569155819714069366e-03
8.831626735627651215e-03
8.892940357327461243e-03
8.507634513080120087e-03
8.947031572461128235e-03
8.464345708489418030e-03
8.875601924955844879e-03
8.858794346451759338e-03
8.515412919223308563e-03
8.679977618157863617e-03
8.434232324361801147e-03
8.679262362420558929e-03
8.854932151734828949e-03
8.535574190318584442e-03
8.574921637773513794e-03
8.309946395456790924e-03
8.601979352533817291e-03
8.632577024400234222e-03
8.685261011123657227e-03
8.455513045191764832e-03
8.598251268267631531e-03
8.300458081066608429e-03
8.836348541080951691e-03
8.503832854330539703e-03
8.631089702248573303e-03
8.289384655654430389e-03
8.486030623316764832e-03
8.688004687428474426e-03
8.322805166244506836e-03
8.779310621321201324e-03
8.644783869385719299e-03
8.573642931878566742e-03
8.522619493305683136e-03
8.334435522556304932e-03
8.781373500823974609e-03
8.555524982511997223e-03
8.452534675598144531e-03
8.505745790898799896e-03
8.555029518902301788e-03
8.390207774937152863e-03
8.894748985767364502e-03
8.521245792508125305e-03
8.572272956371307373e-03
8.829616941511631012e-03
8.428309112787246704e-03
8.078237995505332947e-03
8.905918337404727936e-03
8.331590332090854645e-03
8.708352223038673401e-03
8.894480764865875244e-03
8.416225202381610870e-03
8.344318717718124390e-03
8.933507837355136871e-03
8.581670001149177551e-03
8.565801195800304413e-03
8.532734587788581848e-03
8.446802385151386261e-03
8.509470149874687195e-03
8.512838743627071381e-03
8.479162119328975677e-03
8.644880726933479309e-03
8.350028656423091888e-03
8.198286406695842743e-03
8.789917454123497009e-03
8.659494109451770782e-03
8.695307187736034393e-03
8.444261737167835236e-03
8.749511092901229858e-03
8.698469959199428558e-03
8.250475861132144928e-03
8.266995660960674286e-03
8.718491531908512115e-03
8.529610000550746918e-03
8.579855784773826599e-03
8.676565252244472504e-03
8.177646435797214508e-03
8.461697958409786224e-03
8.680889382958412170e-03
8.397920057177543640e-03
8.666977286338806152e-03
8.456676267087459564e-03
8.460778743028640747e-03
8.182427845895290375e-03
8.535576052963733673e-03
8.643275126814842224e-03
8.293370716273784637e-03
8.322061970829963684e-03
8.113213814795017242e-03
8.403424173593521118e-03
8.208480663597583771e-03
8.297362364828586578e-03
8.418987505137920380e-03
8.690315298736095428e-03
8.334778249263763428e-03
8.367870002985000610e-03
8.617525920271873474e-03
8.230097591876983643e-03
8.288574405014514923e-03
8.482432924211025238e-03
8.537712506949901581e-03
8.304354734718799591e-03
8.285976946353912354e-03
8.547399193048477173e-03
8.502538315951824188e-03
8.370513096451759338e-03
8.363578468561172485e-03
8.387104608118534088e-03
8.424079045653343201e-03
8.564110845327377319e-03
8.372559212148189545e-03
8.095946162939071655e-03
8.134778589010238647e-03
8.270111866295337677e-03
8.575578220188617706e-03
8.719300851225852966e-03
8.422165177762508392e-03
8.488137274980545044e-03
8.368081413209438324e-03
8.309178985655307770e-03
8.467092178761959076e-03
8.308053016662597656e-03
8.744837716221809387e-03
8.325271308422088623e-03
8.245909586548805237e-03
8.453694172203540802e-03
8.182254619896411896e-03
8.292514830827713013e-03
8.643193170428276062e-03
8.336727507412433624e-03
8.299201726913452148e-03
8.344125002622604370e-03
8.315923623740673065e-03
8.351807482540607452e-03
8.442715741693973541e-03
8.837124332785606384e-03
8.430161513388156891e-03
8.477781899273395538e-03
8.295459672808647156e-03
8.627548813819885254e-03
8.154699578881263733e-03
8.282093331217765808e-03
8.171878755092620850e-03
8.358743041753768921e-03
8.377308025956153870e-03
8.533514104783535004e-03
7.982827723026275635e-03
8.686942048370838165e-03
8.239936083555221558e-03
8.601277135312557220e-03
8.326940238475799561e-03
8.196660317480564117e-03
8.372868411242961884e-03
8.297353982925415039e-03
8.813399821519851685e-03
8.093731477856636047e-03
8.464047685265541077e-03
8.671441115438938141e-03
8.399283513426780701e-03
8.187065832316875458e-03
8.195361122488975525e-03
8.259465917944908142e-03
8.264533244073390961e-03
8.424296043813228607e-03
8.338123559951782227e-03
8.332441560924053192e-03
8.199004456400871277e-03
8.284686133265495300e-03
8.312332443892955780e-03
8.201858960092067719e-03
8.433285169303417206e-03
8.721350692212581635e-03
8.160108700394630432e-03
8.063982240855693817e-03
8.367694914340972900e-03
8.538475260138511658e-03
8.153612725436687469e-03
8.188649080693721771e-03
8.329284377396106720e-03
8.471881039440631866e-03
8.263437077403068542e-03
8.110105060040950775e-03
8.794909343123435974e-03
8.230353705585002899e-03
8.077092468738555908e-03
8.311008103191852570e-03
8.154359646141529083e-03
8.536311797797679901e-03
8.355259895324707031e-03
8.587568067014217377e-03
7.870011031627655029e-03
8.416182361543178558e-03
8.381791412830352783e-03
8.372788317501544952e-03
8.308539167046546936e-03
8.271015249192714691e-03
8.166223764419555664e-03
8.295763283967971802e-03
8.123124949634075165e-03
8.128852583467960358e-03
8.375478908419609070e-03
8.386432193219661713e-03
8.356582373380661011e-03
7.981384173035621643e-03
8.214721456170082092e-03
8.322372101247310638e-03
8.120279759168624878e-03
8.469947613775730133e-03
7.895553484559059143e-03
8.341971784830093384e-03
8.255719207227230072e-03
8.043286390602588654e-03
8.336596190929412842e-03
8.421954698860645294e-03
8.396944962441921234e-03
8.290987461805343628e-03
8.644338697195053101e-03
8.564392104744911194e-03
8.466592989861965179e-03
8.226444013416767120e-03
8.326360024511814117e-03
8.445989340543746948e-03
8.612446486949920654e-03
8.461900986731052399e-03
8.477356284856796265e-03
8.231931366026401520e-03
8.238078095018863678e-03
8.697322569787502289e-03
8.447829633951187134e-03
8.327180519700050354e-03
8.001063019037246704e-03
8.303056471049785614e-03
8.264856413006782532e-03
8.454875089228153229e-03
8.294132538139820099e-03
8.309396915137767792e-03
8.195229806005954742e-03
8.429359644651412964e-03
8.407904766499996185e-03
8.453846909105777740e-03
8.254370652139186859e-03
8.266772143542766571e-03
8.291197940707206726e-03
8.302055299282073975e-03
8.090479299426078796e-03
8.344812318682670593e-03
8.240588940680027008e-03
8.304671384394168854e-03
8.594639599323272705e-03
8.162572048604488373e-03
8.255364373326301575e-03
8.521343581378459930e-03
8.559932932257652283e-03
8.009549230337142944e-03
8.251137100160121918e-03
8.435378782451152802e-03
8.028297685086727142e-03
8.100909180939197540e-03
8.211581967771053314e-03
8.299441076815128326e-03
8.144123479723930359e-03
8.339961059391498566e-03
8.934169076383113861e-03
8.165802806615829468e-03
8.241771720349788666e-03
8.124033920466899872e-03
8.264331147074699402e-03
8.466507308185100555e-03
8.027295581996440887e-03
8.002834394574165344e-03
8.610661141574382782e-03
8.564970456063747406e-03
8.261879906058311462e-03
8.230975829064846039e-03
8.237749338150024414e-03
8.348999544978141785e-03
8.321916684508323669e-03
7.977731525897979736e-03
8.319956250488758087e-03
8.299840614199638367e-03
8.258500136435031891e-03
8.512047119438648224e-03
8.259333670139312744e-03
8.620750159025192261e-03
8.227013051509857178e-03
7.976448163390159607e-03
8.216709829866886139e-03
8.428436703979969025e-03
8.349330164492130280e-03
8.212285116314888000e-03
8.200079202651977539e-03
8.318031206727027893e-03
8.141892962157726288e-03
8.391918614506721497e-03
8.142463862895965576e-03
8.078950457274913788e-03
8.265282958745956421e-03
8.165827021002769470e-03
8.106226101517677307e-03
8.022337220609188080e-03
8.112986572086811066e-03
8.013670332729816437e-03
8.221867494285106659e-03
8.315712213516235352e-03
8.400876075029373169e-03
8.275680243968963623e-03
8.588506840169429779e-03
8.307930082082748413e-03
8.111882023513317108e-03
8.398513309657573700e-03
8.120183832943439484e-03
8.024373091757297516e-03
8.093283511698246002e-03
8.073096163570880890e-03
8.464386686682701111e-03
8.788998238742351532e-03
8.306507952511310577e-03
8.301503956317901611e-03
8.446742780506610870e-03
8.350507356226444244e-03
8.324376307427883148e-03
8.259982801973819733e-03
8.421690203249454498e-03
8.050970733165740967e-03
8.463706821203231812e-03
8.451407775282859802e-03
8.214205503463745117e-03
8.399429731070995331e-03
8.190861903131008148e-03
8.470386266708374023e-03
8.342480286955833435e-03
8.183163590729236603e-03
7.991958409547805786e-03
8.222226984798908234e-03
8.132546208798885345e-03
8.318823762238025665e-03
8.311597630381584167e-03
8.282055146992206573e-03
8.442921563982963562e-03
8.298791013658046722e-03
8.268880657851696014e-03
8.074769750237464905e-03
8.188338950276374817e-03
7.841722108423709869e-03
8.332604542374610901e-03
8.165398612618446350e-03
8.169875480234622955e-03
8.426075801253318787e-03
8.026901632547378540e-03
8.403928950428962708e-03
7.955583743751049042e-03
8.409335277974605560e-03
8.342260494828224182e-03
7.926823571324348450e-03
8.143858052790164948e-03
8.534495718777179718e-03
8.054533973336219788e-03
8.019658736884593964e-03
8.142962120473384857e-03
8.530230261385440826e-03
8.054914884269237518e-03
7.788999471813440323e-03
8.048430085182189941e-03
8.227789774537086487e-03
8.010162040591239929e-03
8.220766671001911163e-03
8.042939938604831696e-03
8.215510286390781403e-03
8.107019588351249695e-03
8.110547438263893127e-03
8.018869906663894653e-03
8.413123898208141327e-03
7.879005745053291321e-03
8.229728788137435913e-03
8.031852543354034424e-03
8.224761113524436951e-03
8.242265321314334869e-03
8.178185671567916870e-03
8.102828636765480042e-03
8.370661176741123199e-03
8.310485631227493286e-03
7.934306748211383820e-03
8.003232069313526154e-03
8.164322935044765472e-03
8.293949067592620850e-03
7.994812913239002228e-03
8.053523488342761993e-03
7.960753515362739563e-03
8.145734667778015137e-03
8.065965957939624786e-03
8.075027726590633392e-03
8.264773525297641754e-03
7.846836932003498077e-03
8.091328665614128113e-03
8.027126081287860870e-03
8.051624521613121033e-03
8.312714286148548126e-03
8.033853955566883087e-03
8.421097882091999054e-03
8.007009513676166534e-03
8.290470577776432037e-03
7.847159169614315033e-03
8.119178935885429382e-03
7.995557039976119995e-03
8.258356712758541107e-03
8.401125669479370117e-03
7.853063754737377167e-03
7.941522635519504547e-03
8.205111138522624969e-03
8.295468986034393311e-03
7.906963117420673370e-03
8.203396573662757874e-03
8.010465651750564575e-03
8.180384524166584015e-03
7.832102477550506592e-03
8.121773600578308105e-03
8.151143789291381836e-03
8.182298392057418823e-03
7.963756099343299866e-03
8.019302971661090851e-03
8.400018326938152313e-03
8.011749014258384705e-03
8.322310633957386017e-03
7.901424542069435120e-03
8.141183294355869293e-03
8.332662284374237061e-03
8.523366414010524750e-03
8.174855262041091919e-03
8.220146410167217255e-03
8.291233330965042114e-03
7.925781421363353729e-03
8.273643441498279572e-03
8.090014569461345673e-03
8.030274882912635803e-03
8.251105435192584991e-03
8.109906688332557678e-03
8.357886224985122681e-03
7.971683517098426819e-03
8.185958489775657654e-03
8.132559247314929962e-03
7.979477755725383759e-03
8.090379647910594940e-03
8.016395382583141327e-03
8.398985490202903748e-03
8.057147264480590820e-03
8.085618726909160614e-03
8.172051981091499329e-03
8.072313852608203888e-03
8.095104247331619263e-03
8.105649612843990326e-03
7.753380574285984039e-03
8.344057947397232056e-03
8.129493333399295807e-03
8.249674923717975616e-03
8.127724751830101013e-03
8.215788751840591431e-03
8.284351788461208344e-03
8.037310093641281128e-03
8.113005198538303375e-03
8.031304925680160522e-03
8.445994928479194641e-03
8.135890588164329529e-03
8.018980734050273895e-03
8.017266169190406799e-03
8.094662800431251526e-03
7.932947017252445221e-03
8.232317864894866943e-03
8.337872102856636047e-03
8.341998793184757233e-03
8.180536329746246338e-03
7.968950085341930389e-03
7.949952036142349243e-03
7.928414270281791687e-03
8.178628981113433838e-03
8.208756335079669952e-03
8.105600252747535706e-03
7.896460592746734619e-03
8.041278459131717682e-03
8.385195396840572357e-03
8.051773533225059509e-03
7.797552738338708878e-03
8.156944066286087036e-03
7.846084423363208771e-03
8.192344568669795990e-03
8.133753202855587006e-03
8.503667078912258148e-03
8.140555582940578461e-03
8.073711767792701721e-03
8.406896144151687622e-03
7.949260994791984558e-03
8.067212998867034912e-03
8.314361795783042908e-03
8.201880380511283875e-03
7.792732212692499161e-03
7.889160886406898499e-03
7.856283336877822876e-03
8.131053298711776733e-03
8.212132379412651062e-03
8.096746169030666351e-03
8.528688922524452209e-03
8.069554343819618225e-03
7.915541529655456543e-03
8.062580600380897522e-03
8.093625307083129883e-03
8.419776335358619690e-03
8.107555098831653595e-03
8.129176683723926544e-03
7.896915078163146973e-03
8.086061105132102966e-03
7.895346730947494507e-03
8.156431838870048523e-03
7.732679136097431183e-03
8.275984786450862885e-03
8.025757037103176117e-03
7.896380499005317688e-03
7.982028648257255554e-03
7.994638755917549133e-03
8.159858174622058868e-03
7.991533726453781128e-03
7.907107472419738770e-03
8.102388121187686920e-03
8.300968445837497711e-03
8.037229068577289581e-03
7.840876467525959015e-03
7.693978492170572281e-03
7.746417541056871414e-03
8.061524480581283569e-03
8.340523578226566315e-03
7.860997691750526428e-03
7.910833694040775299e-03
8.003164082765579224e-03
7.958199828863143921e-03
8.208077400922775269e-03
8.218904025852680206e-03
8.159808814525604248e-03
8.329795673489570618e-03
8.416689932346343994e-03
8.175470866262912750e-03
8.111138828098773956e-03
8.003639988601207733e-03
7.904258556663990021e-03
8.051577955484390259e-03
7.700263522565364838e-03
8.070638403296470642e-03
8.055715821683406830e-03
8.032768033444881439e-03
8.076057769358158112e-03
8.350332267582416534e-03
7.927863858640193939e-03
8.440511301159858704e-03
8.145583793520927429e-03
8.021844550967216492e-03
7.954224012792110443e-03
7.925521582365036011e-03
8.211941458284854889e-03
8.346640504896640778e-03
7.826130837202072144e-03
8.085886947810649872e-03
8.046756498515605927e-03
8.300784975290298462e-03
8.291236124932765961e-03
7.968126796185970306e-03
8.240602910518646240e-03
7.952555082738399506e-03
7.836857810616493225e-03
7.934343069791793823e-03
8.127404376864433289e-03
8.653405122458934784e-03
8.100672625005245209e-03
8.480260148644447327e-03
8.325867354869842529e-03
7.837140001356601715e-03
8.171071298420429230e-03
7.629995234310626984e-03
8.167796768248081207e-03
8.276423439383506775e-03
7.985076867043972015e-03
8.081659674644470215e-03
8.292179554700851440e-03
7.785651367157697678e-03
8.001831360161304474e-03
8.341074921190738678e-03
7.826797664165496826e-03
8.073665201663970947e-03
7.776760961860418320e-03
8.196556940674781799e-03
8.055722340941429138e-03
8.034951984882354736e-03
8.066376671195030212e-03
7.935713045299053192e-03
8.364561013877391815e-03
7.796894758939743042e-03
8.159694261848926544e-03
8.129874244332313538e-03
7.960588671267032623e-03
8.021473884582519531e-03
8.044875226914882660e-03
8.981741964817047119e-03
8.938113227486610413e-03
8.342672139406204224e-03
7.906044833362102509e-03
8.105906657874584198e-03
7.881360128521919250e-03
7.965077646076679230e-03
7.904442958533763885e-03
8.118033409118652344e-03
8.158373646438121796e-03
8.263847790658473969e-03
7.747211027890443802e-03
8.213319815695285797e-03
8.452224545180797577e-03
8.111444301903247833e-03
7.764894980937242508e-03
8.188652805984020233e-03
8.025927469134330750e-03
7.891857996582984924e-03
8.045077323913574219e-03
7.877204567193984985e-03
8.139345794916152954e-03
7.978528738021850586e-03
7.987939752638339996e-03
8.062397129833698273e-03
7.863377220928668976e-03
7.704348303377628326e-03
8.193811401724815369e-03
7.897680625319480896e-03
7.871594280004501343e-03
7.801033090800046921e-03
8.193951100111007690e-03
7.937221787869930267e-03
8.463555015623569489e-03
8.339836262166500092e-03
8.057917468249797821e-03
8.021041750907897949e-03
7.980965077877044678e-03
8.206473663449287415e-03
8.235293440520763397e-03
8.139600977301597595e-03
8.559027686715126038e-03
7.825576700270175934e-03
8.008825592696666718e-03
8.034332655370235443e-03
8.112369105219841003e-03
8.195720613002777100e-03
7.948664017021656036e-03
7.918242365121841431e-03
7.861940190196037292e-03
7.930536754429340363e-03
8.104229345917701721e-03
8.050481788814067841e-03
8.220216259360313416e-03
8.255444467067718506e-03
8.151518180966377258e-03
7.879534736275672913e-03
7.761035114526748657e-03
8.145153522491455078e-03
8.140332996845245361e-03
8.244910277426242828e-03
8.448605425655841827e-03
8.198044262826442719e-03
7.809896022081375122e-03
8.148410357534885406e-03
7.698463276028633118e-03
8.182415738701820374e-03
8.371599949896335602e-03
7.751549594104290009e-03
8.059087209403514862e-03
8.100423030555248260e-03
7.973193190991878510e-03
8.028119802474975586e-03
7.990928366780281067e-03
7.721178699284791946e-03
7.932991720736026764e-03
7.783195003867149353e-03
7.781274151057004929e-03
7.738212589174509048e-03
8.051862940192222595e-03
7.706565782427787781e-03
7.775556761771440506e-03
7.857937365770339966e-03
8.394982665777206421e-03
7.962211966514587402e-03
8.236911147832870483e-03
8.209973573684692383e-03
8.091487921774387360e-03
7.961513474583625793e-03
8.027027361094951630e-03
8.071463555097579956e-03
7.975731045007705688e-03
8.121703751385211945e-03
8.231432177126407623e-03
7.970319129526615143e-03
7.873491384088993073e-03
7.837075740098953247e-03
8.559051901102066040e-03
7.968273945152759552e-03
7.880670949816703796e-03
8.177648298442363739e-03
8.053550496697425842e-03
7.850782945752143860e-03
7.709451019763946533e-03
7.984884083271026611e-03
8.081785403192043304e-03
7.902177050709724426e-03
7.636745460331439972e-03
8.154452778398990631e-03
7.887924090027809143e-03
7.957025431096553802e-03
7.675403729081153870e-03
7.836176082491874695e-03
7.833180017769336700e-03
7.779170759022235870e-03
8.055727928876876831e-03
7.965963333845138550e-03
7.872276008129119873e-03
8.050260134041309357e-03
7.946337573230266571e-03
7.893479429185390472e-03
8.345322683453559875e-03
7.896919734776020050e-03
7.832942530512809753e-03
7.728558033704757690e-03
8.481073193252086639e-03
8.146529085934162140e-03
8.025709539651870728e-03
8.268277160823345184e-03
8.011345751583576202e-03
8.093239739537239075e-03
7.849738933145999908e-03
7.865833118557929993e-03
7.832911796867847443e-03
7.966982200741767883e-03
8.086560294032096863e-03
7.965226657688617706e-03
7.989972829818725586e-03
8.151470683515071869e-03
8.151796646416187286e-03
7.686962839215993881e-03
7.898374460637569427e-03
7.907822728157043457e-03
8.040581829845905304e-03
7.931487634778022766e-03
7.909941487014293671e-03
8.191642351448535919e-03
7.661459036171436310e-03
7.753448560833930969e-03
7.834359072148799896e-03
7.775926031172275543e-03
8.052764460444450378e-03
8.104437030851840973e-03
8.009430021047592163e-03
8.229364641010761261e-03
7.929614745080471039e-03
7.925314828753471375e-03
8.026260882616043091e-03
8.034844882786273956e-03
7.693359162658452988e-03
8.181678131222724915e-03
7.494114339351654053e-03
8.042133413255214691e-03
7.840359583497047424e-03
8.408620022237300873e-03
7.574047893285751343e-03
7.686601020395755768e-03
7.914340123534202576e-03
7.673311978578567505e-03
7.960677146911621094e-03
7.626094855368137360e-03
8.090521208941936493e-03
8.199026808142662048e-03
8.018078282475471497e-03
7.533589843660593033e-03
7.891306653618812561e-03
8.145211264491081238e-03
8.228100836277008057e-03
7.849955931305885315e-03
7.694509346038103104e-03
7.890568114817142487e-03
8.125267922878265381e-03
8.117480203509330750e-03
7.923257537186145782e-03
7.595373783260583878e-03
7.970040664076805115e-03
8.048420771956443787e-03
7.760648615658283234e-03
7.583875209093093872e-03
7.942959666252136230e-03
8.096347562968730927e-03
7.963257841765880585e-03
8.238659240305423737e-03
7.527658250182867050e-03
7.561954669654369354e-03
8.029714226722717285e-03
7.832597941160202026e-03
7.998600602149963379e-03
7.855013944208621979e-03
8.038986474275588989e-03
7.930963300168514252e-03
7.842155173420906067e-03
7.778473664075136185e-03
7.754687219858169556e-03
8.015928789973258972e-03
7.676683366298675537e-03
7.855929434299468994e-03
7.811979856342077255e-03
7.705598603934049606e-03
7.902210578322410583e-03
7.855256088078022003e-03
8.135196752846240997e-03
7.593622431159019470e-03
7.982462644577026367e-03
7.722182665020227432e-03
7.703077979385852814e-03
7.698622532188892365e-03
8.003751747310161591e-03
8.029444143176078796e-03
7.701548282057046890e-03
7.832467555999755859e-03
7.581274025142192841e-03
7.804967463016510010e-03
7.884477265179157257e-03
8.019300177693367004e-03
7.827019318938255310e-03
7.996941916644573212e-03
7.674441672861576080e-03
8.067021146416664124e-03
7.977074012160301208e-03
8.308507502079010010e-03
8.026660420000553131e-03
7.795777171850204468e-03
8.214274421334266663e-03
7.962984032928943634e-03
7.793654222041368484e-03
8.084628731012344360e-03
8.013510145246982574e-03
7.912379689514636993e-03
7.994211278855800629e-03
8.036462590098381042e-03
7.797676138579845428e-03
7.819593884050846100e-03
7.900369353592395782e-03
8.261410519480705261e-03
7.825461216270923615e-03
7.692474406212568283e-03
7.688886020332574844e-03
7.955283857882022858e-03
7.752598263323307037e-03
7.709908299148082733e-03
7.815577089786529541e-03
7.741724606603384018e-03
7.748654112219810486e-03
7.853999733924865723e-03
8.112221024930477142e-03
7.951592095196247101e-03
8.205769583582878113e-03
8.433409035205841064e-03
7.987071759998798370e-03
7.698644418269395828e-03
7.752077188342809677e-03
7.855700328946113586e-03
8.160958066582679749e-03
7.657181005924940109e-03
8.049186319112777710e-03
7.872911170125007629e-03
7.695316337049007416e-03
7.882249541580677032e-03
8.057388477027416229e-03
7.823912426829338074e-03
7.608083076775074005e-03
8.080212399363517761e-03
8.098174817860126495e-03
7.766007911413908005e-03
7.984985597431659698e-03
8.115341886878013611e-03
7.680543698370456696e-03
7.825884036719799042e-03
7.859417237341403961e-03
7.885560393333435059e-03
7.753310725092887878e-03
7.988069206476211548e-03
7.823859341442584991e-03
7.840255275368690491e-03
7.933983579277992249e-03
8.204844780266284943e-03
7.829792797565460205e-03
7.965002208948135376e-03
7.939676754176616669e-03
7.918212562799453735e-03
8.162258192896842957e-03
7.963204756379127502e-03
8.162894286215305328e-03
7.637108676135540009e-03
7.639390882104635239e-03
7.908748462796211243e-03
7.878332398831844330e-03
8.084049448370933533e-03
8.276289328932762146e-03
7.791868411004543304e-03
7.757679093629121780e-03
7.915738038718700409e-03
7.923213765025138855e-03
7.683198899030685425e-03
7.931539788842201233e-03
8.327485993504524231e-03
7.859937846660614014e-03
7.845262065529823303e-03
7.993391714990139008e-03
8.141827769577503204e-03
8.043350651860237122e-03
8.093403652310371399e-03
7.808591704815626144e-03
7.958667352795600891e-03
7.875311188399791718e-03
8.053579367697238922e-03
7.696140091866254807e-03
7.765641435980796814e-03
7.974349893629550934e-03
7.932388223707675934e-03
8.108490146696567535e-03
7.713075727224349976e-03
7.703460287302732468e-03
8.017051964998245239e-03
8.142683655023574829e-03
7.967853918671607971e-03
7.744277361780405045e-03
7.647637743502855301e-03
8.034909144043922424e-03
7.954622618854045868e-03
7.697912864387035370e-03
7.678178604692220688e-03
7.854029536247253418e-03
7.813954725861549377e-03
7.766389288008213043e-03
7.923413999378681183e-03
7.768211886286735535e-03
7.595008239150047302e-03
7.935810834169387817e-03
7.687509525567293167e-03
8.240988478064537048e-03
8.203895762562751770e-03
7.850279100239276886e-03
8.014234714210033417e-03
7.920406758785247803e-03
7.686086464673280716e-03
7.640819065272808075e-03
7.873590104281902313e-03
7.965834811329841614e-03
7.663056720048189163e-03
7.871979847550392151e-03
8.105305023491382599e-03
7.723459973931312561e-03
7.812653668224811554e-03
7.757096551358699799e-03
7.858249358832836151e-03
7.973649539053440094e-03
7.969653233885765076e-03
7.831146009266376495e-03
8.076461963355541229e-03
7.407909259200096130e-03
7.706041447818279266e-03
8.229423314332962036e-03
7.790794596076011658e-03
7.827893830835819244e-03
7.955431938171386719e-03
7.922974415123462677e-03
7.970454171299934387e-03
7.745413575321435928e-03
7.802419830113649368e-03
8.131282404065132141e-03
7.739467080682516098e-03
7.853637449443340302e-03
7.914844900369644165e-03
8.139717392623424530e-03
8.202632889151573181e-03
7.981351576745510101e-03
7.809562608599662781e-03
7.957910187542438507e-03
8.111829869449138641e-03
7.688736077398061752e-03
7.876077666878700256e-03
7.509075570851564407e-03
8.173464797437191010e-03
7.923828437924385071e-03
7.709152996540069580e-03
7.766083348542451859e-03
7.948664017021656036e-03
7.679837755858898163e-03
7.868563756346702576e-03
8.006958290934562683e-03
8.156565949320793152e-03
7.517767604440450668e-03
7.746684364974498749e-03
7.967144250869750977e-03
7.593394722789525986e-03
8.030042983591556549e-03
7.815743796527385712e-03
8.021256886422634125e-03
7.791365496814250946e-03
7.643328513950109482e-03
8.014922030270099640e-03
8.026398718357086182e-03
7.590101100504398346e-03
7.847380824387073517e-03
8.002214133739471436e-03
7.586801424622535706e-03
7.832517847418785095e-03
7.972850464284420013e-03
7.864636369049549103e-03
7.714185863733291626e-03
7.607292383909225464e-03
7.606147788465023041e-03
7.537114899605512619e-03
7.718818727880716324e-03
7.879285141825675964e-03
7.760128472000360489e-03
7.710104808211326599e-03
7.774405647069215775e-03
7.834336720407009125e-03
7.807272486388683319e-03
7.860478945076465607e-03
7.971971295773983002e-03
8.191047236323356628e-03
7.668773643672466278e-03
7.873971015214920044e-03
8.197022601962089539e-03
7.823544554412364960e-03
7.597114425152540207e-03
7.620533462613821030e-03
8.076619356870651245e-03
7.927634753286838531e-03
7.747003342956304550e-03
7.666566874831914902e-03
7.814364507794380188e-03
8.032144047319889069e-03
7.850495167076587677e-03
7.517699617892503738e-03
8.205120451748371124e-03
7.998845539987087250e-03
7.692931685596704483e-03
7.804716937243938446e-03
7.792244665324687958e-03
7.813644595444202423e-03
8.051683194935321808e-03
8.060605265200138092e-03
8.108242414891719818e-03
8.147691376507282257e-03
7.753041572868824005e-03
8.081466890871524811e-03
7.818912155926227570e-03
7.809038739651441574e-03
8.238119073212146759e-03
7.698982954025268555e-03
7.918456569314002991e-03
7.961254566907882690e-03
7.791229058057069778e-03
7.543010171502828598e-03
7.796824909746646881e-03
7.780038751661777496e-03
8.014339022338390350e-03
7.627492304891347885e-03
7.878530770540237427e-03
7.665537297725677490e-03
7.819890975952148438e-03
7.976262830197811127e-03
7.643478456884622574e-03
7.833117619156837463e-03
8.026111871004104614e-03
7.633714471012353897e-03
7.929120212793350220e-03
7.740627974271774292e-03
7.970748469233512878e-03
7.850818336009979248e-03
8.003665134310722351e-03
7.785766385495662689e-03
7.832395844161510468e-03
8.242509327828884125e-03
7.746647112071514130e-03
7.539988029748201370e-03
8.062526583671569824e-03
7.883309386670589447e-03
7.579269353300333023e-03
7.987136952579021454e-03
7.544696331024169922e-03
8.164344355463981628e-03
7.917092181742191315e-03
7.458609994500875473e-03
7.909126579761505127e-03
8.133764378726482391e-03
8.027263917028903961e-03
7.822314277291297913e-03
7.789065595716238022e-03
7.836909964680671692e-03
7.869333960115909576e-03
7.795904763042926788e-03
8.034461177885532379e-03
7.913155481219291687e-03
7.761138956993818283e-03
7.759842090308666229e-03
7.577226031571626663e-03
7.686850149184465408e-03
7.747288327664136887e-03
7.517861202359199524e-03
8.035442791879177094e-03
7.873858325183391571e-03
7.874300703406333923e-03
7.680943701416254044e-03
7.752818521112203598e-03
7.929977029561996460e-03
7.801836822181940079e-03
7.638139184564352036e-03
7.801849860697984695e-03
7.780205924063920975e-03
7.836940698325634003e-03
7.439535576850175858e-03
8.078242652118206024e-03
7.690364960581064224e-03
7.636373396962881088e-03
8.036177605390548706e-03
7.571915164589881897e-03
7.681663613766431808e-03
7.948698475956916809e-03
7.888662628829479218e-03
7.848159410059452057e-03
7.816287688910961151e-03
7.677141111344099045e-03
7.863821461796760559e-03
7.684669923037290573e-03
7.715740706771612167e-03
7.767844945192337036e-03
8.203890174627304077e-03
7.882740348577499390e-03
7.742056623101234436e-03
7.958490401506423950e-03
7.908030413091182709e-03
7.831588387489318848e-03
7.354344241321086884e-03
7.570879533886909485e-03
7.544578984379768372e-03
8.055116981267929077e-03
8.063600398600101471e-03
7.711544167250394821e-03
8.052132092416286469e-03
7.877066731452941895e-03
7.585371844470500946e-03
7.958788424730300903e-03
7.889823056757450104e-03
7.817351259291172028e-03
7.783519104123115540e-03
8.135681040585041046e-03
7.476439699530601501e-03
7.803669665008783340e-03
7.898693904280662537e-03
7.719514425843954086e-03
7.736757863312959671e-03
7.626370526850223541e-03
7.919242605566978455e-03
7.713361643254756927e-03
8.054959587752819061e-03
7.990984246134757996e-03
7.649091538041830063e-03
7.659543771296739578e-03
8.033714257180690765e-03
7.786240428686141968e-03
7.489255163818597794e-03
7.809606380760669708e-03
7.793847471475601196e-03
7.856954820454120636e-03
7.870344445109367371e-03
7.454521954059600830e-03
7.932241074740886688e-03
7.682661525905132294e-03
7.729597855359315872e-03
7.640319410711526871e-03
7.883222773671150208e-03
7.645672652870416641e-03
7.752495352178812027e-03
7.609362248331308365e-03
8.499815128743648529e-03
7.998737506568431854e-03
7.753033190965652466e-03
7.959612645208835602e-03
7.817294448614120483e-03
7.570456713438034058e-03
8.130486123263835907e-03
7.741587236523628235e-03
7.862034253776073456e-03
7.837897166609764099e-03
7.736296858638525009e-03
7.698238361626863480e-03
7.716721855103969574e-03
7.736300583928823471e-03
7.748021278530359268e-03
7.795988116413354874e-03
7.894454523921012878e-03
7.455331739038228989e-03
7.714170496910810471e-03
7.945228368043899536e-03
7.795327343046665192e-03
7.872680202126502991e-03
7.890312001109123230e-03
7.517783902585506439e-03
7.731023710221052170e-03
7.630868349224328995e-03
7.721939589828252792e-03
7.652942091226577759e-03
7.785812951624393463e-03
7.702855858951807022e-03
7.709225174039602280e-03
7.686442229896783829e-03
7.625137455761432648e-03
7.792881689965724945e-03
7.807634770870208740e-03
8.002614602446556091e-03
7.992870174348354340e-03
7.637050468474626541e-03
7.371887098997831345e-03
7.781758438795804977e-03
7.942583411931991577e-03
8.084408938884735107e-03
7.607376668602228165e-03
7.983010262250900269e-03
8.087912574410438538e-03
7.802723441272974014e-03
7.669844198971986771e-03
7.690436672419309616e-03
8.175533264875411987e-03
7.761810906231403351e-03
7.928704842925071716e-03
8.247318677604198456e-03
7.600640412420034409e-03
7.900404743850231171e-03
7.761135697364807129e-03
7.991029880940914154e-03
7.558384444564580917e-03
7.754525635391473770e-03
7.818347774446010590e-03
7.759522646665573120e-03
7.991427555680274963e-03
7.882650010287761688e-03
7.867722772061824799e-03
7.950828410685062408e-03
7.893917150795459747e-03
7.647776976227760315e-03
8.041771128773689270e-03
7.761299144476652145e-03
7.706603966653347015e-03
7.668582256883382797e-03
8.272593840956687927e-03
7.806358393281698227e-03
7.558947894722223282e-03
7.867016829550266266e-03
7.784331683069467545e-03
8.109935559332370758e-03
7.775194942951202393e-03
7.929990999400615692e-03
7.482058368623256683e-03
7.691672071814537048e-03
7.875613868236541748e-03
8.132982999086380005e-03
7.857153192162513733e-03
7.506003137677907944e-03
7.995088584721088409e-03
8.047766052186489105e-03
7.799609564244747162e-03
8.070230484008789062e-03
7.841640152037143707e-03
7.990972138941287994e-03
7.510683033615350723e-03
7.698132190853357315e-03
7.914604619145393372e-03
8.093520998954772949e-03
7.601784542202949524e-03
7.475607097148895264e-03
7.791543845087289810e-03
7.529748138040304184e-03
7.760911248624324799e-03
7.706677541136741638e-03
7.592077367007732391e-03
7.647594437003135681e-03
7.797545287758111954e-03
7.606285158544778824e-03
7.833749987185001373e-03
7.986431010067462921e-03
7.576975505799055099e-03
7.653085049241781235e-03
7.609504740685224533e-03
7.925466634333133698e-03
7.709153927862644196e-03
8.181227371096611023e-03
7.555769756436347961e-03
7.705933414399623871e-03
7.736458443105220795e-03
7.809597533196210861e-03
7.778733037412166595e-03
7.844254374504089355e-03
7.764489389955997467e-03
7.716393098235130310e-03
7.535818032920360565e-03
7.766145747154951096e-03
7.658535148948431015e-03
7.679393049329519272e-03
7.930829189717769623e-03
7.732906844466924667e-03
7.834745571017265320e-03
7.627932820469141006e-03
7.835434749722480774e-03
7.508400827646255493e-03
7.715248037129640579e-03
7.815934717655181885e-03
8.012823760509490967e-03
8.015027269721031189e-03
7.283732760697603226e-03
7.750628981739282608e-03
7.663486991077661514e-03
7.587137632071971893e-03
7.585200015455484390e-03
7.900480180978775024e-03
7.809770759195089340e-03
8.143620565533638000e-03
7.558345329016447067e-03
7.716623134911060333e-03
7.620346266776323318e-03
8.308790624141693115e-03
7.840156555175781250e-03
7.927397266030311584e-03
7.860455662012100220e-03
7.635494694113731384e-03
7.771329954266548157e-03
7.787963841110467911e-03
7.742990273982286453e-03
8.130664937198162079e-03
7.652611937373876572e-03
7.986619137227535248e-03
7.939698174595832825e-03
7.458244450390338898e-03
7.880770601332187653e-03
7.980568334460258484e-03
7.439964450895786285e-03
8.020706474781036377e-03
7.906093262135982513e-03
7.670349907130002975e-03
7.641406264156103134e-03
7.907229475677013397e-03
7.929814979434013367e-03
7.703113369643688202e-03
7.708161603659391403e-03
7.634991314262151718e-03
7.717338390648365021e-03
7.628150749951601028e-03
7.705902680754661560e-03
8.033742196857929230e-03
7.797874510288238525e-03
7.832451723515987396e-03
7.650302723050117493e-03
7.929903455078601837e-03
7.853476330637931824e-03
7.846753112971782684e-03
7.810080889612436295e-03
8.161654695868492126e-03
7.765967864543199539e-03
7.892105728387832642e-03
7.742935325950384140e-03
8.176699280738830566e-03
7.373764645308256149e-03
7.424465380609035492e-03
8.130392059683799744e-03
8.005289360880851746e-03
7.857833057641983032e-03
7.694489788264036179e-03
7.834988646209239960e-03
7.454905193299055099e-03
7.746418006718158722e-03
7.634991314262151718e-03
8.116258308291435242e-03
7.491557393223047256e-03
7.695638108998537064e-03
7.999666966497898102e-03
7.637001108378171921e-03
7.649898529052734375e-03
7.916452363133430481e-03
7.576560135930776596e-03
8.055113255977630615e-03
7.700973656028509140e-03
7.799108047038316727e-03
7.813593372702598572e-03
7.698915433138608932e-03
7.937813177704811096e-03
8.069165982306003571e-03
7.811215706169605255e-03
7.757020182907581329e-03
8.054693229496479034e-03
8.106739260256290436e-03
7.612478919327259064e-03
7.652167696505784988e-03
7.860781624913215637e-03
7.937181740999221802e-03
7.770882453769445419e-03
7.746353279799222946e-03
7.681564427912235260e-03
7.650777697563171387e-03
7.889932952821254730e-03
7.512026000767946243e-03
7.953204214572906494e-03
7.573619950562715530e-03
8.058789186179637909e-03
8.094592019915580750e-03
7.698561996221542358e-03
7.649983279407024384e-03
7.653458975255489349e-03
7.987221702933311462e-03
8.132582530379295349e-03
7.477371953427791595e-03
7.729930803179740906e-03
7.615550421178340912e-03
7.716608233749866486e-03
7.948122918605804443e-03
7.726012729108333588e-03
7.915251888334751129e-03
7.633348926901817322e-03
7.695857435464859009e-03
7.777498103678226471e-03
7.800601888447999954e-03
7.591952104121446609e-03
7.976294495165348053e-03
7.768065202981233597e-03
7.562635000795125961e-03
7.819986902177333832e-03
7.682837080210447311e-03
8.002132177352905273e-03
7.702860049903392792e-03
8.247651159763336182e-03
7.875202223658561707e-03
7.746726274490356445e-03
7.933130487799644470e-03
7.945283316075801849e-03
7.403297349810600281e-03
7.545862346887588501e-03
7.936494424939155579e-03
7.770143449306488037e-03
7.641860283911228180e-03
7.591638714075088501e-03
7.534762844443321228e-03
7.615437731146812439e-03
7.833181880414485931e-03
7.780581712722778320e-03
8.194818161427974701e-03
7.705352269113063812e-03
8.135939016938209534e-03
7.806682493537664413e-03
7.493146229535341263e-03
7.956448011100292206e-03
7.880033925175666809e-03
7.622197270393371582e-03
7.917087525129318237e-03
8.021282032132148743e-03
7.795083802193403244e-03
7.919245399534702301e-03
7.956466637551784515e-03
7.771791890263557434e-03
7.666330784559249878e-03
7.651837076991796494e-03
8.085610345005989075e-03
7.633893284946680069e-03
8.187633939087390900e-03
7.741001900285482407e-03
7.983186282217502594e-03
7.744112052023410797e-03
7.761307526379823685e-03
7.875392213463783264e-03
7.838997058570384979e-03
7.809078320860862732e-03
7.824097760021686554e-03
7.968729361891746521e-03
7.780856452882289886e-03
7.963234558701515198e-03
7.485871668905019760e-03
7.822665385901927948e-03
7.792558521032333374e-03
7.683052215725183487e-03
7.485985290259122849e-03
7.953872904181480408e-03
7.466523442417383194e-03
7.554674055427312851e-03
7.905572652816772461e-03
7.788888178765773773e-03
7.962772622704505920e-03
7.953239604830741882e-03
7.780714891850948334e-03
7.945548743009567261e-03
7.649214006960391998e-03
7.825954817235469818e-03
7.704339921474456787e-03
7.762759458273649216e-03
7.773167919367551804e-03
7.932873442769050598e-03
7.669236976653337479e-03
8.116683922708034515e-03
7.662276737391948700e-03
7.967212237417697906e-03
7.625832222402095795e-03
7.966950535774230957e-03
7.603349164128303528e-03
7.917918264865875244e-03
7.797692436724901199e-03
7.324507459998130798e-03
8.085557259619235992e-03
7.544784341007471085e-03
8.010732941329479218e-03
7.676883600652217865e-03
7.839942350983619690e-03
7.712230086326599121e-03
7.632344495505094528e-03
7.741337642073631287e-03
7.810805458575487137e-03
7.805634755641222000e-03
7.827949710190296173e-03
7.806769572198390961e-03
7.793826516717672348e-03
8.123884908854961395e-03
7.981565780937671661e-03
7.771029602736234665e-03
8.111107163131237030e-03
7.879221811890602112e-03
7.717671804130077362e-03
8.048616349697113037e-03
7.947695441544055939e-03
7.591627072542905807e-03
8.097547106444835663e-03
8.101905696094036102e-03
7.856855168938636780e-03
7.554971147328615189e-03
7.996650412678718567e-03
7.462602108716964722e-03
7.903833873569965363e-03
7.746835704892873764e-03
7.704364601522684097e-03
7.773626130074262619e-03
7.991723716259002686e-03
8.030595257878303528e-03
7.749990560114383698e-03
7.922461256384849548e-03
7.901865988969802856e-03
7.506685797125101089e-03
7.895223796367645264e-03
8.062410168349742889e-03
8.537432178854942322e-03
7.730755954980850220e-03
7.679187692701816559e-03
7.745111361145973206e-03
7.981900125741958618e-03
7.940881885588169098e-03
7.742413785308599472e-03
7.541973609477281570e-03
7.831271737813949585e-03
7.669446524232625961e-03
7.673146668821573257e-03
7.927354425191879272e-03
7.720769383013248444e-03
7.903240621089935303e-03
7.780625019222497940e-03
7.755745667964220047e-03
7.626446429640054703e-03
7.602528203278779984e-03
7.927577011287212372e-03
7.620370015501976013e-03
7.753356825560331345e-03
7.981010712683200836e-03
8.015922270715236664e-03
7.953000254929065704e-03
7.498930208384990692e-03
7.489419076591730118e-03
7.935166358947753906e-03
7.684302516281604767e-03
7.889923639595508575e-03
7.952865213155746460e-03
7.984510622918605804e-03
7.615456823259592056e-03
8.000708185136318207e-03
7.784231100231409073e-03
8.043500594794750214e-03
7.595432922244071960e-03
7.885105907917022705e-03
7.666429504752159119e-03
7.797556463629007339e-03
7.745782379060983658e-03
7.817707955837249756e-03
7.707054726779460907e-03
7.996127009391784668e-03
8.383527398109436035e-03
7.570330519229173660e-03
7.698610424995422363e-03
7.706573698669672012e-03
7.811338640749454498e-03
7.493741344660520554e-03
7.849178276956081390e-03
8.442030288279056549e-03
7.595859467983245850e-03
7.583726197481155396e-03
7.619760930538177490e-03
7.703092414885759354e-03
7.880860939621925354e-03
7.884006015956401825e-03
7.737979292869567871e-03
7.832654751837253571e-03
7.842005230486392975e-03
7.915906608104705811e-03
7.885141298174858093e-03
7.890465669333934784e-03
7.558484561741352081e-03
7.874689996242523193e-03
7.962002418935298920e-03
7.416387554258108139e-03
7.499223574995994568e-03
8.042639121413230896e-03
7.577976677566766739e-03
7.618837524205446243e-03
7.849481888115406036e-03
7.785994093865156174e-03
7.931715808808803558e-03
7.851904258131980896e-03
7.519156672060489655e-03
7.599322125315666199e-03
7.833690382540225983e-03
7.454607635736465454e-03
7.558608427643775940e-03
7.743830326944589615e-03
8.027890697121620178e-03
7.732711266726255417e-03
7.880248129367828369e-03
7.783550769090652466e-03
7.553238421678543091e-03
7.899791933596134186e-03
7.604719139635562897e-03
7.715716026723384857e-03
7.489194162189960480e-03
7.717027794569730759e-03
8.133079856634140015e-03
7.970422506332397461e-03
7.904858328402042389e-03
7.932326756417751312e-03
7.898223586380481720e-03
7.618326693773269653e-03
8.321983739733695984e-03
7.991218008100986481e-03
8.262659423053264618e-03
7.694994099438190460e-03
8.017807267606258392e-03
7.508634589612483978e-03
7.846469990909099579e-03
7.751929573714733124e-03
7.696109823882579803e-03
7.846157066524028778e-03
7.657489739358425140e-03
7.572445087134838104e-03
7.514478173106908798e-03
8.213791996240615845e-03
7.412814535200595856e-03
7.831112481653690338e-03
8.026707917451858521e-03
8.019641041755676270e-03
7.739772088825702667e-03
7.898073643445968628e-03
8.186595514416694641e-03
7.550986018031835556e-03
7.756955921649932861e-03
7.211544550955295563e-03
7.882895879447460175e-03
7.817926816642284393e-03
7.909446954727172852e-03
7.643844000995159149e-03
7.794354576617479324e-03
7.762301713228225708e-03
7.656277157366275787e-03
7.373146712779998779e-03
7.640342693775892258e-03
7.921686396002769470e-03
7.775067817419767380e-03
8.078584447503089905e-03
8.192974142730236053e-03
7.447679992765188217e-03
8.016302250325679779e-03
7.814768701791763306e-03
7.902885787189006805e-03
8.264862932264804840e-03
7.690104655921459198e-03
7.928274571895599365e-03
7.826813496649265289e-03
8.129797875881195068e-03
7.699366193264722824e-03
7.632778957486152649e-03
7.562218233942985535e-03
7.922278717160224915e-03
7.658383809030056000e-03
7.770618889480829239e-03
7.903423160314559937e-03
7.678133435547351837e-03
7.863029837608337402e-03
7.704946678131818771e-03
7.880914956331253052e-03
7.309927605092525482e-03
7.623504847288131714e-03
7.729383651167154312e-03
7.839130237698554993e-03
7.864215411245822906e-03
7.857947610318660736e-03
8.070907555520534515e-03
7.732729427516460419e-03
7.674220949411392212e-03
7.835553027689456940e-03
7.623030804097652435e-03
7.683996111154556274e-03
7.651414256542921066e-03
7.943042553961277008e-03
7.611608598381280899e-03
8.019053377211093903e-03
8.111561648547649384e-03
7.766356691718101501e-03
7.774802390486001968e-03
7.839876227080821991e-03
7.730330806225538254e-03
7.473414298146963120e-03
7.594212424010038376e-03
7.480863481760025024e-03
7.762080989778041840e-03
7.619406562298536301e-03
8.180058561265468597e-03
7.531363982707262039e-03
7.490057032555341721e-03
8.079118095338344574e-03
8.012862876057624817e-03
7.776607293635606766e-03
8.022634312510490417e-03
7.685073185712099075e-03
7.947441190481185913e-03
7.573839742690324783e-03
8.239897899329662323e-03
7.325902115553617477e-03
7.705399766564369202e-03
7.794202771037817001e-03
7.982104085385799408e-03
7.819759659469127655e-03
7.527057547122240067e-03
7.930151186883449554e-03
8.038051426410675049e-03
7.789595518261194229e-03
7.594340015202760696e-03
7.670004386454820633e-03
8.030404336750507355e-03
7.764769718050956726e-03
7.540824357420206070e-03
7.832408882677555084e-03
7.867060601711273193e-03
7.886797189712524414e-03
7.828355766832828522e-03
7.593823596835136414e-03
7.689139805734157562e-03
7.857163436710834503e-03
8.154629729688167572e-03
7.665477227419614792e-03
8.002830669283866882e-03
7.873874157667160034e-03
7.786668371409177780e-03
7.850929163396358490e-03
7.651134394109249115e-03
7.620511576533317566e-03
7.742889225482940674e-03
7.555625867098569870e-03
7.897231727838516235e-03
7.418056484311819077e-03
7.711278740316629410e-03
7.722278591245412827e-03
7.970779202878475189e-03
7.885600440204143524e-03
7.537352386862039566e-03
7.870241999626159668e-03
7.826548069715499878e-03
7.954814471304416656e-03
7.731471210718154907e-03
7.750841323286294937e-03
7.719694171100854874e-03
7.734947837889194489e-03
7.916427217423915863e-03
7.941580377519130707e-03
7.666302844882011414e-03
7.815199904143810272e-03
7.766132242977619171e-03
7.685767952352762222e-03
7.847369648516178131e-03
7.679077796638011932e-03
7.735535968095064163e-03
8.167269639670848846e-03
7.450378499925136566e-03
8.055012673139572144e-03
7.888152264058589935e-03
8.160182274878025055e-03
7.899654097855091095e-03
7.513385731726884842e-03
7.922423072159290314e-03
7.745719980448484421e-03
7.638148497790098190e-03
7.972506806254386902e-03
7.675528060644865036e-03
8.020204491913318634e-03
7.801302708685398102e-03
8.127230219542980194e-03
7.742516230791807175e-03
7.718292996287345886e-03
7.834715768694877625e-03
7.710637524724006653e-03
7.851469330489635468e-03
7.778237108141183853e-03
7.710931356996297836e-03
7.553866133093833923e-03
7.725404109805822372e-03
7.833323441445827484e-03
7.842869497835636139e-03
7.923804223537445068e-03
7.691595237702131271e-03
7.720475085079669952e-03
7.682149764150381088e-03
7.540274411439895630e-03
7.848176173865795135e-03
7.480274420231580734e-03
7.781981956213712692e-03
7.874926552176475525e-03
7.509170565754175186e-03
7.844871841371059418e-03
7.519717328250408173e-03
7.555039599537849426e-03
7.727924268692731857e-03
7.579774130135774612e-03
7.632545661181211472e-03
7.904203608632087708e-03
7.697729859501123428e-03
7.760526612401008606e-03
7.686913013458251953e-03
7.682180963456630707e-03
7.971500046551227570e-03
7.572826463729143143e-03
7.778346538543701172e-03
7.609170395880937576e-03
7.845606654882431030e-03
7.867173291742801666e-03
7.664078846573829651e-03
7.995185442268848419e-03
7.561566773802042007e-03
7.950860075652599335e-03
7.958877831697463989e-03
7.492950651794672012e-03
7.955945096909999847e-03
7.942389696836471558e-03
7.528915535658597946e-03
7.685741875320672989e-03
7.878805510699748993e-03
7.787897717207670212e-03
7.299609016627073288e-03
8.362883701920509338e-03
7.959403097629547119e-03
7.646066602319478989e-03
7.708918768912553787e-03
7.461676839739084244e-03
7.638810668140649796e-03
7.905391044914722443e-03
7.511885836720466614e-03
7.527755107730627060e-03
7.950501516461372375e-03
7.720947731286287308e-03
7.494279183447360992e-03
7.815959863364696503e-03
7.826660759747028351e-03
7.427508011460304260e-03
7.991521619260311127e-03
7.482809480279684067e-03
7.616886869072914124e-03
7.940187118947505951e-03
7.789753377437591553e-03
7.791733834892511368e-03
7.802477572113275528e-03
7.830119691789150238e-03
7.832164876163005829e-03
7.625757716596126556e-03
7.910350337624549866e-03
7.800344377756118774e-03
7.732780650258064270e-03
7.458269596099853516e-03
7.793002296239137650e-03
7.669447455555200577e-03
8.035728707909584045e-03
7.941007614135742188e-03
7.962661795318126678e-03
7.700680289417505264e-03
7.747553288936614990e-03
7.829275913536548615e-03
7.679675240069627762e-03
7.795364595949649811e-03
7.637470960617065430e-03
7.549042347818613052e-03
7.836179807782173157e-03
7.868669927120208740e-03
7.709398865699768066e-03
7.724482100456953049e-03
7.547161541879177094e-03
7.697707042098045349e-03
7.823913358151912689e-03
7.771869190037250519e-03
7.457820232957601547e-03
8.011646568775177002e-03
7.521105930209159851e-03
7.528413087129592896e-03
7.569924462586641312e-03
7.710844743996858597e-03
7.629361469298601151e-03
7.995779626071453094e-03
7.726473268121480942e-03
7.846795022487640381e-03
7.925605401396751404e-03
7.619107142090797424e-03
8.087222464382648468e-03
7.492793258279561996e-03
7.807332556694746017e-03
7.980653084814548492e-03
7.966835983097553253e-03
7.731539197266101837e-03
7.803767453879117966e-03
7.651533931493759155e-03
7.847986184060573578e-03
7.651731371879577637e-03
7.946812547743320465e-03
7.850276306271553040e-03
7.563367020338773727e-03
7.817687466740608215e-03
7.752681616693735123e-03
7.814130745828151703e-03
7.799554150551557541e-03
7.751266472041606903e-03
7.404058240354061127e-03
7.729009725153446198e-03
7.543860934674739838e-03
7.600720506161451340e-03
7.689350750297307968e-03
7.883022539317607880e-03
7.791313808411359787e-03
7.952699437737464905e-03
7.649008650332689285e-03
7.610979024320840836e-03
7.761844433844089508e-03
7.683557923883199692e-03
7.890952751040458679e-03
7.634143810719251633e-03
7.414360065013170242e-03
7.982503622770309448e-03
7.427293807268142700e-03
7.793338038027286530e-03
7.923511788249015808e-03
7.505202200263738632e-03
7.737200241535902023e-03
7.812388241291046143e-03
7.623493205755949020e-03
8.125008083879947662e-03
7.803517859429121017e-03
7.621543947607278824e-03
7.699004374444484711e-03
7.640240248292684555e-03
7.883538492023944855e-03
7.605693768709897995e-03
7.575649768114089966e-03
7.701346185058355331e-03
7.978248409926891327e-03
7.703661452978849411e-03
7.693133782595396042e-03
7.729249540716409683e-03
7.931838743388652802e-03
7.836367003619670868e-03
7.648850791156291962e-03
7.704101968556642532e-03
7.709416095167398453e-03
7.500329986214637756e-03
7.922206073999404907e-03
7.473586592823266983e-03
7.976202294230461121e-03
7.729663979262113571e-03
7.564708590507507324e-03
7.697322405874729156e-03
7.856940850615501404e-03
7.808798458427190781e-03
8.049783296883106232e-03
7.918756455183029175e-03
7.512363605201244354e-03
7.484509143978357315e-03
7.851730100810527802e-03
7.721064146608114243e-03
8.001636713743209839e-03
7.932288572192192078e-03
7.539329584687948227e-03
7.870724424719810486e-03
8.087926544249057770e-03
7.321332115679979324e-03
7.956671528518199921e-03
7.834492251276969910e-03
8.051942102611064911e-03
7.793092168867588043e-03
7.736880797892808914e-03
7.909691892564296722e-03
7.951751351356506348e-03
7.695875130593776703e-03
7.667865604162216187e-03
7.869609631597995758e-03
7.773799821734428406e-03
7.788296788930892944e-03
7.820504717528820038e-03
7.838244549930095673e-03
8.101505227386951447e-03
7.506293710321187973e-03
7.718246895819902420e-03
8.065829053521156311e-03
7.648394443094730377e-03
7.634860929101705551e-03
8.152741938829421997e-03
7.901914417743682861e-03
7.650265935808420181e-03
7.797585800290107727e-03
8.058422245085239410e-03
8.126854896545410156e-03
7.983474992215633392e-03
7.956970483064651489e-03
7.717630825936794281e-03
7.844758220016956329e-03
7.629584055393934250e-03
7.547243032604455948e-03
7.534286938607692719e-03
7.888920605182647705e-03
7.653420791029930115e-03
7.948243059217929840e-03
7.557318545877933502e-03
7.958488538861274719e-03
7.749190088361501694e-03
8.152037858963012695e-03
7.802517153322696686e-03
7.949727587401866913e-03
7.974920794367790222e-03
7.615418639034032822e-03
7.877738215029239655e-03
7.748950738459825516e-03
7.963602431118488312e-03
8.382488042116165161e-03
7.708557881414890289e-03
7.727511692792177200e-03
7.696207612752914429e-03
7.666716352105140686e-03
7.895147427916526794e-03
7.674834690988063812e-03
7.705671247094869614e-03
8.032475598156452179e-03
7.887708954513072968e-03
7.589866407215595245e-03
8.033047430217266083e-03
7.808819413185119629e-03
7.604003883898258209e-03
8.230540901422500610e-03
7.637974340468645096e-03
7.275936659425497055e-03
7.703436538577079773e-03
7.569748442620038986e-03
8.039572276175022125e-03
7.910028100013732910e-03
7.957966066896915436e-03
7.599593605846166611e-03
7.790881674736738205e-03
7.423731498420238495e-03
7.883463986217975616e-03
7.946256548166275024e-03
7.568702101707458496e-03
7.583007216453552246e-03
7.741684559732675552e-03
7.632302585989236832e-03
7.702294737100601196e-03
7.926635444164276123e-03
7.876937277615070343e-03
7.739397231489419937e-03
7.826739922165870667e-03
7.310702465474605560e-03
8.122968487441539764e-03
8.027262054383754730e-03
7.819277234375476837e-03
7.605377119034528732e-03
7.801459636539220810e-03
7.422701455652713776e-03
7.704504765570163727e-03
7.992275059223175049e-03
7.706878706812858582e-03
7.935091853141784668e-03
7.946749217808246613e-03
7.651936262845993042e-03
7.540486752986907959e-03
7.755519356578588486e-03
7.916473783552646637e-03
8.145982399582862854e-03
7.958645001053810120e-03
7.990239188075065613e-03
7.804459426552057266e-03
7.740084547549486160e-03
7.650203537195920944e-03
7.870025932788848877e-03
7.884956896305084229e-03
7.637396454811096191e-03
7.526285015046596527e-03
7.774008903652429581e-03
8.059108629822731018e-03
7.703520357608795166e-03
7.827621884644031525e-03
7.773053366690874100e-03
7.903805002570152283e-03
7.801942992955446243e-03
7.681157439947128296e-03
7.749823853373527527e-03
7.589152082800865173e-03
8.146328851580619812e-03
7.679532282054424286e-03
8.189860731363296509e-03
7.918280549347400665e-03
7.826824672520160675e-03
7.869603112339973450e-03
7.792046293616294861e-03
7.837944664061069489e-03
7.812282070517539978e-03
7.698031142354011536e-03
7.764258887618780136e-03
7.640848867595195770e-03
7.800306193530559540e-03
7.694371975958347321e-03
7.904664613306522369e-03
7.566366344690322876e-03
7.643942721188068390e-03
7.611266337335109711e-03
7.722015492618083954e-03
7.963602431118488312e-03
7.839977741241455078e-03
7.647815626114606857e-03
7.958729751408100128e-03
7.519531995058059692e-03
7.595066912472248077e-03
7.732459343969821930e-03
7.839785888791084290e-03
7.753447163850069046e-03
7.748163305222988129e-03
7.518811617046594620e-03
7.620487827807664871e-03
7.768270559608936310e-03
7.636141031980514526e-03
7.615552283823490143e-03
7.495696190744638443e-03
7.718936074525117874e-03
7.757616229355335236e-03
8.069690316915512085e-03
7.708004675805568695e-03
7.704353891313076019e-03
7.742253132164478302e-03
7.481633685529232025e-03
7.578686811029911041e-03
7.660987786948680878e-03
7.709961384534835815e-03
7.561843842267990112e-03
7.698680739849805832e-03
7.828421890735626221e-03
7.618368603289127350e-03
7.695472799241542816e-03
7.881353609263896942e-03
7.914061658084392548e-03
7.514445576816797256e-03
7.727253716439008713e-03
8.025980554521083832e-03
7.565005682408809662e-03
7.915631867945194244e-03
7.571761962026357651e-03
7.861695252358913422e-03
7.671512197703123093e-03
7.774614263325929642e-03
7.998848333954811096e-03
7.945374585688114166e-03
7.762578781694173813e-03
7.752648089081048965e-03
8.067172020673751831e-03
7.947728037834167480e-03
7.616725284606218338e-03
8.017038926482200623e-03
7.791134994477033615e-03
7.920213975012302399e-03
7.643029559403657913e-03
7.931126281619071960e-03
8.035256527364253998e-03
7.495878264307975769e-03
7.870217785239219666e-03
8.051006123423576355e-03
7.408380042761564255e-03
7.716857828199863434e-03
7.793200667947530746e-03
7.959757931530475616e-03
8.206591010093688965e-03
7.556935772299766541e-03
7.805789355188608170e-03
7.812379859387874603e-03
7.611184846609830856e-03
7.635460700839757919e-03
7.624394260346889496e-03
7.670589257031679153e-03
7.675066124647855759e-03
7.468538824468851089e-03
8.071593008935451508e-03
7.429308723658323288e-03
8.035016246140003204e-03
7.767367642372846603e-03
7.792680058628320694e-03
7.791750598698854446e-03
7.516984362155199051e-03
8.071862161159515381e-03
7.644475903362035751e-03
7.614983711391687393e-03
7.595240138471126556e-03
8.194794878363609314e-03
7.686200551688671112e-03
7.589080370962619781e-03
7.878332398831844330e-03
7.885577157139778137e-03
7.836018688976764679e-03
7.799783721566200256e-03
7.947727106511592865e-03
7.775148376822471619e-03
7.534478325396776199e-03
7.833329960703849792e-03
7.596211973577737808e-03
7.861546240746974945e-03
8.061385713517665863e-03
7.623597048223018646e-03
7.914641872048377991e-03
7.867609150707721710e-03
7.366502191871404648e-03
7.951258681714534760e-03
7.643203716725111008e-03
7.512087933719158173e-03
7.579684723168611526e-03
7.752558216452598572e-03
7.699518930166959763e-03
7.775180041790008545e-03
7.446416188031435013e-03
7.729561999440193176e-03
7.964367978274822235e-03
7.270785514265298843e-03
7.418431807309389114e-03
8.079924620687961578e-03
7.601251825690269470e-03
7.875290699303150177e-03
7.658520247787237167e-03
7.804089225828647614e-03
7.560479920357465744e-03
8.163308724761009216e-03
7.683480624109506607e-03
7.970090024173259735e-03
7.804708555340766907e-03
7.832413539290428162e-03
7.589815184473991394e-03
8.006130345165729523e-03
7.387823890894651413e-03
7.879624143242835999e-03
7.812093012034893036e-03
7.573311682790517807e-03
7.691987790167331696e-03
7.707383483648300171e-03
7.713117636740207672e-03
7.721746340394020081e-03
7.533505558967590332e-03
8.057088591158390045e-03
7.639857474714517593e-03
7.715404964983463287e-03
7.618789095431566238e-03
7.988479919731616974e-03
7.564238272607326508e-03
7.767657749354839325e-03
7.959256879985332489e-03
7.577777374535799026e-03
8.001965470612049103e-03
7.846828550100326538e-03
7.537617813795804977e-03
7.603988517075777054e-03
7.629016414284706116e-03
7.516803219914436340e-03
7.626129314303398132e-03
7.992004975676536560e-03
8.145193569362163544e-03
7.688521873205900192e-03
7.673792541027069092e-03
8.048949763178825378e-03
7.856874726712703705e-03
7.609883788973093033e-03
7.585405372083187103e-03
8.003545925021171570e-03
8.003921248018741608e-03
7.832514122128486633e-03
7.650578394532203674e-03
7.570936810225248337e-03
7.765572983771562576e-03
7.721539586782455444e-03
7.802948821336030960e-03
7.842758670449256897e-03
7.515364326536655426e-03
7.811785209923982620e-03
8.101905696094036102e-03
7.612489163875579834e-03
7.423907052725553513e-03
7.766311522573232651e-03
7.764830719679594040e-03
7.512649055570363998e-03
7.545720320194959641e-03
8.072255179286003113e-03
7.785844150930643082e-03
7.513362448662519455e-03
7.658208254724740982e-03
7.655588909983634949e-03
7.703360170125961304e-03
7.840229198336601257e-03
7.911838591098785400e-03
7.674768567085266113e-03
7.685650605708360672e-03
7.551026530563831329e-03
7.591851055622100830e-03
7.845755666494369507e-03
7.814544253051280975e-03
7.796482648700475693e-03
7.745450828224420547e-03
7.796075195074081421e-03
7.825337350368499756e-03
7.985712029039859772e-03
7.534345146268606186e-03
7.875360548496246338e-03
7.604200858622789383e-03
7.858270779252052307e-03
8.038273081183433533e-03
7.915718480944633484e-03
7.658299989998340607e-03
8.134550414979457855e-03
7.703987881541252136e-03
7.994900457561016083e-03
7.548365741968154907e-03
8.088245056569576263e-03
7.612461224198341370e-03
7.542032748460769653e-03
7.955466397106647491e-03
7.721150759607553482e-03
7.826205343008041382e-03
7.630687672644853592e-03
7.684028707444667816e-03
7.691415958106517792e-03
7.630723528563976288e-03
7.924993522465229034e-03
7.773068733513355255e-03
7.797445170581340790e-03
7.483093999326229095e-03
7.615025155246257782e-03
7.851611822843551636e-03
8.127821609377861023e-03
7.807668764144182205e-03
7.489602547138929367e-03
7.702016737312078476e-03
7.668117061257362366e-03
7.904628291726112366e-03
7.837901823222637177e-03
7.543152663856744766e-03
7.676373235881328583e-03
7.718226872384548187e-03
7.559186778962612152e-03
7.618001196533441544e-03
7.877497002482414246e-03
7.536203600466251373e-03
7.791066076606512070e-03
7.847633212804794312e-03
7.749487645924091339e-03
7.898210547864437103e-03
7.692608982324600220e-03
7.884326390922069550e-03
8.056364022195339203e-03
7.665778510272502899e-03
7.724661380052566528e-03
7.406826596707105637e-03
7.647462189197540283e-03
7.808091584593057632e-03
7.928565144538879395e-03
7.753929588943719864e-03
7.708333898335695267e-03
7.665790151804685593e-03
7.785268127918243408e-03
7.655389606952667236e-03
7.704023271799087524e-03
7.905899547040462494e-03
7.818542420864105225e-03
7.571422029286623001e-03
7.819733582437038422e-03
8.019370026886463165e-03
7.805103901773691177e-03
8.405535481870174408e-03
8.060561493039131165e-03
7.710042875260114670e-03
7.668507751077413559e-03
7.813149131834506989e-03
7.705260068178176880e-03
7.802336942404508591e-03
7.860389538109302521e-03
7.654303684830665588e-03
7.418822497129440308e-03
7.756084669381380081e-03
7.845632731914520264e-03
7.726075593382120132e-03
7.568318862468004227e-03
7.888133637607097626e-03
7.895032875239849091e-03
7.642858661711215973e-03
7.674010004848241806e-03
7.815911434590816498e-03
7.472562137991189957e-03
7.858421653509140015e-03
7.873789407312870026e-03
7.525158114731311798e-03
8.079867810010910034e-03
