8.437937498092651367e-02
4.266614839434623718e-02
2.158294990658760071e-02
1.765401102602481842e-02
1.514448504894971848e-02
1.338446512818336487e-02
1.174236182123422623e-02
1.043691951781511307e-02
9.383019059896469116e-03
8.363701403141021729e-03
7.559427060186862946e-03
6.872607395052909851e-03
6.346275564283132553e-03
5.832723807543516159e-03
5.430610384792089462e-03
5.104606039822101593e-03
4.799629095941781998e-03
4.551799967885017395e-03
4.304614849388599396e-03
4.180321935564279556e-03
3.959597554057836533e-03
3.760107792913913727e-03
3.698447486385703087e-03
3.540983889251947403e-03
3.408101387321949005e-03
3.372679930180311203e-03
3.142963163554668427e-03
3.172010416164994240e-03
2.988386433571577072e-03
2.969130640849471092e-03
2.866172930225729942e-03
2.855710685253143311e-03
2.682170132175087929e-03
2.625438384711742401e-03
2.662539947777986526e-03
2.586980117484927177e-03
2.632874762639403343e-03
2.487332094460725784e-03
2.462912118062376976e-03
2.415124792605638504e-03
2.318892162293195724e-03
2.350695896893739700e-03
2.253999467939138412e-03
2.294495934620499611e-03
2.104975515976548195e-03
2.106444444507360458e-03
2.050812821835279465e-03
2.036443213000893593e-03
2.007921226322650909e-03
1.968684140592813492e-03
2.051444724202156067e-03
1.990724587813019753e-03
1.855204580351710320e-03
1.822491642087697983e-03
1.833005691878497601e-03
1.827709609642624855e-03
1.765548717230558395e-03
1.788010238669812679e-03
1.595023903064429760e-03
1.718976069241762161e-03
1.595872221514582634e-03
1.692957128398120403e-03
1.584691461175680161e-03
1.658024615608155727e-03
1.537304138764739037e-03
1.591028179973363876e-03
1.621273579075932503e-03
1.531713758595287800e-03
1.426412723958492279e-03
1.475478406064212322e-03
1.441689208149909973e-03
1.422022352926433086e-03
1.406147726811468601e-03
1.387954922392964363e-03
1.354265259578824043e-03
1.454115263186395168e-03
1.352607621811330318e-03
1.284503261558711529e-03
1.421669148840010166e-03
1.254961243830621243e-03
1.389419892802834511e-03
1.179512706585228443e-03
1.358616398647427559e-03
1.258869422599673271e-03
1.112460857257246971e-03
1.357669476419687271e-03
1.248668879270553589e-03
1.131995581090450287e-03
1.176656340248882771e-03
1.121754990890622139e-03
1.302145537920296192e-03
1.015915884636342525e-03
1.185690169222652912e-03
1.034110318869352341e-03
1.189074944704771042e-03
1.130184391513466835e-03
1.036819885484874249e-03
1.083177281543612480e-03
1.143456669524312019e-03
1.023192773573100567e-03
1.043974538333714008e-03
9.448543423786759377e-04
1.067801495082676411e-03
1.007664250209927559e-03
1.062438357621431351e-03
9.465771727263927460e-04
1.121497014537453651e-03
9.963525226339697838e-04
9.302271646447479725e-04
9.670716244727373123e-04
9.426337201148271561e-04
1.013010623864829540e-03
8.947593742050230503e-04
1.022562733851373196e-03
8.927516755647957325e-04
9.562477935105562210e-04
8.769038249738514423e-04
8.635910926386713982e-04
9.778517996892333031e-04
8.006506250239908695e-04
9.757237276062369347e-04
7.708228076808154583e-04
1.006790786050260067e-03
8.172499947249889374e-04
8.600112632848322392e-04
9.035553084686398506e-04
7.592391339130699635e-04
8.581044967286288738e-04
8.787733968347311020e-04
8.452536421827971935e-04
8.313888683915138245e-04
8.736145100556313992e-04
8.176594856195151806e-04
8.017034269869327545e-04
8.203631150536239147e-04
7.953809108585119247e-04
7.575998897664248943e-04
7.729989010840654373e-04
8.618181454949080944e-04
8.551477221772074699e-04
7.454494480043649673e-04
8.539324626326560974e-04
7.798923179507255554e-04
8.502778946422040462e-04
6.695677293464541435e-04
8.814222528599202633e-04
7.214096258394420147e-04
7.494674064218997955e-04
8.036352228373289108e-04
6.404114537872374058e-04
7.974777836352586746e-04
6.815175293013453484e-04
7.259775302372872829e-04
7.404987118206918240e-04
7.445334922522306442e-04
6.615591119043529034e-04
8.618066785857081413e-04
6.677404162473976612e-04
7.410481921397149563e-04
7.196523947641253471e-04
6.125380168668925762e-04
7.226465968415141106e-04
7.096401532180607319e-04
7.518734782934188843e-04
6.661859224550426006e-04
5.971699138171970844e-04
7.007476524449884892e-04
6.329601164907217026e-04
6.607914692722260952e-04
7.097350317053496838e-04
7.468034746125340462e-04
6.386251770891249180e-04
6.384786101989448071e-04
7.370753446593880653e-04
6.437938427552580833e-04
5.614701658487319946e-04
7.245180895552039146e-04
6.267481367103755474e-04
7.054384914226830006e-04
5.841766251251101494e-04
6.629757117480039597e-04
6.155879236757755280e-04
6.449724896810948849e-04
6.639134953729808331e-04
5.346498801372945309e-04
7.043855730444192886e-04
6.532504339702427387e-04
5.427746800705790520e-04
5.962491268292069435e-04
6.646409747190773487e-04
6.052867393009364605e-04
7.217908860184252262e-04
5.209544906392693520e-04
6.231123115867376328e-04
6.782567943446338177e-04
6.626240210607647896e-04
5.543539300560951233e-04
5.713474820367991924e-04
6.552529521286487579e-04
6.036055274307727814e-04
4.990459419786930084e-04
7.449638214893639088e-04
5.293572903610765934e-04
5.596487899310886860e-04
5.778089398518204689e-04
6.079507293179631233e-04
6.735067581757903099e-04
5.413984763436019421e-04
5.574533133767545223e-04
5.630229134112596512e-04
6.849769852124154568e-04
4.998844233341515064e-04
6.946679204702377319e-04
5.487531889230012894e-04
6.224891985766589642e-04
5.736974999308586121e-04
4.744292236864566803e-04
5.953871295787394047e-04
5.119243869557976723e-04
5.465762806124985218e-04
6.172314751893281937e-04
6.219888455234467983e-04
5.367613630369305611e-04
4.537711211014539003e-04
6.001985748298466206e-04
5.815213662572205067e-04
5.762496148236095905e-04
4.747287894133478403e-04
5.040547694079577923e-04
5.624218028970062733e-04
5.018446827307343483e-04
6.410196074284613132e-04
5.008647567592561245e-04
5.650881794281303883e-04
5.180169828236103058e-04
5.391399026848375797e-04
5.784430541098117828e-04
4.757424758281558752e-04
6.384331500157713890e-04
4.361052415333688259e-04
5.602190503850579262e-04
4.930265713483095169e-04
6.626709364354610443e-04
4.838724271394312382e-04
5.902060656808316708e-04
5.138132255524396896e-04
4.498196067288517952e-04
6.614773301407694817e-04
5.344892852008342743e-04
4.335264675319194794e-04
5.319580086506903172e-04
5.958045367151498795e-04
5.472869961522519588e-04
5.035636713728308678e-04
5.260522593744099140e-04
5.011024186387658119e-04
5.434062331914901733e-04
4.593964549712836742e-04
5.739815533161163330e-04
5.118205444887280464e-04
4.369544039946049452e-04
5.602975143119692802e-04
4.277650732547044754e-04
4.572411417029798031e-04
5.401684902608394623e-04
4.330567026045173407e-04
6.131869740784168243e-04
3.941524773836135864e-04
5.916223744861781597e-04
5.033427150920033455e-04
3.784899890888482332e-04
5.177718121558427811e-04
4.155587230343371630e-04
5.955905653536319733e-04
4.034401790704578161e-04
5.544289597310125828e-04
4.724807804450392723e-04
4.402507329359650612e-04
3.842236183118075132e-04
4.960800870321691036e-04
5.428334116004407406e-04
4.487349942792207003e-04
4.163373378105461597e-04
5.184622714295983315e-04
4.979333025403320789e-04
4.300352011341601610e-04
5.031811888329684734e-04
5.255092401057481766e-04
3.637441841419786215e-04
4.806036886293441057e-04
4.780001181643456221e-04
4.348286020103842020e-04
4.399598692543804646e-04
4.866945382673293352e-04
5.133876693435013294e-04
3.843124140985310078e-04
5.226819193921983242e-04
4.393832641653716564e-04
4.394725838210433722e-04
4.091881273780018091e-04
4.067326954100281000e-04
4.958516801707446575e-04
5.011408356949687004e-04
3.931606479454785585e-04
4.482768126763403416e-04
4.223579890094697475e-04
4.897007602266967297e-04
4.171100736130028963e-04
5.406772834248840809e-04
3.523070481605827808e-04
4.735051188617944717e-04
4.252817598171532154e-04
4.643416032195091248e-04
3.690017038024961948e-04
5.110263591632246971e-04
4.646116285584867001e-04
4.014242731500416994e-04
4.080186772625893354e-04
4.542605020105838776e-04
4.688337212428450584e-04
4.179506213404238224e-04
4.286197654437273741e-04
3.760483232326805592e-04
4.521409864537417889e-04
4.795747227035462856e-04
3.735033096745610237e-04
4.133716574870049953e-04
4.467815451789647341e-04
3.359687398187816143e-04
4.684407613240182400e-04
4.175208450760692358e-04
4.495339817367494106e-04
4.004690563306212425e-04
3.960112808272242546e-04
4.705311730504035950e-04
4.056123725604265928e-04
3.267341235186904669e-04
5.186885828152298927e-04
3.952092374674975872e-04
3.388995537534356117e-04
4.596256767399609089e-04
3.818242694251239300e-04
4.594956408254802227e-04
3.915274864993989468e-04
3.999165492132306099e-04
4.313603858463466167e-04
3.157641040161252022e-04
3.870931104756891727e-04
4.628789902199059725e-04
4.916076431982219219e-04
3.610242274589836597e-04
4.182183183729648590e-04
5.256547010503709316e-04
3.433677484281361103e-04
4.807623045053333044e-04
3.691905876621603966e-04
3.452503297012299299e-04
5.210120580159127712e-04
3.902073949575424194e-04
3.109721292275935411e-04
4.106677952222526073e-04
4.014191508758813143e-04
4.127489228267222643e-04
4.312027012929320335e-04
4.145305720157921314e-04
3.187513211742043495e-04
3.662003146018832922e-04
4.330646479502320290e-04
3.194305754732340574e-04
4.628736060112714767e-04
3.546716470737010241e-04
4.181994881946593523e-04
4.710194480139762163e-04
3.408366173971444368e-04
3.085740900132805109e-04
3.944037016481161118e-04
4.107677959837019444e-04
4.797848814632743597e-04
3.116877633146941662e-04
4.135210474487394094e-04
3.894742112606763840e-04
2.940090780612081289e-04
4.399803583510220051e-04
3.258220094721764326e-04
3.568978281691670418e-04
5.144167225807905197e-04
4.038612241856753826e-04
2.819701330736279488e-04
3.432675730437040329e-04
4.428365791682153940e-04
3.664411487989127636e-04
2.924004220403730869e-04
4.836847365368157625e-04
3.866973274853080511e-04
3.212699957657605410e-04
4.763230390381067991e-04
3.201234503649175167e-04
3.677130152937024832e-04
4.115395422559231520e-04
3.482977626845240593e-04
4.732577363029122353e-04
3.809580521192401648e-04
3.138905449304729700e-04
3.418893611524254084e-04
3.703491238411515951e-04
3.328904858790338039e-04
4.081830848008394241e-04
4.023354558739811182e-04
3.442911256570369005e-04
2.975535462610423565e-04
3.040034498553723097e-04
4.300609580241143703e-04
3.285178972873836756e-04
3.741292748600244522e-04
3.833447699435055256e-04
4.649706243071705103e-04
2.910082694143056870e-04
3.620390198193490505e-04
3.275795897934585810e-04
2.746865793596953154e-04
5.087503232061862946e-04
4.078224301338195801e-04
3.290265158284455538e-04
3.505829663481563330e-04
3.360493574291467667e-04
3.398968547116965055e-04
3.892971144523471594e-04
3.200069186277687550e-04
3.735128266271203756e-04
4.056063771713525057e-04
3.632594889495521784e-04
2.955911040771752596e-04
3.780335537157952785e-04
3.781886771321296692e-04
3.409740165807306767e-04
3.670985461212694645e-04
3.197023179382085800e-04
3.565572551451623440e-04
3.862117882817983627e-04
2.804796386044472456e-04
4.103393002878874540e-04
3.418099367991089821e-04
3.975392901338636875e-04
3.074568521697074175e-04
3.597979957703500986e-04
3.077110741287469864e-04
4.250360070727765560e-04
2.913740172516554594e-04
4.001509805675595999e-04
3.050848317798227072e-04
4.121714155189692974e-04
3.653274616226553917e-04
3.128091630060225725e-04
3.643276868388056755e-04
2.905111177824437618e-04
3.502363979350775480e-04
3.458468709141016006e-04
3.259363875258713961e-04
4.452495195437222719e-04
3.261479723732918501e-04
3.356481902301311493e-04
3.500234452076256275e-04
4.212924395687878132e-04
2.953406656160950661e-04
3.496598801575601101e-04
3.686092968564480543e-04
3.092666738666594028e-04
3.999272012151777744e-04
3.084765048697590828e-04
3.371518105268478394e-04
4.409721295814961195e-04
2.917629899457097054e-04
3.634489548858255148e-04
2.650355163495987654e-04
3.587196988519281149e-04
3.025084151886403561e-04
3.940943570341914892e-04
3.238795907236635685e-04
3.748452290892601013e-04
3.007430932484567165e-04
3.278812509961426258e-04
3.743911511264741421e-04
3.417595289647579193e-04
3.103583585470914841e-04
3.666863776743412018e-04
2.923966094385832548e-04
3.908634826075285673e-04
2.780188515316694975e-04
2.717118477448821068e-04
3.150277771055698395e-04
3.075595013797283173e-04
4.020257911179214716e-04
2.678293094504624605e-04
4.284121096134185791e-04
3.197511832695454359e-04
2.844216360244899988e-04
3.743174311239272356e-04
2.667173976078629494e-04
3.326606529299169779e-04
3.505719651002436876e-04
4.276092513464391232e-04
3.068168298341333866e-04
3.220579528715461493e-04
3.078627050854265690e-04
2.843676775228232145e-04
4.451439308468252420e-04
4.049033159390091896e-04
3.059748269151896238e-04
3.040628216695040464e-04
3.838897100649774075e-04
2.951115020550787449e-04
3.079582820646464825e-04
3.724529815372079611e-04
2.553454833105206490e-04
3.521490434650331736e-04
2.989619097206741571e-04
3.695136401802301407e-04
2.470247563906013966e-04
3.019846917595714331e-04
4.216487286612391472e-04
2.876978542190045118e-04
3.560950572136789560e-04
2.843891852535307407e-04
4.132448229938745499e-04
2.662080805748701096e-04
3.083439951296895742e-04
3.686549025587737560e-04
3.032115055248141289e-04
3.185604000464081764e-04
3.331819316372275352e-04
2.975123061332851648e-04
3.238590143155306578e-04
2.930043556261807680e-04
3.169787232764065266e-04
3.752008778974413872e-04
3.198490012437105179e-04
2.900558174587786198e-04
2.513849176466464996e-04
3.204358217772096395e-04
3.646191908046603203e-04
2.941356797236949205e-04
2.992729423567652702e-04
2.557456609793007374e-04
4.286564362701028585e-04
3.293516929261386395e-04
2.822038950398564339e-04
3.793339128606021404e-04
3.316561633255332708e-04
2.570248034317046404e-04
3.046854981221258640e-04
3.340369439683854580e-04
3.044604090973734856e-04
3.542518534231930971e-04
2.663463528733700514e-04
2.346995170228183270e-04
3.619411727413535118e-04
2.884406712837517262e-04
2.593780809547752142e-04
3.883124736603349447e-04
3.228156710974872112e-04
3.764638386201113462e-04
2.581575827207416296e-04
3.216325421817600727e-04
3.260464291088283062e-04
2.925722510553896427e-04
3.536656731739640236e-04
2.770824066828936338e-04
3.307968727312982082e-04
2.382923557888716459e-04
3.550948167685419321e-04
2.626975474413484335e-04
2.634699631016701460e-04
3.085176285821944475e-04
3.687057760544121265e-04
2.722705830819904804e-04
3.940094611607491970e-04
3.099836758337914944e-04
2.654133713804185390e-04
2.680251491256058216e-04
3.709770098794251680e-04
2.491348132025450468e-04
3.400872810743749142e-04
3.345172444824129343e-04
2.601027663331478834e-04
3.812552895396947861e-04
2.835545164998620749e-04
2.795500331558287144e-04
2.831161546055227518e-04
3.376528620719909668e-04
2.444840793032199144e-04
2.808126155287027359e-04
3.290129534434527159e-04
2.557432453613728285e-04
3.476521524135023355e-04
2.865718270186334848e-04
3.306549915578216314e-04
3.169584670104086399e-04
2.246375515824183822e-04
3.175530291628092527e-04
3.352946660015732050e-04
2.356416516704484820e-04
2.628413785714656115e-04
3.227111010346561670e-04
2.707688545342534781e-04
2.545428578741848469e-04
3.166325623169541359e-04
3.675303305499255657e-04
2.590933290775865316e-04
3.071081300731748343e-04
3.305670397821813822e-04
2.800473594106733799e-04
3.117466694675385952e-04
2.764646487776190042e-04
2.909969480242580175e-04
3.683248942252248526e-04
2.848104049917310476e-04
2.512542123440653086e-04
3.630886494647711515e-04
2.733881992753595114e-04
2.487159799784421921e-04
2.867464791052043438e-04
3.381730930414050817e-04
2.471819752827286720e-04
3.566262603271752596e-04
2.484549186192452908e-04
2.647305664140731096e-04
2.601578598842024803e-04
3.527986991684883833e-04
2.594552352093160152e-04
2.242409245809540153e-04
3.489612427074462175e-04
2.197694848291575909e-04
3.156321181450039148e-04
3.300111857242882252e-04
2.625194902066141367e-04
3.179734048899263144e-04
2.409816079307347536e-04
3.708516887854784727e-04
2.606436028145253658e-04
2.537301334086805582e-04
2.872341137845069170e-04
3.137572202831506729e-04
2.190879604313522577e-04
3.286971477791666985e-04
3.382073191460222006e-04
2.582168963272124529e-04
2.533113001845777035e-04
3.326285223010927439e-04
2.134042297257110476e-04
2.402898535365238786e-04
2.927556342910975218e-04
3.199618367943912745e-04
3.133765130769461393e-04
2.299565530847758055e-04
3.870525688398629427e-04
2.281920023960992694e-04
2.293277066200971603e-04
3.269634325988590717e-04
2.742934157140552998e-04
2.255084255011752248e-04
2.983266895171254873e-04
2.372373273828998208e-04
4.706093750428408384e-04
2.497123787179589272e-04
2.310901472810655832e-04
2.746999089140444994e-04
3.730522876139730215e-04
1.974324986804276705e-04
3.416542895138263702e-04
2.383276441833004355e-04
2.275755687151104212e-04
3.251564630772918463e-04
2.706795930862426758e-04
3.002360463142395020e-04
2.328488335479050875e-04
2.983818703796714544e-04
2.434583730064332485e-04
3.071000683121383190e-04
3.390920755919069052e-04
2.868813171517103910e-04
2.495969820301979780e-04
2.084666921291500330e-04
3.865936887450516224e-04
2.217106521129608154e-04
2.924353175330907106e-04
3.061665629502385855e-04
2.588356146588921547e-04
2.170446823583915830e-04
3.792363568209111691e-04
2.102945145452395082e-04
3.301322867628186941e-04
3.295218339189887047e-04
2.270103432238101959e-04
2.706862578634172678e-04
3.030863590538501740e-04
2.135179965989664197e-04
3.271172754466533661e-04
2.670464164111763239e-04
2.619560109451413155e-04
2.849443699233233929e-04
2.423010300844907761e-04
2.885748981498181820e-04
2.719167969189584255e-04
2.044408029178157449e-04
3.970365505665540695e-04
2.781015064101666212e-04
2.692210546229034662e-04
3.141539928037673235e-04
2.420976816210895777e-04
2.051208284683525562e-04
2.878337982110679150e-04
2.489061153028160334e-04
2.795226464513689280e-04
2.711377746891230345e-04
3.050075902137905359e-04
2.266437804792076349e-04
3.232544113416224718e-04
1.910207938635721803e-04
3.101396141573786736e-04
2.503258583601564169e-04
3.306954749859869480e-04
2.227619115728884935e-04
2.863244153559207916e-04
2.577434061095118523e-04
2.546689356677234173e-04
2.640304737724363804e-04
2.897704835049808025e-04
2.738703042268753052e-04
2.336272009415552020e-04
3.181862412020564079e-04
2.397261559963226318e-04
2.548103220760822296e-04
2.441801188979297876e-04
2.644753549247980118e-04
2.884417481254786253e-04
2.295481681358069181e-04
2.568530035205185413e-04
3.031371452379971743e-04
2.323168300790712237e-04
2.657161094248294830e-04
2.498644171282649040e-04
2.195179986301809549e-04
3.241120430175215006e-04
2.961515565402805805e-04
2.715711598284542561e-04
2.108633925672620535e-04
2.648520166985690594e-04
2.338139602215960622e-04
3.331720072310417891e-04
2.530355704948306084e-04
2.807855489663779736e-04
2.788960118778049946e-04
2.539533015806227922e-04
2.385402476647868752e-04
2.168611827073618770e-04
2.905627188738435507e-04
2.211030077887699008e-04
3.336710215080529451e-04
1.944046525750309229e-04
3.118488239124417305e-04
2.259595930809155107e-04
3.231838345527648926e-04
2.702389901969581842e-04
2.010606112889945507e-04
2.261850895592942834e-04
2.548952470533549786e-04
2.416303614154458046e-04
2.794445608742535114e-04
3.034033870790153742e-04
2.115073730237782001e-04
2.261443587485700846e-04
2.288945397594943643e-04
2.184157783631235361e-04
3.231130831409245729e-04
2.443379489704966545e-04
1.960339141078293324e-04
2.906113513745367527e-04
2.640292514115571976e-04
2.673639974091202021e-04
2.406946005066856742e-04
3.081562463194131851e-04
1.823846687329933047e-04
2.827394055202603340e-04
2.512061619199812412e-04
2.458731760270893574e-04
2.327196125406771898e-04
2.615248668007552624e-04
2.360486250836402178e-04
2.211345708929002285e-04
2.511867787688970566e-04
3.011093649547547102e-04
2.343731466680765152e-04
3.503629995975643396e-04
2.190381783293560147e-04
3.119326720479875803e-04
1.956457417691126466e-04
2.833443577401340008e-04
2.350955182919278741e-04
2.849032171070575714e-04
2.287636452820152044e-04
2.634983684401959181e-04
2.845812123268842697e-04
2.308433031430467963e-04
2.411517198197543621e-04
2.691900590434670448e-04
2.077714743791148067e-04
2.675748546607792377e-04
2.283788635395467281e-04
2.746830577962100506e-04
2.795321051962673664e-04
2.403467951808124781e-04
2.356458717258647084e-04
2.933403593488037586e-04
2.323441294720396399e-04
1.872728171292692423e-04
2.550579665694385767e-04
2.696414012461900711e-04
2.475569490343332291e-04
2.074533258564770222e-04
2.613496908452361822e-04
2.302047214470803738e-04
2.513582876417785883e-04
2.707910025492310524e-04
1.867031533038243651e-04
2.729884290602058172e-04
2.490470069460570812e-04
2.178464201278984547e-04
3.551825648173689842e-04
2.214326086686924100e-04
2.729244588408619165e-04
2.669836394488811493e-04
2.365417458349838853e-04
2.304882218595594168e-04
2.704072685446590185e-04
2.208173245890066028e-04
2.042591804638504982e-04
3.168799157720059156e-04
2.606632479000836611e-04
2.191168314311653376e-04
2.801461087074130774e-04
2.285144291818141937e-04
2.638186851982027292e-04
2.510098856873810291e-04
2.027072623604908586e-04
2.270855475217103958e-04
2.390870795352384448e-04
2.332978765480220318e-04
2.698693424463272095e-04
2.583093009889125824e-04
2.628391084726899862e-04
2.293753641424700618e-04
2.318976185051724315e-04
2.522469440009444952e-04
2.476705412846058607e-04
2.361061633564531803e-04
2.468757447786629200e-04
2.539703273214399815e-04
2.618554281070828438e-04
2.744158555287867785e-04
2.330813440494239330e-04
2.666588989086449146e-04
2.388552238699048758e-04
2.078253746731206775e-04
2.559789281804114580e-04
2.627761859912425280e-04
2.079030091408640146e-04
2.586689370218664408e-04
2.496309753041714430e-04
2.153414243366569281e-04
2.334433520445600152e-04
2.354680036660283804e-04
2.402722311671823263e-04
2.477399830240756273e-04
2.019064704654738307e-04
3.566208761185407639e-04
1.997269573621451855e-04
3.163909132126718760e-04
2.155930706067010760e-04
2.218120644101873040e-04
2.617137797642499208e-04
2.696407609619200230e-04
2.250087272841483355e-04
3.059033479075878859e-04
1.774863194441422820e-04
2.986921172123402357e-04
2.168567007174715400e-04
2.403983380645513535e-04
2.379595534875988960e-04
2.367501292610540986e-04
1.953973551280796528e-04
2.304629306308925152e-04
2.084305742755532265e-04
2.838123764377087355e-04
2.493295178283005953e-04
2.037623198702931404e-04
2.831806486938148737e-04
1.796715805539861321e-04
2.728990220930427313e-04
1.921812654472887516e-04
2.111039357259869576e-04
2.155259571736678481e-04
3.031298983842134476e-04
1.950697478605434299e-04
2.398706710664555430e-04
2.266319206682965159e-04
2.431220491416752338e-04
2.045732690021395683e-04
2.105583844240754843e-04
2.596998820081353188e-04
2.084743318846449256e-04
2.422057441435754299e-04
2.161994052585214376e-04
2.652179100550711155e-04
1.830746623454615474e-04
2.789401623886078596e-04
1.962828100658953190e-04
2.636007557157427073e-04
2.043838467216119170e-04
2.471686748322099447e-04
1.892639265861362219e-04
2.761581563390791416e-04
2.265781367896124721e-04
2.288983087055385113e-04
1.984068803722038865e-04
2.186394267482683063e-04
3.031998057849705219e-04
2.299538609804585576e-04
2.328123082406818867e-04
2.509191399440169334e-04
2.613244869280606508e-04
1.907510013552382588e-04
2.760039060376584530e-04
2.032638731179758906e-04
2.146886836271733046e-04
2.307178947376087308e-04
2.364883839618414640e-04
1.792348484741523862e-04
2.847536525223404169e-04
2.253885031677782536e-04
2.480814582668244839e-04
2.761468931566923857e-04
1.944307150552049279e-04
2.554524398874491453e-04
2.265860821353271604e-04
1.891378487925976515e-04
2.182268362957984209e-04
2.459178795106709003e-04
2.533294318709522486e-04
2.342046936973929405e-04
2.251545229228213429e-04
2.513215877115726471e-04
2.831237216014415026e-04
2.071880589937791228e-04
1.901815121527761221e-04
1.996789214899763465e-04
2.540478599257767200e-04
2.225259959232062101e-04
1.990388554986566305e-04
2.423688129056245089e-04
2.005656424444168806e-04
2.247482334496453404e-04
2.618645085021853447e-04
2.178951981477439404e-04
2.911540213972330093e-04
1.730910007609054446e-04
1.923450181493535638e-04
2.835640625562518835e-04
1.967011194210499525e-04
2.364167448831722140e-04
2.343540836591273546e-04
2.527831820771098137e-04
2.344651438761502504e-04
2.551796205807477236e-04
2.164506004191935062e-04
2.431088214507326484e-04
2.562901936471462250e-04
2.508622710593044758e-04
1.815178547985851765e-04
2.595248515717685223e-04
2.749416162259876728e-04
1.944287796504795551e-04
2.342873631278052926e-04
2.209618833148851991e-04
3.341269621159881353e-04
1.846489030867815018e-04
1.586003781994804740e-04
3.233976312913000584e-04
1.889986015157774091e-04
2.446159778628498316e-04
2.291095443069934845e-04
2.086754975607618690e-04
2.501469571143388748e-04
1.902122603496536613e-04
2.077698300126940012e-04
2.103923325194045901e-04
2.324669621884822845e-04
3.284405102021992207e-04
1.752536772983148694e-04
1.775670098140835762e-04
2.368020504945889115e-04
