2.922306060791015625e-01
2.602275311946868896e-01
2.594223618507385254e-01
2.597001791000366211e-01
2.602725028991699219e-01
2.596072554588317871e-01
2.594096958637237549e-01
2.597696185111999512e-01
2.600773572921752930e-01
2.596700787544250488e-01
2.600332796573638916e-01
2.603779137134552002e-01
2.604672312736511230e-01
2.590281963348388672e-01
2.594210207462310791e-01
2.615458965301513672e-01
2.611608505249023438e-01
2.592548429965972900e-01
2.591861486434936523e-01
2.605286538600921631e-01
2.613546848297119141e-01
2.595654726028442383e-01
2.640103697776794434e-01
2.608541548252105713e-01
2.605748772621154785e-01
2.604872286319732666e-01
2.608073949813842773e-01
2.585361301898956299e-01
2.608075737953186035e-01
2.582869231700897217e-01
2.629152238368988037e-01
2.594510018825531006e-01
2.616908848285675049e-01
2.605145871639251709e-01
2.587075829505920410e-01
2.600437104701995850e-01
2.596575617790222168e-01
2.615359127521514893e-01
2.589143216609954834e-01
2.596313953399658203e-01
2.607989609241485596e-01
2.602866888046264648e-01
2.618485689163208008e-01
2.603984177112579346e-01
2.612782418727874756e-01
2.596586346626281738e-01
2.594903409481048584e-01
2.604695260524749756e-01
2.597746849060058594e-01
2.596136033535003662e-01
2.587800621986389160e-01
2.589118182659149170e-01
2.608962953090667725e-01
2.595579922199249268e-01
2.595145404338836670e-01
2.592941820621490479e-01
2.608328461647033691e-01
2.571598291397094727e-01
2.598735690116882324e-01
2.594680786132812500e-01
2.609645724296569824e-01
2.603336274623870850e-01
2.597979009151458740e-01
2.625895142555236816e-01
2.589711546897888184e-01
2.605278789997100830e-01
2.621205151081085205e-01
2.615229487419128418e-01
2.599062919616699219e-01
2.615963220596313477e-01
2.598370611667633057e-01
2.574420273303985596e-01
2.624090909957885742e-01
2.609044909477233887e-01
2.607744932174682617e-01
2.605254352092742920e-01
2.593358755111694336e-01
2.600041031837463379e-01
2.590125501155853271e-01
2.593295574188232422e-01
2.585670650005340576e-01
2.599180042743682861e-01
2.618954777717590332e-01
2.577505707740783691e-01
2.605329751968383789e-01
2.589114010334014893e-01
2.595136165618896484e-01
2.614378929138183594e-01
2.607633173465728760e-01
2.617227435111999512e-01
2.604029476642608643e-01
2.591293156147003174e-01
2.609913051128387451e-01
2.585014700889587402e-01
2.614555358886718750e-01
2.589783072471618652e-01
2.618870735168457031e-01
2.604851722717285156e-01
2.596926689147949219e-01
2.593791186809539795e-01
2.619504630565643311e-01
2.597413957118988037e-01
2.612563371658325195e-01
2.600910365581512451e-01
2.614252269268035889e-01
2.599802315235137939e-01
2.587895691394805908e-01
2.592186927795410156e-01
2.618343830108642578e-01
2.592173218727111816e-01
2.588721811771392822e-01
2.594086527824401855e-01
2.610660493373870850e-01
2.606411278247833252e-01
2.602082490921020508e-01
2.614010870456695557e-01
2.591181099414825439e-01
2.605337500572204590e-01
2.623413503170013428e-01
2.625680267810821533e-01
2.578750848770141602e-01
2.606514692306518555e-01
2.585408389568328857e-01
2.621223628520965576e-01
2.599976062774658203e-01
2.598356604576110840e-01
2.604069411754608154e-01
2.590701580047607422e-01
2.612523436546325684e-01
2.583413720130920410e-01
2.620187401771545410e-01
2.607554793357849121e-01
2.591468393802642822e-01
2.584258913993835449e-01
2.610008716583251953e-01
2.617628276348114014e-01
2.598325908184051514e-01
2.606953084468841553e-01
2.592677772045135498e-01
2.602676153182983398e-01
2.603878378868103027e-01
2.579491138458251953e-01
2.594612240791320801e-01
2.589610815048217773e-01
2.598092257976531982e-01
2.597303390502929688e-01
2.608767151832580566e-01
2.599692344665527344e-01
2.608533203601837158e-01
2.606535851955413818e-01
2.613401412963867188e-01
2.586278319358825684e-01
2.599586844444274902e-01
2.609124779701232910e-01
2.609809935092926025e-01
2.586907744407653809e-01
2.602865397930145264e-01
2.585018575191497803e-01
2.620632052421569824e-01
2.589345872402191162e-01
2.629862129688262939e-01
2.582208812236785889e-01
2.606352567672729492e-01
2.600483000278472900e-01
2.608827948570251465e-01
2.580170035362243652e-01
2.610091269016265869e-01
2.579937279224395752e-01
2.596767544746398926e-01
2.592510581016540527e-01
2.595315575599670410e-01
2.600607275962829590e-01
2.601045072078704834e-01
2.602840960025787354e-01
2.607026100158691406e-01
2.577528655529022217e-01
2.613963484764099121e-01
2.618418931961059570e-01
2.587200999259948730e-01
2.589262425899505615e-01
2.590978145599365234e-01
2.599295675754547119e-01
2.599626183509826660e-01
2.589252591133117676e-01
2.620171606540679932e-01
2.590442597866058350e-01
2.619655430316925049e-01
2.601890861988067627e-01
2.613768577575683594e-01
2.591243684291839600e-01
2.594225108623504639e-01
2.594469189643859863e-01
2.590050697326660156e-01
2.597816884517669678e-01
2.615773379802703857e-01
2.629532217979431152e-01
2.606846392154693604e-01
2.598485648632049561e-01
2.608135044574737549e-01
2.627591788768768311e-01
2.592735886573791504e-01
2.605777084827423096e-01
2.609619498252868652e-01
2.594155669212341309e-01
2.593499124050140381e-01
2.591323256492614746e-01
2.629072368144989014e-01
2.598994076251983643e-01
2.588702142238616943e-01
2.620918154716491699e-01
2.594546973705291748e-01
2.589809894561767578e-01
2.604322433471679688e-01
2.593225836753845215e-01
2.617179751396179199e-01
2.578323185443878174e-01
2.603919506072998047e-01
2.616117596626281738e-01
2.590869069099426270e-01
2.613565623760223389e-01
2.600326538085937500e-01
2.614149153232574463e-01
2.591838836669921875e-01
2.595400214195251465e-01
2.610384523868560791e-01
2.590431869029998779e-01
2.595528066158294678e-01
2.600802183151245117e-01
2.600565552711486816e-01
2.601423561573028564e-01
2.627856135368347168e-01
2.593401074409484863e-01
2.608894407749176025e-01
2.587221562862396240e-01
2.608893215656280518e-01
2.610515058040618896e-01
2.614434361457824707e-01
2.607570290565490723e-01
2.593199312686920166e-01
2.599691748619079590e-01
2.608769237995147705e-01
2.612368762493133545e-01
2.591592967510223389e-01
2.612536251544952393e-01
2.580723464488983154e-01
2.591592669486999512e-01
2.603977918624877930e-01
2.603660821914672852e-01
2.626905739307403564e-01
2.597786188125610352e-01
2.599929571151733398e-01
2.601464390754699707e-01
2.587765455245971680e-01
2.638501226902008057e-01
2.592963278293609619e-01
2.612353563308715820e-01
2.629348337650299072e-01
2.618009150028228760e-01
2.593887150287628174e-01
2.591612637042999268e-01
2.638532221317291260e-01
2.601844072341918945e-01
2.626000046730041504e-01
2.602553069591522217e-01
2.607362568378448486e-01
2.584035098552703857e-01
2.601750195026397705e-01
2.621447741985321045e-01
2.586229145526885986e-01
2.594448924064636230e-01
2.599088251590728760e-01
2.603990137577056885e-01
2.611742913722991943e-01
2.587205171585083008e-01
2.591220736503601074e-01
2.611884176731109619e-01
2.614803612232208252e-01
2.599981427192687988e-01
2.591455578804016113e-01
2.592275440692901611e-01
2.606727778911590576e-01
2.600808441638946533e-01
2.628227174282073975e-01
2.596059441566467285e-01
2.616025507450103760e-01
2.620864808559417725e-01
2.609854340553283691e-01
2.598811089992523193e-01
2.591612935066223145e-01
2.597649097442626953e-01
2.605212032794952393e-01
2.596495449542999268e-01
2.595320343971252441e-01
2.619639039039611816e-01
2.596874237060546875e-01
2.583466768264770508e-01
2.602660953998565674e-01
2.602809369564056396e-01
2.587175965309143066e-01
2.581541240215301514e-01
2.604871988296508789e-01
2.588213980197906494e-01
2.607091963291168213e-01
2.619365155696868896e-01
2.589689791202545166e-01
2.581215500831604004e-01
2.600475847721099854e-01
2.603551745414733887e-01
2.584661245346069336e-01
2.611427307128906250e-01
2.594443559646606445e-01
2.625921666622161865e-01
2.604961693286895752e-01
2.602780759334564209e-01
2.595229744911193848e-01
2.594986557960510254e-01
2.582525610923767090e-01
2.607750892639160156e-01
2.602693438529968262e-01
2.604036033153533936e-01
2.598758041858673096e-01
2.603749036788940430e-01
2.607218325138092041e-01
2.591617405414581299e-01
2.610953152179718018e-01
2.616931796073913574e-01
2.624875903129577637e-01
2.592114806175231934e-01
2.585473954677581787e-01
2.606058716773986816e-01
2.619716227054595947e-01
2.588787972927093506e-01
2.603736519813537598e-01
2.607395350933074951e-01
2.617448270320892334e-01
2.599375247955322266e-01
2.623900771141052246e-01
2.577520310878753662e-01
2.611381709575653076e-01
2.592411339282989502e-01
2.595981061458587646e-01
2.589426338672637939e-01
2.626439034938812256e-01
2.583821415901184082e-01
2.603387534618377686e-01
2.605940997600555420e-01
2.609309852123260498e-01
2.597281634807586670e-01
2.607539594173431396e-01
2.589155137538909912e-01
2.609070539474487305e-01
2.595948576927185059e-01
2.586310505867004395e-01
2.591558992862701416e-01
2.595326602458953857e-01
2.604545652866363525e-01
2.578061223030090332e-01
2.605693638324737549e-01
2.591734230518341064e-01
2.649583518505096436e-01
2.611648142337799072e-01
2.593736946582794189e-01
2.627989947795867920e-01
2.613136470317840576e-01
2.590883672237396240e-01
2.588360309600830078e-01
2.607909440994262695e-01
2.587346136569976807e-01
2.600975334644317627e-01
2.619982063770294189e-01
2.594748735427856445e-01
2.593607902526855469e-01
2.600368857383728027e-01
2.598555982112884521e-01
2.628960311412811279e-01
2.598722279071807861e-01
2.608868777751922607e-01
2.637751996517181396e-01
2.583476603031158447e-01
2.601163089275360107e-01
2.595259249210357666e-01
2.581283450126647949e-01
2.641636133193969727e-01
2.578363120555877686e-01
2.613952159881591797e-01
2.620932757854461670e-01
2.610500454902648926e-01
2.608546018600463867e-01
2.633251547813415527e-01
2.597137093544006348e-01
2.595708072185516357e-01
2.582401633262634277e-01
2.594964802265167236e-01
2.605631351470947266e-01
2.582473158836364746e-01
2.615597546100616455e-01
2.617325186729431152e-01
2.617059350013732910e-01
2.607867717742919922e-01
2.600212693214416504e-01
2.583830952644348145e-01
2.617480456829071045e-01
2.603147029876708984e-01
2.588714659214019775e-01
2.593577802181243896e-01
2.621225714683532715e-01
2.592356801033020020e-01
2.595156431198120117e-01
2.602480053901672363e-01
2.615425884723663330e-01
2.610342204570770264e-01
2.591283917427062988e-01
2.620598077774047852e-01
2.584626078605651855e-01
2.613140642642974854e-01
2.606445550918579102e-01
2.620913684368133545e-01
2.616353034973144531e-01
2.591850161552429199e-01
2.607014477252960205e-01
2.614828050136566162e-01
2.615677118301391602e-01
2.589975893497467041e-01
2.604520916938781738e-01
2.612576186656951904e-01
2.604349255561828613e-01
2.618063390254974365e-01
2.615411281585693359e-01
2.595457136631011963e-01
2.621018290519714355e-01
2.601428329944610596e-01
2.625786662101745605e-01
2.582649290561676025e-01
2.590320706367492676e-01
2.607152760028839111e-01
2.607890367507934570e-01
2.605160176753997803e-01
2.618334591388702393e-01
2.602422833442687988e-01
2.572687864303588867e-01
2.613541781902313232e-01
2.627876698970794678e-01
2.600116431713104248e-01
2.609999477863311768e-01
2.581585347652435303e-01
2.589899599552154541e-01
2.605825662612915039e-01
2.612431645393371582e-01
2.585473656654357910e-01
2.596763670444488525e-01
2.588751912117004395e-01
2.613416612148284912e-01
2.589003443717956543e-01
2.605371773242950439e-01
2.608835399150848389e-01
2.605944275856018066e-01
2.600157260894775391e-01
2.612698972225189209e-01
2.601947188377380371e-01
2.611277401447296143e-01
2.597307860851287842e-01
2.609750926494598389e-01
2.607482373714447021e-01
2.610014975070953369e-01
2.612809538841247559e-01
2.607434988021850586e-01
2.610376775264739990e-01
2.590196430683135986e-01
2.636460363864898682e-01
2.602604329586029053e-01
2.592549026012420654e-01
2.600898444652557373e-01
2.606222927570343018e-01
2.598444521427154541e-01
2.593346536159515381e-01
2.584664225578308105e-01
2.599113881587982178e-01
2.612170875072479248e-01
2.616034448146820068e-01
2.599344551563262939e-01
2.597009837627410889e-01
2.596784532070159912e-01
2.588425874710083008e-01
2.617595195770263672e-01
2.603982388973236084e-01
2.610520422458648682e-01
2.596634924411773682e-01
2.616767883300781250e-01
2.620171606540679932e-01
2.583062946796417236e-01
2.617522478103637695e-01
2.618755400180816650e-01
2.617585361003875732e-01
2.610590755939483643e-01
2.616922855377197266e-01
2.621258199214935303e-01
2.598082423210144043e-01
2.592028677463531494e-01
2.566747367382049561e-01
2.607153356075286865e-01
2.611900269985198975e-01
2.596107721328735352e-01
2.604950666427612305e-01
2.611108422279357910e-01
2.598399817943572998e-01
2.615748047828674316e-01
2.605180740356445312e-01
2.619028091430664062e-01
2.597219347953796387e-01
2.617825567722320557e-01
2.586617469787597656e-01
2.586175799369812012e-01
2.610571980476379395e-01
2.578005194664001465e-01
2.615852653980255127e-01
2.584447264671325684e-01
2.600722610950469971e-01
2.605603337287902832e-01
2.600090503692626953e-01
2.581470310688018799e-01
2.591764628887176514e-01
2.602358162403106689e-01
2.605849802494049072e-01
2.618182003498077393e-01
2.601595222949981689e-01
2.607372105121612549e-01
2.605317234992980957e-01
2.613363265991210938e-01
2.613666951656341553e-01
2.591733634471893311e-01
2.627132236957550049e-01
2.609845101833343506e-01
2.601283788681030273e-01
2.607866525650024414e-01
2.588971257209777832e-01
2.598100900650024414e-01
2.637253701686859131e-01
2.630176842212677002e-01
2.589633166790008545e-01
2.613703608512878418e-01
2.602780163288116455e-01
2.612445652484893799e-01
2.603030204772949219e-01
2.612895965576171875e-01
2.597714960575103760e-01
2.604120969772338867e-01
2.597858011722564697e-01
2.606442272663116455e-01
2.590973675251007080e-01
2.598707377910614014e-01
2.587610781192779541e-01
2.600783407688140869e-01
2.612378299236297607e-01
2.614934146404266357e-01
2.598895430564880371e-01
2.616682648658752441e-01
2.595645189285278320e-01
2.619641721248626709e-01
2.610146701335906982e-01
2.600284814834594727e-01
2.621113061904907227e-01
2.601070106029510498e-01
2.634173631668090820e-01
2.608918249607086182e-01
2.613961994647979736e-01
2.604832649230957031e-01
2.613225281238555908e-01
2.599965333938598633e-01
2.613597214221954346e-01
2.592694461345672607e-01
2.604484558105468750e-01
2.593815326690673828e-01
2.604484558105468750e-01
2.586447000503540039e-01
2.596445381641387939e-01
2.601703703403472900e-01
2.601701021194458008e-01
2.597264945507049561e-01
2.583809792995452881e-01
2.618670165538787842e-01
2.632856667041778564e-01
2.618685662746429443e-01
2.612599730491638184e-01
2.581463754177093506e-01
2.616958320140838623e-01
2.606327831745147705e-01
2.564228773117065430e-01
2.634219229221343994e-01
2.644366323947906494e-01
2.586147487163543701e-01
2.604666650295257568e-01
2.599217891693115234e-01
2.605244815349578857e-01
2.594396173954010010e-01
2.593277096748352051e-01
2.605636417865753174e-01
2.623634636402130127e-01
2.608887255191802979e-01
2.592552304267883301e-01
2.584041953086853027e-01
2.604610025882720947e-01
2.587580084800720215e-01
2.627268135547637939e-01
2.590038776397705078e-01
2.612338066101074219e-01
2.607522904872894287e-01
2.585064172744750977e-01
2.633135914802551270e-01
2.591922581195831299e-01
2.599181234836578369e-01
2.610862851142883301e-01
2.608814239501953125e-01
2.588647007942199707e-01
2.600402235984802246e-01
2.598491907119750977e-01
2.589636445045471191e-01
2.607950270175933838e-01
2.610504031181335449e-01
2.599763870239257812e-01
2.615362405776977539e-01
2.600447833538055420e-01
2.594142258167266846e-01
2.588357925415039062e-01
2.618319988250732422e-01
2.611274421215057373e-01
2.608019113540649414e-01
2.584608495235443115e-01
2.578618526458740234e-01
2.621276676654815674e-01
2.609142959117889404e-01
2.610427439212799072e-01
2.592983841896057129e-01
2.584200501441955566e-01
2.602252960205078125e-01
2.598645091056823730e-01
2.652535736560821533e-01
2.611678838729858398e-01
2.609000205993652344e-01
2.611514925956726074e-01
2.589266896247863770e-01
2.608414590358734131e-01
2.623842358589172363e-01
2.587287127971649170e-01
2.597551941871643066e-01
2.596465945243835449e-01
2.589170038700103760e-01
2.579996883869171143e-01
2.594257295131683350e-01
2.603609859943389893e-01
2.595321238040924072e-01
2.603071928024291992e-01
2.594382166862487793e-01
2.579163014888763428e-01
2.610095739364624023e-01
2.594275772571563721e-01
2.605085074901580811e-01
2.593796849250793457e-01
2.586539387702941895e-01
2.614596188068389893e-01
2.605771124362945557e-01
2.596558928489685059e-01
2.588786780834197998e-01
2.593888938426971436e-01
2.611431479454040527e-01
2.609623968601226807e-01
2.602878808975219727e-01
2.587183713912963867e-01
2.611733675003051758e-01
2.602018415927886963e-01
2.615864872932434082e-01
2.606273889541625977e-01
2.611640691757202148e-01
2.619421184062957764e-01
2.588516175746917725e-01
2.628833353519439697e-01
2.610126137733459473e-01
2.628752589225769043e-01
2.625093460083007812e-01
2.589694559574127197e-01
2.593129873275756836e-01
2.602992355823516846e-01
2.593005001544952393e-01
2.604049742221832275e-01
2.583609521389007568e-01
2.629487514495849609e-01
2.620058953762054443e-01
2.614333331584930420e-01
2.590999305248260498e-01
2.592373490333557129e-01
2.630209624767303467e-01
2.574236989021301270e-01
2.591114938259124756e-01
2.598356902599334717e-01
2.592076659202575684e-01
2.597005069255828857e-01
2.603954076766967773e-01
2.596467137336730957e-01
2.613584399223327637e-01
2.609950006008148193e-01
2.600966095924377441e-01
2.595073878765106201e-01
2.589883804321289062e-01
2.600073814392089844e-01
2.600472569465637207e-01
2.603625357151031494e-01
2.582817375659942627e-01
2.603027522563934326e-01
2.594192922115325928e-01
2.600621283054351807e-01
2.612615525722503662e-01
2.631230652332305908e-01
2.581824362277984619e-01
2.619036436080932617e-01
2.597048580646514893e-01
2.605623006820678711e-01
2.606416344642639160e-01
2.600014209747314453e-01
2.590408921241760254e-01
2.618322670459747314e-01
2.599731683731079102e-01
2.611362636089324951e-01
2.594928443431854248e-01
2.603741288185119629e-01
2.602168619632720947e-01
2.600837349891662598e-01
2.584893405437469482e-01
2.602937519550323486e-01
2.586643099784851074e-01
2.604440152645111084e-01
2.594183683395385742e-01
2.594014406204223633e-01
2.576777040958404541e-01
2.600966691970825195e-01
2.599118947982788086e-01
2.596386075019836426e-01
2.621496915817260742e-01
2.597462534904479980e-01
2.605291604995727539e-01
2.590032815933227539e-01
2.587363719940185547e-01
2.581948339939117432e-01
2.594058215618133545e-01
2.594368159770965576e-01
2.598841786384582520e-01
2.590304315090179443e-01
2.600721418857574463e-01
2.588439285755157471e-01
2.606309056282043457e-01
2.593484222888946533e-01
2.593590915203094482e-01
2.600065469741821289e-01
2.606005668640136719e-01
2.629710733890533447e-01
2.608544230461120605e-01
2.589389681816101074e-01
2.590135931968688965e-01
2.609567940235137939e-01
2.604912519454956055e-01
2.637886703014373779e-01
2.618187665939331055e-01
2.602011263370513916e-01
2.586104571819305420e-01
2.590204477310180664e-01
2.644449770450592041e-01
2.595720887184143066e-01
2.592770755290985107e-01
2.595207989215850830e-01
2.627578079700469971e-01
2.623250484466552734e-01
2.604770958423614502e-01
2.586036622524261475e-01
2.595168352127075195e-01
2.589373588562011719e-01
2.609831988811492920e-01
2.621039450168609619e-01
2.601957917213439941e-01
2.598478198051452637e-01
2.618803679943084717e-01
2.599358260631561279e-01
2.622464001178741455e-01
2.574429512023925781e-01
2.601349651813507080e-01
2.592153847217559814e-01
2.580848336219787598e-01
2.604071199893951416e-01
2.599490582942962646e-01
2.626986503601074219e-01
2.589356005191802979e-01
2.609603106975555420e-01
2.595007121562957764e-01
2.594605684280395508e-01
2.596218585968017578e-01
2.600134611129760742e-01
2.603777050971984863e-01
2.601763904094696045e-01
2.615036964416503906e-01
2.613436281681060791e-01
2.607508003711700439e-01
2.604447305202484131e-01
2.627998590469360352e-01
2.622825503349304199e-01
2.591353952884674072e-01
2.601085007190704346e-01
2.607679367065429688e-01
2.612854242324829102e-01
2.618934214115142822e-01
2.601304948329925537e-01
2.605307996273040771e-01
2.600112259387969971e-01
2.584024965763092041e-01
2.608200013637542725e-01
2.587150037288665771e-01
2.613986432552337646e-01
2.606008946895599365e-01
2.595748901367187500e-01
2.610626220703125000e-01
2.596437036991119385e-01
2.596369981765747070e-01
2.632527947425842285e-01
2.618147134780883789e-01
2.635284066200256348e-01
2.613642215728759766e-01
2.651391029357910156e-01
2.616338133811950684e-01
2.618629038333892822e-01
2.602351903915405273e-01
2.606686651706695557e-01
2.611776292324066162e-01
2.612527310848236084e-01
2.600437998771667480e-01
2.627111971378326416e-01
2.590030431747436523e-01
2.600504159927368164e-01
2.578674852848052979e-01
2.598336338996887207e-01
2.594411075115203857e-01
2.597287297248840332e-01
2.593531906604766846e-01
2.598251402378082275e-01
2.582249939441680908e-01
2.588009238243103027e-01
2.602456510066986084e-01
2.612978518009185791e-01
2.613425552845001221e-01
2.608718574047088623e-01
2.589170038700103760e-01
2.615383565425872803e-01
2.583103477954864502e-01
2.585635781288146973e-01
2.599911987781524658e-01
2.609857916831970215e-01
2.619803547859191895e-01
2.584470510482788086e-01
2.607698440551757812e-01
2.604060769081115723e-01
2.587574422359466553e-01
2.597691118717193604e-01
2.583169341087341309e-01
2.601293027400970459e-01
2.601572275161743164e-01
2.594305574893951416e-01
2.597867548465728760e-01
2.581269741058349609e-01
2.598855197429656982e-01
2.615805566310882568e-01
2.603316605091094971e-01
2.616915702819824219e-01
2.592903077602386475e-01
2.598848640918731689e-01
2.610520422458648682e-01
2.605723738670349121e-01
2.614957988262176514e-01
2.603787183761596680e-01
2.592182457447052002e-01
2.592350840568542480e-01
2.598783373832702637e-01
2.613758146762847900e-01
2.612682282924652100e-01
2.612812817096710205e-01
2.615823447704315186e-01
2.593809962272644043e-01
2.621958553791046143e-01
2.589292526245117188e-01
2.594069838523864746e-01
2.610969841480255127e-01
2.585708498954772949e-01
2.595303952693939209e-01
2.590798139572143555e-01
2.585746347904205322e-01
2.618800997734069824e-01
2.627141475677490234e-01
2.594319283962249756e-01
2.598381042480468750e-01
2.593053579330444336e-01
2.608728110790252686e-01
2.611361742019653320e-01
2.616502046585083008e-01
2.597268521785736084e-01
2.596772909164428711e-01
2.597513496875762939e-01
2.608548104763031006e-01
2.587927579879760742e-01
2.585615515708923340e-01
2.624711394309997559e-01
2.617347538471221924e-01
2.612229585647583008e-01
2.620475590229034424e-01
2.604902982711791992e-01
2.589472532272338867e-01
2.613203525543212891e-01
2.593071162700653076e-01
2.614100873470306396e-01
2.588388323783874512e-01
2.591893970966339111e-01
2.608978450298309326e-01
2.601950466632843018e-01
2.618763148784637451e-01
2.612685561180114746e-01
2.613555788993835449e-01
2.625522911548614502e-01
2.612598836421966553e-01
2.607526481151580811e-01
2.609997093677520752e-01
2.595136165618896484e-01
2.617136538028717041e-01
2.596147954463958740e-01
2.607672810554504395e-01
2.630771696567535400e-01
2.587021887302398682e-01
2.594755887985229492e-01
2.603743374347686768e-01
2.597496509552001953e-01
2.594313621520996094e-01
2.590124309062957764e-01
2.606133222579956055e-01
2.599216401576995850e-01
2.593839168548583984e-01
2.599091529846191406e-01
2.591347396373748779e-01
2.603301405906677246e-01
2.602305412292480469e-01
2.609132826328277588e-01
2.624811828136444092e-01
2.587006092071533203e-01
2.614214420318603516e-01
2.605931460857391357e-01
2.606109976768493652e-01
2.597241103649139404e-01
2.585382163524627686e-01
2.635930180549621582e-01
2.600466907024383545e-01
2.581940889358520508e-01
2.599321603775024414e-01
2.584967613220214844e-01
2.617676854133605957e-01
2.628344893455505371e-01
2.600129544734954834e-01
2.603538036346435547e-01
2.597675919532775879e-01
2.582486569881439209e-01
2.597980499267578125e-01
2.595353722572326660e-01
2.610286176204681396e-01
2.626746892929077148e-01
2.602756023406982422e-01
2.603576183319091797e-01
2.612901926040649414e-01
2.591235339641571045e-01
2.608111798763275146e-01
2.611967921257019043e-01
2.607230544090270996e-01
2.614816725254058838e-01
2.596737742424011230e-01
2.595174610614776611e-01
2.647163569927215576e-01
2.591518759727478027e-01
2.586996555328369141e-01
2.611495256423950195e-01
2.586636841297149658e-01
2.616969943046569824e-01
2.590346038341522217e-01
2.593877613544464111e-01
2.626272439956665039e-01
2.591375410556793213e-01
2.592733204364776611e-01
2.602587044239044189e-01
2.611247301101684570e-01
2.588624358177185059e-01
2.602039575576782227e-01
2.607179284095764160e-01
2.613776028156280518e-01
2.589965462684631348e-01
2.594051361083984375e-01
2.630146443843841553e-01
2.572948038578033447e-01
2.598974406719207764e-01
2.590396404266357422e-01
2.595650851726531982e-01
2.598240971565246582e-01
2.620630264282226562e-01
2.620201706886291504e-01
2.599774897098541260e-01
2.587418854236602783e-01
2.601834535598754883e-01
2.639328539371490479e-01
2.574979066848754883e-01
2.621329724788665771e-01
2.607819736003875732e-01
2.611343264579772949e-01
2.607241272926330566e-01
2.601576149463653564e-01
2.597165405750274658e-01
2.613288462162017822e-01
2.609028816223144531e-01
2.604596912860870361e-01
2.603901922702789307e-01
2.588070034980773926e-01
2.594330012798309326e-01
2.605641782283782959e-01
2.608136236667633057e-01
2.610759437084197998e-01
2.603013217449188232e-01
2.598708271980285645e-01
2.612357139587402344e-01
2.597671151161193848e-01
2.609006464481353760e-01
2.576861083507537842e-01
2.599962353706359863e-01
2.626232504844665527e-01
2.584512531757354736e-01
2.593670785427093506e-01
2.624000012874603271e-01
2.586174309253692627e-01
2.597767710685729980e-01
2.612732052803039551e-01
2.635457813739776611e-01
2.579870522022247314e-01
2.601719498634338379e-01
2.614917457103729248e-01
2.595346271991729736e-01
2.602162957191467285e-01
2.586424052715301514e-01
2.600148916244506836e-01
2.620043456554412842e-01
2.597464919090270996e-01
2.599729895591735840e-01
2.602335512638092041e-01
2.600578367710113525e-01
2.603074610233306885e-01
2.601103484630584717e-01
2.589752078056335449e-01
2.595196366310119629e-01
2.616961598396301270e-01
2.592211067676544189e-01
2.615832686424255371e-01
2.614514827728271484e-01
2.584690451622009277e-01
2.603317499160766602e-01
2.631462216377258301e-01
2.623838782310485840e-01
2.599830925464630127e-01
2.598798274993896484e-01
2.584885656833648682e-01
2.591507136821746826e-01
2.609061598777770996e-01
2.608907818794250488e-01
2.588717937469482422e-01
2.593412697315216064e-01
2.599137127399444580e-01
2.603309750556945801e-01
2.608790993690490723e-01
2.585133016109466553e-01
2.611114978790283203e-01
2.609239518642425537e-01
2.610687911510467529e-01
2.597731053829193115e-01
2.586016952991485596e-01
2.593072950839996338e-01
2.627099454402923584e-01
2.600418627262115479e-01
2.578088045120239258e-01
2.607659697532653809e-01
2.598456740379333496e-01
2.612295150756835938e-01
2.604342997074127197e-01
2.597352862358093262e-01
2.650236785411834717e-01
2.593744695186614990e-01
2.612529695034027100e-01
2.602573931217193604e-01
2.602722346782684326e-01
2.605991065502166748e-01
2.612192332744598389e-01
2.613263428211212158e-01
2.586866021156311035e-01
2.600345611572265625e-01
2.623017430305480957e-01
2.584840953350067139e-01
2.622088491916656494e-01
2.584723532199859619e-01
2.603422701358795166e-01
2.617183923721313477e-01
2.581151723861694336e-01
2.600966989994049072e-01
2.585052549839019775e-01
2.601575553417205811e-01
2.629104256629943848e-01
2.635430991649627686e-01
2.602369785308837891e-01
2.579329311847686768e-01
2.627798616886138916e-01
2.575499415397644043e-01
2.645337581634521484e-01
2.633678615093231201e-01
2.590643167495727539e-01
2.614784240722656250e-01
2.611296176910400391e-01
2.593142092227935791e-01
2.605779469013214111e-01
2.594276368618011475e-01
2.603819966316223145e-01
2.588413357734680176e-01
2.599420249462127686e-01
2.600754201412200928e-01
2.601640820503234863e-01
2.602191567420959473e-01
2.609353363513946533e-01
2.603557705879211426e-01
2.615112960338592529e-01
2.624469697475433350e-01
2.611062228679656982e-01
2.611038386821746826e-01
2.576335966587066650e-01
2.612341940402984619e-01
2.618746161460876465e-01
2.611418962478637695e-01
2.605868577957153320e-01
2.594455778598785400e-01
2.602601945400238037e-01
2.606244981288909912e-01
2.615408599376678467e-01
2.604270875453948975e-01
2.591809630393981934e-01
2.590601146221160889e-01
2.588778436183929443e-01
2.599895596504211426e-01
2.592304348945617676e-01
2.629657089710235596e-01
2.601217031478881836e-01
2.592341899871826172e-01
2.583827972412109375e-01
2.614990472793579102e-01
2.629529237747192383e-01
2.593899071216583252e-01
2.597629725933074951e-01
2.601220607757568359e-01
2.624208033084869385e-01
2.620751559734344482e-01
2.598373293876647949e-01
2.579790949821472168e-01
2.599245309829711914e-01
2.613266110420227051e-01
2.609377801418304443e-01
2.623499929904937744e-01
2.578182518482208252e-01
2.596930861473083496e-01
2.614895701408386230e-01
2.576371729373931885e-01
2.595735788345336914e-01
2.626482844352722168e-01
2.597080171108245850e-01
2.615494132041931152e-01
2.605507075786590576e-01
2.607232928276062012e-01
2.635847330093383789e-01
2.577585577964782715e-01
2.590206563472747803e-01
2.611522972583770752e-01
2.618384361267089844e-01
2.583324015140533447e-01
2.575065195560455322e-01
2.592880725860595703e-01
2.598911523818969727e-01
2.603163719177246094e-01
2.585282623767852783e-01
2.620864808559417725e-01
2.599955797195434570e-01
2.594407498836517334e-01
2.589690089225769043e-01
2.602812945842742920e-01
2.601673007011413574e-01
2.588471770286560059e-01
2.619314491748809814e-01
2.613219618797302246e-01
2.624910473823547363e-01
2.602076232433319092e-01
2.599942684173583984e-01
2.590705156326293945e-01
2.587452232837677002e-01
2.600515186786651611e-01
2.613704502582550049e-01
2.587543129920959473e-01
2.608468532562255859e-01
2.604472637176513672e-01
2.604120969772338867e-01
2.592908740043640137e-01
2.598230242729187012e-01
2.614932954311370850e-01
2.613190114498138428e-01
2.592082917690277100e-01
2.585915029048919678e-01
2.613187730312347412e-01
2.591273784637451172e-01
2.611932754516601562e-01
2.588596343994140625e-01
2.636660337448120117e-01
2.593178451061248779e-01
2.621585130691528320e-01
2.612931728363037109e-01
2.588215172290802002e-01
2.595086395740509033e-01
2.594978809356689453e-01
2.604757547378540039e-01
2.608351409435272217e-01
2.587947547435760498e-01
2.612445056438446045e-01
2.618219554424285889e-01
2.609280645847320557e-01
2.596131265163421631e-01
2.574798166751861572e-01
2.587584853172302246e-01
2.582843899726867676e-01
2.630227208137512207e-01
2.616483271121978760e-01
2.596961557865142822e-01
2.621668279170989990e-01
2.588803470134735107e-01
2.608438730239868164e-01
2.619435787200927734e-01
2.591631114482879639e-01
2.610590159893035889e-01
2.591677010059356689e-01
2.619564831256866455e-01
2.611693441867828369e-01
2.613261938095092773e-01
2.579802572727203369e-01
2.624222040176391602e-01
2.592984139919281006e-01
2.588069140911102295e-01
2.593652307987213135e-01
2.587249875068664551e-01
2.583957612514495850e-01
2.591167390346527100e-01
2.606094479560852051e-01
2.597050070762634277e-01
2.596854269504547119e-01
2.594987750053405762e-01
2.608630061149597168e-01
2.598105967044830322e-01
2.609740197658538818e-01
2.618080377578735352e-01
2.609823942184448242e-01
2.628535032272338867e-01
2.589204609394073486e-01
2.619604468345642090e-01
2.591570615768432617e-01
2.595562934875488281e-01
2.619318962097167969e-01
2.585930526256561279e-01
2.576976716518402100e-01
2.603149116039276123e-01
2.624373435974121094e-01
2.618260681629180908e-01
2.609406709671020508e-01
2.605676949024200439e-01
2.605093717575073242e-01
2.608363926410675049e-01
2.590490877628326416e-01
2.615380287170410156e-01
2.624179720878601074e-01
2.617143094539642334e-01
2.579760849475860596e-01
2.599326968193054199e-01
2.598721086978912354e-01
2.574277520179748535e-01
2.594237029552459717e-01
2.610117495059967041e-01
2.615791857242584229e-01
2.627372741699218750e-01
2.598599195480346680e-01
2.594940066337585449e-01
2.601254582405090332e-01
2.602998614311218262e-01
2.601687014102935791e-01
2.595356106758117676e-01
2.590495347976684570e-01
2.617166042327880859e-01
2.611224949359893799e-01
2.579641640186309814e-01
2.631577551364898682e-01
2.585417330265045166e-01
2.607013583183288574e-01
2.584986388683319092e-01
2.602285742759704590e-01
2.601206004619598389e-01
2.590516209602355957e-01
2.602190077304840088e-01
2.607594132423400879e-01
2.610634565353393555e-01
2.599364817142486572e-01
2.615972161293029785e-01
2.579485774040222168e-01
2.605660855770111084e-01
2.608570158481597900e-01
2.593032419681549072e-01
2.621692121028900146e-01
2.596654891967773438e-01
2.604978084564208984e-01
2.589159309864044189e-01
2.605362832546234131e-01
2.623489797115325928e-01
2.608747482299804688e-01
2.578284442424774170e-01
2.596259415149688721e-01
2.611805796623229980e-01
2.592151165008544922e-01
2.580282688140869141e-01
2.595661282539367676e-01
2.627333104610443115e-01
2.598339915275573730e-01
2.603496909141540527e-01
2.596047222614288330e-01
2.599018216133117676e-01
2.602658867835998535e-01
2.601216435432434082e-01
2.608979344367980957e-01
2.589321434497833252e-01
2.611072361469268799e-01
2.590334415435791016e-01
2.606241106986999512e-01
2.634582221508026123e-01
2.598356902599334717e-01
2.607930600643157959e-01
2.579011321067810059e-01
2.600961029529571533e-01
2.600067257881164551e-01
2.593411505222320557e-01
2.630961239337921143e-01
2.603696286678314209e-01
2.645828723907470703e-01
2.607981264591217041e-01
2.593234479427337646e-01
2.621699571609497070e-01
2.614251971244812012e-01
2.605139613151550293e-01
2.597965896129608154e-01
2.599705755710601807e-01
2.614091634750366211e-01
2.616133093833923340e-01
2.594477534294128418e-01
2.608479559421539307e-01
2.590915858745574951e-01
2.596809566020965576e-01
2.571501433849334717e-01
2.597562372684478760e-01
2.574742138385772705e-01
2.609280049800872803e-01
2.617319822311401367e-01
2.605015933513641357e-01
2.601980566978454590e-01
2.598460614681243896e-01
2.600371837615966797e-01
2.598023414611816406e-01
2.603943049907684326e-01
2.596074938774108887e-01
2.615219652652740479e-01
2.614609301090240479e-01
2.592768371105194092e-01
2.596863508224487305e-01
2.603181004524230957e-01
2.601434886455535889e-01
2.593817710876464844e-01
2.596967220306396484e-01
2.609803676605224609e-01
2.624911069869995117e-01
2.594864070415496826e-01
2.595335543155670166e-01
2.623743116855621338e-01
2.613127827644348145e-01
2.616851031780242920e-01
2.588176131248474121e-01
2.592896223068237305e-01
2.595632374286651611e-01
2.609313130378723145e-01
2.598858177661895752e-01
2.616694867610931396e-01
2.610411047935485840e-01
2.628054916858673096e-01
2.589581608772277832e-01
2.589009702205657959e-01
2.601052820682525635e-01
2.608466744422912598e-01
2.600932419300079346e-01
2.591086626052856445e-01
2.594691216945648193e-01
2.643780112266540527e-01
2.588652074337005615e-01
2.612697780132293701e-01
2.608282864093780518e-01
2.597144842147827148e-01
2.583667039871215820e-01
2.596371769905090332e-01
2.595918774604797363e-01
2.595552206039428711e-01
2.596772313117980957e-01
2.621125876903533936e-01
2.595802545547485352e-01
2.623344957828521729e-01
2.597449719905853271e-01
2.613795399665832520e-01
2.591825127601623535e-01
2.587452828884124756e-01
2.606691122055053711e-01
2.632632255554199219e-01
2.610669732093811035e-01
2.588947713375091553e-01
2.592661380767822266e-01
2.605125010013580322e-01
2.600004971027374268e-01
2.613235116004943848e-01
2.615396082401275635e-01
2.584140002727508545e-01
2.589243352413177490e-01
2.594986855983734131e-01
2.614585161209106445e-01
2.599404752254486084e-01
2.584639191627502441e-01
2.649147212505340576e-01
2.617858052253723145e-01
2.588298916816711426e-01
2.591512203216552734e-01
2.612292170524597168e-01
2.587989568710327148e-01
2.605460286140441895e-01
2.595723271369934082e-01
2.636444568634033203e-01
2.571842670440673828e-01
2.611690461635589600e-01
2.611229419708251953e-01
2.608470022678375244e-01
2.606035768985748291e-01
2.605969309806823730e-01
2.591183781623840332e-01
2.602509558200836182e-01
2.579077482223510742e-01
2.598078846931457520e-01
2.599838376045227051e-01
2.613149583339691162e-01
2.597706913948059082e-01
2.615872919559478760e-01
2.593367695808410645e-01
2.593420445919036865e-01
2.611236870288848877e-01
2.631578147411346436e-01
2.588256597518920898e-01
2.620205879211425781e-01
2.599693536758422852e-01
2.594326436519622803e-01
2.602563500404357910e-01
2.597356438636779785e-01
2.609349787235260010e-01
2.585735619068145752e-01
2.596865892410278320e-01
2.599204480648040771e-01
2.605760097503662109e-01
2.591618895530700684e-01
2.612445354461669922e-01
2.593711912631988525e-01
2.590233385562896729e-01
2.607278823852539062e-01
2.586388885974884033e-01
2.620624601840972900e-01
2.617519199848175049e-01
2.593757510185241699e-01
2.573220431804656982e-01
2.639137506484985352e-01
2.590307295322418213e-01
2.616881132125854492e-01
2.617843151092529297e-01
2.626546323299407959e-01
2.590353786945343018e-01
2.614486515522003174e-01
2.590318322181701660e-01
2.600008845329284668e-01
2.585192322731018066e-01
2.603553235530853271e-01
2.584716081619262695e-01
2.604103386402130127e-01
2.595536112785339355e-01
2.622298896312713623e-01
2.603933215141296387e-01
2.602365314960479736e-01
2.613819241523742676e-01
2.611968815326690674e-01
2.576156854629516602e-01
2.615686058998107910e-01
2.606804966926574707e-01
2.599435746669769287e-01
2.606398761272430420e-01
2.598018050193786621e-01
2.578099071979522705e-01
2.604963183403015137e-01
2.577615082263946533e-01
2.596872150897979736e-01
2.614142000675201416e-01
2.602895796298980713e-01
2.607909739017486572e-01
2.594355642795562744e-01
2.588880956172943115e-01
2.612498402595520020e-01
2.590733170509338379e-01
2.609534859657287598e-01
2.613063454627990723e-01
2.597724795341491699e-01
2.597694993019104004e-01
2.594579160213470459e-01
2.655804753303527832e-01
2.575846910476684570e-01
2.583816945552825928e-01
2.595872282981872559e-01
2.602050304412841797e-01
2.619645297527313232e-01
2.585684061050415039e-01
2.605864107608795166e-01
2.627236247062683105e-01
2.622843086719512939e-01
2.598475217819213867e-01
2.628938555717468262e-01
2.595113813877105713e-01
2.599689066410064697e-01
2.591148912906646729e-01
2.627753615379333496e-01
2.583978772163391113e-01
2.584747374057769775e-01
2.621803283691406250e-01
2.601362466812133789e-01
2.601445913314819336e-01
2.613931596279144287e-01
2.597425580024719238e-01
2.597967088222503662e-01
2.588253021240234375e-01
2.592202126979827881e-01
2.623934149742126465e-01
2.609712481498718262e-01
2.616655826568603516e-01
2.593483626842498779e-01
2.610565125942230225e-01
2.607544660568237305e-01
2.605783343315124512e-01
2.586586773395538330e-01
2.610766887664794922e-01
2.616446018218994141e-01
2.585293054580688477e-01
2.588900029659271240e-01
2.612580955028533936e-01
2.612413167953491211e-01
2.620254755020141602e-01
2.591938972473144531e-01
2.578604817390441895e-01
2.624437510967254639e-01
2.583305239677429199e-01
2.603926360607147217e-01
2.608530819416046143e-01
2.638748586177825928e-01
2.597195506095886230e-01
2.599639296531677246e-01
2.593755424022674561e-01
2.603265643119812012e-01
2.586647570133209229e-01
2.599138915538787842e-01
2.596799433231353760e-01
2.622946500778198242e-01
2.612497806549072266e-01
2.611658275127410889e-01
2.618266046047210693e-01
2.596049308776855469e-01
2.599653303623199463e-01
2.585411965847015381e-01
2.602614760398864746e-01
2.594595551490783691e-01
2.601511478424072266e-01
2.592525482177734375e-01
2.598032951354980469e-01
2.591812014579772949e-01
2.581782042980194092e-01
2.593553960323333740e-01
2.604386806488037109e-01
2.619778215885162354e-01
2.585886716842651367e-01
2.606099843978881836e-01
2.590217888355255127e-01
2.583732008934020996e-01
2.594857811927795410e-01
2.613194882869720459e-01
2.597394585609436035e-01
2.618727087974548340e-01
2.619823813438415527e-01
2.598048448562622070e-01
2.576014697551727295e-01
2.630965113639831543e-01
2.580191791057586670e-01
2.567352950572967529e-01
2.624333500862121582e-01
2.598338723182678223e-01
2.620087862014770508e-01
2.584311664104461670e-01
2.588808536529541016e-01
2.592268884181976318e-01
2.647211253643035889e-01
2.594508826732635498e-01
2.619099020957946777e-01
2.591649293899536133e-01
2.606094181537628174e-01
2.580053210258483887e-01
2.599734067916870117e-01
2.600758671760559082e-01
2.602576017379760742e-01
2.599106431007385254e-01
2.610484361648559570e-01
2.571715116500854492e-01
2.600553631782531738e-01
2.589808404445648193e-01
2.603785395622253418e-01
2.601453661918640137e-01
2.628408074378967285e-01
2.599165439605712891e-01
2.584428787231445312e-01
2.590190768241882324e-01
2.608658671379089355e-01
2.610033154487609863e-01
2.576933801174163818e-01
2.621614336967468262e-01
2.609496414661407471e-01
2.609302103519439697e-01
2.605732977390289307e-01
2.618960440158843994e-01
2.603839337825775146e-01
2.606664896011352539e-01
2.625366747379302979e-01
2.618782520294189453e-01
2.607939541339874268e-01
2.610983550548553467e-01
2.600617706775665283e-01
2.581734955310821533e-01
2.616559565067291260e-01
2.587000727653503418e-01
2.624102234840393066e-01
2.599024772644042969e-01
2.584500610828399658e-01
2.604922354221343994e-01
2.598952353000640869e-01
2.604920864105224609e-01
2.601980566978454590e-01
2.604673206806182861e-01
2.578737735748291016e-01
2.595802247524261475e-01
2.599953413009643555e-01
2.620354890823364258e-01
2.604850530624389648e-01
2.606721222400665283e-01
2.587302327156066895e-01
2.602004110813140869e-01
2.609344422817230225e-01
2.590715289115905762e-01
2.614534199237823486e-01
2.588804662227630615e-01
2.601522803306579590e-01
2.618290185928344727e-01
2.606781125068664551e-01
2.587734460830688477e-01
2.589986026287078857e-01
2.609020769596099854e-01
2.580541670322418213e-01
2.618895769119262695e-01
2.616095244884490967e-01
2.609085440635681152e-01
2.603505849838256836e-01
2.587678134441375732e-01
2.589787244796752930e-01
2.618889212608337402e-01
2.599501907825469971e-01
2.589934468269348145e-01
2.581982612609863281e-01
2.614998221397399902e-01
2.591341435909271240e-01
2.613636255264282227e-01
2.636376917362213135e-01
2.596186697483062744e-01
2.615785598754882812e-01
2.577814757823944092e-01
2.582507431507110596e-01
2.620286047458648682e-01
2.590422928333282471e-01
2.617738544940948486e-01
2.613410949707031250e-01
2.594083547592163086e-01
2.589043676853179932e-01
2.608444690704345703e-01
2.600803375244140625e-01
2.605127394199371338e-01
2.607744038105010986e-01
2.591051459312438965e-01
2.591395080089569092e-01
2.607622444629669189e-01
2.582801282405853271e-01
2.603662908077239990e-01
2.605948746204376221e-01
2.604414224624633789e-01
2.604663372039794922e-01
2.588637471199035645e-01
2.590102553367614746e-01
2.602615356445312500e-01
2.587838470935821533e-01
2.629982233047485352e-01
2.591498196125030518e-01
2.611500918865203857e-01
2.597911655902862549e-01
2.582743763923645020e-01
2.584187090396881104e-01
2.598334848880767822e-01
2.610501646995544434e-01
2.584885954856872559e-01
2.623274326324462891e-01
2.604015767574310303e-01
2.614290714263916016e-01
2.588309347629547119e-01
2.601930201053619385e-01
2.615988552570343018e-01
2.614732086658477783e-01
2.633587419986724854e-01
2.622407078742980957e-01
2.594497501850128174e-01
2.617624998092651367e-01
2.611927688121795654e-01
2.609347105026245117e-01
2.605151832103729248e-01
2.631777524948120117e-01
2.588579952716827393e-01
2.587518990039825439e-01
2.588343322277069092e-01
2.593611776828765869e-01
2.596876919269561768e-01
2.599778175354003906e-01
2.604819536209106445e-01
2.583788335323333740e-01
2.599509656429290771e-01
2.588855028152465820e-01
2.605775296688079834e-01
2.595137953758239746e-01
2.623562514781951904e-01
2.600656151771545410e-01
2.609346807003021240e-01
2.605365812778472900e-01
2.595051229000091553e-01
2.587416470050811768e-01
2.584272325038909912e-01
2.598596215248107910e-01
2.625433802604675293e-01
2.606001198291778564e-01
2.605873644351959229e-01
2.601926922798156738e-01
2.579272091388702393e-01
2.593532502651214600e-01
2.619408965110778809e-01
2.594895064830780029e-01
2.588369250297546387e-01
2.606505751609802246e-01
2.585617303848266602e-01
2.615223526954650879e-01
2.601110041141510010e-01
2.609261572360992432e-01
2.597096562385559082e-01
2.591978907585144043e-01
2.590450644493103027e-01
2.608120739459991455e-01
2.592183351516723633e-01
2.608264684677124023e-01
2.595792710781097412e-01
2.617309689521789551e-01
2.602941691875457764e-01
2.586408853530883789e-01
2.606225907802581787e-01
2.608327567577362061e-01
2.608158886432647705e-01
2.589511275291442871e-01
2.583112120628356934e-01
2.603834867477416992e-01
2.601181566715240479e-01
2.576617300510406494e-01
2.596417069435119629e-01
2.584784328937530518e-01
2.581071555614471436e-01
2.608344852924346924e-01
2.614479064941406250e-01
2.609866261482238770e-01
2.622638344764709473e-01
2.601429224014282227e-01
2.627863585948944092e-01
2.589633166790008545e-01
2.605556249618530273e-01
2.650020122528076172e-01
2.603852748870849609e-01
2.624902427196502686e-01
2.598916292190551758e-01
2.612539529800415039e-01
2.604949772357940674e-01
2.598012387752532959e-01
2.586679458618164062e-01
2.630720734596252441e-01
2.597471177577972412e-01
2.596308887004852295e-01
2.592107951641082764e-01
2.602411210536956787e-01
2.603374123573303223e-01
2.593554258346557617e-01
2.605347633361816406e-01
2.604691386222839355e-01
2.577617764472961426e-01
2.594548761844635010e-01
2.615571916103363037e-01
2.585540413856506348e-01
2.608096599578857422e-01
2.608858644962310791e-01
2.600807547569274902e-01
2.600278556346893311e-01
2.609949707984924316e-01
2.604589760303497314e-01
2.593880295753479004e-01
2.603628039360046387e-01
2.624013721942901611e-01
2.606263458728790283e-01
2.603915631771087646e-01
2.604866027832031250e-01
2.594426870346069336e-01
2.615984380245208740e-01
2.598002254962921143e-01
2.599338293075561523e-01
2.596089541912078857e-01
2.586221992969512939e-01
2.591683566570281982e-01
2.623798847198486328e-01
2.605762183666229248e-01
2.606316804885864258e-01
2.584954202175140381e-01
2.597688734531402588e-01
2.599053382873535156e-01
2.612844407558441162e-01
2.602323293685913086e-01
2.594141662120819092e-01
2.611583471298217773e-01
2.614463865756988525e-01
2.595970928668975830e-01
2.588359415531158447e-01
2.618218064308166504e-01
2.574647068977355957e-01
2.607260644435882568e-01
2.591804265975952148e-01
2.602325081825256348e-01
2.592695057392120361e-01
2.582570016384124756e-01
2.626439332962036133e-01
2.578912079334259033e-01
2.598411142826080322e-01
2.612247169017791748e-01
2.604239284992218018e-01
2.589662373065948486e-01
2.616932392120361328e-01
2.611084282398223877e-01
2.597320377826690674e-01
2.611312270164489746e-01
2.583031952381134033e-01
2.632575929164886475e-01
2.594063878059387207e-01
2.625750303268432617e-01
2.590381801128387451e-01
2.611292898654937744e-01
2.595365345478057861e-01
2.609779238700866699e-01
2.594076097011566162e-01
2.581994831562042236e-01
2.609764635562896729e-01
2.601120173931121826e-01
2.588609457015991211e-01
2.644882500171661377e-01
2.601046860218048096e-01
2.621548473834991455e-01
2.604382336139678955e-01
2.597721219062805176e-01
2.600612938404083252e-01
2.615237236022949219e-01
2.606206536293029785e-01
2.583760619163513184e-01
2.590185999870300293e-01
2.610531747341156006e-01
2.607337534427642822e-01
2.590676546096801758e-01
2.600186467170715332e-01
2.601399421691894531e-01
2.584954500198364258e-01
2.627059519290924072e-01
2.602730989456176758e-01
2.610161900520324707e-01
2.586009204387664795e-01
2.581653594970703125e-01
2.597201466560363770e-01
2.619474828243255615e-01
2.598617374897003174e-01
2.623637318611145020e-01
2.587444782257080078e-01
2.634904384613037109e-01
2.580749094486236572e-01
2.606878578662872314e-01
2.622092068195343018e-01
2.600037753582000732e-01
2.611196637153625488e-01
2.615034282207489014e-01
2.598590254783630371e-01
2.621190845966339111e-01
2.592663168907165527e-01
2.605223953723907471e-01
2.605339586734771729e-01
2.595852315425872803e-01
2.594936192035675049e-01
2.584339678287506104e-01
2.613466382026672363e-01
2.608710825443267822e-01
2.611816525459289551e-01
2.604296505451202393e-01
2.612534463405609131e-01
2.610692083835601807e-01
2.612358927726745605e-01
2.583565711975097656e-01
2.611694335937500000e-01
2.620706558227539062e-01
2.617006301879882812e-01
2.595219910144805908e-01
2.597309052944183350e-01
2.600560486316680908e-01
2.609137892723083496e-01
2.606849074363708496e-01
2.595847249031066895e-01
2.601111829280853271e-01
2.590136229991912842e-01
2.598519623279571533e-01
2.584524750709533691e-01
2.594434022903442383e-01
2.597870230674743652e-01
2.604264318943023682e-01
2.624881863594055176e-01
2.614170610904693604e-01
2.592331171035766602e-01
2.614948451519012451e-01
2.595400512218475342e-01
2.625835835933685303e-01
2.592147588729858398e-01
2.604668438434600830e-01
2.632907032966613770e-01
2.587251663208007812e-01
2.598597705364227295e-01
2.593796849250793457e-01
2.597100436687469482e-01
2.623670399188995361e-01
2.596559822559356689e-01
2.586670219898223877e-01
2.615210413932800293e-01
2.613990902900695801e-01
2.594161033630371094e-01
2.592148184776306152e-01
2.606116235256195068e-01
2.616443932056427002e-01
2.597077488899230957e-01
2.599660158157348633e-01
2.585530281066894531e-01
2.593931853771209717e-01
2.608848214149475098e-01
2.614364624023437500e-01
2.619952857494354248e-01
2.625511288642883301e-01
2.584010064601898193e-01
2.611240446567535400e-01
2.584007084369659424e-01
2.615990042686462402e-01
2.584445178508758545e-01
2.601072788238525391e-01
2.600280940532684326e-01
2.601336836814880371e-01
2.586254179477691650e-01
2.619394063949584961e-01
2.596811652183532715e-01
2.597958445549011230e-01
2.590114176273345947e-01
2.599845826625823975e-01
2.603828012943267822e-01
2.598346471786499023e-01
2.577172517776489258e-01
2.617259621620178223e-01
2.580635845661163330e-01
2.605948746204376221e-01
2.596380114555358887e-01
2.601019740104675293e-01
2.599515020847320557e-01
2.593322694301605225e-01
2.597669064998626709e-01
2.611558437347412109e-01
2.606844007968902588e-01
2.603030800819396973e-01
2.610375285148620605e-01
2.596980631351470947e-01
2.593839168548583984e-01
2.611942291259765625e-01
2.610144913196563721e-01
2.582971155643463135e-01
2.593389451503753662e-01
2.616485655307769775e-01
2.608982026576995850e-01
2.589297592639923096e-01
2.602061331272125244e-01
2.600142359733581543e-01
2.598538100719451904e-01
2.624689936637878418e-01
2.601009309291839600e-01
2.623090744018554688e-01
2.603873312473297119e-01
2.616842687129974365e-01
2.627480328083038330e-01
2.596921622753143311e-01
2.619189620018005371e-01
2.606860101222991943e-01
2.588164806365966797e-01
2.595473229885101318e-01
2.596634924411773682e-01
2.601890265941619873e-01
2.591310143470764160e-01
2.593552768230438232e-01
2.598450481891632080e-01
2.610000073909759521e-01
2.593876719474792480e-01
2.611348628997802734e-01
2.599652707576751709e-01
2.588456273078918457e-01
2.598153948783874512e-01
2.613708674907684326e-01
2.598194181919097900e-01
2.606649696826934814e-01
2.603576183319091797e-01
2.615664601325988770e-01
2.622343301773071289e-01
2.606106698513031006e-01
2.592466175556182861e-01
2.596968412399291992e-01
2.579712569713592529e-01
2.598264813423156738e-01
2.611313164234161377e-01
2.589166462421417236e-01
2.597982585430145264e-01
2.601572573184967041e-01
2.600472569465637207e-01
2.617107629776000977e-01
2.595491707324981689e-01
2.605256438255310059e-01
2.606991529464721680e-01
2.601775527000427246e-01
2.583720982074737549e-01
2.609365284442901611e-01
2.601747810840606689e-01
2.596047520637512207e-01
2.583289146423339844e-01
2.584566473960876465e-01
2.593942582607269287e-01
2.600446343421936035e-01
2.614261507987976074e-01
2.620091438293457031e-01
2.591066360473632812e-01
2.600548863410949707e-01
2.600585222244262695e-01
2.606399655342102051e-01
2.600353956222534180e-01
2.601958811283111572e-01
2.607412934303283691e-01
2.592663168907165527e-01
2.617977857589721680e-01
2.595983743667602539e-01
2.593826055526733398e-01
2.616547644138336182e-01
2.588502764701843262e-01
2.619242668151855469e-01
2.610134184360504150e-01
2.627887129783630371e-01
2.596213817596435547e-01
2.577429115772247314e-01
2.615660429000854492e-01
2.599682211875915527e-01
2.601425349712371826e-01
2.590185403823852539e-01
2.620579004287719727e-01
2.620015144348144531e-01
2.615592479705810547e-01
2.582200169563293457e-01
2.606846988201141357e-01
2.598379850387573242e-01
2.617781460285186768e-01
2.582724094390869141e-01
2.629881501197814941e-01
2.618373930454254150e-01
2.600570023059844971e-01
2.604915499687194824e-01
2.584406733512878418e-01
2.603749036788940430e-01
2.610552310943603516e-01
2.624502480030059814e-01
2.603811919689178467e-01
2.588098347187042236e-01
2.597435712814331055e-01
2.614555358886718750e-01
2.609111368656158447e-01
2.590207159519195557e-01
2.589150667190551758e-01
2.606732845306396484e-01
2.589871883392333984e-01
2.591570615768432617e-01
2.610718309879302979e-01
2.606798410415649414e-01
2.631458044052124023e-01
2.579432129859924316e-01
2.594158649444580078e-01
2.607794404029846191e-01
2.610895931720733643e-01
2.602466344833374023e-01
2.595789432525634766e-01
2.601377367973327637e-01
2.598103880882263184e-01
2.625383436679840088e-01
2.570250928401947021e-01
2.605840861797332764e-01
2.590957880020141602e-01
2.616317868232727051e-01
2.593817114830017090e-01
2.602065205574035645e-01
2.594819962978363037e-01
2.608814835548400879e-01
2.608189582824707031e-01
2.600146532058715820e-01
2.597934603691101074e-01
2.609007060527801514e-01
2.581774890422821045e-01
2.599703967571258545e-01
2.611051499843597412e-01
2.619906365871429443e-01
2.605703175067901611e-01
2.618727385997772217e-01
2.610073387622833252e-01
2.630946338176727295e-01
2.607952654361724854e-01
2.600078880786895752e-01
2.577887475490570068e-01
2.585079967975616455e-01
2.608815133571624756e-01
2.606322467327117920e-01
2.617741227149963379e-01
2.584519684314727783e-01
2.631657719612121582e-01
2.598138153553009033e-01
2.606054544448852539e-01
2.602640688419342041e-01
2.632905244827270508e-01
2.605519592761993408e-01
2.607886493206024170e-01
2.600667476654052734e-01
2.608072161674499512e-01
2.612413763999938965e-01
2.586997449398040771e-01
2.628965079784393311e-01
2.584095299243927002e-01
2.579036951065063477e-01
2.600486278533935547e-01
2.618147134780883789e-01
2.622270882129669189e-01
2.588055133819580078e-01
2.602863609790802002e-01
2.583591938018798828e-01
2.611767053604125977e-01
2.609006464481353760e-01
2.612213790416717529e-01
2.598925530910491943e-01
2.583540678024291992e-01
2.627317607402801514e-01
2.571622729301452637e-01
2.588872611522674561e-01
2.596583068370819092e-01
2.584066092967987061e-01
2.594874501228332520e-01
2.611633241176605225e-01
2.604503035545349121e-01
2.610103189945220947e-01
2.599820196628570557e-01
2.587925493717193604e-01
2.582565248012542725e-01
2.628876864910125732e-01
2.585506439208984375e-01
2.614410221576690674e-01
2.617277503013610840e-01
2.605307996273040771e-01
2.620638012886047363e-01
2.602491080760955811e-01
2.615874111652374268e-01
2.594387829303741455e-01
2.592718303203582764e-01
2.621241211891174316e-01
2.574075162410736084e-01
2.620352804660797119e-01
2.595439255237579346e-01
2.584783136844635010e-01
2.595929801464080811e-01
2.602294981479644775e-01
2.590202391147613525e-01
2.613894939422607422e-01
2.620176076889038086e-01
2.604838311672210693e-01
2.598868608474731445e-01
2.595161199569702148e-01
2.586833536624908447e-01
2.625782191753387451e-01
2.602384984493255615e-01
2.646750509738922119e-01
2.602983415126800537e-01
2.596327662467956543e-01
2.604853212833404541e-01
2.628532648086547852e-01
2.587310671806335449e-01
2.586526870727539062e-01
2.597477138042449951e-01
2.600488960742950439e-01
2.614900469779968262e-01
2.610582411289215088e-01
2.629975080490112305e-01
2.591153085231781006e-01
2.583927810192108154e-01
2.592999637126922607e-01
2.617848217487335205e-01
2.602846920490264893e-01
2.591581940650939941e-01
2.600218057632446289e-01
2.610388994216918945e-01
2.591144442558288574e-01
2.583352327346801758e-01
2.609623968601226807e-01
2.592954933643341064e-01
2.605710923671722412e-01
2.619695961475372314e-01
2.591420114040374756e-01
2.605520486831665039e-01
2.605600059032440186e-01
2.594453394412994385e-01
2.594788372516632080e-01
2.604246139526367188e-01
2.628100216388702393e-01
2.601936459541320801e-01
2.600955963134765625e-01
2.614817023277282715e-01
2.583379745483398438e-01
2.619366943836212158e-01
2.602094113826751709e-01
2.587078511714935303e-01
2.582212090492248535e-01
2.595627307891845703e-01
2.620269954204559326e-01
2.597113549709320068e-01
2.623873949050903320e-01
2.587739229202270508e-01
2.604823112487792969e-01
2.592873275279998779e-01
2.600529789924621582e-01
2.636514008045196533e-01
2.579274475574493408e-01
2.576553821563720703e-01
2.601978480815887451e-01
2.584043443202972412e-01
2.615160942077636719e-01
2.614000439643859863e-01
2.597232758998870850e-01
2.608953416347503662e-01
2.609667479991912842e-01
2.618744373321533203e-01
2.595136761665344238e-01
2.616896033287048340e-01
2.581100165843963623e-01
2.631955742835998535e-01
2.599833905696868896e-01
2.602898478507995605e-01
2.633824944496154785e-01
2.602448761463165283e-01
2.589847445487976074e-01
2.592402994632720947e-01
2.581614553928375244e-01
2.602400481700897217e-01
2.589770257472991943e-01
2.610690891742706299e-01
2.627911865711212158e-01
2.599584758281707764e-01
2.595684230327606201e-01
2.615704238414764404e-01
2.623794674873352051e-01
2.597223222255706787e-01
2.601629197597503662e-01
2.594789564609527588e-01
2.591575384140014648e-01
2.617332041263580322e-01
2.587739527225494385e-01
2.623171210289001465e-01
2.601924836635589600e-01
2.600287795066833496e-01
2.603136003017425537e-01
2.616996467113494873e-01
2.612501382827758789e-01
2.610104382038116455e-01
2.609464824199676514e-01
2.611496150493621826e-01
2.594752907752990723e-01
2.603462338447570801e-01
2.585471868515014648e-01
2.587261497974395752e-01
2.613774538040161133e-01
2.590923905372619629e-01
2.613177299499511719e-01
2.590083777904510498e-01
2.588238418102264404e-01
2.616450786590576172e-01
2.601087689399719238e-01
2.612871527671813965e-01
2.602275013923645020e-01
2.590623497962951660e-01
2.598173916339874268e-01
2.598427236080169678e-01
2.603856623172760010e-01
2.612613737583160400e-01
2.595694661140441895e-01
2.608740329742431641e-01
2.608556449413299561e-01
2.591252326965332031e-01
2.629505991935729980e-01
2.601467967033386230e-01
2.601660788059234619e-01
2.600651085376739502e-01
2.589461803436279297e-01
2.607309818267822266e-01
2.630563378334045410e-01
2.608345746994018555e-01
2.587869763374328613e-01
2.641568183898925781e-01
2.596028447151184082e-01
2.612007260322570801e-01
2.591645419597625732e-01
2.584908306598663330e-01
2.586202919483184814e-01
2.623815536499023438e-01
2.596076130867004395e-01
2.621586322784423828e-01
2.600566148757934570e-01
2.603975236415863037e-01
2.584010064601898193e-01
2.638359367847442627e-01
2.599484920501708984e-01
2.626869082450866699e-01
2.606865763664245605e-01
2.616294026374816895e-01
2.597143352031707764e-01
2.589847147464752197e-01
2.597955465316772461e-01
2.621731162071228027e-01
2.612436711788177490e-01
2.599271237850189209e-01
2.602751255035400391e-01
2.615337073802947998e-01
2.588209211826324463e-01
2.589690983295440674e-01
2.597301900386810303e-01
2.619548738002777100e-01
2.600911855697631836e-01
2.611674070358276367e-01
2.608700096607208252e-01
2.584388852119445801e-01
2.604925036430358887e-01
2.609243690967559814e-01
2.602719366550445557e-01
2.590221762657165527e-01
2.607521116733551025e-01
2.592386007308959961e-01
2.605015337467193604e-01
2.605604529380798340e-01
2.619499266147613525e-01
2.596222162246704102e-01
2.620311975479125977e-01
2.606305778026580811e-01
2.608641088008880615e-01
2.610992491245269775e-01
2.582338452339172363e-01
2.593989670276641846e-01
2.623519301414489746e-01
2.588344812393188477e-01
2.582789957523345947e-01
2.602216601371765137e-01
2.577594518661499023e-01
2.614907324314117432e-01
2.603128254413604736e-01
2.588777542114257812e-01
2.605584561824798584e-01
2.611243724822998047e-01
2.623188495635986328e-01
2.600502669811248779e-01
2.592159509658813477e-01
2.605650722980499268e-01
2.605531811714172363e-01
2.579024732112884521e-01
2.625749409198760986e-01
2.592940032482147217e-01
2.592178881168365479e-01
2.606742978096008301e-01
2.600799798965454102e-01
2.602062523365020752e-01
2.599746286869049072e-01
2.665128409862518311e-01
2.602231800556182861e-01
2.572458088397979736e-01
2.608003914356231689e-01
2.611619830131530762e-01
2.630877196788787842e-01
2.601489126682281494e-01
2.593009173870086670e-01
2.604389488697052002e-01
2.598195075988769531e-01
2.620092034339904785e-01
2.603013813495635986e-01
2.591334283351898193e-01
2.590397298336029053e-01
2.586466968059539795e-01
2.614828348159790039e-01
2.622137367725372314e-01
2.597091495990753174e-01
2.611593008041381836e-01
2.584746778011322021e-01
2.606736719608306885e-01
2.581233978271484375e-01
2.612840533256530762e-01
2.604615986347198486e-01
2.593496441841125488e-01
2.595759928226470947e-01
2.601664066314697266e-01
2.589938342571258545e-01
2.602392137050628662e-01
2.607139348983764648e-01
2.618515193462371826e-01
2.612466514110565186e-01
2.592391371726989746e-01
2.614598274230957031e-01
2.615401744842529297e-01
2.620286941528320312e-01
2.591033577919006348e-01
2.607258260250091553e-01
2.575215697288513184e-01
2.598633170127868652e-01
2.611580193042755127e-01
2.613935470581054688e-01
2.598954439163208008e-01
2.593625783920288086e-01
2.618813812732696533e-01
2.603809237480163574e-01
2.623450756072998047e-01
2.612286210060119629e-01
2.615525126457214355e-01
2.600938379764556885e-01
2.592337429523468018e-01
2.606683671474456787e-01
2.624856233596801758e-01
2.602899372577667236e-01
2.614061236381530762e-01
2.604601085186004639e-01
2.602559626102447510e-01
2.626991271972656250e-01
2.586616277694702148e-01
2.603015303611755371e-01
2.613648772239685059e-01
2.578361332416534424e-01
2.607230246067047119e-01
2.608697414398193359e-01
2.603344321250915527e-01
2.584916055202484131e-01
2.596369981765747070e-01
2.602749466896057129e-01
2.592641413211822510e-01
2.605447173118591309e-01
2.605702579021453857e-01
2.603873908519744873e-01
2.599492371082305908e-01
2.588735222816467285e-01
2.584297060966491699e-01
2.596353590488433838e-01
2.606360316276550293e-01
2.605775594711303711e-01
2.601315677165985107e-01
2.624370455741882324e-01
2.603789865970611572e-01
2.596517205238342285e-01
2.599911987781524658e-01
2.614728510379791260e-01
2.594597041606903076e-01
2.596465051174163818e-01
2.613214254379272461e-01
2.614437043666839600e-01
2.595187723636627197e-01
2.632842659950256348e-01
2.577479183673858643e-01
2.614696919918060303e-01
2.586925923824310303e-01
2.618886828422546387e-01
2.608910799026489258e-01
2.587742209434509277e-01
2.601246833801269531e-01
2.597173452377319336e-01
2.581578493118286133e-01
2.598086297512054443e-01
2.619815170764923096e-01
2.593907117843627930e-01
2.600778043270111084e-01
2.614434957504272461e-01
2.623539865016937256e-01
2.600724697113037109e-01
2.587077021598815918e-01
2.590347230434417725e-01
2.577411830425262451e-01
2.593708336353302002e-01
2.577692866325378418e-01
2.600740492343902588e-01
2.626599371433258057e-01
2.621930539608001709e-01
2.602179646492004395e-01
2.621051073074340820e-01
2.611013352870941162e-01
2.592229545116424561e-01
2.632508575916290283e-01
2.602361142635345459e-01
2.621265351772308350e-01
2.611257135868072510e-01
2.586696445941925049e-01
2.596552073955535889e-01
2.588076889514923096e-01
2.598432302474975586e-01
2.600348293781280518e-01
2.602299749851226807e-01
2.590513825416564941e-01
2.626277804374694824e-01
2.591444253921508789e-01
2.613307535648345947e-01
2.604394853115081787e-01
2.632824480533599854e-01
2.606833875179290771e-01
2.599589824676513672e-01
2.582916319370269775e-01
2.615978717803955078e-01
2.594381570816040039e-01
2.590472400188446045e-01
2.617133855819702148e-01
2.599123716354370117e-01
2.590212523937225342e-01
2.591135799884796143e-01
2.600663006305694580e-01
2.597970962524414062e-01
2.591805160045623779e-01
2.602758109569549561e-01
2.573696076869964600e-01
2.588478326797485352e-01
2.606311738491058350e-01
2.609854340553283691e-01
2.595792114734649658e-01
2.601652145385742188e-01
2.581407725811004639e-01
2.632956802845001221e-01
2.570160925388336182e-01
2.614195942878723145e-01
2.598666846752166748e-01
2.611920833587646484e-01
2.604058384895324707e-01
2.601361870765686035e-01
2.588597834110260010e-01
2.613856494426727295e-01
2.587171494960784912e-01
2.601925134658813477e-01
2.593093514442443848e-01
2.601617872714996338e-01
2.601155340671539307e-01
2.623147666454315186e-01
2.605489790439605713e-01
2.595883607864379883e-01
2.591893970966339111e-01
2.606491446495056152e-01
2.587932050228118896e-01
2.613562643527984619e-01
2.594017982482910156e-01
2.601467072963714600e-01
2.617106437683105469e-01
2.583268284797668457e-01
2.617042660713195801e-01
2.601463794708251953e-01
2.609328031539916992e-01
2.578465640544891357e-01
2.600075006484985352e-01
2.594527304172515869e-01
2.620947659015655518e-01
2.629012167453765869e-01
2.615749239921569824e-01
2.584992945194244385e-01
2.590010464191436768e-01
2.609573900699615479e-01
2.590742707252502441e-01
2.621623277664184570e-01
2.610769271850585938e-01
2.607912421226501465e-01
2.601995170116424561e-01
2.598420381546020508e-01
2.615081071853637695e-01
2.610835134983062744e-01
2.583736777305603027e-01
2.598558962345123291e-01
2.602725028991699219e-01
2.592312395572662354e-01
2.603456079959869385e-01
2.621893584728240967e-01
2.613695561885833740e-01
2.598789334297180176e-01
2.606984972953796387e-01
2.633288502693176270e-01
2.588662803173065186e-01
2.591141760349273682e-01
2.594597637653350830e-01
2.612758576869964600e-01
2.603493332862854004e-01
2.607184648513793945e-01
2.597993910312652588e-01
2.584669589996337891e-01
2.583443224430084229e-01
2.631266713142395020e-01
2.606057822704315186e-01
2.585384845733642578e-01
2.578788101673126221e-01
2.617428004741668701e-01
2.583963572978973389e-01
2.592350244522094727e-01
2.596231400966644287e-01
2.610262930393218994e-01
2.588986158370971680e-01
2.606179714202880859e-01
2.597590684890747070e-01
2.619771659374237061e-01
2.578509151935577393e-01
2.598908841609954834e-01
2.602765858173370361e-01
2.612414956092834473e-01
2.616454958915710449e-01
2.586002945899963379e-01
2.607204318046569824e-01
2.617571353912353516e-01
2.596419453620910645e-01
2.621912360191345215e-01
2.592776417732238770e-01
2.596123814582824707e-01
2.597177028656005859e-01
2.608949542045593262e-01
2.605301141738891602e-01
2.611854374408721924e-01
2.600402832031250000e-01
2.588086426258087158e-01
2.594487965106964111e-01
2.592537999153137207e-01
2.629728317260742188e-01
2.611371874809265137e-01
2.620802521705627441e-01
2.625598311424255371e-01
2.588760256767272949e-01
2.593480348587036133e-01
2.593612670898437500e-01
2.602202296257019043e-01
2.599082291126251221e-01
2.592701613903045654e-01
2.569305896759033203e-01
2.584770917892456055e-01
2.607733905315399170e-01
2.589064836502075195e-01
2.631250023841857910e-01
2.615948319435119629e-01
2.605818510055541992e-01
2.604953348636627197e-01
2.603017091751098633e-01
2.600612938404083252e-01
2.602251768112182617e-01
2.618566155433654785e-01
2.595327198505401611e-01
2.583067119121551514e-01
2.606839239597320557e-01
2.608971297740936279e-01
2.592558264732360840e-01
2.607138752937316895e-01
2.611692845821380615e-01
2.610813975334167480e-01
2.619066834449768066e-01
2.598936855792999268e-01
2.613333165645599365e-01
2.601852715015411377e-01
2.614035606384277344e-01
2.629073858261108398e-01
2.595706582069396973e-01
2.605193257331848145e-01
2.605973780155181885e-01
2.610933780670166016e-01
2.590831220149993896e-01
2.610891461372375488e-01
2.591039240360260010e-01
2.600536644458770752e-01
2.609480321407318115e-01
2.594974637031555176e-01
2.589249908924102783e-01
2.599140107631683350e-01
2.593525648117065430e-01
2.630174756050109863e-01
2.580814063549041748e-01
2.577710449695587158e-01
2.623856663703918457e-01
2.586031556129455566e-01
2.603375911712646484e-01
2.581195235252380371e-01
2.601110041141510010e-01
2.611730992794036865e-01
2.596161663532257080e-01
2.615131735801696777e-01
2.596424818038940430e-01
2.589683532714843750e-01
2.614161372184753418e-01
2.581999897956848145e-01
2.611793577671051025e-01
2.636260986328125000e-01
2.589824199676513672e-01
2.597797513008117676e-01
2.601730525493621826e-01
2.620947062969207764e-01
2.605868577957153320e-01
2.595409750938415527e-01
2.599627673625946045e-01
2.606042921543121338e-01
2.589246630668640137e-01
2.601678967475891113e-01
2.590302526950836182e-01
2.616942226886749268e-01
2.596772909164428711e-01
2.601901590824127197e-01
2.610321938991546631e-01
2.599674761295318604e-01
2.580957412719726562e-01
2.603690028190612793e-01
2.592156529426574707e-01
2.626177072525024414e-01
2.595585584640502930e-01
2.604922354221343994e-01
2.595903277397155762e-01
2.595602869987487793e-01
2.585083246231079102e-01
2.601777911186218262e-01
2.600743174552917480e-01
2.608764469623565674e-01
2.596401274204254150e-01
2.608584761619567871e-01
2.580890655517578125e-01
2.593405842781066895e-01
2.620877921581268311e-01
2.615471780300140381e-01
2.603752315044403076e-01
2.592295110225677490e-01
2.607704699039459229e-01
2.588837444782257080e-01
2.586863636970520020e-01
2.590231299400329590e-01
2.600631713867187500e-01
2.609912753105163574e-01
2.601301670074462891e-01
2.595429718494415283e-01
2.609243094921112061e-01
2.589017152786254883e-01
2.585715353488922119e-01
2.602058649063110352e-01
2.597142755985260010e-01
2.603008747100830078e-01
2.602443695068359375e-01
2.617428302764892578e-01
2.586270570755004883e-01
2.589979767799377441e-01
2.582721710205078125e-01
2.598782479763031006e-01
2.588337659835815430e-01
2.590624392032623291e-01
2.614845037460327148e-01
2.602193951606750488e-01
2.602837979793548584e-01
2.605007588863372803e-01
2.593941092491149902e-01
2.604823410511016846e-01
2.612236738204956055e-01
2.596723735332489014e-01
2.612448334693908691e-01
2.597610652446746826e-01
2.607713043689727783e-01
2.609747946262359619e-01
2.616531848907470703e-01
2.606438696384429932e-01
2.619584798812866211e-01
2.598676085472106934e-01
2.601149082183837891e-01
2.591940760612487793e-01
2.609264254570007324e-01
2.614441215991973877e-01
2.607659399509429932e-01
2.597825825214385986e-01
2.578213810920715332e-01
2.635911703109741211e-01
2.604224979877471924e-01
2.606141269207000732e-01
2.620425522327423096e-01
2.616111934185028076e-01
2.635439932346343994e-01
2.588698267936706543e-01
2.620528340339660645e-01
2.593862712383270264e-01
2.609856128692626953e-01
2.613402605056762695e-01
2.591282725334167480e-01
2.654283344745635986e-01
2.601517140865325928e-01
2.597114145755767822e-01
2.615004777908325195e-01
2.613337934017181396e-01
2.608500719070434570e-01
2.597784101963043213e-01
2.598292231559753418e-01
2.617797255516052246e-01
2.599418163299560547e-01
2.633863389492034912e-01
2.602082490921020508e-01
2.583675384521484375e-01
2.594203948974609375e-01
2.605773508548736572e-01
2.616164088249206543e-01
2.627265751361846924e-01
2.625066339969635010e-01
2.612882256507873535e-01
2.602254450321197510e-01
2.620444297790527344e-01
2.596142590045928955e-01
2.594276070594787598e-01
2.597606182098388672e-01
2.594007551670074463e-01
2.600849270820617676e-01
2.586627006530761719e-01
2.610861659049987793e-01
2.618046402931213379e-01
2.612504959106445312e-01
2.607845366001129150e-01
2.619269192218780518e-01
2.618068754673004150e-01
2.598128318786621094e-01
2.614454329013824463e-01
2.605274319648742676e-01
2.619686424732208252e-01
2.596358954906463623e-01
2.601535022258758545e-01
2.582752704620361328e-01
2.589098811149597168e-01
2.600541710853576660e-01
2.607811093330383301e-01
2.607801556587219238e-01
2.597595751285552979e-01
2.602174282073974609e-01
2.582799196243286133e-01
2.629921734333038330e-01
2.580670118331909180e-01
2.604495584964752197e-01
2.600508630275726318e-01
2.573252320289611816e-01
2.623809278011322021e-01
2.587968409061431885e-01
2.600943744182586670e-01
2.605714201927185059e-01
2.611909508705139160e-01
2.623418271541595459e-01
2.599516212940216064e-01
2.611824274063110352e-01
2.584690451622009277e-01
2.588278949260711670e-01
2.602778077125549316e-01
2.587186396121978760e-01
2.605032920837402344e-01
2.605980336666107178e-01
2.625328600406646729e-01
2.586627006530761719e-01
2.580148875713348389e-01
2.595047354698181152e-01
2.603342533111572266e-01
2.585532665252685547e-01
2.595361471176147461e-01
2.607364058494567871e-01
2.606767416000366211e-01
2.596533894538879395e-01
2.589086592197418213e-01
2.615354657173156738e-01
2.600862085819244385e-01
2.599892616271972656e-01
2.613592147827148438e-01
2.612340450286865234e-01
2.593839168548583984e-01
2.619908452033996582e-01
2.608412206172943115e-01
2.589323818683624268e-01
2.598944604396820068e-01
2.607812583446502686e-01
2.586029767990112305e-01
2.608890831470489502e-01
2.604230046272277832e-01
2.573821842670440674e-01
2.602165043354034424e-01
2.582928240299224854e-01
2.601992189884185791e-01
2.639991939067840576e-01
2.603212594985961914e-01
2.597224414348602295e-01
2.607113122940063477e-01
2.609409093856811523e-01
2.600457966327667236e-01
2.608301341533660889e-01
2.602794766426086426e-01
2.597682178020477295e-01
2.597855925559997559e-01
2.609269320964813232e-01
2.605240345001220703e-01
2.607833743095397949e-01
2.607482373714447021e-01
2.589796483516693115e-01
2.614415287971496582e-01
2.615544497966766357e-01
2.604836225509643555e-01
2.583211660385131836e-01
2.626810371875762939e-01
2.582851946353912354e-01
2.595155835151672363e-01
2.585086524486541748e-01
2.600087523460388184e-01
2.584545314311981201e-01
2.615668773651123047e-01
2.598310410976409912e-01
2.608016431331634521e-01
2.610202431678771973e-01
2.588086426258087158e-01
2.600091695785522461e-01
2.600218653678894043e-01
2.609196007251739502e-01
2.612257599830627441e-01
2.608015239238739014e-01
2.590316534042358398e-01
2.605566978454589844e-01
2.598120570182800293e-01
2.625671029090881348e-01
2.605490982532501221e-01
2.590541243553161621e-01
2.598570585250854492e-01
2.607030570507049561e-01
2.588390111923217773e-01
2.588649392127990723e-01
2.601871490478515625e-01
2.591570615768432617e-01
2.620033323764801025e-01
2.608825266361236572e-01
2.616584300994873047e-01
2.598518431186676025e-01
2.583911120891571045e-01
2.604939639568328857e-01
2.595577239990234375e-01
2.592998743057250977e-01
2.606442570686340332e-01
2.589167058467864990e-01
2.609176337718963623e-01
2.592867910861968994e-01
2.584744691848754883e-01
2.612269520759582520e-01
2.596877217292785645e-01
2.593235075473785400e-01
2.618830204010009766e-01
