2.039080429077148438e+01
2.036684989929199219e+01
2.027256393432617188e+01
2.031213760375976562e+01
2.030875587463378906e+01
2.027661514282226562e+01
2.036111450195312500e+01
2.035007476806640625e+01
2.035107994079589844e+01
2.032323646545410156e+01
2.034841537475585938e+01
2.031199073791503906e+01
2.035448837280273438e+01
2.035142326354980469e+01
2.032699012756347656e+01
2.033426666259765625e+01
2.028867340087890625e+01
2.032448768615722656e+01
2.031410217285156250e+01
2.032545089721679688e+01
2.034235191345214844e+01
2.032880592346191406e+01
2.030985641479492188e+01
2.032169723510742188e+01
2.035871696472167969e+01
2.036992263793945312e+01
2.032768058776855469e+01
2.031283187866210938e+01
2.030842208862304688e+01
2.031259155273437500e+01
2.030302810668945312e+01
2.034897041320800781e+01
2.034379577636718750e+01
2.035018348693847656e+01
2.033340072631835938e+01
2.030300140380859375e+01
2.032415771484375000e+01
2.029359245300292969e+01
2.036678695678710938e+01
2.031302452087402344e+01
2.038916015625000000e+01
2.035698127746582031e+01
2.030320549011230469e+01
2.033584022521972656e+01
2.033178329467773438e+01
2.035024261474609375e+01
2.035218811035156250e+01
2.032902526855468750e+01
2.030450248718261719e+01
2.031483650207519531e+01
2.033189773559570312e+01
2.032792472839355469e+01
2.030500411987304688e+01
2.031443023681640625e+01
2.031909561157226562e+01
2.034696006774902344e+01
2.036236953735351562e+01
2.034896469116210938e+01
2.033176422119140625e+01
2.031945228576660156e+01
2.028905677795410156e+01
2.037421989440917969e+01
2.032546806335449219e+01
2.035564804077148438e+01
2.033122825622558594e+01
2.032228279113769531e+01
2.031941604614257812e+01
2.030526733398437500e+01
2.031479454040527344e+01
2.034294319152832031e+01
2.030747413635253906e+01
2.033171653747558594e+01
2.033390235900878906e+01
2.035139656066894531e+01
2.032693099975585938e+01
2.035692214965820312e+01
2.038747215270996094e+01
2.034451293945312500e+01
2.035517120361328125e+01
2.035666656494140625e+01
2.031456375122070312e+01
2.032816696166992188e+01
2.028368377685546875e+01
2.030893516540527344e+01
2.033353614807128906e+01
2.036513519287109375e+01
2.032913208007812500e+01
2.030190086364746094e+01
2.031493377685546875e+01
2.034436225891113281e+01
2.029578971862792969e+01
2.033866119384765625e+01
2.033739089965820312e+01
2.032578659057617188e+01
2.032271003723144531e+01
2.029432868957519531e+01
2.032636260986328125e+01
2.029954338073730469e+01
2.032809638977050781e+01
2.034543037414550781e+01
2.033072853088378906e+01
2.036644554138183594e+01
2.032855224609375000e+01
2.039278602600097656e+01
2.037304687500000000e+01
2.034696388244628906e+01
2.034923934936523438e+01
2.027313995361328125e+01
2.030030822753906250e+01
2.031344032287597656e+01
2.038292121887207031e+01
2.035170173645019531e+01
2.032518196105957031e+01
2.032683753967285156e+01
2.034794616699218750e+01
2.037537765502929688e+01
2.031514549255371094e+01
2.034652709960937500e+01
2.034697341918945312e+01
2.035322189331054688e+01
2.035227203369140625e+01
2.035898208618164062e+01
2.033243560791015625e+01
2.032575416564941406e+01
2.030960083007812500e+01
2.034734344482421875e+01
2.034913253784179688e+01
2.034001922607421875e+01
2.034395217895507812e+01
2.032805442810058594e+01
2.036786651611328125e+01
2.032326889038085938e+01
2.032320785522460938e+01
2.028785133361816406e+01
2.032235908508300781e+01
2.030690765380859375e+01
2.032533073425292969e+01
2.035321044921875000e+01
2.039479064941406250e+01
2.035225868225097656e+01
2.031524467468261719e+01
2.030526924133300781e+01
2.030498504638671875e+01
2.036803054809570312e+01
2.034119033813476562e+01
2.033805274963378906e+01
2.034539604187011719e+01
2.033305168151855469e+01
2.034765052795410156e+01
2.031849288940429688e+01
2.034731864929199219e+01
2.034217262268066406e+01
2.034213256835937500e+01
2.028968238830566406e+01
2.032791328430175781e+01
2.031197738647460938e+01
2.033014297485351562e+01
2.035703849792480469e+01
2.033177566528320312e+01
2.032415580749511719e+01
2.031003379821777344e+01
2.034825134277343750e+01
2.030304145812988281e+01
2.035243225097656250e+01
2.029935646057128906e+01
2.037365150451660156e+01
2.036415672302246094e+01
2.030808830261230469e+01
2.032754135131835938e+01
2.036654663085937500e+01
2.034997177124023438e+01
2.037480926513671875e+01
2.035279464721679688e+01
2.034936714172363281e+01
2.037332725524902344e+01
2.031026649475097656e+01
2.032536506652832031e+01
2.034040069580078125e+01
2.030354690551757812e+01
2.034700584411621094e+01
2.033622360229492188e+01
2.027667236328125000e+01
2.037265205383300781e+01
2.041224098205566406e+01
2.031741523742675781e+01
2.031503105163574219e+01
2.037723541259765625e+01
2.032770156860351562e+01
2.029431533813476562e+01
2.031178092956542969e+01
2.035313034057617188e+01
2.033519363403320312e+01
2.039678192138671875e+01
2.032709312438964844e+01
2.031225967407226562e+01
2.031656646728515625e+01
2.029950141906738281e+01
2.034608840942382812e+01
2.031956863403320312e+01
2.035964012145996094e+01
2.035071182250976562e+01
2.035640716552734375e+01
2.033645820617675781e+01
2.035625267028808594e+01
2.032449531555175781e+01
2.030742073059082031e+01
2.033925628662109375e+01
2.027849960327148438e+01
2.034823226928710938e+01
2.034020233154296875e+01
2.033644866943359375e+01
2.036884117126464844e+01
2.035598182678222656e+01
2.033438682556152344e+01
2.034065818786621094e+01
2.033227729797363281e+01
2.032986068725585938e+01
2.032120323181152344e+01
2.035260963439941406e+01
2.034340476989746094e+01
2.030799293518066406e+01
2.031853103637695312e+01
2.037562942504882812e+01
2.030668830871582031e+01
2.036693954467773438e+01
2.030973625183105469e+01
2.031536102294921875e+01
2.031993484497070312e+01
2.033164787292480469e+01
2.037263870239257812e+01
2.035992050170898438e+01
2.034959602355957031e+01
2.036315536499023438e+01
2.030421638488769531e+01
2.030661010742187500e+01
2.038136482238769531e+01
2.036751365661621094e+01
2.028063392639160156e+01
2.040534591674804688e+01
2.029470634460449219e+01
2.033500862121582031e+01
2.031156349182128906e+01
2.033487892150878906e+01
2.032551956176757812e+01
2.032154464721679688e+01
2.031399154663085938e+01
2.031691932678222656e+01
2.035590553283691406e+01
2.031999778747558594e+01
2.034244918823242188e+01
2.034269905090332031e+01
2.032184982299804688e+01
2.036619377136230469e+01
2.033939933776855469e+01
2.031970787048339844e+01
2.028053092956542969e+01
2.035822868347167969e+01
2.034998321533203125e+01
2.032687568664550781e+01
2.033097839355468750e+01
2.037776184082031250e+01
2.034403228759765625e+01
2.035819816589355469e+01
2.034670829772949219e+01
2.032433509826660156e+01
2.033625221252441406e+01
2.037526321411132812e+01
2.032112884521484375e+01
2.034998893737792969e+01
2.034908103942871094e+01
2.034389686584472656e+01
2.032230377197265625e+01
2.029925155639648438e+01
2.031781387329101562e+01
2.033408546447753906e+01
2.040777015686035156e+01
2.038469886779785156e+01
2.032157707214355469e+01
2.034656715393066406e+01
2.030457305908203125e+01
2.028960418701171875e+01
2.030667686462402344e+01
2.036402702331542969e+01
2.035623359680175781e+01
2.033554458618164062e+01
2.029333686828613281e+01
2.034244155883789062e+01
2.041209411621093750e+01
2.036924171447753906e+01
2.034515571594238281e+01
2.034917640686035156e+01
2.036965179443359375e+01
2.035408210754394531e+01
2.033316802978515625e+01
2.030729103088378906e+01
2.032352638244628906e+01
2.036324310302734375e+01
2.038570594787597656e+01
2.033923530578613281e+01
2.030915069580078125e+01
2.032773590087890625e+01
2.038172340393066406e+01
2.033069610595703125e+01
2.033644866943359375e+01
2.029809379577636719e+01
2.032186317443847656e+01
2.032775878906250000e+01
2.031725120544433594e+01
2.029237747192382812e+01
2.030740928649902344e+01
2.031141471862792969e+01
2.032113838195800781e+01
2.041722106933593750e+01
2.035856819152832031e+01
2.034084701538085938e+01
2.035066032409667969e+01
2.030666351318359375e+01
2.037453079223632812e+01
2.034953498840332031e+01
2.035570335388183594e+01
2.032408332824707031e+01
2.034418678283691406e+01
2.031996917724609375e+01
2.036732101440429688e+01
2.039912033081054688e+01
2.028610038757324219e+01
2.030738258361816406e+01
2.031214332580566406e+01
2.031882858276367188e+01
2.032128906250000000e+01
2.030585479736328125e+01
2.034601593017578125e+01
2.035742568969726562e+01
2.038429832458496094e+01
2.028666877746582031e+01
2.030727005004882812e+01
2.034219169616699219e+01
2.036402320861816406e+01
2.031396865844726562e+01
2.037415695190429688e+01
2.032060623168945312e+01
2.031766891479492188e+01
2.038194084167480469e+01
2.037478065490722656e+01
2.036207008361816406e+01
2.033628654479980469e+01
2.034516334533691406e+01
2.032032585144042969e+01
2.034753990173339844e+01
2.042664527893066406e+01
2.031878662109375000e+01
2.031452178955078125e+01
2.031546592712402344e+01
2.032558059692382812e+01
2.031881713867187500e+01
2.031244277954101562e+01
2.031790542602539062e+01
2.030454254150390625e+01
2.030158996582031250e+01
2.032114410400390625e+01
2.029057121276855469e+01
2.035707092285156250e+01
2.036442184448242188e+01
2.032731056213378906e+01
2.030213928222656250e+01
2.032298851013183594e+01
2.035778617858886719e+01
2.036000061035156250e+01
2.029173660278320312e+01
2.029684448242187500e+01
2.030653572082519531e+01
2.036923980712890625e+01
2.031926345825195312e+01
2.034653091430664062e+01
2.034596061706542969e+01
2.031781387329101562e+01
2.033514022827148438e+01
2.032090377807617188e+01
2.032188987731933594e+01
2.029316329956054688e+01
2.029166221618652344e+01
2.033117485046386719e+01
2.029504203796386719e+01
2.031624603271484375e+01
2.031361770629882812e+01
2.033435821533203125e+01
2.033871459960937500e+01
2.032627677917480469e+01
2.032705307006835938e+01
2.033101844787597656e+01
2.036416435241699219e+01
2.035172271728515625e+01
2.034904861450195312e+01
2.033300399780273438e+01
2.039325141906738281e+01
2.036570358276367188e+01
2.032115745544433594e+01
2.033745384216308594e+01
2.034615325927734375e+01
2.032003211975097656e+01
2.037931251525878906e+01
2.032123184204101562e+01
2.031623649597167969e+01
2.030992317199707031e+01
2.032599639892578125e+01
2.034675407409667969e+01
2.032791137695312500e+01
2.031711959838867188e+01
2.036850547790527344e+01
2.036235237121582031e+01
2.035889625549316406e+01
2.035675048828125000e+01
2.038778114318847656e+01
2.036458587646484375e+01
2.030897712707519531e+01
2.036638259887695312e+01
2.034058570861816406e+01
2.035567855834960938e+01
2.035070228576660156e+01
2.032301521301269531e+01
2.030114173889160156e+01
2.026854133605957031e+01
2.032980346679687500e+01
2.034944915771484375e+01
2.038046646118164062e+01
2.033172607421875000e+01
2.032556533813476562e+01
2.033069229125976562e+01
2.031558990478515625e+01
2.033576011657714844e+01
2.031375694274902344e+01
2.031280136108398438e+01
2.033806037902832031e+01
2.029832649230957031e+01
2.031445693969726562e+01
2.035236740112304688e+01
2.037299919128417969e+01
2.029278564453125000e+01
2.033838653564453125e+01
2.032468986511230469e+01
2.035451698303222656e+01
2.033919334411621094e+01
2.033637237548828125e+01
2.035980415344238281e+01
2.034673690795898438e+01
2.039200592041015625e+01
2.030539512634277344e+01
2.033939743041992188e+01
2.032533645629882812e+01
2.036646270751953125e+01
2.030646896362304688e+01
2.030997467041015625e+01
2.031292915344238281e+01
2.035301017761230469e+01
2.029407310485839844e+01
2.036037254333496094e+01
2.029479789733886719e+01
2.032734298706054688e+01
2.041101646423339844e+01
2.035076141357421875e+01
2.031269454956054688e+01
2.031711387634277344e+01
2.030663299560546875e+01
2.031689453125000000e+01
2.039693832397460938e+01
2.037894248962402344e+01
2.034120178222656250e+01
2.033184623718261719e+01
2.033184623718261719e+01
2.030917549133300781e+01
2.033520698547363281e+01
2.035372734069824219e+01
2.028129959106445312e+01
2.029629707336425781e+01
2.032881164550781250e+01
2.030522537231445312e+01
2.033053588867187500e+01
2.033370971679687500e+01
2.028218841552734375e+01
2.033543968200683594e+01
2.038004875183105469e+01
2.031952095031738281e+01
2.037140846252441406e+01
2.044993209838867188e+01
2.034653091430664062e+01
2.030208969116210938e+01
2.035910415649414062e+01
2.034394073486328125e+01
2.029130554199218750e+01
2.031624984741210938e+01
2.033119010925292969e+01
2.032913017272949219e+01
2.032666587829589844e+01
2.035666656494140625e+01
2.033154106140136719e+01
2.030151557922363281e+01
2.036398506164550781e+01
2.032647514343261719e+01
2.034947586059570312e+01
2.034836196899414062e+01
2.030846405029296875e+01
2.032173156738281250e+01
2.031554412841796875e+01
2.033999633789062500e+01
2.031987953186035156e+01
2.033135223388671875e+01
2.036952590942382812e+01
2.031705856323242188e+01
2.036493682861328125e+01
2.032432746887207031e+01
2.028364181518554688e+01
2.038400840759277344e+01
2.033850288391113281e+01
2.040721321105957031e+01
2.029956626892089844e+01
2.027809715270996094e+01
2.035623741149902344e+01
2.034626197814941406e+01
2.034077072143554688e+01
2.033183670043945312e+01
2.027011489868164062e+01
2.034067535400390625e+01
2.034213638305664062e+01
2.037251281738281250e+01
2.031830406188964844e+01
2.037649536132812500e+01
2.030429458618164062e+01
2.037572097778320312e+01
2.035140991210937500e+01
2.031479454040527344e+01
2.026714324951171875e+01
2.031180000305175781e+01
2.033465766906738281e+01
2.034405708312988281e+01
2.033772659301757812e+01
2.033798217773437500e+01
2.032414817810058594e+01
2.036030387878417969e+01
2.032997322082519531e+01
2.039242744445800781e+01
2.034862899780273438e+01
2.030023384094238281e+01
2.031103897094726562e+01
2.036357116699218750e+01
2.032652282714843750e+01
2.031289291381835938e+01
2.032468414306640625e+01
2.032001304626464844e+01
2.032737541198730469e+01
2.033837699890136719e+01
2.035118675231933594e+01
2.032368087768554688e+01
2.037137603759765625e+01
2.034422683715820312e+01
2.035219573974609375e+01
2.035302734375000000e+01
2.034329986572265625e+01
2.028022003173828125e+01
2.032884407043457031e+01
2.029959487915039062e+01
2.032155036926269531e+01
2.032336044311523438e+01
2.036379814147949219e+01
2.032818984985351562e+01
2.032716369628906250e+01
2.036985588073730469e+01
2.031064224243164062e+01
2.033037948608398438e+01
2.030452537536621094e+01
2.032556533813476562e+01
2.034006500244140625e+01
2.034528350830078125e+01
2.035610580444335938e+01
2.030206108093261719e+01
2.034974670410156250e+01
2.040255165100097656e+01
2.034331130981445312e+01
2.033135223388671875e+01
2.032783317565917969e+01
2.036468124389648438e+01
2.032865524291992188e+01
2.035616683959960938e+01
2.032480621337890625e+01
2.031819725036621094e+01
2.033219528198242188e+01
2.029044914245605469e+01
2.035949325561523438e+01
2.034616851806640625e+01
2.033258819580078125e+01
2.029510879516601562e+01
2.031311035156250000e+01
2.033828544616699219e+01
2.034730911254882812e+01
2.036351776123046875e+01
2.031455802917480469e+01
2.034127426147460938e+01
2.036028671264648438e+01
2.037396240234375000e+01
2.031397438049316406e+01
2.036350440979003906e+01
2.031836700439453125e+01
2.032772636413574219e+01
2.031388092041015625e+01
2.044510650634765625e+01
2.031915283203125000e+01
2.032388496398925781e+01
2.030260086059570312e+01
2.040048217773437500e+01
2.032247924804687500e+01
2.032725143432617188e+01
2.032054901123046875e+01
2.037022972106933594e+01
2.032828903198242188e+01
2.033910560607910156e+01
2.033895874023437500e+01
2.032862281799316406e+01
2.035401344299316406e+01
2.034300231933593750e+01
2.033986663818359375e+01
2.031549072265625000e+01
2.034811401367187500e+01
2.033792114257812500e+01
2.031883811950683594e+01
2.032074928283691406e+01
2.032462692260742188e+01
2.034648513793945312e+01
2.034664535522460938e+01
2.037445068359375000e+01
2.034259605407714844e+01
2.039684295654296875e+01
2.032944488525390625e+01
2.032965278625488281e+01
2.036796188354492188e+01
2.037548446655273438e+01
2.036654853820800781e+01
2.033552742004394531e+01
2.031437301635742188e+01
2.036704444885253906e+01
2.035436820983886719e+01
2.031451606750488281e+01
2.034832763671875000e+01
2.030749702453613281e+01
2.031376266479492188e+01
2.034384918212890625e+01
2.033373832702636719e+01
2.032217407226562500e+01
2.039838981628417969e+01
2.030381584167480469e+01
2.033619689941406250e+01
2.031841468811035156e+01
2.033901405334472656e+01
2.032367706298828125e+01
2.032161331176757812e+01
2.033608627319335938e+01
2.036060333251953125e+01
2.034987258911132812e+01
2.037003135681152344e+01
2.030435562133789062e+01
2.041692352294921875e+01
2.031712913513183594e+01
2.033442497253417969e+01
2.034070014953613281e+01
2.036185836791992188e+01
2.037002754211425781e+01
2.031852722167968750e+01
2.031711006164550781e+01
2.030347824096679688e+01
2.032379913330078125e+01
2.032295227050781250e+01
2.027945137023925781e+01
2.037882041931152344e+01
2.030577278137207031e+01
2.033069992065429688e+01
2.031743049621582031e+01
2.032666969299316406e+01
2.035839653015136719e+01
2.031905174255371094e+01
2.032262420654296875e+01
2.031274795532226562e+01
2.033524894714355469e+01
2.034897232055664062e+01
2.037485504150390625e+01
2.030150985717773438e+01
2.035764884948730469e+01
2.037759590148925781e+01
2.029868125915527344e+01
2.034477424621582031e+01
2.035589599609375000e+01
2.033787727355957031e+01
2.038115882873535156e+01
2.032963371276855469e+01
2.035609626770019531e+01
2.031476783752441406e+01
2.037100791931152344e+01
2.032663345336914062e+01
2.035850715637207031e+01
2.032602119445800781e+01
2.033637619018554688e+01
2.033356857299804688e+01
2.032856559753417969e+01
2.034942436218261719e+01
2.038339233398437500e+01
2.031611442565917969e+01
2.032688140869140625e+01
2.037213706970214844e+01
2.032838439941406250e+01
2.031053733825683594e+01
2.032463455200195312e+01
2.034595680236816406e+01
2.037323188781738281e+01
2.039863586425781250e+01
2.037784576416015625e+01
2.034152030944824219e+01
2.029281806945800781e+01
2.032129287719726562e+01
2.034117698669433594e+01
2.028543472290039062e+01
2.030689811706542969e+01
2.033960723876953125e+01
2.033191108703613281e+01
2.035766029357910156e+01
2.035298538208007812e+01
2.034109497070312500e+01
2.035181236267089844e+01
2.037580490112304688e+01
2.035568428039550781e+01
2.033454132080078125e+01
2.031024932861328125e+01
2.037659645080566406e+01
2.030790710449218750e+01
2.030373954772949219e+01
2.031092643737792969e+01
2.034050369262695312e+01
2.030716323852539062e+01
2.032487297058105469e+01
2.032602310180664062e+01
2.040083885192871094e+01
2.032954788208007812e+01
2.034551048278808594e+01
2.033548927307128906e+01
2.038076019287109375e+01
2.033009529113769531e+01
2.032178688049316406e+01
2.035422134399414062e+01
2.033999252319335938e+01
2.030666160583496094e+01
2.031819534301757812e+01
2.035216331481933594e+01
2.036081504821777344e+01
2.034631156921386719e+01
2.035924530029296875e+01
2.030902099609375000e+01
2.038193511962890625e+01
2.032918548583984375e+01
2.038514328002929688e+01
2.039049720764160156e+01
2.031604576110839844e+01
2.032376480102539062e+01
2.034016609191894531e+01
2.034699440002441406e+01
2.032648658752441406e+01
2.032458305358886719e+01
2.033522605895996094e+01
2.031903076171875000e+01
2.032089614868164062e+01
2.038618659973144531e+01
2.037213516235351562e+01
2.029348564147949219e+01
2.035250854492187500e+01
2.029582214355468750e+01
2.036865615844726562e+01
2.032205772399902344e+01
2.038631439208984375e+01
2.035379028320312500e+01
2.041179847717285156e+01
2.040872764587402344e+01
2.034273529052734375e+01
2.032111167907714844e+01
2.034717750549316406e+01
2.030447959899902344e+01
2.034240150451660156e+01
2.032879257202148438e+01
2.035507011413574219e+01
2.035905456542968750e+01
2.031047439575195312e+01
2.035346412658691406e+01
2.034351158142089844e+01
2.034937095642089844e+01
2.035690689086914062e+01
2.031808280944824219e+01
2.033588218688964844e+01
2.031074142456054688e+01
2.031434059143066406e+01
2.035468673706054688e+01
2.034753036499023438e+01
2.035573768615722656e+01
2.029163360595703125e+01
2.036473655700683594e+01
2.033392906188964844e+01
2.035893058776855469e+01
2.036600303649902344e+01
2.038407516479492188e+01
2.034435081481933594e+01
2.034534645080566406e+01
2.037549781799316406e+01
2.032287406921386719e+01
2.039658164978027344e+01
2.033446311950683594e+01
2.034386634826660156e+01
2.029918479919433594e+01
2.033255004882812500e+01
2.034825325012207031e+01
2.034589004516601562e+01
2.034077262878417969e+01
2.036470603942871094e+01
2.030933952331542969e+01
2.036290550231933594e+01
2.030172538757324219e+01
2.032528686523437500e+01
2.038551330566406250e+01
2.037386322021484375e+01
2.030415725708007812e+01
2.034132003784179688e+01
2.035840606689453125e+01
2.034417724609375000e+01
2.033946609497070312e+01
2.034593582153320312e+01
2.033303451538085938e+01
2.033091926574707031e+01
2.040408897399902344e+01
2.033607482910156250e+01
2.033350181579589844e+01
2.031970024108886719e+01
2.032025337219238281e+01
2.036383247375488281e+01
2.031752586364746094e+01
2.030887985229492188e+01
2.032230758666992188e+01
2.027988433837890625e+01
2.032400321960449219e+01
2.033965873718261719e+01
2.033481788635253906e+01
2.031427192687988281e+01
2.032542610168457031e+01
2.033784866333007812e+01
2.039090538024902344e+01
2.038358879089355469e+01
2.036275291442871094e+01
2.036206436157226562e+01
2.028329086303710938e+01
2.035717010498046875e+01
2.036167335510253906e+01
2.030353164672851562e+01
2.031230545043945312e+01
2.028791999816894531e+01
2.032966804504394531e+01
2.036728477478027344e+01
2.031903648376464844e+01
2.032394599914550781e+01
2.036639595031738281e+01
2.030393218994140625e+01
2.035877609252929688e+01
2.036170768737792969e+01
2.032837104797363281e+01
2.037251853942871094e+01
2.032100486755371094e+01
2.031878089904785156e+01
2.034432220458984375e+01
2.040104103088378906e+01
2.032874107360839844e+01
2.038023567199707031e+01
2.032853698730468750e+01
2.033837890625000000e+01
2.038254547119140625e+01
2.031540870666503906e+01
2.028288078308105469e+01
2.033722305297851562e+01
2.031725692749023438e+01
2.032626342773437500e+01
2.031910133361816406e+01
2.031060028076171875e+01
2.032050704956054688e+01
2.032818794250488281e+01
2.031867027282714844e+01
2.034391021728515625e+01
2.036480903625488281e+01
2.033736228942871094e+01
2.032194137573242188e+01
2.035095214843750000e+01
2.035194587707519531e+01
2.032901954650878906e+01
2.035621643066406250e+01
2.033076858520507812e+01
2.036573600769042969e+01
2.032209968566894531e+01
2.032313346862792969e+01
2.035796165466308594e+01
2.033161544799804688e+01
2.034417915344238281e+01
2.033081817626953125e+01
2.033319473266601562e+01
2.033234024047851562e+01
2.033407211303710938e+01
2.033565521240234375e+01
2.035462570190429688e+01
2.037435913085937500e+01
2.032635498046875000e+01
2.036689376831054688e+01
2.042881774902343750e+01
2.033678627014160156e+01
2.036501502990722656e+01
2.031886482238769531e+01
2.033521652221679688e+01
2.032002830505371094e+01
2.030848884582519531e+01
2.034363555908203125e+01
2.041060638427734375e+01
2.032910728454589844e+01
2.031703186035156250e+01
2.030859756469726562e+01
2.031286811828613281e+01
2.029926490783691406e+01
2.039056777954101562e+01
2.028503608703613281e+01
2.031613349914550781e+01
2.035776519775390625e+01
2.031502342224121094e+01
2.032384490966796875e+01
2.036651039123535156e+01
2.033228492736816406e+01
2.030986976623535156e+01
2.041354751586914062e+01
2.029378509521484375e+01
2.031914138793945312e+01
2.037305068969726562e+01
2.034588050842285156e+01
2.036403465270996094e+01
2.040848922729492188e+01
2.036868286132812500e+01
2.029340934753417969e+01
2.036349296569824219e+01
2.030405044555664062e+01
2.031455230712890625e+01
2.034521484375000000e+01
2.035415077209472656e+01
2.032932472229003906e+01
2.037996292114257812e+01
2.032396125793457031e+01
2.028295135498046875e+01
2.033648872375488281e+01
2.035227584838867188e+01
2.033586692810058594e+01
2.034842300415039062e+01
2.034486198425292969e+01
2.034664154052734375e+01
2.030373191833496094e+01
2.031363868713378906e+01
2.030031013488769531e+01
2.032996749877929688e+01
2.033109283447265625e+01
2.032928848266601562e+01
2.035453987121582031e+01
2.027937698364257812e+01
2.032022666931152344e+01
2.030368041992187500e+01
2.031729507446289062e+01
2.027335739135742188e+01
2.035306167602539062e+01
2.033667564392089844e+01
2.034175872802734375e+01
2.032911872863769531e+01
2.039819526672363281e+01
2.040197563171386719e+01
2.036748504638671875e+01
2.035537147521972656e+01
2.033511734008789062e+01
2.034856796264648438e+01
2.035210037231445312e+01
2.032135009765625000e+01
2.028792762756347656e+01
2.032783126831054688e+01
2.033868789672851562e+01
2.034852409362792969e+01
2.031070327758789062e+01
2.031444168090820312e+01
2.038599967956542969e+01
2.038740730285644531e+01
2.039288139343261719e+01
2.033676910400390625e+01
2.034621429443359375e+01
2.032431602478027344e+01
2.031750106811523438e+01
2.029088020324707031e+01
2.029203033447265625e+01
2.030843734741210938e+01
2.032958793640136719e+01
2.033964347839355469e+01
2.032253646850585938e+01
2.033615303039550781e+01
2.038771629333496094e+01
