2.032799148559570312e+01
2.019444465637207031e+01
2.020297050476074219e+01
2.020144844055175781e+01
2.019780921936035156e+01
2.020445251464843750e+01
2.019657897949218750e+01
2.019968605041503906e+01
2.020491218566894531e+01
2.020308685302734375e+01
2.019524383544921875e+01
2.019921112060546875e+01
2.020165252685546875e+01
2.019692420959472656e+01
2.020048904418945312e+01
2.019354438781738281e+01
2.019396781921386719e+01
2.019881629943847656e+01
2.019724273681640625e+01
2.019931793212890625e+01
2.020208168029785156e+01
2.020053100585937500e+01
2.019201660156250000e+01
2.019067192077636719e+01
2.020045280456542969e+01
2.019695091247558594e+01
2.019541549682617188e+01
2.020519065856933594e+01
2.020228767395019531e+01
2.019906234741210938e+01
2.020618057250976562e+01
2.020496559143066406e+01
2.019272994995117188e+01
2.019429779052734375e+01
2.018926811218261719e+01
2.019959259033203125e+01
2.019527435302734375e+01
2.020549774169921875e+01
2.019653892517089844e+01
2.019675254821777344e+01
2.021124458312988281e+01
2.020119476318359375e+01
2.019681167602539062e+01
2.019601631164550781e+01
2.020498466491699219e+01
2.020544624328613281e+01
2.019631958007812500e+01
2.019923591613769531e+01
2.019401741027832031e+01
2.020001029968261719e+01
2.020178985595703125e+01
2.019412422180175781e+01
2.019714927673339844e+01
2.019766616821289062e+01
2.020631790161132812e+01
2.020272254943847656e+01
2.020331573486328125e+01
2.019592666625976562e+01
2.021131706237792969e+01
2.020289039611816406e+01
2.019281959533691406e+01
2.019484901428222656e+01
2.019450378417968750e+01
2.019890403747558594e+01
2.019055175781250000e+01
2.019974899291992188e+01
2.021211433410644531e+01
2.019349861145019531e+01
2.020112037658691406e+01
2.020500564575195312e+01
2.019387054443359375e+01
2.020037651062011719e+01
2.019808959960937500e+01
2.019421958923339844e+01
2.020320320129394531e+01
2.019908332824707031e+01
2.019848060607910156e+01
2.020317268371582031e+01
2.019430732727050781e+01
2.020204162597656250e+01
2.019866180419921875e+01
2.020037651062011719e+01
2.020106506347656250e+01
2.019531631469726562e+01
2.019815254211425781e+01
2.019332885742187500e+01
2.020544433593750000e+01
2.019656944274902344e+01
2.019830894470214844e+01
2.019683456420898438e+01
2.019272804260253906e+01
2.019704818725585938e+01
2.019731330871582031e+01
2.019768905639648438e+01
2.020733642578125000e+01
2.019113349914550781e+01
2.019393157958984375e+01
2.020116233825683594e+01
2.020026969909667969e+01
2.019602012634277344e+01
2.020207405090332031e+01
2.020744895935058594e+01
2.020216941833496094e+01
2.020546722412109375e+01
2.019553756713867188e+01
2.019533920288085938e+01
2.021224021911621094e+01
2.020567321777343750e+01
2.019943428039550781e+01
2.019724082946777344e+01
2.019393539428710938e+01
2.020538520812988281e+01
2.019685554504394531e+01
2.019815063476562500e+01
2.020248031616210938e+01
2.019656181335449219e+01
2.019499015808105469e+01
2.019566345214843750e+01
2.019902229309082031e+01
2.019629478454589844e+01
2.020406341552734375e+01
2.020434379577636719e+01
2.021309280395507812e+01
2.019889259338378906e+01
2.019948196411132812e+01
2.019636726379394531e+01
2.019972801208496094e+01
2.020539855957031250e+01
2.020648384094238281e+01
2.019349288940429688e+01
2.020094680786132812e+01
2.020429611206054688e+01
2.020961570739746094e+01
2.019765663146972656e+01
2.022531127929687500e+01
2.019709014892578125e+01
2.019797325134277344e+01
2.019877052307128906e+01
2.019629096984863281e+01
2.019519424438476562e+01
2.019928741455078125e+01
2.019788932800292969e+01
2.020052337646484375e+01
2.019673538208007812e+01
2.020310020446777344e+01
2.020593452453613281e+01
2.020167922973632812e+01
2.020436668395996094e+01
2.019722557067871094e+01
2.019924545288085938e+01
2.020740699768066406e+01
2.019887161254882812e+01
2.019412422180175781e+01
2.020469856262207031e+01
2.019153976440429688e+01
2.019456481933593750e+01
2.019625854492187500e+01
2.019516181945800781e+01
2.019608116149902344e+01
2.019994735717773438e+01
2.018868827819824219e+01
2.019686508178710938e+01
2.020319938659667969e+01
2.019680786132812500e+01
2.020130157470703125e+01
2.020273017883300781e+01
2.020823669433593750e+01
2.019016456604003906e+01
2.020315361022949219e+01
2.019750976562500000e+01
2.019655227661132812e+01
2.020267486572265625e+01
2.019973945617675781e+01
2.019624137878417969e+01
2.019259071350097656e+01
2.019936943054199219e+01
2.020394706726074219e+01
2.019341468811035156e+01
2.020952224731445312e+01
2.019834709167480469e+01
2.019691085815429688e+01
2.019673156738281250e+01
2.019333839416503906e+01
2.019690704345703125e+01
2.019849777221679688e+01
2.020310401916503906e+01
2.019347190856933594e+01
2.020199775695800781e+01
2.019574737548828125e+01
2.019346809387207031e+01
2.019713020324707031e+01
2.020045661926269531e+01
2.019325637817382812e+01
2.019374275207519531e+01
2.019790077209472656e+01
2.019694137573242188e+01
2.019422721862792969e+01
2.019185447692871094e+01
2.020610809326171875e+01
2.019685935974121094e+01
2.019421577453613281e+01
2.019955253601074219e+01
2.021523857116699219e+01
2.020324707031250000e+01
2.019541168212890625e+01
2.021044158935546875e+01
2.019808959960937500e+01
2.019783973693847656e+01
2.019974136352539062e+01
2.019636917114257812e+01
2.020128440856933594e+01
2.020661926269531250e+01
2.021016311645507812e+01
2.019632530212402344e+01
2.020230865478515625e+01
2.020186424255371094e+01
2.020978164672851562e+01
2.019598197937011719e+01
2.019799232482910156e+01
2.020327568054199219e+01
2.019453430175781250e+01
2.019725036621093750e+01
2.019498825073242188e+01
2.019840431213378906e+01
2.019666862487792969e+01
2.020013046264648438e+01
2.020005226135253906e+01
2.021110343933105469e+01
2.020130348205566406e+01
2.021187210083007812e+01
2.020535278320312500e+01
2.020747566223144531e+01
2.020228767395019531e+01
2.019964027404785156e+01
2.019636726379394531e+01
2.019272613525390625e+01
2.019667053222656250e+01
2.019750022888183594e+01
2.021495246887207031e+01
2.020040512084960938e+01
2.019414901733398438e+01
2.019593429565429688e+01
2.020142745971679688e+01
2.019601631164550781e+01
2.020728683471679688e+01
2.019507026672363281e+01
2.019619369506835938e+01
2.020022583007812500e+01
2.020282745361328125e+01
2.019852447509765625e+01
2.019570350646972656e+01
2.019945335388183594e+01
2.020535850524902344e+01
2.019807815551757812e+01
2.019790840148925781e+01
2.019698333740234375e+01
2.019471740722656250e+01
2.019709396362304688e+01
2.019606018066406250e+01
2.019177436828613281e+01
2.019608688354492188e+01
2.019890975952148438e+01
2.020052719116210938e+01
2.019590187072753906e+01
2.021274948120117188e+01
2.021750831604003906e+01
2.019600677490234375e+01
2.019662475585937500e+01
2.019473838806152344e+01
2.019559097290039062e+01
2.019926261901855469e+01
2.020979309082031250e+01
2.019676017761230469e+01
2.020480537414550781e+01
2.019072151184082031e+01
2.019920539855957031e+01
2.018876075744628906e+01
2.019213676452636719e+01
2.020098876953125000e+01
2.019676208496093750e+01
2.019119453430175781e+01
2.019400405883789062e+01
2.020829772949218750e+01
2.020186042785644531e+01
2.020730018615722656e+01
2.019954109191894531e+01
2.019674301147460938e+01
2.019566345214843750e+01
2.019183731079101562e+01
2.019650650024414062e+01
2.019788360595703125e+01
2.020155715942382812e+01
2.020376968383789062e+01
2.019177818298339844e+01
2.019781494140625000e+01
2.020110702514648438e+01
2.020698928833007812e+01
2.019814300537109375e+01
2.021577262878417969e+01
2.019146347045898438e+01
2.019871711730957031e+01
2.019680404663085938e+01
2.019325637817382812e+01
2.019504928588867188e+01
2.019877243041992188e+01
2.020432853698730469e+01
2.019655990600585938e+01
2.020580863952636719e+01
2.019832992553710938e+01
2.020360565185546875e+01
2.019323539733886719e+01
2.019412612915039062e+01
2.019440460205078125e+01
2.020636940002441406e+01
2.019846916198730469e+01
2.019480323791503906e+01
2.019828033447265625e+01
2.020239448547363281e+01
2.019259452819824219e+01
2.019271469116210938e+01
2.019819831848144531e+01
2.019566535949707031e+01
2.019421958923339844e+01
2.019675445556640625e+01
2.019548034667968750e+01
2.019288825988769531e+01
2.019748687744140625e+01
2.019933891296386719e+01
2.020352363586425781e+01
2.019327926635742188e+01
2.019508743286132812e+01
2.019504928588867188e+01
2.021414566040039062e+01
2.019612312316894531e+01
2.020042991638183594e+01
2.021166801452636719e+01
2.020693206787109375e+01
2.019863319396972656e+01
2.019705963134765625e+01
2.019065475463867188e+01
2.020971298217773438e+01
2.020132827758789062e+01
2.020163154602050781e+01
2.019918441772460938e+01
2.019652175903320312e+01
2.019218254089355469e+01
2.019840621948242188e+01
2.020040702819824219e+01
2.019621086120605469e+01
2.019803810119628906e+01
2.019501113891601562e+01
2.021186256408691406e+01
2.020055961608886719e+01
2.019582366943359375e+01
2.020055007934570312e+01
2.020271110534667969e+01
2.021615982055664062e+01
2.020310783386230469e+01
2.019697380065917969e+01
2.019210815429687500e+01
2.019962882995605469e+01
2.021625518798828125e+01
2.020776176452636719e+01
2.019849014282226562e+01
2.019433403015136719e+01
2.019320869445800781e+01
2.020371627807617188e+01
2.019750404357910156e+01
2.020012664794921875e+01
2.020305824279785156e+01
2.019818687438964844e+01
2.019681358337402344e+01
2.019525909423828125e+01
2.019348144531250000e+01
2.020232009887695312e+01
2.020985794067382812e+01
2.019866371154785156e+01
2.019503211975097656e+01
2.020276069641113281e+01
2.019572257995605469e+01
2.019705772399902344e+01
2.020095825195312500e+01
2.019884872436523438e+01
2.019481468200683594e+01
2.021467018127441406e+01
2.019982910156250000e+01
2.020287895202636719e+01
2.019492340087890625e+01
2.019036483764648438e+01
2.019435119628906250e+01
2.019326019287109375e+01
2.019597434997558594e+01
2.019730377197265625e+01
2.019667434692382812e+01
2.019255447387695312e+01
2.019490242004394531e+01
2.019926643371582031e+01
2.019705200195312500e+01
2.021281433105468750e+01
2.020476341247558594e+01
2.020027732849121094e+01
2.020052337646484375e+01
2.020369338989257812e+01
2.019819831848144531e+01
2.019067001342773438e+01
2.019977188110351562e+01
2.019846916198730469e+01
2.019625663757324219e+01
2.020199394226074219e+01
2.019453620910644531e+01
2.020219039916992188e+01
2.020789718627929688e+01
2.019144248962402344e+01
2.020949172973632812e+01
2.019490623474121094e+01
2.019471740722656250e+01
2.020090293884277344e+01
2.019689559936523438e+01
2.019969940185546875e+01
2.019355392456054688e+01
2.020074653625488281e+01
2.019514083862304688e+01
2.019678688049316406e+01
2.019702911376953125e+01
2.019751548767089844e+01
2.019379425048828125e+01
2.020472717285156250e+01
2.019629669189453125e+01
2.019967460632324219e+01
2.019664382934570312e+01
2.019599151611328125e+01
2.020016479492187500e+01
2.019032859802246094e+01
2.020766448974609375e+01
2.019541549682617188e+01
2.019812583923339844e+01
2.019732856750488281e+01
2.020265388488769531e+01
2.019800758361816406e+01
2.019776535034179688e+01
2.019777107238769531e+01
2.019554138183593750e+01
2.019699668884277344e+01
2.019212150573730469e+01
2.019485473632812500e+01
2.020525550842285156e+01
2.019245147705078125e+01
2.019332695007324219e+01
2.019356346130371094e+01
2.019661712646484375e+01
2.019963836669921875e+01
2.020027732849121094e+01
2.020892906188964844e+01
2.019235229492187500e+01
2.020228004455566406e+01
2.019854736328125000e+01
2.020659065246582031e+01
2.021435546875000000e+01
2.020087242126464844e+01
2.019496345520019531e+01
2.020183372497558594e+01
2.020210456848144531e+01
2.020770454406738281e+01
2.019113349914550781e+01
2.020307159423828125e+01
2.020635414123535156e+01
2.019547653198242188e+01
2.020330429077148438e+01
2.019166183471679688e+01
2.020073127746582031e+01
2.020190238952636719e+01
2.020120429992675781e+01
2.020264625549316406e+01
2.019931793212890625e+01
2.019677543640136719e+01
2.020730400085449219e+01
2.020013046264648438e+01
2.020134162902832031e+01
2.019839286804199219e+01
2.019649314880371094e+01
2.019641685485839844e+01
2.019663047790527344e+01
2.019730758666992188e+01
2.019840812683105469e+01
2.019631195068359375e+01
2.020171737670898438e+01
2.020303726196289062e+01
2.019853973388671875e+01
2.019478607177734375e+01
2.021459007263183594e+01
2.019047927856445312e+01
2.019500350952148438e+01
2.020214271545410156e+01
2.020292472839355469e+01
2.019852828979492188e+01
2.020054244995117188e+01
2.019747734069824219e+01
2.019570541381835938e+01
2.019886207580566406e+01
2.019471549987792969e+01
2.020245552062988281e+01
2.019738960266113281e+01
2.019822883605957031e+01
2.020183753967285156e+01
2.020010375976562500e+01
2.019646835327148438e+01
2.019805526733398438e+01
2.019209861755371094e+01
2.020063400268554688e+01
2.019829750061035156e+01
2.020234680175781250e+01
2.019609069824218750e+01
2.019355201721191406e+01
2.020186424255371094e+01
2.019097518920898438e+01
2.021145820617675781e+01
2.020224952697753906e+01
2.019507789611816406e+01
2.020266532897949219e+01
2.018944931030273438e+01
2.020212745666503906e+01
2.019512939453125000e+01
2.019659042358398438e+01
2.019748687744140625e+01
2.019887733459472656e+01
2.020009803771972656e+01
2.021027565002441406e+01
2.020860862731933594e+01
2.020055961608886719e+01
2.019387435913085938e+01
2.020083045959472656e+01
2.019990158081054688e+01
2.019511604309082031e+01
2.020015335083007812e+01
2.020641326904296875e+01
2.019588470458984375e+01
2.020137405395507812e+01
2.019051361083984375e+01
2.019981002807617188e+01
2.019832611083984375e+01
2.019605445861816406e+01
2.019352531433105469e+01
2.019901657104492188e+01
2.019877433776855469e+01
2.019838523864746094e+01
2.020263481140136719e+01
2.021970558166503906e+01
2.019507789611816406e+01
2.020426559448242188e+01
2.020318222045898438e+01
2.019407272338867188e+01
2.020007705688476562e+01
2.020022583007812500e+01
2.020775413513183594e+01
2.019388771057128906e+01
2.019865036010742188e+01
2.019119453430175781e+01
2.020631599426269531e+01
2.020684814453125000e+01
2.020514106750488281e+01
2.019826316833496094e+01
2.019936561584472656e+01
2.019937705993652344e+01
2.019622039794921875e+01
2.019446945190429688e+01
2.021998786926269531e+01
2.020172691345214844e+01
2.020479393005371094e+01
2.019519805908203125e+01
2.018626785278320312e+01
2.021526527404785156e+01
2.019524574279785156e+01
2.019756126403808594e+01
2.021984291076660156e+01
2.021280860900878906e+01
2.019799232482910156e+01
2.019425964355468750e+01
2.019290161132812500e+01
2.020265388488769531e+01
2.020203590393066406e+01
2.019621849060058594e+01
2.020198249816894531e+01
2.021221923828125000e+01
2.019559097290039062e+01
2.019309997558593750e+01
2.019908142089843750e+01
2.019180297851562500e+01
2.020028305053710938e+01
2.019337081909179688e+01
2.019428825378417969e+01
2.019627571105957031e+01
2.019699668884277344e+01
2.020933532714843750e+01
2.019629669189453125e+01
2.019822120666503906e+01
2.019656181335449219e+01
2.019741058349609375e+01
2.020131683349609375e+01
2.019997787475585938e+01
2.019490051269531250e+01
2.021322822570800781e+01
2.020313072204589844e+01
2.019300270080566406e+01
2.019613456726074219e+01
2.021419143676757812e+01
2.020244598388671875e+01
2.020786476135253906e+01
2.019897651672363281e+01
2.021783638000488281e+01
2.019850349426269531e+01
2.019659042358398438e+01
2.019638824462890625e+01
2.020315551757812500e+01
2.020029640197753906e+01
2.019800949096679688e+01
2.019547843933105469e+01
2.019543075561523438e+01
2.020090293884277344e+01
2.020763015747070312e+01
2.019697189331054688e+01
2.019446945190429688e+01
2.021002578735351562e+01
2.019747352600097656e+01
2.019486808776855469e+01
2.020238304138183594e+01
2.019703483581542969e+01
2.020391654968261719e+01
2.019554138183593750e+01
2.019397735595703125e+01
2.020311164855957031e+01
2.019676017761230469e+01
2.019872856140136719e+01
2.019261169433593750e+01
2.019414520263671875e+01
2.019541549682617188e+01
2.019877433776855469e+01
2.019468498229980469e+01
2.019407463073730469e+01
2.020144844055175781e+01
2.019343376159667969e+01
2.020119857788085938e+01
2.020870971679687500e+01
2.019169044494628906e+01
2.019414138793945312e+01
2.019635200500488281e+01
2.019788360595703125e+01
2.019454765319824219e+01
2.020476341247558594e+01
2.020555305480957031e+01
2.020205879211425781e+01
2.019831657409667969e+01
2.019688415527343750e+01
2.019604873657226562e+01
2.019732856750488281e+01
2.021088790893554688e+01
2.020237731933593750e+01
2.019067764282226562e+01
2.020324707031250000e+01
2.019681167602539062e+01
2.021419906616210938e+01
2.019762229919433594e+01
2.019265747070312500e+01
2.020229911804199219e+01
2.020320320129394531e+01
2.020240783691406250e+01
2.019081497192382812e+01
2.019178581237792969e+01
2.020657539367675781e+01
2.019781303405761719e+01
2.019281959533691406e+01
2.020033264160156250e+01
2.019052696228027344e+01
2.019177055358886719e+01
2.019941520690917969e+01
2.019485092163085938e+01
2.019234085083007812e+01
2.019485282897949219e+01
2.020004463195800781e+01
2.020605278015136719e+01
2.019797897338867188e+01
2.019582366943359375e+01
2.021775245666503906e+01
2.020873641967773438e+01
2.020052146911621094e+01
2.019231796264648438e+01
2.019568824768066406e+01
2.020032882690429688e+01
2.020737648010253906e+01
2.019689750671386719e+01
2.019594192504882812e+01
2.020490455627441406e+01
2.020844841003417969e+01
2.019425964355468750e+01
2.019344711303710938e+01
2.019694519042968750e+01
2.021157455444335938e+01
2.022273445129394531e+01
2.019809150695800781e+01
2.019624900817871094e+01
2.020121574401855469e+01
2.019476890563964844e+01
2.020037269592285156e+01
2.019465637207031250e+01
2.021122741699218750e+01
2.019363975524902344e+01
2.020212745666503906e+01
2.020438194274902344e+01
2.020364189147949219e+01
2.019783401489257812e+01
2.020299911499023438e+01
2.019364166259765625e+01
2.019256973266601562e+01
2.019716072082519531e+01
2.019746780395507812e+01
2.020055961608886719e+01
2.019624137878417969e+01
2.019929885864257812e+01
2.020022773742675781e+01
2.019684791564941406e+01
2.019275093078613281e+01
2.020447349548339844e+01
2.020615196228027344e+01
2.019353866577148438e+01
2.019186210632324219e+01
2.019908142089843750e+01
2.019474601745605469e+01
2.019714736938476562e+01
2.019506454467773438e+01
2.019573402404785156e+01
2.019648742675781250e+01
2.020533943176269531e+01
2.018904304504394531e+01
2.019415092468261719e+01
2.021015930175781250e+01
2.020062637329101562e+01
2.019152259826660156e+01
2.019120407104492188e+01
2.019280624389648438e+01
2.019306182861328125e+01
2.019828414916992188e+01
2.019191741943359375e+01
2.019424629211425781e+01
2.019601440429687500e+01
2.021024322509765625e+01
2.022166061401367188e+01
2.021688461303710938e+01
2.020264625549316406e+01
2.019874000549316406e+01
2.019061088562011719e+01
2.019227027893066406e+01
2.019954872131347656e+01
2.019688606262207031e+01
2.019881248474121094e+01
2.019392204284667969e+01
2.019425773620605469e+01
2.019667816162109375e+01
2.019777107238769531e+01
2.020064353942871094e+01
2.019055366516113281e+01
2.019882774353027344e+01
2.020072746276855469e+01
2.019993972778320312e+01
2.019386482238769531e+01
2.019829368591308594e+01
2.019762611389160156e+01
2.020254135131835938e+01
2.020104980468750000e+01
2.020022201538085938e+01
2.019423484802246094e+01
2.019351005554199219e+01
2.020170402526855469e+01
2.019744491577148438e+01
2.019858169555664062e+01
2.020147895812988281e+01
2.021054649353027344e+01
2.020082664489746094e+01
2.019448280334472656e+01
2.019306182861328125e+01
2.020260238647460938e+01
2.020384979248046875e+01
2.020731735229492188e+01
2.020294761657714844e+01
2.019312095642089844e+01
2.020794868469238281e+01
2.019875526428222656e+01
2.019311904907226562e+01
2.019766044616699219e+01
2.019798278808593750e+01
2.020044326782226562e+01
2.019790077209472656e+01
2.019607734680175781e+01
2.020900344848632812e+01
2.019838142395019531e+01
2.019277572631835938e+01
2.019478988647460938e+01
2.019487571716308594e+01
2.019735336303710938e+01
2.020448684692382812e+01
2.019962501525878906e+01
2.019532585144042969e+01
2.021340751647949219e+01
2.020222663879394531e+01
2.021504020690917969e+01
2.019905853271484375e+01
2.020073890686035156e+01
2.020236968994140625e+01
2.020783805847167969e+01
2.018988037109375000e+01
2.019643402099609375e+01
2.019590950012207031e+01
2.020882415771484375e+01
2.019797897338867188e+01
2.020037651062011719e+01
2.020373153686523438e+01
2.019800376892089844e+01
2.019142913818359375e+01
2.019965934753417969e+01
2.019412994384765625e+01
2.019964599609375000e+01
2.019352149963378906e+01
2.019919204711914062e+01
2.019884109497070312e+01
2.019837570190429688e+01
2.019836997985839844e+01
2.019738197326660156e+01
2.019667243957519531e+01
2.019993972778320312e+01
2.020085716247558594e+01
2.019746398925781250e+01
2.020012474060058594e+01
2.020145988464355469e+01
2.019279479980468750e+01
2.019688987731933594e+01
2.019633674621582031e+01
2.020108032226562500e+01
2.019712257385253906e+01
2.021237564086914062e+01
2.019906234741210938e+01
2.019915008544921875e+01
2.020330810546875000e+01
2.019919967651367188e+01
2.020129585266113281e+01
2.020523834228515625e+01
2.020694923400878906e+01
2.019540596008300781e+01
2.019271087646484375e+01
2.019859123229980469e+01
2.020332717895507812e+01
2.019455909729003906e+01
2.019632530212402344e+01
2.019741249084472656e+01
2.019848060607910156e+01
2.019988250732421875e+01
2.019775390625000000e+01
2.020255088806152344e+01
2.019706535339355469e+01
2.019672584533691406e+01
2.020075225830078125e+01
2.020263099670410156e+01
2.019851112365722656e+01
2.020176124572753906e+01
2.019246482849121094e+01
2.019579124450683594e+01
2.019294166564941406e+01
2.019615364074707031e+01
2.019170951843261719e+01
2.019600868225097656e+01
2.019979476928710938e+01
2.019995307922363281e+01
2.019391441345214844e+01
2.019701957702636719e+01
2.020052719116210938e+01
2.019524765014648438e+01
2.019936943054199219e+01
2.020124053955078125e+01
2.019940185546875000e+01
2.019565010070800781e+01
2.019247245788574219e+01
2.022005081176757812e+01
2.019567489624023438e+01
2.019746780395507812e+01
2.020825767517089844e+01
2.020528030395507812e+01
2.020025062561035156e+01
2.019418716430664062e+01
2.019480133056640625e+01
2.020028877258300781e+01
2.020393371582031250e+01
2.019616127014160156e+01
2.019937896728515625e+01
2.020721054077148438e+01
2.019997978210449219e+01
2.019788742065429688e+01
2.019735336303710938e+01
2.019843292236328125e+01
2.019341087341308594e+01
2.019660377502441406e+01
2.019788360595703125e+01
2.020121002197265625e+01
2.019858932495117188e+01
2.020270347595214844e+01
2.019485855102539062e+01
2.019286918640136719e+01
2.020575904846191406e+01
2.019984245300292969e+01
2.019944381713867188e+01
2.019412994384765625e+01
2.019585990905761719e+01
2.019739151000976562e+01
2.019152832031250000e+01
2.019790840148925781e+01
2.020505714416503906e+01
2.020739555358886719e+01
2.019674301147460938e+01
2.019635009765625000e+01
2.019145584106445312e+01
2.019478034973144531e+01
2.020361328125000000e+01
2.019848060607910156e+01
2.020184516906738281e+01
2.019777297973632812e+01
2.019375419616699219e+01
2.019835853576660156e+01
2.020392417907714844e+01
2.019476699829101562e+01
2.019896697998046875e+01
2.019399833679199219e+01
2.019415664672851562e+01
2.020368957519531250e+01
2.019544601440429688e+01
2.019423675537109375e+01
2.019893074035644531e+01
2.020194053649902344e+01
2.019626808166503906e+01
2.019713973999023438e+01
2.019819831848144531e+01
2.019596481323242188e+01
2.019092750549316406e+01
2.018956565856933594e+01
2.020547103881835938e+01
2.019829940795898438e+01
2.020848083496093750e+01
2.020216751098632812e+01
2.019901657104492188e+01
2.019765853881835938e+01
2.019195938110351562e+01
2.020129585266113281e+01
2.019932365417480469e+01
2.019763374328613281e+01
2.019770050048828125e+01
2.019304084777832031e+01
2.019399070739746094e+01
2.020114135742187500e+01
2.019655418395996094e+01
2.019459915161132812e+01
2.019178771972656250e+01
2.019510459899902344e+01
2.019043159484863281e+01
2.019612884521484375e+01
2.020110702514648438e+01
2.019181632995605469e+01
2.020100021362304688e+01
2.019579696655273438e+01
2.020296287536621094e+01
2.019746780395507812e+01
2.019684028625488281e+01
2.019471931457519531e+01
2.019374656677246094e+01
2.019716644287109375e+01
2.019358825683593750e+01
2.020027923583984375e+01
2.019543838500976562e+01
2.020188522338867188e+01
2.019709777832031250e+01
2.019870376586914062e+01
2.020166587829589844e+01
2.019330406188964844e+01
2.019497489929199219e+01
2.019739341735839844e+01
2.020255851745605469e+01
2.019900703430175781e+01
2.020563888549804688e+01
2.019599533081054688e+01
2.020322608947753906e+01
2.019858360290527344e+01
2.019528961181640625e+01
2.019256210327148438e+01
2.019974517822265625e+01
2.019626808166503906e+01
2.019754028320312500e+01
2.020132446289062500e+01
2.019840621948242188e+01
2.019876480102539062e+01
2.020120620727539062e+01
2.020121383666992188e+01
2.019660949707031250e+01
2.020176315307617188e+01
2.019941520690917969e+01
2.019286537170410156e+01
2.019380187988281250e+01
