2.519313693046569824e-01
2.350253760814666748e-01
1.868957132101058960e-01
1.285201013088226318e-01
1.128195896744728088e-01
1.040877923369407654e-01
9.781037271022796631e-02
9.063465148210525513e-02
8.551014959812164307e-02
7.929494231939315796e-02
7.471692562103271484e-02
6.985499709844589233e-02
6.578516215085983276e-02
6.221831217408180237e-02
5.877150967717170715e-02
5.574332550168037415e-02
5.210077017545700073e-02
4.923852905631065369e-02
4.716334491968154907e-02
4.507326707243919373e-02
4.261330515146255493e-02
4.064837470650672913e-02
3.924396634101867676e-02
3.790968656539916992e-02
3.611833602190017700e-02
3.477612882852554321e-02
3.342963010072708130e-02
3.234279155731201172e-02
3.138626366853713989e-02
3.036917373538017273e-02
2.929594181478023529e-02
2.867790497839450836e-02
2.747815661132335663e-02
2.695137448608875275e-02
2.622042410075664520e-02
2.539240755140781403e-02
2.492972090840339661e-02
2.419957518577575684e-02
2.394779957830905914e-02
2.332699671387672424e-02
2.261517010629177094e-02
2.200126461684703827e-02
2.159508317708969116e-02
2.134098112583160400e-02
2.084740251302719116e-02
2.049702033400535583e-02
1.993447728455066681e-02
1.971066184341907501e-02
1.947874017059803009e-02
1.928552612662315369e-02
1.864339783787727356e-02
1.832912862300872803e-02
1.798846572637557983e-02
1.778386346995830536e-02
1.753979735076427460e-02
1.746732369065284729e-02
1.679754443466663361e-02
1.677898876368999481e-02
1.647447422146797180e-02
1.619995571672916412e-02
1.605084538459777832e-02
1.581534929573535919e-02
1.556047610938549042e-02
1.535040047019720078e-02
1.516187749803066254e-02
1.520796492695808411e-02
1.479904074221849442e-02
1.485747285187244415e-02
1.443293504416942596e-02
1.432226691395044327e-02
1.409292686730623245e-02
1.393047813326120377e-02
1.377960946410894394e-02
1.369268260896205902e-02
1.364551763981580734e-02
1.346145290881395340e-02
1.326937880367040634e-02
1.311831548810005188e-02
1.297548133879899979e-02
1.280499249696731567e-02
1.269607152789831161e-02
1.262794714421033859e-02
1.251496933400630951e-02
1.242301706224679947e-02
1.225434243679046631e-02
1.206369698047637939e-02
1.218707673251628876e-02
1.198640186339616776e-02
1.193446107208728790e-02
1.176996342837810516e-02
1.169627904891967773e-02
1.164518948644399643e-02
1.146502140909433365e-02
1.130457781255245209e-02
1.128642354160547256e-02
1.122558582574129105e-02
1.106551103293895721e-02
1.099445577710866928e-02
1.092547364532947540e-02
1.082328706979751587e-02
1.073141954839229584e-02
1.076324377208948135e-02
1.049890182912349701e-02
1.044783554971218109e-02
1.048196572810411453e-02
1.040007080882787704e-02
1.028710883110761642e-02
1.025977078825235367e-02
1.006176881492137909e-02
1.003722380846738815e-02
1.000723708420991898e-02
9.819448925554752350e-03
9.773225523531436920e-03
9.862286038696765900e-03
9.714398533105850220e-03
9.659897536039352417e-03
9.670872241258621216e-03
9.450434707105159760e-03
9.455098770558834076e-03
9.437725879251956940e-03
9.320501238107681274e-03
9.284142404794692993e-03
9.229756891727447510e-03
9.182563982903957367e-03
9.164168499410152435e-03
9.189545176923274994e-03
9.115981869399547577e-03
8.886015042662620544e-03
8.930026553571224213e-03
8.944324217736721039e-03
8.843840099871158600e-03
8.747738786041736603e-03
8.767674677073955536e-03
8.639687672257423401e-03
8.522630669176578522e-03
8.733439259231090546e-03
8.404174819588661194e-03
8.509966544806957245e-03
8.430778048932552338e-03
8.461650460958480835e-03
8.391045965254306793e-03
8.243991062045097351e-03
8.368064649403095245e-03
8.388900198042392731e-03
8.254325948655605316e-03
8.145537227392196655e-03
8.179763332009315491e-03
8.065940812230110168e-03
7.973242551088333130e-03
8.007059805095195770e-03
7.995765656232833862e-03
7.885834202170372009e-03
7.989834062755107880e-03
7.999578490853309631e-03
7.833934389054775238e-03
7.752993144094944000e-03
7.813726551830768585e-03
7.788501679897308350e-03
7.715279702097177505e-03
7.758134044706821442e-03
7.667535915970802307e-03
7.552959956228733063e-03
7.638381794095039368e-03
7.678103633224964142e-03
7.573034148663282394e-03
7.616488263010978699e-03
7.474629208445549011e-03
7.446649484336376190e-03
7.437120657414197922e-03
7.400076370686292648e-03
7.396602071821689606e-03
7.439916487783193588e-03
7.244120351970195770e-03
7.294966839253902435e-03
7.307214196771383286e-03
7.323433645069599152e-03
7.272239774465560913e-03
7.209425792098045349e-03
7.150792516767978668e-03
7.173447869718074799e-03
7.127813529223203659e-03
7.065449375659227371e-03
7.154191378504037857e-03
7.133812177926301956e-03
7.076660171151161194e-03
7.003977429121732712e-03
6.993112154304981232e-03
6.940548773854970932e-03
7.030645851045846939e-03
6.909501273185014725e-03
6.885347887873649597e-03
6.790137384086847305e-03
6.805233191698789597e-03
6.841140799224376678e-03
6.860816851258277893e-03
6.837051827460527420e-03
6.801120005548000336e-03
6.777443457394838333e-03
6.632652133703231812e-03
6.719052791595458984e-03
6.753154098987579346e-03
6.712134461849927902e-03
6.635140161961317062e-03
6.579746026545763016e-03
6.550921127200126648e-03
6.576301995664834976e-03
6.594386417418718338e-03
6.545657292008399963e-03
6.482109893113374710e-03
6.536962464451789856e-03
6.463527213782072067e-03
6.526001729071140289e-03
6.481445860117673874e-03
6.462641991674900055e-03
6.363421212881803513e-03
6.402865052223205566e-03
6.326705217361450195e-03
6.364825647324323654e-03
6.372384261339902878e-03
6.356900092214345932e-03
6.356996018439531326e-03
6.248419638723134995e-03
6.338486447930335999e-03
6.353275850415229797e-03
6.250489968806505203e-03
6.270165555179119110e-03
6.191017106175422668e-03
6.211367901414632797e-03
6.118168588727712631e-03
6.083727348595857620e-03
6.148785818368196487e-03
6.120861042290925980e-03
6.184212397783994675e-03
6.095324177294969559e-03
6.119471043348312378e-03
6.118373014032840729e-03
6.101881619542837143e-03
6.096643395721912384e-03
6.077007390558719635e-03
5.993459839373826981e-03
6.008292548358440399e-03
6.040432490408420563e-03
5.983279552310705185e-03
5.987978074699640274e-03
6.029545329511165619e-03
5.883698351681232452e-03
5.862613674253225327e-03
5.911768414080142975e-03
5.920441821217536926e-03
5.878152325749397278e-03
5.987518932670354843e-03
5.853663198649883270e-03
5.890825297683477402e-03
5.853964015841484070e-03
5.865765735507011414e-03
5.789574235677719116e-03
5.700712092220783234e-03
5.779921077191829681e-03
5.720289889723062515e-03
5.803468171507120132e-03
5.700689740478992462e-03
5.729089025408029556e-03
5.731758661568164825e-03
5.760965403169393539e-03
5.698449444025754929e-03
5.661479197442531586e-03
5.676859058439731598e-03
5.633632652461528778e-03
5.637241993099451065e-03
5.626532714813947678e-03
5.653445608913898468e-03
5.643275100737810135e-03
5.686216987669467926e-03
5.562609992921352386e-03
5.601795390248298645e-03
5.672235041856765747e-03
5.573861300945281982e-03
5.560451652854681015e-03
5.558325443416833878e-03
5.494664423167705536e-03
5.556235089898109436e-03
5.528055597096681595e-03
5.508980248123407364e-03
5.556941498070955276e-03
5.460981279611587524e-03
5.468994844704866409e-03
5.468129646033048630e-03
5.477602593600749969e-03
5.525816697627305984e-03
5.447996780276298523e-03
5.480219610035419464e-03
5.399299785494804382e-03
5.365860648453235626e-03
5.362605210393667221e-03
5.419822875410318375e-03
5.402002483606338501e-03
5.419325549155473709e-03
5.331872496753931046e-03
5.306469742208719254e-03
5.368833430111408234e-03
5.345081444829702377e-03
5.311920773237943649e-03
5.388183053582906723e-03
5.369817838072776794e-03
5.365082994103431702e-03
5.277052987366914749e-03
5.249101202934980392e-03
5.367999896407127380e-03
5.204549059271812439e-03
5.251597147434949875e-03
5.292295943945646286e-03
5.224580410867929459e-03
5.235112272202968597e-03
5.324883386492729187e-03
5.236564669758081436e-03
5.199486389756202698e-03
5.172838456928730011e-03
5.148951429873704910e-03
5.195851437747478485e-03
5.115577485412359238e-03
5.183215253055095673e-03
5.131434649229049683e-03
5.165452603250741959e-03
5.140545777976512909e-03
5.135182756930589676e-03
5.199023988097906113e-03
5.092429462820291519e-03
5.135250743478536606e-03
5.061971489340066910e-03
5.022964440286159515e-03
5.074878223240375519e-03
5.028502549976110458e-03
5.053829401731491089e-03
5.123667884618043900e-03
5.081144161522388458e-03
5.024389829486608505e-03
4.950968548655509949e-03
5.058502312749624252e-03
5.086236167699098587e-03
4.977589007467031479e-03
4.981027450412511826e-03
4.977087490260601044e-03
4.980253987014293671e-03
5.020443815737962723e-03
4.929732531309127808e-03
5.037314258515834808e-03
5.041111726313829422e-03
4.923845641314983368e-03
4.958251491189002991e-03
4.951103124767541885e-03
4.943323321640491486e-03
4.844441078603267670e-03
4.991505760699510574e-03
4.883107729256153107e-03
4.900816828012466431e-03
4.932959098368883133e-03
4.849410150200128555e-03
4.861856345087289810e-03
4.948604386299848557e-03
4.847297444939613342e-03
4.867815412580966949e-03
4.851147066801786423e-03
4.864822607487440109e-03
4.854094237089157104e-03
4.901399370282888412e-03
4.890314303338527679e-03
4.799867514520883560e-03
4.757838789373636246e-03
4.779970273375511169e-03
4.745881538838148117e-03
4.887325223535299301e-03
4.784666933119297028e-03
4.806196317076683044e-03
4.804722033441066742e-03
4.765656776726245880e-03
4.759748931974172592e-03
4.764101002365350723e-03
4.754164256155490875e-03
4.777787253260612488e-03
4.704725462943315506e-03
4.751120228320360184e-03
4.772869870066642761e-03
4.748366773128509521e-03
4.708165302872657776e-03
4.715736955404281616e-03
4.663262050598859787e-03
4.668953828513622284e-03
4.757475573569536209e-03
4.741062875837087631e-03
4.678937140852212906e-03
4.662310238927602768e-03
4.616674967110157013e-03
4.661675542593002319e-03
4.698067437857389450e-03
4.654193297028541565e-03
4.657777026295661926e-03
4.628557246178388596e-03
4.621829837560653687e-03
4.600724205374717712e-03
4.639946389943361282e-03
4.643914755433797836e-03
4.653774667531251907e-03
4.586603026837110519e-03
4.613230936229228973e-03
4.548912867903709412e-03
4.605228081345558167e-03
4.592974670231342316e-03
4.589642398059368134e-03
4.546947777271270752e-03
4.594453610479831696e-03
4.528397694230079651e-03
4.478611517697572708e-03
4.547432996332645416e-03
4.500154405832290649e-03
4.582623485475778580e-03
4.520155489444732666e-03
4.503696225583553314e-03
4.520844668149948120e-03
4.586256109178066254e-03
4.496744833886623383e-03
4.558512475341558456e-03
4.425702616572380066e-03
4.561883397400379181e-03
4.496927373111248016e-03
4.444283433258533478e-03
4.471662454307079315e-03
4.495359025895595551e-03
4.530102480202913284e-03
4.485751036554574966e-03
4.425319842994213104e-03
4.480499774217605591e-03
4.435159265995025635e-03
4.492689389735460281e-03
4.409571643918752670e-03
4.432304296642541885e-03
4.451551008969545364e-03
4.460733849555253983e-03
4.434652626514434814e-03
4.360312595963478088e-03
4.412908107042312622e-03
4.437928088009357452e-03
4.355750977993011475e-03
4.381114151328802109e-03
4.445983096957206726e-03
4.349636845290660858e-03
4.384571220725774765e-03
4.406382329761981964e-03
4.374364856630563736e-03
4.381196573376655579e-03
4.360858816653490067e-03
4.334725439548492432e-03
4.369425587356090546e-03
4.381953272968530655e-03
4.336779471486806870e-03
4.357214085757732391e-03
4.361242055892944336e-03
4.286619368940591812e-03
4.286945797502994537e-03
4.318637307733297348e-03
4.329119808971881866e-03
4.312068689614534378e-03
4.295025952160358429e-03
4.299025051295757294e-03
4.277109634131193161e-03
4.331265576183795929e-03
4.264727700501680374e-03
4.289547447115182877e-03
4.303260240703821182e-03
4.237408284097909927e-03
4.310999065637588501e-03
4.263948649168014526e-03
4.304443486034870148e-03
4.301234148442745209e-03
4.262312315404415131e-03
4.268085118383169174e-03
4.263733047991991043e-03
4.274022299796342850e-03
4.209766164422035217e-03
4.228194709867238998e-03
4.265919793397188187e-03
4.195322748273611069e-03
4.251163918524980545e-03
4.200140945613384247e-03
4.274802748113870621e-03
4.280556458979845047e-03
4.219253547489643097e-03
4.221179056912660599e-03
4.173194989562034607e-03
4.213733132928609848e-03
4.222702700644731522e-03
4.149238578975200653e-03
4.101471044123172760e-03
4.192146472632884979e-03
4.207239951938390732e-03
4.260962828993797302e-03
4.193987231701612473e-03
4.132038913667201996e-03
4.121327307075262070e-03
4.122370854020118713e-03
4.224295727908611298e-03
