6.416719406843185425e-02
2.269703894853591919e-02
1.748323254287242889e-02
1.534004230052232742e-02
1.359042525291442871e-02
1.232793647795915604e-02
1.136248558759689331e-02
1.046916376799345016e-02
9.659345261752605438e-03
8.929140865802764893e-03
8.400396443903446198e-03
7.964780554175376892e-03
7.407923229038715363e-03
7.080934010446071625e-03
6.788927596062421799e-03
6.242002826184034348e-03
6.062652915716171265e-03
5.786827765405178070e-03
5.607211496680974960e-03
5.411852616816759109e-03
5.094199907034635544e-03
5.054719746112823486e-03
4.792736377567052841e-03
4.715760238468647003e-03
4.581916145980358124e-03
4.372222349047660828e-03
4.429621621966362000e-03
4.020012449473142624e-03
4.075418692082166672e-03
4.047780763357877731e-03
3.801600541919469833e-03
3.845913801342248917e-03
3.707308555021882057e-03
3.675766289234161377e-03
3.498425241559743881e-03
3.411315847188234329e-03
3.488235874101519585e-03
3.382491413503885269e-03
3.248162101954221725e-03
3.240540390834212303e-03
3.257363568991422653e-03
3.137417137622833252e-03
2.987232059240341187e-03
3.166756359860301018e-03
3.026559250429272652e-03
3.009757027029991150e-03
2.872110111638903618e-03
2.917814766988158226e-03
2.930904272943735123e-03
2.867494011297821999e-03
2.766778459772467613e-03
2.811714541167020798e-03
2.594284014776349068e-03
2.724044257774949074e-03
2.551999175921082497e-03
2.588322386145591736e-03
2.531663980334997177e-03
2.751879161223769188e-03
2.479715738445520401e-03
2.466754755005240440e-03
2.427793340757489204e-03
2.500356407836079597e-03
2.474535023793578148e-03
2.384855179116129875e-03
2.410906832665205002e-03
2.313311211764812469e-03
2.362076658755540848e-03
2.409937093034386635e-03
2.292310586199164391e-03
2.292681019753217697e-03
2.303427783772349358e-03
2.340983599424362183e-03
2.204295480623841286e-03
2.216605003923177719e-03
2.186340978369116783e-03
2.163405530154705048e-03
2.200024668127298355e-03
2.230260986834764481e-03
2.168329199776053429e-03
2.149753971025347710e-03
1.948532066307961941e-03
2.094095107167959213e-03
2.066379878669977188e-03
2.016060985624790192e-03
2.120483899489045143e-03
1.921345945447683334e-03
2.024984918534755707e-03
2.009137300774455070e-03
1.953402068465948105e-03
1.958125736564397812e-03
1.951901474967598915e-03
1.963626593351364136e-03
1.918868045322597027e-03
1.958987908437848091e-03
1.853189314715564251e-03
1.860251766629517078e-03
1.874855952337384224e-03
1.784506952390074730e-03
1.906312187202274799e-03
1.815948518924415112e-03
1.805253443308174610e-03
1.869652536697685719e-03
1.690156757831573486e-03
1.811631722375750542e-03
1.736337435431778431e-03
1.831915113143622875e-03
1.773732714354991913e-03
1.862679724581539631e-03
1.661370624788105488e-03
1.830073306336998940e-03
1.701637869700789452e-03
1.689764554612338543e-03
1.738928956910967827e-03
1.689482713118195534e-03
1.663180883042514324e-03
1.681194524280726910e-03
1.698928419500589371e-03
1.651088939979672432e-03
1.569718355312943459e-03
1.685388153418898582e-03
1.567463856190443039e-03
1.651186379604041576e-03
1.510477974079549313e-03
1.671151490882039070e-03
1.561517710797488689e-03
1.513411174528300762e-03
1.528811757452785969e-03
1.583363860845565796e-03
1.626760815270245075e-03
1.563498401083052158e-03
1.505685853771865368e-03
1.492819632403552532e-03
1.516763353720307350e-03
1.537625794298946857e-03
1.533815986476838589e-03
1.631667721085250378e-03
1.415621489286422729e-03
1.622932031750679016e-03
1.433137804269790649e-03
1.506818109191954136e-03
1.531435176730155945e-03
1.415556296706199646e-03
1.455940539017319679e-03
1.471737399697303772e-03
1.461712061427533627e-03
1.439051935449242592e-03
1.352101215161383152e-03
1.550241140648722649e-03
1.411616802215576172e-03
1.442267908714711666e-03
1.301546813920140266e-03
1.361282775178551674e-03
1.484776963479816914e-03
1.394913415424525738e-03
1.526397536508738995e-03
1.360291382297873497e-03
1.346525154076516628e-03
1.439707120880484581e-03
1.375108258798718452e-03
1.363157061859965324e-03
1.350528444163501263e-03
1.493258052505552769e-03
1.245956169441342354e-03
1.356799388304352760e-03
1.338133355602622032e-03
1.288756495341658592e-03
1.374841900542378426e-03
1.325802993960678577e-03
1.253953203558921814e-03
1.396562322042882442e-03
1.382190268486738205e-03
1.235559466294944286e-03
1.316037378273904324e-03
1.396462554112076759e-03
1.322410418651998043e-03
1.262630219571292400e-03
1.407324452884495258e-03
1.231357222422957420e-03
1.235929783433675766e-03
1.275478512980043888e-03
1.240872079506516457e-03
1.205039676278829575e-03
1.337158144451677799e-03
1.181058934889733791e-03
1.258677919395267963e-03
1.280701486393809319e-03
1.243559061549603939e-03
1.136998995207250118e-03
1.263282843865454197e-03
1.272324705496430397e-03
1.247846405021846294e-03
1.222976366989314556e-03
1.206710818223655224e-03
1.197791541926562786e-03
1.253311638720333576e-03
1.116487663239240646e-03
1.301542040891945362e-03
1.261371304281055927e-03
1.194499316625297070e-03
1.151096308603882790e-03
1.127057243138551712e-03
1.270804903469979763e-03
1.234554336406290531e-03
1.247272244654595852e-03
1.087963581085205078e-03
1.220715581439435482e-03
1.240592100657522678e-03
1.149472198449075222e-03
1.204565167427062988e-03
1.091080135665833950e-03
1.181903295218944550e-03
1.033365959301590919e-03
1.224846695549786091e-03
1.111131394281983376e-03
1.231729635037481785e-03
1.086218398995697498e-03
1.177515368908643723e-03
1.120007131248712540e-03
1.055328524671494961e-03
1.146279275417327881e-03
1.019080169498920441e-03
1.253510476090013981e-03
1.071659149602055550e-03
1.190938637591898441e-03
1.183675485663115978e-03
1.139844185672700405e-03
1.128813019022345543e-03
1.057224348187446594e-03
1.141639659181237221e-03
1.043639378622174263e-03
1.069894060492515564e-03
1.132799079641699791e-03
1.034212182275950909e-03
1.077747321687638760e-03
1.082593807950615883e-03
1.106314593926072121e-03
1.109878532588481903e-03
1.034328248351812363e-03
1.088403863832354546e-03
1.117938198149204254e-03
1.070268219336867332e-03
1.088050892576575279e-03
1.048767706379294395e-03
1.150215510278940201e-03
9.790238691493868828e-04
1.042961841449141502e-03
1.045234850607812405e-03
1.077133696526288986e-03
1.007271232083439827e-03
9.635130991227924824e-04
1.089974190108478069e-03
1.025089528411626816e-03
1.001729513518512249e-03
1.057383022271096706e-03
1.164108281955122948e-03
9.802286513149738312e-04
1.110212178900837898e-03
1.136052189394831657e-03
9.711311431601643562e-04
9.804312139749526978e-04
1.060625305399298668e-03
1.004058402031660080e-03
1.026178593747317791e-03
1.066931639797985554e-03
1.046068151481449604e-03
1.048798556439578533e-03
9.948958177119493484e-04
1.028352300636470318e-03
1.022311276756227016e-03
9.480607695877552032e-04
1.008720020763576031e-03
9.999325266107916832e-04
9.839672129601240158e-04
1.003379351459443569e-03
9.779853280633687973e-04
9.846204193308949471e-04
9.979392634704709053e-04
9.859882993623614311e-04
9.615942835807800293e-04
9.834847878664731979e-04
9.908563224598765373e-04
9.888208005577325821e-04
8.679405436851084232e-04
1.019996707327663898e-03
9.994643041864037514e-04
1.005526049993932247e-03
9.320039534941315651e-04
1.008936902508139610e-03
9.076652349904179573e-04
1.042957301251590252e-03
8.701742044650018215e-04
1.059362082742154598e-03
8.610698860138654709e-04
1.029342995025217533e-03
9.845985332503914833e-04
1.002480508759617805e-03
9.107680525630712509e-04
9.601206984370946884e-04
9.824051521718502045e-04
1.018013223074376583e-03
9.432873921468853951e-04
9.798891842365264893e-04
9.300103993155062199e-04
1.051805214956402779e-03
1.036980189383029938e-03
8.845872944220900536e-04
1.024562399834394455e-03
9.173301514238119125e-04
9.086726931855082512e-04
9.161813650280237198e-04
9.464694885537028313e-04
8.807202102616429329e-04
1.018680515699088573e-03
8.253406267613172531e-04
1.026190235279500484e-03
8.990636561065912247e-04
8.511160849593579769e-04
8.922507404349744320e-04
9.532427066005766392e-04
9.206447866745293140e-04
8.605732000432908535e-04
1.033788546919822693e-03
7.995388587005436420e-04
9.688728605397045612e-04
8.805065299384295940e-04
1.024624682031571865e-03
8.035911596380174160e-04
9.097144939005374908e-04
8.627669303677976131e-04
9.847594192251563072e-04
8.772196015343070030e-04
8.983245934359729290e-04
8.216231362894177437e-04
9.110316168516874313e-04
8.689130772836506367e-04
8.631405071355402470e-04
9.920060401782393456e-04
8.546702447347342968e-04
7.421427872031927109e-04
9.479656000621616840e-04
7.698841509409248829e-04
9.435697575099766254e-04
8.033188059926033020e-04
8.774488233029842377e-04
8.774356101639568806e-04
8.874048362486064434e-04
8.571636280976235867e-04
9.129926911555230618e-04
8.809351711533963680e-04
8.644152549095451832e-04
7.773055112920701504e-04
8.909215684980154037e-04
8.655095007270574570e-04
8.389969589188694954e-04
9.282618411816656590e-04
7.887625833973288536e-04
8.009602315723896027e-04
9.077415452338755131e-04
8.414153126068413258e-04
7.730007637292146683e-04
8.426937856711447239e-04
8.505028672516345978e-04
8.195783593691885471e-04
1.009179162792861462e-03
7.925584795884788036e-04
8.184997714124619961e-04
8.841725066304206848e-04
8.388313581235706806e-04
8.351421565748751163e-04
7.841742481105029583e-04
9.204926318489015102e-04
7.840164471417665482e-04
8.767957915551960468e-04
8.838133653625845909e-04
7.884955848567187786e-04
7.738803979009389877e-04
7.920645293779671192e-04
9.070095838978886604e-04
7.362538599409162998e-04
8.902820409275591373e-04
8.013687329366803169e-04
8.427217253483831882e-04
7.674461812712252140e-04
8.052210905589163303e-04
8.390510338358581066e-04
8.394598844461143017e-04
8.060153922997415066e-04
7.945257239043712616e-04
8.043895941227674484e-04
8.328779367730021477e-04
7.914490997791290283e-04
8.492845809087157249e-04
7.786994101479649544e-04
8.036916842684149742e-04
8.133999072015285492e-04
8.311175624839961529e-04
7.904117810539901257e-04
7.374413544312119484e-04
8.269614190794527531e-04
6.925493944436311722e-04
9.635650785639882088e-04
7.369364029727876186e-04
7.917945622466504574e-04
8.199113653972744942e-04
7.750588702037930489e-04
7.546503329649567604e-04
8.146474719978868961e-04
7.948396960273385048e-04
7.714286330156028271e-04
8.040811517275869846e-04
7.554971962235867977e-04
7.750224904157221317e-04
7.919474155642092228e-04
7.893781294114887714e-04
8.019975502975285053e-04
7.645865553058683872e-04
7.925960817374289036e-04
6.991307600401341915e-04
7.673169020563364029e-04
7.699797279201447964e-04
7.656734087504446507e-04
8.056930382736027241e-04
7.422744529321789742e-04
8.147928165271878242e-04
7.529226713813841343e-04
7.739192224107682705e-04
7.072502630762755871e-04
7.973361061885952950e-04
7.408348610624670982e-04
7.627143058925867081e-04
7.429143297486007214e-04
7.575644413009285927e-04
8.010864257812500000e-04
7.792470278218388557e-04
7.529646973125636578e-04
7.641176925972104073e-04
7.689151098020374775e-04
7.258898694999516010e-04
7.894219015724956989e-04
6.811032071709632874e-04
8.260609465651214123e-04
7.128160214051604271e-04
7.709255442023277283e-04
7.870969711802899837e-04
7.766727940179407597e-04
7.290187641046941280e-04
7.315035327337682247e-04
8.491776534356176853e-04
6.731689209118485451e-04
7.033493020571768284e-04
6.654197932220995426e-04
7.948025595396757126e-04
7.112870807759463787e-04
8.208792423829436302e-04
7.536978228017687798e-04
7.183513371273875237e-04
8.067756425589323044e-04
6.424553575925529003e-04
7.324095349758863449e-04
7.603587582707405090e-04
7.010484114289283752e-04
6.751301698386669159e-04
7.634580251760780811e-04
7.523095700889825821e-04
7.169950404204428196e-04
7.409988902509212494e-04
7.487671100534498692e-04
6.751175969839096069e-04
6.887785275466740131e-04
6.863069138489663601e-04
8.120814454741775990e-04
7.450978155247867107e-04
6.714246119372546673e-04
6.747365696355700493e-04
7.872565183788537979e-04
7.149126613512635231e-04
7.304313476197421551e-04
8.087482419796288013e-04
7.530420552939176559e-04
7.239900296553969383e-04
6.512178224511444569e-04
7.689163903705775738e-04
6.894274265505373478e-04
7.515436736866831779e-04
7.242631400004029274e-04
6.679804646410048008e-04
7.212614291347563267e-04
7.644830620847642422e-04
7.451344281435012817e-04
7.349656079895794392e-04
7.145859999582171440e-04
6.805199664086103439e-04
6.579385371878743172e-04
8.059050305746495724e-04
6.944461492821574211e-04
6.539928726851940155e-04
7.832943811081349850e-04
7.246346795000135899e-04
6.988942041061818600e-04
7.015833398327231407e-04
6.958033191040158272e-04
7.347284117713570595e-04
7.527098641730844975e-04
6.253664614632725716e-04
6.352490163408219814e-04
7.122386596165597439e-04
7.127273711375892162e-04
7.721335277892649174e-04
7.179080857895314693e-04
7.331495871767401695e-04
6.857587140984833241e-04
6.894516409374773502e-04
6.246670964173972607e-04
7.524310494773089886e-04
6.761858239769935608e-04
6.732126930728554726e-04
7.125678821466863155e-04
6.519865710288286209e-04
7.313269306905567646e-04
6.014396203681826591e-04
6.493125692941248417e-04
7.291784277185797691e-04
6.597529281862080097e-04
6.768368184566497803e-04
7.060788921080529690e-04
6.782999262213706970e-04
7.126532727852463722e-04
6.725699640810489655e-04
6.429495406337082386e-04
6.197405164130032063e-04
6.673372117802500725e-04
7.065646932460367680e-04
6.185829406604170799e-04
6.969905807636678219e-04
6.484928890131413937e-04
6.631051655858755112e-04
6.794932414777576923e-04
6.597768515348434448e-04
6.747447769157588482e-04
6.674408796243369579e-04
6.348331226035952568e-04
7.507195696234703064e-04
6.690228474326431751e-04
6.305721472017467022e-04
6.113799172453582287e-04
6.646914407610893250e-04
5.853277398273348808e-04
7.326510385610163212e-04
6.487084319815039635e-04
6.668514688499271870e-04
6.401417776942253113e-04
6.403938750736415386e-04
6.246158154681324959e-04
7.564091938547790051e-04
6.651380681432783604e-04
6.005935138091444969e-04
7.186723523773252964e-04
6.823593867011368275e-04
6.899860454723238945e-04
6.316194194369018078e-04
7.059791823849081993e-04
7.080947398208081722e-04
6.265881820581853390e-04
6.087703513912856579e-04
6.018838612362742424e-04
6.567415548488497734e-04
6.896688719280064106e-04
6.176143651828169823e-04
5.931058549322187901e-04
7.852794951759278774e-04
5.655303830280900002e-04
6.605018861591815948e-04
6.644562818109989166e-04
6.391856004483997822e-04
5.890835309401154518e-04
6.529428646899759769e-04
6.781241390854120255e-04
6.113072158768773079e-04
6.699291989207267761e-04
6.084711640141904354e-04
6.664452957920730114e-04
6.456691189669072628e-04
6.273717153817415237e-04
6.064068875275552273e-04
5.844970582984387875e-04
7.039229967631399632e-04
6.678937352262437344e-04
5.687201046384871006e-04
6.837502005510032177e-04
6.649820134043693542e-04
6.749776657670736313e-04
5.323091172613203526e-04
6.589358090423047543e-04
7.668118341825902462e-04
5.696313455700874329e-04
6.353483186103403568e-04
6.429937784560024738e-04
5.918246461078524590e-04
6.322297849692404270e-04
6.312808254733681679e-04
5.911506596021354198e-04
6.245294935069978237e-04
5.848550936207175255e-04
6.053585093468427658e-04
6.953185657039284706e-04
5.999581771902740002e-04
6.130083347670733929e-04
5.982742877677083015e-04
6.157517782412469387e-04
5.478461971506476402e-04
6.343921413645148277e-04
5.984286544844508171e-04
6.352080963551998138e-04
6.600993219763040543e-04
5.757050821557641029e-04
6.273501203395426273e-04
6.738931988365948200e-04
5.715222214348614216e-04
6.295538041740655899e-04
6.544408388435840607e-04
5.439624073915183544e-04
6.291983299888670444e-04
6.356337689794600010e-04
5.767882103100419044e-04
6.799132097512483597e-04
5.667695077136158943e-04
5.947231547906994820e-04
6.660635699518024921e-04
5.608017672784626484e-04
6.093513220548629761e-04
6.439898861572146416e-04
6.053062388673424721e-04
6.461305893026292324e-04
5.289108958095312119e-04
6.550179095938801765e-04
6.170597625896334648e-04
6.185084930621087551e-04
6.116015720181167126e-04
5.593444220721721649e-04
6.674986216239631176e-04
5.943218711763620377e-04
6.261811358854174614e-04
5.672565894201397896e-04
6.123867933638393879e-04
5.592920933850109577e-04
5.759185878559947014e-04
6.404651212505996227e-04
6.513369153253734112e-04
5.936755915172398090e-04
6.089429953135550022e-04
6.632377626374363899e-04
5.740917404182255268e-04
5.765797686763107777e-04
6.350588519126176834e-04
5.731334094889461994e-04
6.868318887427449226e-04
6.037682760506868362e-04
5.449044983834028244e-04
6.306368159130215645e-04
5.895224167034029961e-04
6.443314487114548683e-04
6.646767724305391312e-04
5.848387954756617546e-04
5.513939540833234787e-04
6.382590509019792080e-04
6.428235210478305817e-04
6.568433018401265144e-04
5.976750981062650681e-04
5.942333373241126537e-04
6.116194417700171471e-04
6.596295861527323723e-04
5.542879807762801647e-04
5.650563980452716351e-04
6.387159228324890137e-04
6.141287158243358135e-04
5.784819368273019791e-04
6.855574320070445538e-04
5.025225109420716763e-04
6.095300195738673210e-04
5.502139101736247540e-04
5.886384751647710800e-04
5.832324968650937080e-04
5.776435136795043945e-04
5.618960130959749222e-04
5.936012603342533112e-04
5.662442999891936779e-04
5.912724300287663937e-04
5.328014376573264599e-04
5.756536265835165977e-04
5.842245882377028465e-04
5.644357297569513321e-04
5.752471624873578548e-04
6.003531743772327900e-04
5.673306877724826336e-04
5.053358036093413830e-04
6.119187455624341965e-04
5.963990697637200356e-04
6.692397291772067547e-04
5.825477419421076775e-04
5.038089002482593060e-04
5.503477295860648155e-04
5.685372161678969860e-04
6.431074580177664757e-04
6.188149563968181610e-04
5.526078166440129280e-04
6.431324873119592667e-04
5.591225344687700272e-04
5.974224186502397060e-04
5.664094933308660984e-04
5.202097818255424500e-04
5.741011118516325951e-04
5.788274575024843216e-04
5.585410399362444878e-04
5.318107432685792446e-04
5.519486148841679096e-04
6.334871868602931499e-04
5.475336802192032337e-04
5.986491451039910316e-04
5.770683055743575096e-04
5.486240843310952187e-04
5.466058501042425632e-04
5.596042610704898834e-04
5.380432121455669403e-04
5.669972160831093788e-04
5.310660926625132561e-04
5.243438645265996456e-04
5.644307821057736874e-04
6.312663899734616280e-04
5.568099441006779671e-04
5.035243229940533638e-04
5.419606459327042103e-04
5.487048183567821980e-04
5.315094604156911373e-04
6.851873476989567280e-04
5.798034253530204296e-04
5.431321333162486553e-04
5.007334402762353420e-04
6.171982968226075172e-04
6.046362686902284622e-04
5.207891808822751045e-04
5.124647868797183037e-04
5.372992600314319134e-04
5.811872542835772038e-04
5.763593362644314766e-04
5.634296685457229614e-04
5.756638711318373680e-04
5.375521141104400158e-04
5.758063052780926228e-04
5.782017251476645470e-04
5.845631239935755730e-04
5.553152295760810375e-04
5.399731453508138657e-04
5.468793679028749466e-04
5.248470115475356579e-04
6.407527835108339787e-04
5.439968663267791271e-04
5.319269257597625256e-04
5.409916630014777184e-04
5.190398078411817551e-04
6.399016128852963448e-04
5.467878654599189758e-04
5.070228362455964088e-04
5.639666342176496983e-04
5.968915065750479698e-04
5.100998678244650364e-04
5.544531159102916718e-04
5.841249367222189903e-04
5.960621638223528862e-04
5.044625140726566315e-04
5.393749452196061611e-04
5.460224347189068794e-04
5.574024980887770653e-04
5.586275365203619003e-04
5.290177068673074245e-04
5.129748606123030186e-04
5.647128564305603504e-04
6.029934738762676716e-04
4.899976775050163269e-04
5.623681936413049698e-04
4.859316395595669746e-04
5.324201774783432484e-04
5.099732661619782448e-04
5.605982732959091663e-04
5.721112829633057117e-04
5.268358509056270123e-04
4.984861589036881924e-04
5.938155227340757847e-04
5.660218885168433189e-04
5.356037872843444347e-04
5.064641591161489487e-04
6.045026821084320545e-04
4.969840520061552525e-04
5.550697096623480320e-04
5.287011153995990753e-04
5.418397486209869385e-04
5.975912790745496750e-04
5.616074195131659508e-04
5.502994754351675510e-04
5.756393074989318848e-04
5.619823350571095943e-04
5.783270462416112423e-04
4.781811148859560490e-04
6.208000122569501400e-04
5.196987185627222061e-04
5.612074746750295162e-04
5.965094314888119698e-04
4.472534055821597576e-04
6.778361275792121887e-04
5.110772908665239811e-04
4.903341759927570820e-04
5.377987981773912907e-04
6.098409066908061504e-04
5.010328604839742184e-04
4.943017265759408474e-04
5.193527904339134693e-04
5.888747982680797577e-04
5.860060919076204300e-04
5.436884821392595768e-04
5.075549706816673279e-04
5.687244120053946972e-04
5.249642417766153812e-04
5.277710151858627796e-04
5.459889653138816357e-04
5.651339888572692871e-04
5.287230596877634525e-04
5.194836412556469440e-04
4.941822262480854988e-04
5.453438498079776764e-04
5.811181617900729179e-04
4.790206439793109894e-04
5.204126355238258839e-04
5.249267560429871082e-04
4.845152434427291155e-04
5.808466230519115925e-04
4.618315142579376698e-04
5.228755762800574303e-04
5.053787026554346085e-04
5.305613158270716667e-04
5.029534222558140755e-04
5.591152585111558437e-04
5.444553098641335964e-04
5.647076759487390518e-04
4.798982699867337942e-04
5.689334939233958721e-04
5.267825326882302761e-04
5.155627732165157795e-04
4.556985513772815466e-04
5.629120860248804092e-04
4.793964035343378782e-04
5.300518241710960865e-04
5.262513877823948860e-04
4.820077447220683098e-04
5.757125327363610268e-04
5.199286970309913158e-04
5.033340421505272388e-04
5.686577642336487770e-04
4.833655257243663073e-04
5.736519815400242805e-04
5.844000843353569508e-04
4.658091638702899218e-04
4.899177583865821362e-04
5.490230396389961243e-04
5.304481019265949726e-04
4.572220786940306425e-04
5.019652307964861393e-04
5.329690175130963326e-04
5.497735692188143730e-04
5.175421247258782387e-04
5.467974115163087845e-04
4.819396999664604664e-04
4.966123378835618496e-04
5.785417743027210236e-04
5.496615776792168617e-04
5.100117414258420467e-04
4.877182946074754000e-04
5.036423681303858757e-04
5.140147404745221138e-04
5.328987608663737774e-04
5.252624978311359882e-04
4.771962121594697237e-04
5.091139464639127254e-04
5.232882685959339142e-04
5.308859981596469879e-04
4.906892427243292332e-04
5.432454054243862629e-04
5.561636062338948250e-04
5.038909148424863815e-04
5.500417901203036308e-04
4.611217009369283915e-04
5.656976136378943920e-04
5.243928171694278717e-04
4.809290403500199318e-04
5.515154916793107986e-04
5.399067886173725128e-04
5.009891465306282043e-04
5.188498180359601974e-04
5.356910987757146358e-04
4.656759265344589949e-04
4.865857190452516079e-04
5.268382374197244644e-04
4.988253349438309669e-04
5.426898715086281300e-04
4.880773194599896669e-04
5.351748550310730934e-04
4.392136179376393557e-04
5.285394727252423763e-04
5.606356426142156124e-04
4.642033600248396397e-04
4.763518809340894222e-04
5.243510240688920021e-04
4.855806764680892229e-04
5.350026767700910568e-04
5.339269991964101791e-04
4.652162606362253428e-04
5.221128230914473534e-04
5.602508317679166794e-04
4.550268640741705894e-04
4.490388382691890001e-04
5.778888007625937462e-04
4.999097436666488647e-04
5.282932543195784092e-04
4.602421249728649855e-04
4.694027011282742023e-04
4.927408881485462189e-04
4.802143084816634655e-04
5.440773093141615391e-04
4.638242244254797697e-04
4.953157622367143631e-04
5.042321281507611275e-04
4.547192947939038277e-04
5.714129656553268433e-04
4.755215195473283529e-04
5.665868520736694336e-04
4.573220794554799795e-04
4.395820142235606909e-04
5.474610952660441399e-04
4.400552134029567242e-04
5.213211989030241966e-04
4.620982508640736341e-04
4.737640847451984882e-04
4.997591604478657246e-04
5.134309176355600357e-04
5.004744743928313255e-04
4.771552921738475561e-04
5.375172477215528488e-04
4.598424420692026615e-04
4.814123094547539949e-04
4.488617414608597755e-04
5.160207510925829411e-04
5.289874388836324215e-04
4.826716030947864056e-04
5.328023689799010754e-04
4.638857499230653048e-04
5.161354783922433853e-04
4.688180924858897924e-04
4.701567522715777159e-04
5.031326436437666416e-04
4.665201995521783829e-04
4.483879019971936941e-04
5.328458501026034355e-04
5.273373681120574474e-04
4.558588552754372358e-04
4.869483527727425098e-04
5.374943139031529427e-04
5.271952832117676735e-04
4.224354634061455727e-04
4.970291629433631897e-04
5.115768290124833584e-04
5.572572699747979641e-04
4.561544337775558233e-04
4.352820978965610266e-04
5.321205244399607182e-04
4.941098741255700588e-04
4.492429143283516169e-04
5.161542794667184353e-04
5.326092941686511040e-04
5.046376609243452549e-04
4.904491943307220936e-04
5.122455768287181854e-04
4.494267923291772604e-04
4.939792561344802380e-04
4.818149609491229057e-04
4.563060356304049492e-04
4.690058121923357248e-04
4.573737969622015953e-04
4.578147782012820244e-04
5.120256100781261921e-04
4.608536255545914173e-04
4.586602735798805952e-04
4.651958006434142590e-04
4.336144484113901854e-04
4.898696206510066986e-04
5.024500424042344093e-04
4.770017985720187426e-04
4.620050021912902594e-04
4.446975653991103172e-04
5.837265052832663059e-04
4.335339472163468599e-04
4.352311952970921993e-04
5.211437819525599480e-04
4.844190552830696106e-04
5.013225600123405457e-04
4.819872847292572260e-04
4.883393994532525539e-04
4.236196400597691536e-04
4.748463979922235012e-04
5.072618369013071060e-04
4.872436402365565300e-04
4.796333669219166040e-04
4.812419065274298191e-04
4.533985047601163387e-04
4.469286359380930662e-04
4.603794950526207685e-04
4.901141510345041752e-04
4.605081048794090748e-04
4.905914538539946079e-04
5.080992705188691616e-04
5.170635995455086231e-04
4.659560217987746000e-04
4.659543046727776527e-04
4.623986606020480394e-04
5.077557289041578770e-04
4.349494411144405603e-04
5.015708156861364841e-04
4.597649676725268364e-04
4.893691511824727058e-04
4.648997855838388205e-04
4.594202619045972824e-04
4.516826593317091465e-04
4.157066287007182837e-04
5.118298577144742012e-04
5.233567208051681519e-04
4.687602631747722626e-04
4.366385401226580143e-04
4.297834530007094145e-04
4.521384253166615963e-04
4.529698926489800215e-04
4.847409727517515421e-04
4.517990455497056246e-04
4.740968579426407814e-04
4.563182301353663206e-04
4.521449154708534479e-04
4.574351769406348467e-04
4.817463050130754709e-04
4.510001162998378277e-04
4.220353730488568544e-04
4.522479430306702852e-04
5.405139527283608913e-04
5.014999187551438808e-04
4.324452893342822790e-04
4.520479706116020679e-04
4.719524295069277287e-04
4.971068119630217552e-04
4.560614470392465591e-04
4.651212657336145639e-04
4.832688427995890379e-04
4.121276724617928267e-04
5.216571153141558170e-04
4.550200537778437138e-04
4.833630227949470282e-04
4.836418083868920803e-04
4.627369926311075687e-04
3.946342621929943562e-04
4.629696777556091547e-04
4.744120524264872074e-04
4.833231796510517597e-04
4.473462468013167381e-04
4.751007072627544403e-04
4.407443630043417215e-04
4.483418597374111414e-04
4.791987303178757429e-04
4.438005853444337845e-04
4.254990199115127325e-04
4.631782649084925652e-04
4.909116541966795921e-04
4.811194376088678837e-04
4.814197891391813755e-04
5.115099484100937843e-04
4.595266364049166441e-04
4.600641841534525156e-04
4.355510754976421595e-04
4.688840417657047510e-04
4.512961022555828094e-04
4.734504618681967258e-04
4.458401817828416824e-04
4.799201851710677147e-04
4.228555771987885237e-04
4.540019435808062553e-04
5.619751755148172379e-04
4.481550713535398245e-04
4.263352311681956053e-04
4.799011803697794676e-04
4.999365191906690598e-04
4.195151850581169128e-04
4.555846680887043476e-04
4.472440632525831461e-04
3.990504483226686716e-04
4.671653732657432556e-04
4.306380869820713997e-04
4.434607981238514185e-04
4.636713129002600908e-04
5.320457275956869125e-04
4.217712266836315393e-04
5.339502240531146526e-04
4.570879391394555569e-04
4.275475512258708477e-04
5.386365810409188271e-04
4.342749016359448433e-04
4.228785401210188866e-04
4.857311141677200794e-04
4.043428052682429552e-04
4.621490952558815479e-04
4.411040281411260366e-04
4.385962965898215771e-04
4.536149499472230673e-04
4.693545342888683081e-04
4.444460792001336813e-04
4.078282217960804701e-04
4.753893881570547819e-04
4.405637155286967754e-04
4.310144868213683367e-04
4.438033502083271742e-04
4.878287727478891611e-04
4.326940397731959820e-04
4.345501365605741739e-04
4.546498239506036043e-04
4.626175505109131336e-04
4.276086401659995317e-04
4.605005669873207808e-04
4.299911961425095797e-04
5.070246406830847263e-04
4.258706467226147652e-04
4.202302079647779465e-04
4.441930796019732952e-04
4.459033953025937080e-04
4.567914002109318972e-04
4.728320054709911346e-04
3.864786995109170675e-04
4.291491932235658169e-04
4.655160300899296999e-04
4.533539176918566227e-04
4.720480937976390123e-04
4.570659075397998095e-04
4.531626764219254255e-04
4.268359043635427952e-04
4.520759976003319025e-04
4.262554284650832415e-04
4.218095273245126009e-04
4.319927247706800699e-04
3.962419868912547827e-04
4.484228556975722313e-04
4.519460198935121298e-04
4.239305853843688965e-04
4.561074310913681984e-04
4.501503135543316603e-04
4.421697522047907114e-04
3.975506406277418137e-04
4.378016456030309200e-04
4.011799464933574200e-04
4.475287860259413719e-04
4.476907197386026382e-04
4.425294755492359400e-04
4.653054638765752316e-04
3.965288342442363501e-04
4.555130435619503260e-04
4.018043109681457281e-04
4.401999467518180609e-04
4.312357341405004263e-04
4.127190040890127420e-04
4.419679171405732632e-04
5.382258677855134010e-04
4.736244154628366232e-04
4.691070935223251581e-04
3.900494484696537256e-04
5.138634005561470985e-04
5.081162671558558941e-04
3.829701163340359926e-04
4.322380409575998783e-04
4.951252485625445843e-04
4.158371884841471910e-04
4.496166657190769911e-04
4.792277468368411064e-04
4.643781576305627823e-04
4.654085496440529823e-04
4.216711095068603754e-04
4.686162865255028009e-04
4.397874872665852308e-04
4.379599704407155514e-04
4.653715004678815603e-04
5.010964814573526382e-04
4.344726912677288055e-04
4.132578033022582531e-04
4.136133065912872553e-04
4.733252862934023142e-04
4.785583005286753178e-04
3.907537320628762245e-04
4.222045827191323042e-04
3.937771834898740053e-04
4.773724067490547895e-04
4.200748517177999020e-04
4.223724245093762875e-04
3.968393721152096987e-04
4.701827419921755791e-04
4.649326729122549295e-04
4.140999226365238428e-04
4.000197513960301876e-04
4.427141684573143721e-04
4.397922020871192217e-04
4.174186615273356438e-04
4.085719992872327566e-04
4.502837255131453276e-04
3.851371293421834707e-04
5.048033199273049831e-04
4.172618500888347626e-04
4.258881672285497189e-04
4.113569157198071480e-04
4.848249373026192188e-04
4.460714699234813452e-04
4.914304590784013271e-04
3.904467448592185974e-04
4.801329632755368948e-04
3.996670420747250319e-04
4.825678479392081499e-04
4.972785245627164841e-04
3.663149254862219095e-04
4.982100217603147030e-04
4.303298483137041330e-04
4.483802767936140299e-04
4.677742545027285814e-04
4.199409449938684702e-04
4.125761624891310930e-04
4.751831875182688236e-04
4.216173256281763315e-04
4.169229068793356419e-04
5.387032288126647472e-04
3.900446754414588213e-04
4.851676931139081717e-04
4.459556075744330883e-04
4.350813396740704775e-04
4.416455340106040239e-04
4.669438349083065987e-04
4.053683660458773375e-04
4.448344116099178791e-04
4.217718960717320442e-04
4.165114951319992542e-04
4.361001483630388975e-04
4.201432166155427694e-04
4.869721014983952045e-04
4.329080693423748016e-04
4.102973034605383873e-04
4.741876036860048771e-04
4.047832917422056198e-04
4.185992293059825897e-04
4.120288358535617590e-04
4.290578362997621298e-04
4.398059973027557135e-04
4.076925688423216343e-04
4.301549342926591635e-04
4.035564488731324673e-04
3.996564482804387808e-04
4.588766605593264103e-04
4.264947783667594194e-04
3.968752862419933081e-04
4.416865413077175617e-04
3.947336517740041018e-04
4.036476020701229572e-04
4.392237751744687557e-04
4.084178945049643517e-04
4.070217255502939224e-04
4.686994943767786026e-04
4.183523706160485744e-04
4.186522855889052153e-04
4.111139860469847918e-04
4.185792931821197271e-04
4.104380495846271515e-04
4.103808314539492130e-04
4.686418105848133564e-04
3.833533846773207188e-04
3.694156766869127750e-04
3.948046069126576185e-04
4.635642399080097675e-04
4.245112068019807339e-04
4.812222905457019806e-04
3.893481625709682703e-04
3.995786246377974749e-04
4.613771452568471432e-04
3.822398139163851738e-04
4.199571267236024141e-04
3.986196534242480993e-04
4.518239584285765886e-04
4.630820185411721468e-04
3.778499958571046591e-04
4.876380844507366419e-04
4.413626156747341156e-04
4.314247635193169117e-04
3.974304418079555035e-04
4.509533464442938566e-04
4.180707910563796759e-04
4.199485701974481344e-04
3.809232730418443680e-04
4.199997929390519857e-04
4.334495170041918755e-04
4.558640939649194479e-04
4.198496753815561533e-04
4.067031841259449720e-04
4.127676074858754873e-04
4.543179529719054699e-04
4.264844465069472790e-04
4.434326256159693003e-04
4.022140055894851685e-04
4.110404115635901690e-04
4.310053773224353790e-04
4.108436114620417356e-04
4.314746474847197533e-04
4.395674332045018673e-04
4.227797908242791891e-04
3.964420175179839134e-04
4.148679145146161318e-04
3.689168079290539026e-04
4.724933532997965813e-04
3.877175622619688511e-04
4.448160761967301369e-04
4.183270502835512161e-04
4.118921642657369375e-04
4.460083437152206898e-04
4.389050009194761515e-04
3.856569528579711914e-04
4.186472797300666571e-04
3.876804839819669724e-04
4.481424402911216021e-04
3.761585103347897530e-04
4.849312826991081238e-04
4.379363672342151403e-04
4.062232037540525198e-04
4.229825863149017096e-04
3.728070878423750401e-04
3.855818649753928185e-04
4.070781287737190723e-04
4.342714382801204920e-04
4.691367503255605698e-04
4.224257427267730236e-04
4.262593865860253572e-04
4.226634628139436245e-04
4.194148932583630085e-04
3.943503252230584621e-04
4.081130900885909796e-04
4.582577093970030546e-04
4.110645677428692579e-04
3.714514023158699274e-04
4.615183861460536718e-04
4.016983439214527607e-04
3.617870097514241934e-04
3.760735853575170040e-04
4.733891983050853014e-04
4.254994273651391268e-04
3.683858667500317097e-04
4.274459788575768471e-04
4.298994608689099550e-04
3.977871092502027750e-04
4.099072539247572422e-04
4.056323086842894554e-04
3.692728641908615828e-04
4.169563762843608856e-04
3.676689520943909883e-04
4.596780636347830296e-04
3.831497451756149530e-04
4.563847905956208706e-04
3.698280197568237782e-04
4.324270121287554502e-04
3.993854334112256765e-04
4.386878572404384613e-04
3.890082589350640774e-04
4.154604393988847733e-04
4.000939370598644018e-04
4.306812188588082790e-04
3.663588431663811207e-04
4.179345269221812487e-04
3.991810954175889492e-04
4.322823951952159405e-04
4.123208054807037115e-04
3.800418344326317310e-04
3.985236980952322483e-04
4.310766817070543766e-04
4.518670903053134680e-04
4.191389598418027163e-04
3.816926910076290369e-04
4.181264957878738642e-04
4.295790567994117737e-04
4.490352584980428219e-04
3.774349170271307230e-04
4.235043597873300314e-04
3.524465428199619055e-04
3.949680249206721783e-04
4.063701489940285683e-04
3.967429511249065399e-04
4.588554438669234514e-04
3.721725952345877886e-04
4.458320036064833403e-04
4.079692880623042583e-04
3.764391003642231226e-04
4.320021253079175949e-04
4.042887594550848007e-04
3.769015311263501644e-04
3.781411214731633663e-04
3.964774950873106718e-04
3.881579905282706022e-04
4.076753975823521614e-04
3.719812666531652212e-04
4.444886290002614260e-04
4.112880851607769728e-04
4.063005035277456045e-04
3.775489458348602057e-04
4.291106306482106447e-04
4.360767779871821404e-04
4.332352546043694019e-04
4.010104748886078596e-04
4.191022890154272318e-04
3.740108222700655460e-04
4.119311925023794174e-04
3.540848556440323591e-04
3.445784968789666891e-04
4.427590756677091122e-04
4.415005678310990334e-04
4.072767624165862799e-04
3.399079432711005211e-04
3.902114403899759054e-04
4.270306089892983437e-04
4.265439929440617561e-04
4.133459588047116995e-04
4.029169213026762009e-04
3.905591147486120462e-04
4.350967356003820896e-04
4.039056657347828150e-04
4.093792522326111794e-04
3.848148044198751450e-04
4.313475219532847404e-04
3.915779816452413797e-04
3.919198934454470873e-04
3.949627862311899662e-04
3.805151791311800480e-04
4.105722473468631506e-04
4.299634601920843124e-04
3.600335621740669012e-04
4.093282332178205252e-04
3.769765025936067104e-04
3.849041531793773174e-04
3.676881897263228893e-04
3.800359554588794708e-04
4.174430505372583866e-04
4.035395977552980185e-04
3.914887493010610342e-04
4.171452019363641739e-04
3.812526410911232233e-04
4.097480268683284521e-04
3.668084100354462862e-04
4.020702908746898174e-04
4.147500148974359035e-04
4.285011382307857275e-04
3.585374506656080484e-04
4.161178949289023876e-04
3.685485571622848511e-04
3.874749818351119757e-04
3.994100843556225300e-04
4.116535710636526346e-04
3.544843348208814859e-04
4.264173039700835943e-04
4.104179388377815485e-04
3.958742308896034956e-04
3.641659859567880630e-04
3.673383616842329502e-04
4.059879865963011980e-04
4.098073986824601889e-04
4.005839873570948839e-04
3.637617919594049454e-04
4.012706631328910589e-04
4.072199808433651924e-04
4.209636244922876358e-04
4.271803481969982386e-04
3.546577354427427053e-04
3.502466715872287750e-04
4.210917104501277208e-04
4.047936818096786737e-04
3.782472049351781607e-04
4.272663500159978867e-04
3.987214877270162106e-04
3.612485597841441631e-04
4.189921892248094082e-04
4.480316711124032736e-04
3.742047701962292194e-04
3.900266310665756464e-04
4.580217937473207712e-04
3.893973189406096935e-04
3.861229924950748682e-04
3.921077586710453033e-04
3.966226940974593163e-04
3.772912605199962854e-04
4.612789198290556669e-04
3.719516680575907230e-04
4.101538797840476036e-04
3.624589880928397179e-04
4.095781187061220407e-04
3.850946377497166395e-04
3.587945248000323772e-04
3.826993342954665422e-04
4.159444360993802547e-04
4.101583908777683973e-04
3.811047354247421026e-04
3.704028204083442688e-04
3.614948655012995005e-04
4.313778772484511137e-04
3.704681003000587225e-04
3.853468515444546938e-04
3.576871531549841166e-04
3.978470340371131897e-04
3.533131384756416082e-04
3.825825697276741266e-04
3.899115545209497213e-04
3.472617245279252529e-04
3.625185927376151085e-04
3.906514029949903488e-04
3.914482658728957176e-04
3.903846372850239277e-04
3.934627166017889977e-04
4.013876896351575851e-04
3.937279107049107552e-04
3.358950780238956213e-04
4.237951361574232578e-04
3.508168156258761883e-04
3.989024553447961807e-04
4.221903218422085047e-04
3.477641439530998468e-04
4.349784285295754671e-04
3.815086383838206530e-04
3.280978999100625515e-04
3.763699496630579233e-04
3.938130685128271580e-04
3.794779477175325155e-04
3.664289542939513922e-04
3.864191530738025904e-04
4.113559261895716190e-04
3.831171779893338680e-04
3.885045589413493872e-04
3.627468249760568142e-04
4.201245319563895464e-04
3.299567324575036764e-04
4.316832637414336205e-04
3.574636939447373152e-04
4.639285034500062466e-04
3.533488197717815638e-04
4.031925345771014690e-04
3.780377446673810482e-04
3.759658720809966326e-04
4.016432794742286205e-04
3.527283261064440012e-04
3.584560763556510210e-04
4.160599200986325741e-04
3.285016573499888182e-04
4.495090397540479898e-04
4.008633550256490707e-04
3.362988354638218880e-04
3.467578208073973656e-04
3.654146858025342226e-04
4.021534405183047056e-04
3.528019296936690807e-04
3.632252337411046028e-04
3.821011341642588377e-04
3.611010906752198935e-04
3.930009843315929174e-04
3.820236306637525558e-04
4.058794002048671246e-04
3.644627286121249199e-04
3.835512907244265079e-04
3.537923912517726421e-04
4.100931982975453138e-04
3.624548553489148617e-04
3.725059505086392164e-04
3.558152529876679182e-04
3.916393616236746311e-04
3.908641810994595289e-04
3.813746152445673943e-04
4.279027052689343691e-04
3.631888248492032290e-04
3.436899278312921524e-04
3.828214248642325401e-04
3.579890180844813585e-04
3.619181516114622355e-04
4.430541011970490217e-04
3.699933877214789391e-04
3.379514382686465979e-04
4.337384307291358709e-04
3.492131363600492477e-04
4.395452560856938362e-04
4.002020286861807108e-04
3.346917801536619663e-04
4.066593246534466743e-04
3.451932279858738184e-04
3.565373772289603949e-04
3.738116647582501173e-04
4.088786663487553596e-04
3.672718594316393137e-04
3.992658457718789577e-04
3.886304330080747604e-04
3.602211945690214634e-04
3.917328722309321165e-04
4.006854142062366009e-04
3.468157956376671791e-04
3.871189837809652090e-04
3.657089837361127138e-04
3.724213165696710348e-04
4.068419802933931351e-04
3.805921005550771952e-04
3.507566289044916630e-04
3.690250450745224953e-04
3.970309917349368334e-04
3.961275215260684490e-04
3.706779098138213158e-04
3.562989004421979189e-04
3.767468151636421680e-04
3.485604829620569944e-04
3.826368192676454782e-04
4.522835661191493273e-04
3.484085900709033012e-04
3.939555026590824127e-04
3.779882972594350576e-04
3.855544782709330320e-04
3.649047866929322481e-04
3.730305179487913847e-04
3.985904622822999954e-04
3.995729493908584118e-04
4.082324157934635878e-04
3.511520044412463903e-04
3.716002393048256636e-04
3.749321622308343649e-04
3.481520980130881071e-04
4.259471315890550613e-04
3.735997306648641825e-04
3.472556709311902523e-04
3.903783217538148165e-04
3.863911260850727558e-04
4.031464632134884596e-04
3.429047937970608473e-04
3.657572669908404350e-04
4.351114330347627401e-04
3.899743896909058094e-04
3.681610978674143553e-04
3.846776962745934725e-04
3.892885288223624229e-04
3.412492224015295506e-04
4.236866370774805546e-04
3.668479621410369873e-04
3.859839634969830513e-04
3.797257086262106895e-04
3.527138032950460911e-04
3.794794029090553522e-04
3.761022526305168867e-04
3.847091575153172016e-04
3.598165931180119514e-04
3.994708822574466467e-04
3.695140185300260782e-04
3.822096623480319977e-04
3.561427292879670858e-04
3.474347176961600780e-04
3.392500511836260557e-04
4.069435235578566790e-04
3.542027552612125874e-04
3.820252895820885897e-04
3.192035073880106211e-04
4.149175656493753195e-04
3.304844140075147152e-04
3.889723739121109247e-04
3.688094730023294687e-04
3.931212995667010546e-04
3.528103698045015335e-04
3.687700955197215080e-04
3.846816543955355883e-04
3.654822940006852150e-04
3.785601002164185047e-04
3.470978117547929287e-04
3.633731103036552668e-04
3.492725954856723547e-04
3.759685787372291088e-04
3.592830325942486525e-04
3.649772843345999718e-04
4.275437968317419291e-04
3.627023834269493818e-04
3.827396431006491184e-04
3.278100630268454552e-04
3.509107627905905247e-04
3.563423524610698223e-04
3.387124743312597275e-04
3.470295050647109747e-04
3.538671589922159910e-04
3.581295022740960121e-04
3.855317190755158663e-04
3.372554492671042681e-04
3.802800783887505531e-04
3.469003422651439905e-04
3.588491817936301231e-04
3.439227002672851086e-04
3.540697507560253143e-04
3.787235182244330645e-04
3.290517488494515419e-04
3.845179453492164612e-04
3.668926365207880735e-04
3.903625765815377235e-04
3.635924949776381254e-04
3.659504000097513199e-04
3.395959793124347925e-04
3.832144138868898153e-04
3.930135862901806831e-04
3.420895955059677362e-04
3.594952868297696114e-04
3.976324514951556921e-04
3.490485833026468754e-04
3.738223167601972818e-04
3.816028183791786432e-04
3.587429528124630451e-04
3.497767320368438959e-04
3.359940601512789726e-04
3.575768787413835526e-04
3.603298973757773638e-04
3.951737016905099154e-04
3.554379218257963657e-04
3.552617563400417566e-04
3.713473270181566477e-04
3.721515240613371134e-04
3.294120251666754484e-04
3.497304569464176893e-04
3.406073083169758320e-04
4.041427746415138245e-04
3.069954400416463614e-04
3.681254747789353132e-04
3.799811238422989845e-04
3.253917384427040815e-04
3.730909957084804773e-04
3.505478962324559689e-04
3.663597453851252794e-04
3.715487255249172449e-04
3.637039626482874155e-04
3.451539960224181414e-04
3.322874545119702816e-04
3.801243728958070278e-04
3.438467974774539471e-04
3.374594962224364281e-04
3.790975897572934628e-04
3.517834120430052280e-04
3.525996289681643248e-04
3.436128026805818081e-04
4.349055234342813492e-04
3.232981252949684858e-04
3.648877027444541454e-04
3.354411164764314890e-04
3.711400204338133335e-04
3.528128436300903559e-04
3.351841878611594439e-04
4.073210584465414286e-04
3.263815888203680515e-04
3.500593302305787802e-04
3.701018868014216423e-04
3.328660095576196909e-04
3.274999617133289576e-04
3.565182560123503208e-04
3.328518068883568048e-04
3.499074082355946302e-04
3.129631804767996073e-04
3.887435595970600843e-04
3.357650130055844784e-04
3.306048747617751360e-04
3.709536686073988676e-04
3.652026061899960041e-04
3.223598760087043047e-04
3.363478754181414843e-04
3.309061285108327866e-04
3.974535793531686068e-04
3.538953897077590227e-04
3.378833935130387545e-04
3.354968503117561340e-04
3.770968760363757610e-04
3.523320483509451151e-04
3.513887932058423758e-04
3.834072558674961329e-04
3.781437117140740156e-04
3.395810781512409449e-04
3.715891216415911913e-04
3.581862256396561861e-04
3.421788860578089952e-04
3.577940806280821562e-04
3.380095586180686951e-04
3.640177601482719183e-04
3.326920850668102503e-04
3.562088531907647848e-04
3.406583273317664862e-04
3.612680593505501747e-04
3.396262181922793388e-04
3.217511111870408058e-04
3.832595539279282093e-04
3.498430887702852488e-04
3.152030403725802898e-04
4.131348687224090099e-04
3.962408518418669701e-04
3.471871896181255579e-04
3.704488626681268215e-04
3.483789332676678896e-04
3.691434394568204880e-04
3.311434702482074499e-04
3.457224229350686073e-04
3.881455631926655769e-04
3.772969357669353485e-04
3.293947083875536919e-04
3.320952237118035555e-04
3.484975313767790794e-04
3.796533273998647928e-04
3.272702742833644152e-04
3.745656285900622606e-04
3.329144092276692390e-04
3.697768552228808403e-04
3.654621832538396120e-04
3.856783732771873474e-04
3.360930713824927807e-04
3.618663758970797062e-04
3.231003938708454370e-04
3.767895977944135666e-04
3.527170920278877020e-04
3.296551876701414585e-04
3.719886008184403181e-04
3.273780457675457001e-04
4.118458309676498175e-04
3.568111569620668888e-04
3.399349807295948267e-04
3.494770207908004522e-04
3.194960299879312515e-04
3.471456002444028854e-04
3.426470793783664703e-04
3.386089811101555824e-04
3.781229606829583645e-04
2.911358315031975508e-04
3.744857385754585266e-04
3.230220463592559099e-04
3.593153378460556269e-04
3.849551721941679716e-04
4.041869251523166895e-04
2.936483942903578281e-04
3.706998541019856930e-04
3.648183483164757490e-04
3.410574572626501322e-04
3.615876776166260242e-04
3.230754227843135595e-04
3.569564723875373602e-04
3.694768238347023726e-04
3.503097395878285170e-04
3.188406117260456085e-04
3.369449696037918329e-04
3.786046290770173073e-04
3.447583294473588467e-04
3.566709638107568026e-04
3.299648815300315619e-04
3.337548114359378815e-04
3.325720899738371372e-04
3.585219965316355228e-04
3.503640473354607821e-04
3.519122255966067314e-04
3.145906375721096992e-04
4.053041920997202396e-04
3.576317394617944956e-04
4.332755052018910646e-04
3.140543994959443808e-04
3.436605620663613081e-04
3.550920519046485424e-04
3.785813460126519203e-04
3.496721619740128517e-04
3.240397491026669741e-04
3.932477266062051058e-04
3.483699692878872156e-04
3.693906473927199841e-04
3.703828260768204927e-04
3.855939721688628197e-04
3.498884034343063831e-04
3.643679083324968815e-04
3.714162448886781931e-04
3.617759502958506346e-04
3.442006709519773722e-04
3.577845636755228043e-04
3.661409718915820122e-04
3.500516468193382025e-04
3.795908996835350990e-04
3.506159118842333555e-04
3.915816778317093849e-04
3.129207470919936895e-04
3.554555587470531464e-04
3.494677657727152109e-04
3.595958405639976263e-04
3.458414576016366482e-04
3.499623853713274002e-04
3.516327997203916311e-04
3.554486611392349005e-04
3.392250800970941782e-04
4.077888443134725094e-04
3.658994392026215792e-04
3.194191667716950178e-04
3.561990160960704088e-04
3.215934266336262226e-04
3.142032364849001169e-04
3.456795529928058386e-04
3.449018986430019140e-04
3.732658515218645334e-04
3.448966308496892452e-04
3.523988125380128622e-04
3.770792973227798939e-04
3.665277035906910896e-04
3.643318777903914452e-04
3.725902060978114605e-04
3.483713080640882254e-04
3.684340917970985174e-04
3.312981280032545328e-04
4.001625638920813799e-04
3.199155617039650679e-04
3.407405165489763021e-04
3.662749659270048141e-04
3.233472234569489956e-04
3.579667245503515005e-04
3.533686394803225994e-04
3.307953884359449148e-04
3.771086339838802814e-04
3.686819109134376049e-04
3.554729337338358164e-04
3.073747502639889717e-04
3.708298027049750090e-04
3.672782040666788816e-04
3.242329403292387724e-04
3.378887777216732502e-04
3.493853728286921978e-04
3.400265122763812542e-04
3.637601039372384548e-04
3.582839854061603546e-04
3.191364521626383066e-04
3.414557431824505329e-04
3.917516150977462530e-04
3.359937109053134918e-04
3.284167905803769827e-04
3.387708566151559353e-04
3.361393464729189873e-04
3.509316302370280027e-04
3.998595348093658686e-04
3.539397730492055416e-04
3.380260313861072063e-04
3.415150276850908995e-04
3.655008913483470678e-04
3.434018290136009455e-04
3.214615280739963055e-04
3.705028211697936058e-04
3.146626404486596584e-04
3.016772097907960415e-04
3.366490127518773079e-04
3.410763747524470091e-04
3.347237943671643734e-04
3.308577288407832384e-04
3.797459066845476627e-04
3.406881878618150949e-04
3.732139884959906340e-04
3.076689608860760927e-04
3.447947383392602205e-04
3.482394095044583082e-04
3.429995849728584290e-04
3.330564941279590130e-04
3.484397893771529198e-04
3.188968403264880180e-04
4.234938242007046938e-04
3.198342456016689539e-04
3.519254096318036318e-04
3.700902161654084921e-04
3.649329300969839096e-04
3.351198683958500624e-04
3.857104456983506680e-04
3.202144289389252663e-04
3.403251757845282555e-04
3.175555611960589886e-04
3.220924991182982922e-04
3.570400003809481859e-04
3.985090588685125113e-04
3.248531720601022243e-04
3.348354948684573174e-04
3.909557126462459564e-04
3.126734518446028233e-04
3.373713698238134384e-04
3.734909696504473686e-04
3.836592077277600765e-04
2.965106104966253042e-04
3.517900477163493633e-04
3.451035590842366219e-04
3.364184231031686068e-04
3.341782430652529001e-04
3.919104929082095623e-04
3.453258541412651539e-04
3.632456937339156866e-04
3.805588348768651485e-04
3.487241629045456648e-04
3.445885959081351757e-04
3.490397939458489418e-04
3.071446553803980350e-04
3.626770630944520235e-04
