2.027245140075683594e+01
2.020161819458007812e+01
2.020772361755371094e+01
2.021427154541015625e+01
2.021048545837402344e+01
2.020432281494140625e+01
2.020620918273925781e+01
2.020475006103515625e+01
2.021170043945312500e+01
2.020097732543945312e+01
2.020130348205566406e+01
2.019526100158691406e+01
2.020856285095214844e+01
2.020441627502441406e+01
2.020623016357421875e+01
2.021306800842285156e+01
2.022220230102539062e+01
2.020959854125976562e+01
2.021161651611328125e+01
2.023986625671386719e+01
2.021335220336914062e+01
2.020791435241699219e+01
2.024176025390625000e+01
2.021427154541015625e+01
2.021126937866210938e+01
2.020738220214843750e+01
2.019953155517578125e+01
2.020941925048828125e+01
2.021781349182128906e+01
2.021551513671875000e+01
2.020861434936523438e+01
2.020955848693847656e+01
2.020895767211914062e+01
2.021650123596191406e+01
2.021622085571289062e+01
2.020385169982910156e+01
2.022607040405273438e+01
2.021488571166992188e+01
2.022494125366210938e+01
2.023063468933105469e+01
2.020479965209960938e+01
2.022796058654785156e+01
2.021130752563476562e+01
2.022477340698242188e+01
2.019766616821289062e+01
2.020063781738281250e+01
2.021294593811035156e+01
2.020626449584960938e+01
2.024228668212890625e+01
2.020225906372070312e+01
2.020380973815917969e+01
2.020595359802246094e+01
2.020487403869628906e+01
2.021443367004394531e+01
2.019975090026855469e+01
2.019987297058105469e+01
2.020158195495605469e+01
2.019651794433593750e+01
2.019103431701660156e+01
2.021506690979003906e+01
2.020380210876464844e+01
2.019156646728515625e+01
2.020907592773437500e+01
2.019539833068847656e+01
2.021456527709960938e+01
2.020229530334472656e+01
2.019796562194824219e+01
2.020095252990722656e+01
2.019593048095703125e+01
2.021141242980957031e+01
2.020923995971679688e+01
2.019961166381835938e+01
2.019635391235351562e+01
2.021090316772460938e+01
2.019839668273925781e+01
2.021044540405273438e+01
2.020436668395996094e+01
2.019604682922363281e+01
2.020556640625000000e+01
2.021814918518066406e+01
2.020893859863281250e+01
2.020425415039062500e+01
2.019522094726562500e+01
2.020925712585449219e+01
2.019454765319824219e+01
2.020007133483886719e+01
2.020915412902832031e+01
2.020605087280273438e+01
2.020744132995605469e+01
2.020169258117675781e+01
2.020877456665039062e+01
2.020830726623535156e+01
2.019452095031738281e+01
2.019696617126464844e+01
2.020218849182128906e+01
2.019565200805664062e+01
2.019668388366699219e+01
2.022074317932128906e+01
2.020404243469238281e+01
2.021435356140136719e+01
2.020536231994628906e+01
2.020733833312988281e+01
2.020688056945800781e+01
2.019654655456542969e+01
2.020976066589355469e+01
2.019993400573730469e+01
2.019338607788085938e+01
2.021626663208007812e+01
2.020195198059082031e+01
2.020222663879394531e+01
2.022848510742187500e+01
2.020450210571289062e+01
2.019630241394042969e+01
2.020672416687011719e+01
2.020426940917968750e+01
2.019588661193847656e+01
2.021698188781738281e+01
2.020772933959960938e+01
2.020050621032714844e+01
2.020796966552734375e+01
2.020869827270507812e+01
2.020945930480957031e+01
2.020024299621582031e+01
2.020278358459472656e+01
2.019068908691406250e+01
2.020312118530273438e+01
2.020564842224121094e+01
2.019223213195800781e+01
2.019484519958496094e+01
2.020978927612304688e+01
2.019148063659667969e+01
2.020529174804687500e+01
2.020130538940429688e+01
2.020406532287597656e+01
2.020903015136718750e+01
2.020059776306152344e+01
2.021349716186523438e+01
2.020269584655761719e+01
2.021226692199707031e+01
2.023792266845703125e+01
2.019883728027343750e+01
2.020269966125488281e+01
2.019905662536621094e+01
2.020462799072265625e+01
2.019382286071777344e+01
2.019734764099121094e+01
2.021138954162597656e+01
2.021107482910156250e+01
2.021856689453125000e+01
2.020613098144531250e+01
2.020562362670898438e+01
2.020508003234863281e+01
2.020179748535156250e+01
2.020113372802734375e+01
2.019949150085449219e+01
2.020889663696289062e+01
2.019744682312011719e+01
2.020208740234375000e+01
2.020256805419921875e+01
2.020118331909179688e+01
2.019987869262695312e+01
2.019997215270996094e+01
2.020479583740234375e+01
2.020074462890625000e+01
2.020423507690429688e+01
2.021020507812500000e+01
2.019640350341796875e+01
2.020075035095214844e+01
2.020745468139648438e+01
2.020328140258789062e+01
2.021823501586914062e+01
2.019921875000000000e+01
2.019997024536132812e+01
2.021008300781250000e+01
2.021476173400878906e+01
2.020618438720703125e+01
2.022103691101074219e+01
2.021428680419921875e+01
2.020501708984375000e+01
2.021644210815429688e+01
2.020313835144042969e+01
2.020656585693359375e+01
2.021600341796875000e+01
2.021306610107421875e+01
2.020467185974121094e+01
2.020011138916015625e+01
2.020624732971191406e+01
2.020011329650878906e+01
2.020896720886230469e+01
2.021136474609375000e+01
2.019780540466308594e+01
2.020483589172363281e+01
2.018933677673339844e+01
2.021120071411132812e+01
2.019950485229492188e+01
2.020570945739746094e+01
2.019985389709472656e+01
2.019467735290527344e+01
2.020348358154296875e+01
2.020716094970703125e+01
2.020917892456054688e+01
2.021681785583496094e+01
2.021885681152343750e+01
2.020370674133300781e+01
2.019896888732910156e+01
2.019764709472656250e+01
2.020899009704589844e+01
2.020323371887207031e+01
2.020105934143066406e+01
2.020503044128417969e+01
2.020155715942382812e+01
2.019428825378417969e+01
2.020336341857910156e+01
2.020660400390625000e+01
2.019593429565429688e+01
2.020136070251464844e+01
2.019537734985351562e+01
2.019613075256347656e+01
2.019945716857910156e+01
2.021785354614257812e+01
2.021466827392578125e+01
2.020235633850097656e+01
2.020537567138671875e+01
2.020565223693847656e+01
2.020590972900390625e+01
2.021087455749511719e+01
2.020628929138183594e+01
2.020316314697265625e+01
2.020636749267578125e+01
2.021823120117187500e+01
2.020100593566894531e+01
2.022327041625976562e+01
2.020389938354492188e+01
2.019629287719726562e+01
2.020953750610351562e+01
2.019583320617675781e+01
2.021415710449218750e+01
2.020084381103515625e+01
2.019621467590332031e+01
2.021435165405273438e+01
2.021605873107910156e+01
2.020634651184082031e+01
2.019872093200683594e+01
2.020462036132812500e+01
2.019901275634765625e+01
2.019860076904296875e+01
2.019412422180175781e+01
2.020080184936523438e+01
2.025254440307617188e+01
2.022821044921875000e+01
2.020437622070312500e+01
2.021686172485351562e+01
2.021832847595214844e+01
2.020381546020507812e+01
2.021114349365234375e+01
2.020142745971679688e+01
2.020662879943847656e+01
2.020041084289550781e+01
2.020960044860839844e+01
2.019547080993652344e+01
2.021394920349121094e+01
2.020196533203125000e+01
2.021962165832519531e+01
2.020904350280761719e+01
2.021441841125488281e+01
2.019596672058105469e+01
2.020594406127929688e+01
2.022103118896484375e+01
2.021035575866699219e+01
2.021194648742675781e+01
2.020483207702636719e+01
2.020897483825683594e+01
2.022529411315917969e+01
2.020629310607910156e+01
2.021174240112304688e+01
2.021131134033203125e+01
2.020047187805175781e+01
2.020182991027832031e+01
2.020511627197265625e+01
2.020102310180664062e+01
2.019606971740722656e+01
2.020239067077636719e+01
2.021305656433105469e+01
2.021865463256835938e+01
2.019886016845703125e+01
2.019689750671386719e+01
2.020190048217773438e+01
2.020219993591308594e+01
2.019612884521484375e+01
2.021078681945800781e+01
2.020350456237792969e+01
2.020578002929687500e+01
2.020177078247070312e+01
2.019747924804687500e+01
2.019792175292968750e+01
2.020395851135253906e+01
2.020478057861328125e+01
2.020121765136718750e+01
2.019771003723144531e+01
2.019581031799316406e+01
2.020434188842773438e+01
2.020203971862792969e+01
2.019741630554199219e+01
2.019215965270996094e+01
2.021122550964355469e+01
2.020717430114746094e+01
2.021771812438964844e+01
2.019597625732421875e+01
2.020806884765625000e+01
2.019678115844726562e+01
2.021351432800292969e+01
2.020335960388183594e+01
2.024491119384765625e+01
2.020995521545410156e+01
2.022238540649414062e+01
2.021060562133789062e+01
2.021549797058105469e+01
2.021450996398925781e+01
2.019903373718261719e+01
2.019690132141113281e+01
2.019902610778808594e+01
2.020234870910644531e+01
2.022664260864257812e+01
2.020165824890136719e+01
2.020609474182128906e+01
2.021304512023925781e+01
2.020009613037109375e+01
2.018947601318359375e+01
2.019840431213378906e+01
2.019586753845214844e+01
2.021835708618164062e+01
2.020338058471679688e+01
2.020220565795898438e+01
2.019606018066406250e+01
2.020016479492187500e+01
2.019997406005859375e+01
2.022017478942871094e+01
2.020631027221679688e+01
2.019442176818847656e+01
2.019733238220214844e+01
2.020704460144042969e+01
2.020176696777343750e+01
2.022492408752441406e+01
2.020665550231933594e+01
2.019756317138671875e+01
2.020503044128417969e+01
2.020777511596679688e+01
2.020279312133789062e+01
2.021040153503417969e+01
2.020271110534667969e+01
2.020541763305664062e+01
2.021154594421386719e+01
2.020584297180175781e+01
2.020045852661132812e+01
2.022088813781738281e+01
2.020037269592285156e+01
2.020459365844726562e+01
2.019772720336914062e+01
2.021193504333496094e+01
2.021426582336425781e+01
2.021135520935058594e+01
2.019674873352050781e+01
2.019970893859863281e+01
2.019834136962890625e+01
2.019723892211914062e+01
2.020279502868652344e+01
2.019285202026367188e+01
2.021419906616210938e+01
2.020022964477539062e+01
2.019282531738281250e+01
2.021059226989746094e+01
2.020661354064941406e+01
2.021218681335449219e+01
2.021990585327148438e+01
2.020632743835449219e+01
2.020245552062988281e+01
2.020530509948730469e+01
2.019454956054687500e+01
2.019722557067871094e+01
2.020304870605468750e+01
2.019901275634765625e+01
2.019972038269042969e+01
2.019362640380859375e+01
2.020098114013671875e+01
2.020716667175292969e+01
2.020761489868164062e+01
2.021607208251953125e+01
2.020121955871582031e+01
2.021001625061035156e+01
2.020368385314941406e+01
2.020102882385253906e+01
2.024390602111816406e+01
2.020847892761230469e+01
2.019716453552246094e+01
2.021096611022949219e+01
2.020519447326660156e+01
2.020358848571777344e+01
2.020756721496582031e+01
2.020459747314453125e+01
2.020020866394042969e+01
2.020774269104003906e+01
2.019214630126953125e+01
2.020187950134277344e+01
2.019879722595214844e+01
2.020229148864746094e+01
2.020350074768066406e+01
2.020885848999023438e+01
2.020221138000488281e+01
2.020184326171875000e+01
2.020645904541015625e+01
2.020026969909667969e+01
2.020373344421386719e+01
2.021446037292480469e+01
2.020954513549804688e+01
2.020260429382324219e+01
2.022226524353027344e+01
2.019640159606933594e+01
2.021448898315429688e+01
2.020573043823242188e+01
2.019853401184082031e+01
2.020373344421386719e+01
2.020201683044433594e+01
2.019504547119140625e+01
2.020457458496093750e+01
2.021393394470214844e+01
2.021113777160644531e+01
2.020687103271484375e+01
2.019624519348144531e+01
2.020008087158203125e+01
2.021669387817382812e+01
2.020414543151855469e+01
2.020321464538574219e+01
2.021655273437500000e+01
2.020543479919433594e+01
2.020572471618652344e+01
2.021481704711914062e+01
2.019904708862304688e+01
2.021769142150878906e+01
2.020068931579589844e+01
2.022031402587890625e+01
2.020663642883300781e+01
2.019707298278808594e+01
2.020848083496093750e+01
2.020496559143066406e+01
2.019898986816406250e+01
2.019432258605957031e+01
2.020846557617187500e+01
2.020347404479980469e+01
2.019605064392089844e+01
2.021016120910644531e+01
2.021860885620117188e+01
2.021466636657714844e+01
2.021159553527832031e+01
2.020145416259765625e+01
2.019976425170898438e+01
2.021677589416503906e+01
2.021079444885253906e+01
2.020749855041503906e+01
2.020719337463378906e+01
2.021369361877441406e+01
2.020410346984863281e+01
2.020401954650878906e+01
2.021212196350097656e+01
2.020907592773437500e+01
2.020356178283691406e+01
2.023462677001953125e+01
2.020724105834960938e+01
2.020102500915527344e+01
2.020432853698730469e+01
2.020012474060058594e+01
2.020565605163574219e+01
2.020460510253906250e+01
2.020275497436523438e+01
2.019961738586425781e+01
2.019728660583496094e+01
2.022828292846679688e+01
2.019803047180175781e+01
2.019601821899414062e+01
2.019958877563476562e+01
2.020158195495605469e+01
2.021052169799804688e+01
2.020008468627929688e+01
2.020380210876464844e+01
2.019967460632324219e+01
2.020162200927734375e+01
2.020647430419921875e+01
2.022700119018554688e+01
2.020952796936035156e+01
2.023966407775878906e+01
2.020338058471679688e+01
2.023787117004394531e+01
2.020620536804199219e+01
2.022600555419921875e+01
2.021302413940429688e+01
2.020617103576660156e+01
2.021869850158691406e+01
2.021338844299316406e+01
2.020731163024902344e+01
2.019898605346679688e+01
2.019704818725585938e+01
2.020628738403320312e+01
2.020206260681152344e+01
2.022946739196777344e+01
2.019411468505859375e+01
2.020031929016113281e+01
2.020077896118164062e+01
2.020690727233886719e+01
2.020374107360839844e+01
2.020731353759765625e+01
2.019692802429199219e+01
2.021324539184570312e+01
2.022005844116210938e+01
2.019268035888671875e+01
2.020389366149902344e+01
2.020702743530273438e+01
2.020247268676757812e+01
2.021125221252441406e+01
2.020540618896484375e+01
2.021156311035156250e+01
2.020761871337890625e+01
2.020367431640625000e+01
2.019753265380859375e+01
2.021029853820800781e+01
2.019824600219726562e+01
2.020790481567382812e+01
2.020594215393066406e+01
2.020091629028320312e+01
2.020348548889160156e+01
2.019809341430664062e+01
2.020695304870605469e+01
2.021164512634277344e+01
2.020037651062011719e+01
2.019727706909179688e+01
2.020178985595703125e+01
2.020156478881835938e+01
2.019988059997558594e+01
2.019989967346191406e+01
2.020623588562011719e+01
2.020013046264648438e+01
2.020055007934570312e+01
2.020115089416503906e+01
2.020762252807617188e+01
2.020204353332519531e+01
2.019830131530761719e+01
2.021026420593261719e+01
2.020349502563476562e+01
2.019800567626953125e+01
2.020802497863769531e+01
2.019771194458007812e+01
2.020312881469726562e+01
2.019331550598144531e+01
2.020501327514648438e+01
2.020075988769531250e+01
2.023151206970214844e+01
2.020918846130371094e+01
2.022257995605468750e+01
2.020240592956542969e+01
2.020163154602050781e+01
2.020645523071289062e+01
2.020867729187011719e+01
2.021228981018066406e+01
2.020154762268066406e+01
2.020011901855468750e+01
2.020215415954589844e+01
2.020640563964843750e+01
2.020981788635253906e+01
2.019645690917968750e+01
2.020064163208007812e+01
2.020184898376464844e+01
2.021019935607910156e+01
2.020226478576660156e+01
2.020374870300292969e+01
2.020395851135253906e+01
2.020483589172363281e+01
2.019649124145507812e+01
2.021110916137695312e+01
2.020201873779296875e+01
2.019836235046386719e+01
2.020266723632812500e+01
2.020582580566406250e+01
2.020341300964355469e+01
2.020238685607910156e+01
2.020134162902832031e+01
2.020423316955566406e+01
2.019955825805664062e+01
2.019407844543457031e+01
2.020353507995605469e+01
2.020392608642578125e+01
2.019902420043945312e+01
2.020359992980957031e+01
2.019703483581542969e+01
2.020969772338867188e+01
2.019848442077636719e+01
2.020567893981933594e+01
2.020972251892089844e+01
2.020876693725585938e+01
2.020647048950195312e+01
2.020504570007324219e+01
2.020524024963378906e+01
2.020370483398437500e+01
2.020077514648437500e+01
2.019690132141113281e+01
2.021804046630859375e+01
2.019824218750000000e+01
2.020282363891601562e+01
2.019963645935058594e+01
2.020783615112304688e+01
2.021327400207519531e+01
2.021307373046875000e+01
2.020306777954101562e+01
2.021373367309570312e+01
2.020562744140625000e+01
2.019929313659667969e+01
2.019535064697265625e+01
2.020833206176757812e+01
2.022451210021972656e+01
2.020473480224609375e+01
2.019625091552734375e+01
2.021447372436523438e+01
2.020585250854492188e+01
2.021948814392089844e+01
2.020196342468261719e+01
2.020357322692871094e+01
2.021196556091308594e+01
2.020132637023925781e+01
2.022120094299316406e+01
2.021045875549316406e+01
2.020975112915039062e+01
2.021113777160644531e+01
2.020465469360351562e+01
2.019955253601074219e+01
2.020404815673828125e+01
2.020558357238769531e+01
2.021380996704101562e+01
2.019790077209472656e+01
2.020448684692382812e+01
2.019954299926757812e+01
2.020142173767089844e+01
2.020711326599121094e+01
2.019924926757812500e+01
2.020545387268066406e+01
2.019535064697265625e+01
2.021290397644042969e+01
2.019981765747070312e+01
2.020194625854492188e+01
2.021324348449707031e+01
2.019697761535644531e+01
2.021843719482421875e+01
2.019599151611328125e+01
2.024617576599121094e+01
2.019993400573730469e+01
2.021166801452636719e+01
2.019729614257812500e+01
2.020009422302246094e+01
2.021113204956054688e+01
2.020612144470214844e+01
2.020003509521484375e+01
2.020252418518066406e+01
2.019779586791992188e+01
2.020635604858398438e+01
2.021611404418945312e+01
2.019752311706542969e+01
2.019486045837402344e+01
2.019618034362792969e+01
2.020076751708984375e+01
2.020217323303222656e+01
2.020579910278320312e+01
2.021345138549804688e+01
2.021667480468750000e+01
2.021120262145996094e+01
2.021043586730957031e+01
2.020082855224609375e+01
2.022576904296875000e+01
2.019511604309082031e+01
2.019915962219238281e+01
2.020785331726074219e+01
2.020139694213867188e+01
2.020867919921875000e+01
2.020026016235351562e+01
2.019828987121582031e+01
2.019839477539062500e+01
2.020776557922363281e+01
2.019861030578613281e+01
2.020674514770507812e+01
2.022233963012695312e+01
2.021076393127441406e+01
2.020967102050781250e+01
2.020378112792968750e+01
2.019966316223144531e+01
2.021665573120117188e+01
2.021113204956054688e+01
2.021117782592773438e+01
2.020791053771972656e+01
2.020241928100585938e+01
2.019669914245605469e+01
2.020317268371582031e+01
2.020380783081054688e+01
2.022516059875488281e+01
2.020692253112792969e+01
2.019899749755859375e+01
2.021114921569824219e+01
2.019617652893066406e+01
2.020066642761230469e+01
2.020386314392089844e+01
2.020662117004394531e+01
2.020013236999511719e+01
2.019951629638671875e+01
2.020645713806152344e+01
2.020559883117675781e+01
2.020456314086914062e+01
2.020251274108886719e+01
2.022192573547363281e+01
2.020408058166503906e+01
2.019814109802246094e+01
2.020427513122558594e+01
2.019559669494628906e+01
2.021789741516113281e+01
2.020614433288574219e+01
2.020642852783203125e+01
2.019723510742187500e+01
2.020156288146972656e+01
2.020611953735351562e+01
2.021050834655761719e+01
2.019916915893554688e+01
2.019776153564453125e+01
2.020798683166503906e+01
2.020523071289062500e+01
2.022017669677734375e+01
2.020475387573242188e+01
2.021270561218261719e+01
2.020353698730468750e+01
2.020032119750976562e+01
2.021066093444824219e+01
2.019839286804199219e+01
2.020583724975585938e+01
2.021529769897460938e+01
2.020831871032714844e+01
2.020693016052246094e+01
2.021897697448730469e+01
2.019381141662597656e+01
2.020295333862304688e+01
2.020264625549316406e+01
2.021020126342773438e+01
2.020400619506835938e+01
2.021194839477539062e+01
2.020109176635742188e+01
2.020635604858398438e+01
2.021469116210937500e+01
2.021733665466308594e+01
2.021326065063476562e+01
2.020369529724121094e+01
2.020228385925292969e+01
2.019978523254394531e+01
2.019871330261230469e+01
2.022005081176757812e+01
2.020469665527343750e+01
2.020820426940917969e+01
2.020565605163574219e+01
2.019613265991210938e+01
2.020285224914550781e+01
2.019745254516601562e+01
2.020447158813476562e+01
2.020221328735351562e+01
2.020660400390625000e+01
2.019936180114746094e+01
2.020309448242187500e+01
2.019823837280273438e+01
2.019905471801757812e+01
2.020641326904296875e+01
2.022105789184570312e+01
2.020400428771972656e+01
2.022687530517578125e+01
2.019801330566406250e+01
2.020441627502441406e+01
2.023154449462890625e+01
2.021460914611816406e+01
2.020107841491699219e+01
2.020556640625000000e+01
2.020237350463867188e+01
2.020942687988281250e+01
2.020473098754882812e+01
2.021719932556152344e+01
2.021156311035156250e+01
2.021915817260742188e+01
2.020720863342285156e+01
2.020688819885253906e+01
2.020257949829101562e+01
2.021561241149902344e+01
2.020769500732421875e+01
2.020823478698730469e+01
2.020060539245605469e+01
2.020596122741699219e+01
2.020019340515136719e+01
2.019868278503417969e+01
2.020686721801757812e+01
2.020494651794433594e+01
2.020689010620117188e+01
2.021149826049804688e+01
2.020950317382812500e+01
2.020715141296386719e+01
2.022632217407226562e+01
2.020875740051269531e+01
2.020129203796386719e+01
2.020679283142089844e+01
2.020247268676757812e+01
2.021282958984375000e+01
2.021115112304687500e+01
2.020940017700195312e+01
2.021008682250976562e+01
2.020573425292968750e+01
2.020559310913085938e+01
2.020919609069824219e+01
2.020770072937011719e+01
2.020534133911132812e+01
2.022934722900390625e+01
2.022327804565429688e+01
2.020668411254882812e+01
2.021453666687011719e+01
2.019648551940917969e+01
2.021574783325195312e+01
2.020748519897460938e+01
2.020199012756347656e+01
2.019747352600097656e+01
2.020073890686035156e+01
2.021125030517578125e+01
2.020050239562988281e+01
2.019285392761230469e+01
2.020105743408203125e+01
2.020871353149414062e+01
2.020532798767089844e+01
2.020356369018554688e+01
2.019950294494628906e+01
2.020114135742187500e+01
2.020857620239257812e+01
2.020414543151855469e+01
2.019107055664062500e+01
2.020868110656738281e+01
2.020953369140625000e+01
2.022081375122070312e+01
2.020239257812500000e+01
2.021427726745605469e+01
2.020072746276855469e+01
2.020211410522460938e+01
2.020126533508300781e+01
2.020319938659667969e+01
2.021493721008300781e+01
2.021250534057617188e+01
2.020911026000976562e+01
2.021944618225097656e+01
2.020050811767578125e+01
2.021066093444824219e+01
2.020333290100097656e+01
2.020826530456542969e+01
2.023610115051269531e+01
2.019936752319335938e+01
2.019982147216796875e+01
2.022382736206054688e+01
2.019793319702148438e+01
2.021761703491210938e+01
2.019968032836914062e+01
2.020874595642089844e+01
2.020521736145019531e+01
2.019898033142089844e+01
2.021618080139160156e+01
2.020993614196777344e+01
2.020652008056640625e+01
2.021942138671875000e+01
2.021158027648925781e+01
2.020484352111816406e+01
2.020017242431640625e+01
2.021016502380371094e+01
2.020398330688476562e+01
2.019859313964843750e+01
2.020954513549804688e+01
2.020406341552734375e+01
2.022924804687500000e+01
2.021192550659179688e+01
2.020737266540527344e+01
2.019613265991210938e+01
2.020931625366210938e+01
2.020113563537597656e+01
2.020321273803710938e+01
2.020487403869628906e+01
2.021372604370117188e+01
2.021365547180175781e+01
2.022079849243164062e+01
2.020026016235351562e+01
2.020999145507812500e+01
2.020413208007812500e+01
2.020830535888671875e+01
2.019744491577148438e+01
2.020332717895507812e+01
2.020306777954101562e+01
2.020713233947753906e+01
2.021612739562988281e+01
2.019895744323730469e+01
2.020025253295898438e+01
2.022576332092285156e+01
2.021295547485351562e+01
2.020922470092773438e+01
2.021195220947265625e+01
2.019633674621582031e+01
2.019678497314453125e+01
2.019416427612304688e+01
2.019845390319824219e+01
2.021253585815429688e+01
2.020299339294433594e+01
2.022271537780761719e+01
2.019949340820312500e+01
2.019505119323730469e+01
2.020526313781738281e+01
2.020330810546875000e+01
2.019566726684570312e+01
2.019766044616699219e+01
2.020026206970214844e+01
2.021409416198730469e+01
2.020470809936523438e+01
2.020792198181152344e+01
2.020960235595703125e+01
2.020616340637207031e+01
2.019705009460449219e+01
2.021025848388671875e+01
2.020737457275390625e+01
2.019959068298339844e+01
2.020168113708496094e+01
2.020821189880371094e+01
2.019960784912109375e+01
2.020081329345703125e+01
2.021190452575683594e+01
2.020252227783203125e+01
2.020211029052734375e+01
2.020799636840820312e+01
2.020389556884765625e+01
2.021877479553222656e+01
2.020733451843261719e+01
2.022577667236328125e+01
2.020635604858398438e+01
2.019640922546386719e+01
2.020498275756835938e+01
2.021040725708007812e+01
2.020030403137207031e+01
2.021517944335937500e+01
2.020109176635742188e+01
2.020787429809570312e+01
2.020443725585937500e+01
2.021097946166992188e+01
2.022367095947265625e+01
2.020607566833496094e+01
2.021661186218261719e+01
2.019737243652343750e+01
2.020388221740722656e+01
2.020685577392578125e+01
2.020012092590332031e+01
2.019783973693847656e+01
2.020233345031738281e+01
2.020376968383789062e+01
2.020697212219238281e+01
2.020517349243164062e+01
2.021425819396972656e+01
2.022849273681640625e+01
2.020154190063476562e+01
2.020549201965332031e+01
2.019691848754882812e+01
2.020153808593750000e+01
2.020997619628906250e+01
2.021752929687500000e+01
2.020473289489746094e+01
2.019558334350585938e+01
2.020468521118164062e+01
2.021003532409667969e+01
2.020312118530273438e+01
2.021750068664550781e+01
2.020279693603515625e+01
2.021639633178710938e+01
2.020528030395507812e+01
2.020111465454101562e+01
2.020944023132324219e+01
2.021024703979492188e+01
2.021463203430175781e+01
2.021271896362304688e+01
2.020980834960937500e+01
2.019458198547363281e+01
2.022245407104492188e+01
2.019811820983886719e+01
2.020274734497070312e+01
2.020514869689941406e+01
2.020979690551757812e+01
2.020695686340332031e+01
2.021091651916503906e+01
2.020048713684082031e+01
2.021337890625000000e+01
2.020461845397949219e+01
2.021623611450195312e+01
2.022042465209960938e+01
2.020454597473144531e+01
2.020864295959472656e+01
2.021462440490722656e+01
2.020002746582031250e+01
2.020414733886718750e+01
2.020495223999023438e+01
