2.515531778335571289e-01
2.510817646980285645e-01
2.510902881622314453e-01
2.511005401611328125e-01
2.510950863361358643e-01
2.511264979839324951e-01
2.510802745819091797e-01
2.510870993137359619e-01
2.511034011840820312e-01
2.510781884193420410e-01
2.510952055454254150e-01
2.511004507541656494e-01
2.510956525802612305e-01
2.511107325553894043e-01
2.510658204555511475e-01
2.510870993137359619e-01
2.510810792446136475e-01
2.510793805122375488e-01
2.511021792888641357e-01
2.511069476604461670e-01
2.510718703269958496e-01
2.510911524295806885e-01
2.510876655578613281e-01
2.510995864868164062e-01
2.511062622070312500e-01
2.511060535907745361e-01
2.510998249053955078e-01
2.510964274406433105e-01
2.510809004306793213e-01
2.511009573936462402e-01
2.510793805122375488e-01
2.510967254638671875e-01
2.511036992073059082e-01
2.511076033115386963e-01
2.510984838008880615e-01
2.510784566402435303e-01
2.510883510112762451e-01
2.510873675346374512e-01
2.510734498500823975e-01
2.510818839073181152e-01
2.510707676410675049e-01
2.511007785797119141e-01
2.510625422000885010e-01
2.511022686958312988e-01
2.510993778705596924e-01
2.510791122913360596e-01
2.511099278926849365e-01
2.510951459407806396e-01
2.510889172554016113e-01
2.510691285133361816e-01
2.511114478111267090e-01
2.510655224323272705e-01
2.510679066181182861e-01
2.510943412780761719e-01
2.510944306850433350e-01
2.510734796524047852e-01
2.510792911052703857e-01
2.510910034179687500e-01
2.511085867881774902e-01
2.510824799537658691e-01
2.510893642902374268e-01
2.511027753353118896e-01
2.510924935340881348e-01
2.510897219181060791e-01
2.510903179645538330e-01
2.510918080806732178e-01
2.510982751846313477e-01
2.510899305343627930e-01
2.510796487331390381e-01
2.510894834995269775e-01
2.510896623134613037e-01
2.510981559753417969e-01
2.510769665241241455e-01
2.510821521282196045e-01
2.510909438133239746e-01
2.511130571365356445e-01
2.510913610458374023e-01
2.510765790939331055e-01
2.510985732078552246e-01
2.510912716388702393e-01
2.510822415351867676e-01
2.510827183723449707e-01
2.511060535907745361e-01
2.510864138603210449e-01
2.510986030101776123e-01
2.510786056518554688e-01
2.511007189750671387e-01
2.511050701141357422e-01
2.510761916637420654e-01
2.511002719402313232e-01
2.511000931262969971e-01
2.510826587677001953e-01
2.511137723922729492e-01
2.510885894298553467e-01
2.510529756546020508e-01
2.510894238948822021e-01
2.511010468006134033e-01
2.510787248611450195e-01
2.510985434055328369e-01
2.510716021060943604e-01
2.510983347892761230e-01
2.510849237442016602e-01
2.510939240455627441e-01
2.510898411273956299e-01
2.510920763015747070e-01
2.510930895805358887e-01
2.510988712310791016e-01
2.510859966278076172e-01
2.510609924793243408e-01
2.510795295238494873e-01
2.510868012905120850e-01
2.510923147201538086e-01
2.510660290718078613e-01
2.511085271835327148e-01
2.510759234428405762e-01
2.510934472084045410e-01
2.511021196842193604e-01
2.511019408702850342e-01
2.510766685009002686e-01
2.511062920093536377e-01
2.510859072208404541e-01
2.511139810085296631e-01
2.510580420494079590e-01
2.510790526866912842e-01
2.511041760444641113e-01
2.510762214660644531e-01
2.511110305786132812e-01
2.510799169540405273e-01
2.510995268821716309e-01
2.511170208454132080e-01
2.510718107223510742e-01
2.510932087898254395e-01
2.510916888713836670e-01
2.510856986045837402e-01
2.510983347892761230e-01
2.510875463485717773e-01
2.510676085948944092e-01
2.510919570922851562e-01
2.510958313941955566e-01
2.510782480239868164e-01
2.510879039764404297e-01
2.510572373867034912e-01
2.510790824890136719e-01
2.510724961757659912e-01
2.510730028152465820e-01
2.510811984539031982e-01
2.510948479175567627e-01
2.511051893234252930e-01
2.511094212532043457e-01
2.510887086391448975e-01
2.510795295238494873e-01
2.510857880115509033e-01
2.510875761508941650e-01
2.510813474655151367e-01
2.510757148265838623e-01
2.510696053504943848e-01
2.511108517646789551e-01
2.511166334152221680e-01
2.510693967342376709e-01
2.510823905467987061e-01
2.510694861412048340e-01
2.510911226272583008e-01
2.510727345943450928e-01
2.510744929313659668e-01
2.510829567909240723e-01
2.511008083820343018e-01
2.511015236377716064e-01
2.510899305343627930e-01
2.511139810085296631e-01
2.510834336280822754e-01
2.510817348957061768e-01
2.510969638824462891e-01
2.510773241519927979e-01
2.510870695114135742e-01
2.510854005813598633e-01
2.510949969291687012e-01
2.510912120342254639e-01
2.510929107666015625e-01
2.510961294174194336e-01
2.510806024074554443e-01
2.511008679866790771e-01
2.511038184165954590e-01
2.510600090026855469e-01
2.510683536529541016e-01
2.510748207569122314e-01
2.511097490787506104e-01
2.510693669319152832e-01
2.510905563831329346e-01
2.510947883129119873e-01
2.510924637317657471e-01
2.510859072208404541e-01
2.511026263236999512e-01
2.511077225208282471e-01
2.510855495929718018e-01
2.510546445846557617e-01
2.510845363140106201e-01
2.510909736156463623e-01
2.511062622070312500e-01
2.510964870452880859e-01
2.510983943939208984e-01
2.510777711868286133e-01
2.511014938354492188e-01
2.510873675346374512e-01
2.510716319084167480e-01
2.510914206504821777e-01
2.510713934898376465e-01
2.510891556739807129e-01
2.510515749454498291e-01
2.510856688022613525e-01
2.510824501514434814e-01
2.510985732078552246e-01
2.510859966278076172e-01
2.510930597782135010e-01
2.510967254638671875e-01
2.510812580585479736e-01
2.510815560817718506e-01
2.510930597782135010e-01
2.510895133018493652e-01
2.510811090469360352e-01
2.510785460472106934e-01
2.511021494865417480e-01
2.510561048984527588e-01
2.511017918586730957e-01
2.510841190814971924e-01
2.510885894298553467e-01
2.510530650615692139e-01
2.510837018489837646e-01
2.510581314563751221e-01
2.511012554168701172e-01
2.511031031608581543e-01
2.510685026645660400e-01
2.511167526245117188e-01
2.510772943496704102e-01
2.510564327239990234e-01
2.510940134525299072e-01
2.510905861854553223e-01
2.511001825332641602e-01
2.511093616485595703e-01
2.511024475097656250e-01
2.510775327682495117e-01
2.511025965213775635e-01
2.511039376258850098e-01
2.510924935340881348e-01
2.511153817176818848e-01
2.510920763015747070e-01
2.510966062545776367e-01
2.510592937469482422e-01
2.510895729064941406e-01
2.510896921157836914e-01
2.510837614536285400e-01
2.511046528816223145e-01
2.510679960250854492e-01
2.510987520217895508e-01
2.510846853256225586e-01
2.510901689529418945e-01
2.510909736156463623e-01
2.511104941368103027e-01
2.511002123355865479e-01
2.510651051998138428e-01
2.510867714881896973e-01
2.511118650436401367e-01
2.510992288589477539e-01
2.510890066623687744e-01
2.510644197463989258e-01
2.511123418807983398e-01
2.511025071144104004e-01
2.510924637317657471e-01
2.511066198348999023e-01
2.511114776134490967e-01
2.510920763015747070e-01
2.510900795459747314e-01
2.510838806629180908e-01
2.510876059532165527e-01
2.510795295238494873e-01
2.510933578014373779e-01
2.510724067687988281e-01
2.510962188243865967e-01
2.510931491851806641e-01
2.510869503021240234e-01
2.510682046413421631e-01
2.510969638824462891e-01
2.510923445224761963e-01
2.510972023010253906e-01
2.510820031166076660e-01
2.510990798473358154e-01
2.510859966278076172e-01
2.510792315006256104e-01
2.510883510112762451e-01
2.510825097560882568e-01
2.510837316513061523e-01
2.511001825332641602e-01
2.510879039764404297e-01
2.510509490966796875e-01
2.510973513126373291e-01
2.510904669761657715e-01
2.510762512683868408e-01
2.511119544506072998e-01
2.510764002799987793e-01
2.510831058025360107e-01
2.511006295680999756e-01
2.510814964771270752e-01
2.510816752910614014e-01
2.510816156864166260e-01
2.511011064052581787e-01
2.510969936847686768e-01
2.510862052440643311e-01
2.510806620121002197e-01
2.510754168033599854e-01
2.511024177074432373e-01
2.510675191879272461e-01
2.510897219181060791e-01
2.510935366153717041e-01
2.510961294174194336e-01
2.511024773120880127e-01
2.510825395584106445e-01
2.510676980018615723e-01
2.510574460029602051e-01
2.510693967342376709e-01
2.510714232921600342e-01
2.510743439197540283e-01
2.510837018489837646e-01
2.511085867881774902e-01
2.511171996593475342e-01
2.510727643966674805e-01
2.510789632797241211e-01
2.510717809200286865e-01
2.511090934276580811e-01
2.510840296745300293e-01
2.510648965835571289e-01
2.511211931705474854e-01
2.511070668697357178e-01
2.510922253131866455e-01
2.511039674282073975e-01
2.510994970798492432e-01
2.510863542556762695e-01
2.510776221752166748e-01
2.510891854763031006e-01
2.510888278484344482e-01
2.510961592197418213e-01
2.510934174060821533e-01
2.510792016983032227e-01
2.510976791381835938e-01
2.510805726051330566e-01
2.511057257652282715e-01
2.510953843593597412e-01
2.511058449745178223e-01
2.511007487773895264e-01
2.511243224143981934e-01
2.510973513126373291e-01
2.510876953601837158e-01
2.510734200477600098e-01
2.510919868946075439e-01
2.510935664176940918e-01
2.510929405689239502e-01
2.510874867439270020e-01
2.510772645473480225e-01
2.511145472526550293e-01
2.510957717895507812e-01
2.511139512062072754e-01
2.510757446289062500e-01
2.511020898818969727e-01
2.510893940925598145e-01
2.510778009891510010e-01
2.511022984981536865e-01
2.510725855827331543e-01
2.510896623134613037e-01
2.510656714439392090e-01
2.510734796524047852e-01
2.511023879051208496e-01
2.510851025581359863e-01
2.510938644409179688e-01
2.511050701141357422e-01
2.510986626148223877e-01
2.511113882064819336e-01
2.510832548141479492e-01
2.510941028594970703e-01
2.511130571365356445e-01
2.511092424392700195e-01
2.511101365089416504e-01
2.511172294616699219e-01
2.510680556297302246e-01
2.510528266429901123e-01
2.510842978954315186e-01
2.511000633239746094e-01
2.511011362075805664e-01
2.510847747325897217e-01
2.510952949523925781e-01
2.510977983474731445e-01
2.510849237442016602e-01
2.510679066181182861e-01
2.510831058025360107e-01
2.511078715324401855e-01
2.510965466499328613e-01
2.510906457901000977e-01
2.511034309864044189e-01
2.510691583156585693e-01
2.511004507541656494e-01
2.510682940483093262e-01
2.511078417301177979e-01
2.510694563388824463e-01
2.510893940925598145e-01
2.511029541492462158e-01
2.510797381401062012e-01
2.511153221130371094e-01
2.510887980461120605e-01
2.510869204998016357e-01
2.510642111301422119e-01
2.510861158370971680e-01
2.510714828968048096e-01
2.511095106601715088e-01
2.510763108730316162e-01
2.510730922222137451e-01
2.510971724987030029e-01
2.511018812656402588e-01
2.511212229728698730e-01
2.511041760444641113e-01
2.511135637760162354e-01
2.510833144187927246e-01
2.510937154293060303e-01
2.510978877544403076e-01
2.510933279991149902e-01
2.510962188243865967e-01
2.510884404182434082e-01
2.511079907417297363e-01
2.510717809200286865e-01
2.510631978511810303e-01
2.510766983032226562e-01
2.511044144630432129e-01
2.510953843593597412e-01
2.510734498500823975e-01
2.510819435119628906e-01
2.510829865932464600e-01
2.510890364646911621e-01
2.511067688465118408e-01
2.510636150836944580e-01
2.510868310928344727e-01
2.510959804058074951e-01
2.510794401168823242e-01
2.510773539543151855e-01
2.510852515697479248e-01
2.510992884635925293e-01
2.510761618614196777e-01
2.510664165019989014e-01
2.510994970798492432e-01
2.510864436626434326e-01
2.510924339294433594e-01
2.510845363140106201e-01
2.510746717453002930e-01
2.510840296745300293e-01
2.511013746261596680e-01
2.510928809642791748e-01
2.511045038700103760e-01
2.510622739791870117e-01
2.510930001735687256e-01
2.511128783226013184e-01
2.510723173618316650e-01
2.510835528373718262e-01
2.510989308357238770e-01
2.510926425457000732e-01
2.510716021060943604e-01
2.511262595653533936e-01
2.510835528373718262e-01
2.510689795017242432e-01
2.510992288589477539e-01
2.510851621627807617e-01
2.510942220687866211e-01
2.510500848293304443e-01
2.510896921157836914e-01
2.510856091976165771e-01
2.510738372802734375e-01
2.510896623134613037e-01
2.510786354541778564e-01
2.511101663112640381e-01
2.510800659656524658e-01
2.510958313941955566e-01
2.510857284069061279e-01
2.510701715946197510e-01
2.510599493980407715e-01
2.511254549026489258e-01
2.510723471641540527e-01
2.510730028152465820e-01
2.510953247547149658e-01
2.510834336280822754e-01
2.510881125926971436e-01
2.510987520217895508e-01
2.510917782783508301e-01
2.510889470577239990e-01
2.511029243469238281e-01
2.510668337345123291e-01
2.510941028594970703e-01
2.510961294174194336e-01
2.510920763015747070e-01
2.510787248611450195e-01
2.510783672332763672e-01
2.510865032672882080e-01
2.510973513126373291e-01
2.511020898818969727e-01
2.510912120342254639e-01
2.510822117328643799e-01
2.510747909545898438e-01
2.510643899440765381e-01
2.510800957679748535e-01
2.510877549648284912e-01
2.510826885700225830e-01
2.510947287082672119e-01
2.510561048984527588e-01
2.510457336902618408e-01
2.510936558246612549e-01
2.511164546012878418e-01
2.510628402233123779e-01
2.511029243469238281e-01
2.511099874973297119e-01
2.510764300823211670e-01
2.510744035243988037e-01
2.511077821254730225e-01
2.510918080806732178e-01
2.511151731014251709e-01
2.510624825954437256e-01
2.510689496994018555e-01
2.511019408702850342e-01
2.510638535022735596e-01
2.511067390441894531e-01
2.510907053947448730e-01
2.510940432548522949e-01
2.510815560817718506e-01
2.510821521282196045e-01
2.510775923728942871e-01
2.510577738285064697e-01
2.510755658149719238e-01
2.510963976383209229e-01
2.510891258716583252e-01
2.510896623134613037e-01
2.510989904403686523e-01
2.510673403739929199e-01
2.510781586170196533e-01
2.510754466056823730e-01
2.510853409767150879e-01
2.511016130447387695e-01
2.511073946952819824e-01
2.510912716388702393e-01
2.510683834552764893e-01
2.511038184165954590e-01
2.511007785797119141e-01
2.510755062103271484e-01
2.510935664176940918e-01
2.510508596897125244e-01
2.510946094989776611e-01
2.511001527309417725e-01
2.511008977890014648e-01
2.510749399662017822e-01
2.510744631290435791e-01
2.510865330696105957e-01
2.510707676410675049e-01
2.510969340801239014e-01
2.510896623134613037e-01
2.510863542556762695e-01
2.510676980018615723e-01
2.510746419429779053e-01
2.511012852191925049e-01
2.510782182216644287e-01
2.510519921779632568e-01
2.510523796081542969e-01
2.510572969913482666e-01
2.510723173618316650e-01
2.510899305343627930e-01
2.511291503906250000e-01
2.510761320590972900e-01
2.511065602302551270e-01
2.510862350463867188e-01
2.510942518711090088e-01
2.510839700698852539e-01
2.510975897312164307e-01
2.510932087898254395e-01
2.510835230350494385e-01
2.511008977890014648e-01
2.510853409767150879e-01
2.510811090469360352e-01
2.511049211025238037e-01
2.510946691036224365e-01
2.510854303836822510e-01
2.510940730571746826e-01
2.510849833488464355e-01
2.510979771614074707e-01
2.511030137538909912e-01
2.510869204998016357e-01
2.510921061038970947e-01
2.510835826396942139e-01
2.510998547077178955e-01
2.510742843151092529e-01
2.510890960693359375e-01
2.510907351970672607e-01
2.511116564273834229e-01
2.510876953601837158e-01
2.510856389999389648e-01
2.510964870452880859e-01
2.511005699634552002e-01
2.510954737663269043e-01
2.510822415351867676e-01
2.510721683502197266e-01
2.510719001293182373e-01
2.510715723037719727e-01
2.510719299316406250e-01
2.510537207126617432e-01
2.510842084884643555e-01
2.510767281055450439e-01
2.510914504528045654e-01
2.510746717453002930e-01
2.510833442211151123e-01
2.510938644409179688e-01
2.510698735713958740e-01
2.510871887207031250e-01
2.511204481124877930e-01
2.511039674282073975e-01
2.510851025581359863e-01
2.511055171489715576e-01
2.510875463485717773e-01
2.511065900325775146e-01
2.510903477668762207e-01
2.510778009891510010e-01
2.510871589183807373e-01
2.510885894298553467e-01
2.510940730571746826e-01
2.510798573493957520e-01
2.510827481746673584e-01
2.510993182659149170e-01
2.510747909545898438e-01
2.510843873023986816e-01
2.510984539985656738e-01
2.511008679866790771e-01
2.510679662227630615e-01
2.510921359062194824e-01
2.510931491851806641e-01
2.510702908039093018e-01
2.511078715324401855e-01
2.510929107666015625e-01
2.510969638824462891e-01
2.511079907417297363e-01
2.510719001293182373e-01
2.510893046855926514e-01
2.510899901390075684e-01
2.511051297187805176e-01
2.511059641838073730e-01
2.510829269886016846e-01
2.510921657085418701e-01
2.510937154293060303e-01
2.510892748832702637e-01
2.510980367660522461e-01
2.510844767093658447e-01
2.510803043842315674e-01
2.510887086391448975e-01
2.510740756988525391e-01
2.511055171489715576e-01
2.511010468006134033e-01
2.510900497436523438e-01
2.510809600353240967e-01
2.511078119277954102e-01
2.510938644409179688e-01
2.511022984981536865e-01
2.510905861854553223e-01
2.510779201984405518e-01
2.510877549648284912e-01
2.510896325111389160e-01
2.510853409767150879e-01
2.511072158813476562e-01
2.510815560817718506e-01
2.510859072208404541e-01
2.510702013969421387e-01
2.510778605937957764e-01
2.510903775691986084e-01
2.510859370231628418e-01
2.511031925678253174e-01
2.510699629783630371e-01
2.510902881622314453e-01
2.511081099510192871e-01
2.510758936405181885e-01
2.511155903339385986e-01
2.510949075222015381e-01
2.510963976383209229e-01
2.510860264301300049e-01
2.510941028594970703e-01
2.511157095432281494e-01
2.510782182216644287e-01
2.510826289653778076e-01
2.511035203933715820e-01
2.510517537593841553e-01
2.510777413845062256e-01
2.510811984539031982e-01
2.510935962200164795e-01
2.510964870452880859e-01
2.510675191879272461e-01
2.510662376880645752e-01
2.510620057582855225e-01
2.511028945446014404e-01
2.510704696178436279e-01
2.510860562324523926e-01
2.510777413845062256e-01
2.510501444339752197e-01
2.511156201362609863e-01
2.510884404182434082e-01
2.511096298694610596e-01
2.510916292667388916e-01
2.511103749275207520e-01
2.510869801044464111e-01
2.510884702205657959e-01
2.511084675788879395e-01
2.510854601860046387e-01
2.510907649993896484e-01
2.510637640953063965e-01
2.510576546192169189e-01
2.510976791381835938e-01
2.510973513126373291e-01
2.511001527309417725e-01
2.510944604873657227e-01
2.510904669761657715e-01
2.510871887207031250e-01
2.511061131954193115e-01
2.510953545570373535e-01
2.510946393013000488e-01
2.510771155357360840e-01
2.511017620563507080e-01
2.510953545570373535e-01
2.510898113250732422e-01
2.510910034179687500e-01
2.510956823825836182e-01
2.510916888713836670e-01
2.510768175125122070e-01
2.510953247547149658e-01
2.510936260223388672e-01
2.510904371738433838e-01
2.510889768600463867e-01
2.510732412338256836e-01
2.510812878608703613e-01
2.510869503021240234e-01
2.510976791381835938e-01
2.510739564895629883e-01
2.510846257209777832e-01
2.510787546634674072e-01
2.510955333709716797e-01
2.510773539543151855e-01
2.510654926300048828e-01
2.510715723037719727e-01
2.510814070701599121e-01
2.510753273963928223e-01
2.510810494422912598e-01
2.510932683944702148e-01
2.510705292224884033e-01
2.511170506477355957e-01
2.510953843593597412e-01
2.510776221752166748e-01
2.510568797588348389e-01
2.510933279991149902e-01
2.511025667190551758e-01
2.510914206504821777e-01
2.510807514190673828e-01
2.510689795017242432e-01
2.510867118835449219e-01
2.510795295238494873e-01
2.510902583599090576e-01
2.511056065559387207e-01
2.510681748390197754e-01
2.510754168033599854e-01
2.510882019996643066e-01
2.510930895805358887e-01
2.510803341865539551e-01
2.510875463485717773e-01
2.510944902896881104e-01
2.510733902454376221e-01
2.510810494422912598e-01
2.510692775249481201e-01
2.510688900947570801e-01
2.510946691036224365e-01
2.510751187801361084e-01
2.510991692543029785e-01
2.510965764522552490e-01
2.510730624198913574e-01
2.511065006256103516e-01
2.510969042778015137e-01
2.510809004306793213e-01
2.510516345500946045e-01
2.511004209518432617e-01
2.510661184787750244e-01
2.510685026645660400e-01
2.510803341865539551e-01
2.510785460472106934e-01
2.511027455329895020e-01
2.510638833045959473e-01
2.510775625705718994e-01
2.510939836502075195e-01
2.511131167411804199e-01
2.511002421379089355e-01
2.510800659656524658e-01
2.510795295238494873e-01
2.510859966278076172e-01
2.511054277420043945e-01
2.510904073715209961e-01
2.510967850685119629e-01
2.511025965213775635e-01
2.510727643966674805e-01
2.510520517826080322e-01
2.510891556739807129e-01
2.510643601417541504e-01
2.510934472084045410e-01
2.511161565780639648e-01
2.510812878608703613e-01
2.510887086391448975e-01
2.510803639888763428e-01
2.510810792446136475e-01
2.510773241519927979e-01
2.510862946510314941e-01
2.510887980461120605e-01
2.510820925235748291e-01
2.510734200477600098e-01
2.510943710803985596e-01
2.510716021060943604e-01
2.510899305343627930e-01
2.510798871517181396e-01
2.511090934276580811e-01
2.510887980461120605e-01
2.510980367660522461e-01
2.510814666748046875e-01
2.510908246040344238e-01
2.510813176631927490e-01
2.510890662670135498e-01
2.510672509670257568e-01
2.511182129383087158e-01
2.510825097560882568e-01
2.510593235492706299e-01
2.510835826396942139e-01
2.510857582092285156e-01
2.510874867439270020e-01
2.511118352413177490e-01
2.511041462421417236e-01
2.510853409767150879e-01
2.510411441326141357e-01
2.510884404182434082e-01
2.511096298694610596e-01
2.510928809642791748e-01
2.510968148708343506e-01
2.510963976383209229e-01
2.510755062103271484e-01
2.510907351970672607e-01
2.510648071765899658e-01
2.510857582092285156e-01
2.510711848735809326e-01
2.510826885700225830e-01
2.510840296745300293e-01
2.510927915573120117e-01
2.510944604873657227e-01
2.510923445224761963e-01
2.510578632354736328e-01
2.511081099510192871e-01
2.511026859283447266e-01
2.510929703712463379e-01
2.510846257209777832e-01
2.510612607002258301e-01
2.510848045349121094e-01
2.510893940925598145e-01
2.511060237884521484e-01
2.510751783847808838e-01
2.510899305343627930e-01
2.510846555233001709e-01
2.510627806186676025e-01
2.510766386985778809e-01
2.511130273342132568e-01
2.511088252067565918e-01
2.510963380336761475e-01
2.510603368282318115e-01
2.510819435119628906e-01
2.510689795017242432e-01
2.510756850242614746e-01
2.510843575000762939e-01
2.510967850685119629e-01
2.510888874530792236e-01
2.510981261730194092e-01
2.510925233364105225e-01
2.510950565338134766e-01
2.511105835437774658e-01
2.510952651500701904e-01
2.510626316070556641e-01
2.510647475719451904e-01
2.511037588119506836e-01
2.510840594768524170e-01
2.510873675346374512e-01
2.510877549648284912e-01
2.510925531387329102e-01
2.510977983474731445e-01
2.510881721973419189e-01
2.511038482189178467e-01
2.510638535022735596e-01
2.510646879673004150e-01
2.510836422443389893e-01
2.510911524295806885e-01
2.510785758495330811e-01
2.510824203491210938e-01
2.510977983474731445e-01
2.511017620563507080e-01
2.510697245597839355e-01
2.511236667633056641e-01
2.510996460914611816e-01
2.510784268379211426e-01
2.510928511619567871e-01
2.510946393013000488e-01
2.510763108730316162e-01
2.510600686073303223e-01
2.511189579963684082e-01
2.511050701141357422e-01
2.511125504970550537e-01
2.510765194892883301e-01
2.511153221130371094e-01
2.511077225208282471e-01
2.510992586612701416e-01
2.510857284069061279e-01
2.510849237442016602e-01
2.510787844657897949e-01
2.510843873023986816e-01
2.510961592197418213e-01
2.510833740234375000e-01
2.510912418365478516e-01
2.511003315448760986e-01
2.510865330696105957e-01
2.510895133018493652e-01
2.510973215103149414e-01
2.510889172554016113e-01
2.510925829410552979e-01
2.510839104652404785e-01
2.510721087455749512e-01
2.510740458965301514e-01
2.510681450366973877e-01
2.510987222194671631e-01
2.511121332645416260e-01
2.510950863361358643e-01
2.510685324668884277e-01
2.510843575000762939e-01
2.510845363140106201e-01
2.510924637317657471e-01
2.511038780212402344e-01
2.510701715946197510e-01
2.510895133018493652e-01
2.511100172996520996e-01
2.510838210582733154e-01
2.510843575000762939e-01
2.510835826396942139e-01
2.510691881179809570e-01
2.510702610015869141e-01
2.510874569416046143e-01
2.511057853698730469e-01
2.510747909545898438e-01
2.510632574558258057e-01
2.510766088962554932e-01
2.510835230350494385e-01
2.511124312877655029e-01
2.510932981967926025e-01
2.510929107666015625e-01
2.510823309421539307e-01
2.510744631290435791e-01
2.511120438575744629e-01
2.510802149772644043e-01
2.511199116706848145e-01
2.510982155799865723e-01
2.511245012283325195e-01
2.511090040206909180e-01
2.510632574558258057e-01
2.510986328125000000e-01
2.510910034179687500e-01
2.510884702205657959e-01
2.511070668697357178e-01
2.510727345943450928e-01
2.511008977890014648e-01
2.510865032672882080e-01
2.510958015918731689e-01
2.510633170604705811e-01
2.510766088962554932e-01
2.510796487331390381e-01
2.511289715766906738e-01
2.510864138603210449e-01
2.511244714260101318e-01
2.510778605937957764e-01
2.511200308799743652e-01
2.510920464992523193e-01
2.511022090911865234e-01
2.511216700077056885e-01
2.510888874530792236e-01
2.511000633239746094e-01
2.510872483253479004e-01
2.510854601860046387e-01
2.511061131954193115e-01
2.510921061038970947e-01
2.510925829410552979e-01
2.510888576507568359e-01
2.510986626148223877e-01
2.510707974433898926e-01
2.510975897312164307e-01
2.510806322097778320e-01
2.510960102081298828e-01
2.510818839073181152e-01
2.510976195335388184e-01
2.510905265808105469e-01
2.510811388492584229e-01
2.511277496814727783e-01
2.510816454887390137e-01
2.510815858840942383e-01
2.510693967342376709e-01
2.511038184165954590e-01
2.511035203933715820e-01
2.510975897312164307e-01
2.510914206504821777e-01
2.510841190814971924e-01
2.510796785354614258e-01
2.510825097560882568e-01
2.510928213596343994e-01
2.511124312877655029e-01
2.510745525360107422e-01
2.511119246482849121e-01
2.510926425457000732e-01
2.510837912559509277e-01
2.510808110237121582e-01
2.510929703712463379e-01
2.511094808578491211e-01
2.510950565338134766e-01
2.511089742183685303e-01
2.511073052883148193e-01
2.510924637317657471e-01
2.510895133018493652e-01
2.510740458965301514e-01
2.511014044284820557e-01
2.511289715766906738e-01
2.510944604873657227e-01
2.510899603366851807e-01
2.510931491851806641e-01
2.510842084884643555e-01
2.510638535022735596e-01
2.510981559753417969e-01
2.511085867881774902e-01
2.510972321033477783e-01
2.510755956172943115e-01
2.510807514190673828e-01
2.510807514190673828e-01
2.510673999786376953e-01
2.510994970798492432e-01
2.510943412780761719e-01
2.510979175567626953e-01
2.510695457458496094e-01
2.510846555233001709e-01
2.510869503021240234e-01
2.511173784732818604e-01
2.510894834995269775e-01
2.510689795017242432e-01
2.510953843593597412e-01
2.511008679866790771e-01
2.510763406753540039e-01
2.510817646980285645e-01
2.511070370674133301e-01
2.510920763015747070e-01
2.511009275913238525e-01
2.510766386985778809e-01
2.510977685451507568e-01
2.510808110237121582e-01
2.510904967784881592e-01
2.510711550712585449e-01
2.510675787925720215e-01
2.510978877544403076e-01
2.510761022567749023e-01
2.510744333267211914e-01
2.510834336280822754e-01
2.510974705219268799e-01
2.510886788368225098e-01
2.511001527309417725e-01
2.510953247547149658e-01
2.510947585105895996e-01
2.511237859725952148e-01
2.510839402675628662e-01
2.510932683944702148e-01
2.511038482189178467e-01
2.510925531387329102e-01
2.510920763015747070e-01
2.511016726493835449e-01
2.510932981967926025e-01
2.510730326175689697e-01
2.510666251182556152e-01
2.510745525360107422e-01
2.510990202426910400e-01
2.511007189750671387e-01
2.510965168476104736e-01
2.510699927806854248e-01
2.510744035243988037e-01
2.511057555675506592e-01
2.510639727115631104e-01
2.510637938976287842e-01
2.510930895805358887e-01
2.510869503021240234e-01
2.510841786861419678e-01
2.511066198348999023e-01
2.511021196842193604e-01
2.510805428028106689e-01
2.510750889778137207e-01
2.510788440704345703e-01
2.510760128498077393e-01
2.510637342929840088e-01
2.510972619056701660e-01
2.510877251625061035e-01
2.510661482810974121e-01
2.510685920715332031e-01
2.510984838008880615e-01
2.510685920715332031e-01
2.510960102081298828e-01
2.510762214660644531e-01
2.510894536972045898e-01
2.510778903961181641e-01
2.510995864868164062e-01
2.510880231857299805e-01
2.511006593704223633e-01
2.510798871517181396e-01
2.510651946067810059e-01
2.510745823383331299e-01
2.510813474655151367e-01
2.510859966278076172e-01
2.510592639446258545e-01
2.510880231857299805e-01
2.510765194892883301e-01
2.510885298252105713e-01
2.510839402675628662e-01
2.510934770107269287e-01
2.510877251625061035e-01
2.511158883571624756e-01
2.510843276977539062e-01
2.510994374752044678e-01
2.510996758937835693e-01
2.511303424835205078e-01
2.510770559310913086e-01
2.511092424392700195e-01
2.511098682880401611e-01
2.510769665241241455e-01
2.511031031608581543e-01
2.510819137096405029e-01
2.510795295238494873e-01
2.511097192764282227e-01
2.510865926742553711e-01
2.510796189308166504e-01
2.511124610900878906e-01
2.510928511619567871e-01
2.510953843593597412e-01
2.511035799980163574e-01
2.510773539543151855e-01
2.510902285575866699e-01
2.510834336280822754e-01
2.510792315006256104e-01
2.510893344879150391e-01
2.510933279991149902e-01
2.511042654514312744e-01
2.510772347450256348e-01
2.510961890220642090e-01
2.510929405689239502e-01
2.510872185230255127e-01
2.511035501956939697e-01
2.510982453823089600e-01
2.510977685451507568e-01
2.510869503021240234e-01
2.510761022567749023e-01
2.510800659656524658e-01
2.511064112186431885e-01
2.510924041271209717e-01
2.510845065116882324e-01
2.511048913002014160e-01
2.511033415794372559e-01
2.511028349399566650e-01
2.510757148265838623e-01
2.510873675346374512e-01
2.510812878608703613e-01
2.510890066623687744e-01
2.510877549648284912e-01
2.510832250118255615e-01
2.510885596275329590e-01
2.510830461978912354e-01
2.511020004749298096e-01
2.510905861854553223e-01
2.510637938976287842e-01
2.510677874088287354e-01
2.510840296745300293e-01
2.510798871517181396e-01
2.510819435119628906e-01
2.510891556739807129e-01
2.510994970798492432e-01
2.510951161384582520e-01
2.510660290718078613e-01
2.510965764522552490e-01
2.510982453823089600e-01
2.511029839515686035e-01
2.511071264743804932e-01
2.510891854763031006e-01
2.510924041271209717e-01
2.511024475097656250e-01
2.510887980461120605e-01
2.510783374309539795e-01
2.510836124420166016e-01
2.510960102081298828e-01
2.510821521282196045e-01
2.510938048362731934e-01
2.511010766029357910e-01
2.510942518711090088e-01
2.510901987552642822e-01
2.510972619056701660e-01
2.510876059532165527e-01
2.511118054389953613e-01
2.510619461536407471e-01
2.511053383350372314e-01
2.510929703712463379e-01
2.510885596275329590e-01
2.510845065116882324e-01
2.510746419429779053e-01
2.510856091976165771e-01
2.511054873466491699e-01
2.510912120342254639e-01
2.510943710803985596e-01
2.511177957057952881e-01
2.510824501514434814e-01
2.511012256145477295e-01
2.510855197906494141e-01
2.510802447795867920e-01
2.510913312435150146e-01
2.510921061038970947e-01
2.510741651058197021e-01
2.510792911052703857e-01
2.510986328125000000e-01
2.511116266250610352e-01
2.510919868946075439e-01
2.510942816734313965e-01
2.511001825332641602e-01
2.510852515697479248e-01
2.510612905025482178e-01
2.511066198348999023e-01
2.510999143123626709e-01
2.510760128498077393e-01
2.510845959186553955e-01
2.510652542114257812e-01
2.510896921157836914e-01
2.510938346385955811e-01
2.511078715324401855e-01
2.510902285575866699e-01
2.510900497436523438e-01
2.511090636253356934e-01
2.510957717895507812e-01
2.510954737663269043e-01
2.510991692543029785e-01
2.510904371738433838e-01
2.510880231857299805e-01
2.510876953601837158e-01
2.510920763015747070e-01
2.511034607887268066e-01
2.510762810707092285e-01
2.510524690151214600e-01
2.510964572429656982e-01
2.510755956172943115e-01
2.511008977890014648e-01
2.510837912559509277e-01
2.511028349399566650e-01
2.511036396026611328e-01
2.510657310485839844e-01
2.511012852191925049e-01
2.510885596275329590e-01
2.510770857334136963e-01
2.510831356048583984e-01
2.510841488838195801e-01
2.510907948017120361e-01
2.511037886142730713e-01
2.510522902011871338e-01
2.511026859283447266e-01
2.511098980903625488e-01
2.511080503463745117e-01
2.510779201984405518e-01
2.510677576065063477e-01
2.510960996150970459e-01
2.510732114315032959e-01
2.510713338851928711e-01
2.510923445224761963e-01
2.511070668697357178e-01
2.510700821876525879e-01
2.511019706726074219e-01
2.510816156864166260e-01
2.511080205440521240e-01
2.511107921600341797e-01
2.510805428028106689e-01
2.510918378829956055e-01
2.510996460914611816e-01
2.510967254638671875e-01
2.510848641395568848e-01
2.510818839073181152e-01
2.510825991630554199e-01
2.511110901832580566e-01
2.510700821876525879e-01
2.510941624641418457e-01
2.510741055011749268e-01
2.510843873023986816e-01
2.511072158813476562e-01
2.510923743247985840e-01
2.511041462421417236e-01
2.510735392570495605e-01
2.510806918144226074e-01
2.511062622070312500e-01
2.510832548141479492e-01
2.510989308357238770e-01
2.511150538921356201e-01
2.510923445224761963e-01
2.510834932327270508e-01
2.510913312435150146e-01
2.510951459407806396e-01
2.511181235313415527e-01
2.511056959629058838e-01
2.511039376258850098e-01
2.510946989059448242e-01
2.510777711868286133e-01
2.510994374752044678e-01
2.510949671268463135e-01
2.511089444160461426e-01
2.510769665241241455e-01
2.510932385921478271e-01
2.510761022567749023e-01
2.510978281497955322e-01
2.510995864868164062e-01
2.510912418365478516e-01
2.510953545570373535e-01
2.510834932327270508e-01
2.511074841022491455e-01
2.510863244533538818e-01
2.510966658592224121e-01
2.510656118392944336e-01
2.510803341865539551e-01
2.510940134525299072e-01
2.510735690593719482e-01
2.510930597782135010e-01
2.511065900325775146e-01
2.510799169540405273e-01
2.510682642459869385e-01
2.510913014411926270e-01
2.510709464550018311e-01
2.510903179645538330e-01
2.510986328125000000e-01
2.510811090469360352e-01
2.510880529880523682e-01
2.510924041271209717e-01
2.511171996593475342e-01
2.510838508605957031e-01
2.511031627655029297e-01
2.510999441146850586e-01
2.510983645915985107e-01
2.510837316513061523e-01
2.510724067687988281e-01
2.510888278484344482e-01
2.510804831981658936e-01
2.510903775691986084e-01
2.511001825332641602e-01
2.510994374752044678e-01
2.510931193828582764e-01
2.510590851306915283e-01
2.510673105716705322e-01
2.510919570922851562e-01
2.510852515697479248e-01
2.510888576507568359e-01
2.510885000228881836e-01
2.511057555675506592e-01
2.510844171047210693e-01
2.510977089405059814e-01
2.510994970798492432e-01
2.510953843593597412e-01
2.511073648929595947e-01
2.511309385299682617e-01
2.510734498500823975e-01
2.510786354541778564e-01
2.511176168918609619e-01
2.510969340801239014e-01
2.510808110237121582e-01
2.511092424392700195e-01
2.511084675788879395e-01
2.510922551155090332e-01
2.510999739170074463e-01
2.510851919651031494e-01
2.511104047298431396e-01
2.510719597339630127e-01
2.510840296745300293e-01
2.511044144630432129e-01
2.510858774185180664e-01
2.511252760887145996e-01
2.510870993137359619e-01
2.510896325111389160e-01
2.510847747325897217e-01
2.511036992073059082e-01
2.510951459407806396e-01
2.510918080806732178e-01
2.510918676853179932e-01
2.510819435119628906e-01
2.510862052440643311e-01
2.510519027709960938e-01
2.510872185230255127e-01
2.510963976383209229e-01
2.510941028594970703e-01
2.510951459407806396e-01
2.510853409767150879e-01
2.510655522346496582e-01
2.510781884193420410e-01
2.510665059089660645e-01
2.511000633239746094e-01
2.510456442832946777e-01
2.510891258716583252e-01
2.510938346385955811e-01
2.510864138603210449e-01
2.510868906974792480e-01
2.511111497879028320e-01
2.510939240455627441e-01
2.510667145252227783e-01
2.510805130004882812e-01
2.510851025581359863e-01
2.511071562767028809e-01
2.510783076286315918e-01
2.510618269443511963e-01
2.511035203933715820e-01
2.510697543621063232e-01
2.510201036930084229e-01
2.510975599288940430e-01
2.511020004749298096e-01
2.511103451251983643e-01
2.510776817798614502e-01
2.510906457901000977e-01
2.510859072208404541e-01
2.510628104209899902e-01
2.511077821254730225e-01
2.510894536972045898e-01
2.510900497436523438e-01
2.510750889778137207e-01
2.511045932769775391e-01
2.510957419872283936e-01
2.510923445224761963e-01
2.510878443717956543e-01
2.510691583156585693e-01
2.510988414287567139e-01
2.510809302330017090e-01
2.510813772678375244e-01
2.511077225208282471e-01
2.510907053947448730e-01
2.510913312435150146e-01
2.510801851749420166e-01
2.510868906974792480e-01
2.511156499385833740e-01
2.510808110237121582e-01
2.510885000228881836e-01
2.510911524295806885e-01
2.510956227779388428e-01
2.510904967784881592e-01
2.510876059532165527e-01
2.510920166969299316e-01
2.510896921157836914e-01
2.510910928249359131e-01
2.510693967342376709e-01
2.510921359062194824e-01
2.510747909545898438e-01
2.510965466499328613e-01
2.510770857334136963e-01
2.511022090911865234e-01
2.510975599288940430e-01
2.511081397533416748e-01
2.510955631732940674e-01
2.510977089405059814e-01
2.510964274406433105e-01
2.510911226272583008e-01
2.510939836502075195e-01
2.510985434055328369e-01
2.511059045791625977e-01
2.510969042778015137e-01
2.510629296302795410e-01
2.510871291160583496e-01
2.510620057582855225e-01
2.510707974433898926e-01
2.510816752910614014e-01
2.510815560817718506e-01
2.510861754417419434e-01
2.510931491851806641e-01
2.510809600353240967e-01
2.510707676410675049e-01
2.510739862918853760e-01
2.510893940925598145e-01
2.510741353034973145e-01
2.510819137096405029e-01
2.510932683944702148e-01
2.510919272899627686e-01
2.511194944381713867e-01
2.510870993137359619e-01
2.510913908481597900e-01
2.510727047920227051e-01
2.510903179645538330e-01
2.510977387428283691e-01
2.510897815227508545e-01
2.510737776756286621e-01
2.511030137538909912e-01
2.510839700698852539e-01
2.511146962642669678e-01
2.510902881622314453e-01
2.510805130004882812e-01
2.510569393634796143e-01
2.510912418365478516e-01
2.510789334774017334e-01
2.511078715324401855e-01
2.510931789875030518e-01
2.511055767536163330e-01
2.510739862918853760e-01
2.510862052440643311e-01
2.510867118835449219e-01
2.510938346385955811e-01
2.510767281055450439e-01
2.510805428028106689e-01
2.510839104652404785e-01
2.510969936847686768e-01
2.510825097560882568e-01
2.510803341865539551e-01
2.510835528373718262e-01
2.511283755302429199e-01
2.510694265365600586e-01
2.510843873023986816e-01
2.510865032672882080e-01
2.510911524295806885e-01
2.510550916194915771e-01
2.510966658592224121e-01
2.510764300823211670e-01
2.510931491851806641e-01
2.510943710803985596e-01
2.510887086391448975e-01
2.510794997215270996e-01
2.510953545570373535e-01
2.510880827903747559e-01
2.511023581027984619e-01
2.510839104652404785e-01
2.510634064674377441e-01
2.510813474655151367e-01
2.510937154293060303e-01
2.510933279991149902e-01
2.510930001735687256e-01
2.510747909545898438e-01
2.511099874973297119e-01
2.510908246040344238e-01
2.510954141616821289e-01
2.511057257652282715e-01
2.510823905467987061e-01
2.510853409767150879e-01
2.510807514190673828e-01
2.510955333709716797e-01
2.511111497879028320e-01
2.510862350463867188e-01
2.510646581649780273e-01
2.510763108730316162e-01
2.510843575000762939e-01
2.510750889778137207e-01
2.510826885700225830e-01
2.510898411273956299e-01
2.510918080806732178e-01
2.510887086391448975e-01
2.511079013347625732e-01
2.511100471019744873e-01
2.511076927185058594e-01
2.511108219623565674e-01
2.511112093925476074e-01
2.510870099067687988e-01
2.510702013969421387e-01
2.510915100574493408e-01
2.511028349399566650e-01
2.510806322097778320e-01
2.510942816734313965e-01
2.510930597782135010e-01
2.511092424392700195e-01
2.510774135589599609e-01
2.510828673839569092e-01
2.510882019996643066e-01
2.510832548141479492e-01
2.510732114315032959e-01
2.510814964771270752e-01
2.510953843593597412e-01
2.510895431041717529e-01
2.510784864425659180e-01
2.510935664176940918e-01
2.510934174060821533e-01
2.510707676410675049e-01
2.510711550712585449e-01
2.511285543441772461e-01
2.510882019996643066e-01
2.511049211025238037e-01
2.510809898376464844e-01
2.510895431041717529e-01
2.510715425014495850e-01
2.511014640331268311e-01
2.510844469070434570e-01
2.511005103588104248e-01
2.510927021503448486e-01
2.510859668254852295e-01
2.510970532894134521e-01
2.511123716831207275e-01
2.510805726051330566e-01
2.510931193828582764e-01
2.510982453823089600e-01
2.510846555233001709e-01
2.510906159877777100e-01
2.510904371738433838e-01
2.510837018489837646e-01
2.511015832424163818e-01
2.511008083820343018e-01
2.511058449745178223e-01
2.511012256145477295e-01
2.510897815227508545e-01
2.510879039764404297e-01
2.511038184165954590e-01
2.510798573493957520e-01
2.510986924171447754e-01
2.510913014411926270e-01
2.510714232921600342e-01
2.510943710803985596e-01
2.510953247547149658e-01
2.511161863803863525e-01
2.510939538478851318e-01
2.510869503021240234e-01
2.510768175125122070e-01
2.510679364204406738e-01
2.510640621185302734e-01
2.510880827903747559e-01
2.510530352592468262e-01
2.510995268821716309e-01
2.510950267314910889e-01
2.511002421379089355e-01
2.511043846607208252e-01
2.510662674903869629e-01
2.510940134525299072e-01
2.510708868503570557e-01
2.510920763015747070e-01
2.510976195335388184e-01
2.510754764080047607e-01
2.510906457901000977e-01
2.510857880115509033e-01
2.510904371738433838e-01
2.510835826396942139e-01
2.510912418365478516e-01
2.510907649993896484e-01
2.510850131511688232e-01
2.510996162891387939e-01
2.510829567909240723e-01
2.510963976383209229e-01
2.510614693164825439e-01
2.510957419872283936e-01
2.510806024074554443e-01
2.511022090911865234e-01
2.510837018489837646e-01
2.510914206504821777e-01
2.511033713817596436e-01
2.510828673839569092e-01
2.510672509670257568e-01
2.510669529438018799e-01
2.511049807071685791e-01
2.511155903339385986e-01
2.511007487773895264e-01
2.510797679424285889e-01
2.510823309421539307e-01
2.510927021503448486e-01
2.510929107666015625e-01
2.511031627655029297e-01
2.510578334331512451e-01
2.510848045349121094e-01
2.510809898376464844e-01
2.510764896869659424e-01
2.510913610458374023e-01
2.510841488838195801e-01
2.510868310928344727e-01
2.510848045349121094e-01
2.510996460914611816e-01
2.510935068130493164e-01
2.511027157306671143e-01
2.511161267757415771e-01
2.510972023010253906e-01
2.511045932769775391e-01
2.510876357555389404e-01
2.510844469070434570e-01
2.510951757431030273e-01
2.510894536972045898e-01
2.510738670825958252e-01
2.511008083820343018e-01
2.510765492916107178e-01
2.510810196399688721e-01
2.511004507541656494e-01
2.510873675346374512e-01
2.510871589183807373e-01
2.510813772678375244e-01
2.510899305343627930e-01
2.510679066181182861e-01
2.510904967784881592e-01
2.510583698749542236e-01
2.510757446289062500e-01
2.510816156864166260e-01
2.510871589183807373e-01
2.511151134967803955e-01
2.510966956615447998e-01
2.510868310928344727e-01
2.510923445224761963e-01
2.510888874530792236e-01
2.511022090911865234e-01
2.510968148708343506e-01
2.510688602924346924e-01
2.510775327682495117e-01
2.511061131954193115e-01
2.510836720466613770e-01
2.511029839515686035e-01
2.511177361011505127e-01
2.511014938354492188e-01
2.510803341865539551e-01
2.510899305343627930e-01
2.510949969291687012e-01
2.510954737663269043e-01
2.510704398155212402e-01
2.510835826396942139e-01
2.511003315448760986e-01
2.511011362075805664e-01
2.510953247547149658e-01
2.510870993137359619e-01
2.510962784290313721e-01
2.511038184165954590e-01
2.510912120342254639e-01
2.510754764080047607e-01
2.510996460914611816e-01
2.510715425014495850e-01
2.510935068130493164e-01
2.511034309864044189e-01
2.510880231857299805e-01
2.511080205440521240e-01
2.510808110237121582e-01
2.511043548583984375e-01
2.510947883129119873e-01
2.510875463485717773e-01
2.510835528373718262e-01
2.511247098445892334e-01
2.510987818241119385e-01
2.510901391506195068e-01
2.510743737220764160e-01
2.510683238506317139e-01
2.510938942432403564e-01
2.510967552661895752e-01
2.510814070701599121e-01
2.510952055454254150e-01
2.510820627212524414e-01
2.510891258716583252e-01
2.511076033115386963e-01
2.510861754417419434e-01
2.510866522789001465e-01
2.511067092418670654e-01
2.510890364646911621e-01
2.511114776134490967e-01
2.510917186737060547e-01
2.511087059974670410e-01
2.511135339736938477e-01
2.511198222637176514e-01
2.511020898818969727e-01
2.510989606380462646e-01
2.510896027088165283e-01
2.510895133018493652e-01
2.510890364646911621e-01
2.510728240013122559e-01
2.510805130004882812e-01
2.510869801044464111e-01
2.510725259780883789e-01
2.510853409767150879e-01
2.510776817798614502e-01
2.510768175125122070e-01
2.510702013969421387e-01
2.510856091976165771e-01
2.510833144187927246e-01
2.510985434055328369e-01
2.511061728000640869e-01
2.511024177074432373e-01
2.510846555233001709e-01
2.510838508605957031e-01
2.510768771171569824e-01
2.510761618614196777e-01
2.510856091976165771e-01
2.510720789432525635e-01
2.510820329189300537e-01
2.511138617992401123e-01
2.510652244091033936e-01
2.510766983032226562e-01
2.510968148708343506e-01
2.511091530323028564e-01
2.511029541492462158e-01
2.510998249053955078e-01
2.510841786861419678e-01
2.510693967342376709e-01
2.510645687580108643e-01
2.510918974876403809e-01
2.510924041271209717e-01
2.510905861854553223e-01
2.510885596275329590e-01
2.510798573493957520e-01
2.510907948017120361e-01
2.510780394077301025e-01
2.510889768600463867e-01
2.510931491851806641e-01
2.511088550090789795e-01
2.511040866374969482e-01
2.510803639888763428e-01
2.510743141174316406e-01
2.510776519775390625e-01
2.510891556739807129e-01
2.510724961757659912e-01
2.510893046855926514e-01
2.511074841022491455e-01
2.510999143123626709e-01
2.510881125926971436e-01
2.510983943939208984e-01
2.510958015918731689e-01
2.510977685451507568e-01
2.510772049427032471e-01
2.510906457901000977e-01
2.510920763015747070e-01
2.510969042778015137e-01
2.510743141174316406e-01
2.511249780654907227e-01
2.510868012905120850e-01
2.511054575443267822e-01
2.511076331138610840e-01
2.511087059974670410e-01
2.510952055454254150e-01
2.510662972927093506e-01
2.510784864425659180e-01
2.510785758495330811e-01
2.510990202426910400e-01
2.510695457458496094e-01
2.510600090026855469e-01
2.510909140110015869e-01
2.511029243469238281e-01
2.510611712932586670e-01
2.510988712310791016e-01
2.510806024074554443e-01
2.510937154293060303e-01
2.510793209075927734e-01
2.510450780391693115e-01
2.510862648487091064e-01
2.511009871959686279e-01
2.510858774185180664e-01
2.510982453823089600e-01
2.510992586612701416e-01
2.510809004306793213e-01
2.511001229286193848e-01
2.511056363582611084e-01
2.511016726493835449e-01
2.510954737663269043e-01
2.510658800601959229e-01
2.510751485824584961e-01
2.511154115200042725e-01
2.510908246040344238e-01
2.510700523853302002e-01
2.510721087455749512e-01
2.510702908039093018e-01
2.510754764080047607e-01
2.510934174060821533e-01
2.510866522789001465e-01
2.510979473590850830e-01
2.510839700698852539e-01
2.510901689529418945e-01
2.510894834995269775e-01
2.511067986488342285e-01
2.510755360126495361e-01
2.510977685451507568e-01
2.510878145694732666e-01
2.510977089405059814e-01
2.510716617107391357e-01
2.510847747325897217e-01
2.510806024074554443e-01
2.511005997657775879e-01
2.510771751403808594e-01
2.510937154293060303e-01
2.510910034179687500e-01
2.510906457901000977e-01
2.511048913002014160e-01
2.510861456394195557e-01
2.510825097560882568e-01
2.510991096496582031e-01
2.510855793952941895e-01
2.510859966278076172e-01
2.510727643966674805e-01
2.510945498943328857e-01
2.510732710361480713e-01
2.511005997657775879e-01
2.510722279548645020e-01
2.510917186737060547e-01
2.510727941989898682e-01
2.510910630226135254e-01
2.510882914066314697e-01
2.511183619499206543e-01
2.510931193828582764e-01
2.510895729064941406e-01
2.510995864868164062e-01
2.510870993137359619e-01
2.510851919651031494e-01
2.510879933834075928e-01
2.510865330696105957e-01
2.510889470577239990e-01
2.510997951030731201e-01
2.510747909545898438e-01
2.511112689971923828e-01
2.510719597339630127e-01
2.510710656642913818e-01
2.510992288589477539e-01
2.510811090469360352e-01
2.510938644409179688e-01
2.511044442653656006e-01
2.510726153850555420e-01
2.510885000228881836e-01
2.510590851306915283e-01
2.510855793952941895e-01
2.510956227779388428e-01
2.510814964771270752e-01
2.510770857334136963e-01
2.510803341865539551e-01
2.510807812213897705e-01
2.510859668254852295e-01
2.511029839515686035e-01
2.511139512062072754e-01
2.510875165462493896e-01
2.510797381401062012e-01
2.510921061038970947e-01
2.510874867439270020e-01
2.510960102081298828e-01
2.510853111743927002e-01
2.510796487331390381e-01
2.510873079299926758e-01
2.511014938354492188e-01
2.510944604873657227e-01
2.510618567466735840e-01
2.510756850242614746e-01
2.510995864868164062e-01
2.511161565780639648e-01
2.510835826396942139e-01
2.510761618614196777e-01
2.511047422885894775e-01
2.510829269886016846e-01
2.510894238948822021e-01
2.510847747325897217e-01
2.510872185230255127e-01
2.510659694671630859e-01
2.510859966278076172e-01
2.510821223258972168e-01
2.511011660099029541e-01
2.510683238506317139e-01
2.510893046855926514e-01
2.510873675346374512e-01
2.510934472084045410e-01
2.510666847229003906e-01
2.510911524295806885e-01
2.510989904403686523e-01
2.510711252689361572e-01
2.510874867439270020e-01
2.511231899261474609e-01
2.510863244533538818e-01
2.510877549648284912e-01
2.510897517204284668e-01
2.510812878608703613e-01
2.510795295238494873e-01
2.510802447795867920e-01
2.510966658592224121e-01
2.510848045349121094e-01
2.510974705219268799e-01
2.511061131954193115e-01
2.510748505592346191e-01
2.511048316955566406e-01
2.510639131069183350e-01
2.511074841022491455e-01
2.511062324047088623e-01
2.511012852191925049e-01
2.511054575443267822e-01
2.510928511619567871e-01
2.510809004306793213e-01
2.510824203491210938e-01
2.511005997657775879e-01
2.510811984539031982e-01
2.510860562324523926e-01
2.510988414287567139e-01
2.510961294174194336e-01
2.510648667812347412e-01
2.510634362697601318e-01
2.510848939418792725e-01
2.510696053504943848e-01
2.511268854141235352e-01
2.510852515697479248e-01
2.510907053947448730e-01
2.510963976383209229e-01
2.510972619056701660e-01
2.511166632175445557e-01
2.510814368724822998e-01
2.511016726493835449e-01
2.510675787925720215e-01
2.511018216609954834e-01
2.510962784290313721e-01
2.510773837566375732e-01
2.510882914066314697e-01
2.511098980903625488e-01
2.510694265365600586e-01
2.510805428028106689e-01
2.510653138160705566e-01
2.510943412780761719e-01
2.511126399040222168e-01
2.510916292667388916e-01
2.511198222637176514e-01
