2.519919872283935547e-01
2.514718472957611084e-01
2.201177924871444702e-01
1.478516161441802979e-01
1.201330050826072693e-01
1.081968471407890320e-01
9.836845844984054565e-02
9.034284204244613647e-02
8.368759602308273315e-02
7.726888358592987061e-02
7.261008024215698242e-02
6.819090992212295532e-02
6.486601382493972778e-02
6.127006188035011292e-02
5.834582075476646423e-02
5.557133629918098450e-02
5.270679295063018799e-02
5.032562837004661560e-02
4.813605919480323792e-02
4.649629071354866028e-02
4.461864754557609558e-02
4.295929521322250366e-02
4.111828282475471497e-02
3.961889445781707764e-02
3.818190842866897583e-02
3.699777647852897644e-02
3.606546297669410706e-02
3.482557088136672974e-02
3.384907171130180359e-02
3.269747272133827209e-02
3.202848136425018311e-02
3.110169246792793274e-02
3.044690005481243134e-02
2.973196096718311310e-02
2.942181192338466644e-02
2.835152857005596161e-02
2.789100073277950287e-02
2.718742936849594116e-02
2.663402073085308075e-02
2.602206729352474213e-02
2.576390095055103302e-02
2.543244697153568268e-02
2.484086900949478149e-02
2.454537153244018555e-02
2.420021034777164459e-02
2.381165139377117157e-02
2.324928529560565948e-02
2.295844070613384247e-02
2.271385677158832550e-02
2.248723059892654419e-02
2.173341065645217896e-02
2.191284112632274628e-02
2.159185707569122314e-02
2.145939879119396210e-02
2.102383971214294434e-02
2.079794742166996002e-02
2.060086280107498169e-02
2.056942321360111237e-02
2.009191550314426422e-02
1.972865685820579529e-02
1.982191763818264008e-02
1.958291046321392059e-02
1.933041587471961975e-02
1.900736987590789795e-02
1.903986372053623199e-02
1.887761242687702179e-02
1.861458085477352142e-02
1.849472895264625549e-02
1.825243048369884491e-02
1.813661493360996246e-02
1.798692531883716583e-02
1.773680187761783600e-02
1.763379201292991638e-02
1.762879639863967896e-02
1.724821515381336212e-02
1.737647317349910736e-02
1.727204769849777222e-02
1.705429330468177795e-02
1.689258962869644165e-02
1.671534031629562378e-02
1.663325168192386627e-02
1.667591743171215057e-02
1.655740104615688324e-02
1.627460308372974396e-02
1.652077585458755493e-02
1.638448983430862427e-02
1.609753631055355072e-02
1.596890948712825775e-02
1.578352227807044983e-02
1.592378318309783936e-02
1.583987474441528320e-02
1.565257459878921509e-02
1.571885682642459869e-02
1.545773819088935852e-02
1.564419642090797424e-02
1.532479561865329742e-02
1.523517630994319916e-02
1.524243131279945374e-02
1.503490470349788666e-02
1.516156364232301712e-02
1.488836295902729034e-02
1.479197293519973755e-02
1.493426132947206497e-02
1.464166026562452316e-02
1.476913597434759140e-02
1.468461565673351288e-02
1.469016633927822113e-02
1.474983617663383484e-02
1.429966371506452560e-02
1.436815038323402405e-02
1.411026250571012497e-02
1.423836685717105865e-02
1.411739178001880646e-02
1.410193461924791336e-02
1.384111680090427399e-02
1.396940276026725769e-02
1.382052898406982422e-02
1.396676246076822281e-02
1.378245279192924500e-02
1.380068715661764145e-02
1.374071463942527771e-02
1.386216003447771072e-02
1.355962269008159637e-02
1.345676463097333908e-02
1.348087098449468613e-02
1.345649175345897675e-02
1.356289628893136978e-02
1.381071936339139938e-02
1.344289164990186691e-02
1.331104058772325516e-02
1.305997371673583984e-02
1.326098386198282242e-02
1.321480143815279007e-02
1.303097140043973923e-02
1.297196280211210251e-02
1.297463476657867432e-02
1.299053151160478592e-02
1.301335915923118591e-02
1.286095939576625824e-02
1.296441350132226944e-02
1.275331247597932816e-02
1.283397432416677475e-02
1.270620245486497879e-02
1.262159179896116257e-02
1.251132041215896606e-02
1.277769729495048523e-02
1.272596511989831924e-02
1.259197015315294266e-02
1.239419542253017426e-02
1.243319362401962280e-02
1.247826032340526581e-02
1.219146326184272766e-02
1.228866167366504669e-02
1.245232485234737396e-02
1.239559054374694824e-02
1.235420629382133484e-02
1.215886138379573822e-02
1.227808371186256409e-02
1.224403735250234604e-02
1.221018377691507339e-02
1.214894093573093414e-02
1.213725004345178604e-02
1.203217823058366776e-02
1.202502846717834473e-02
1.185863371938467026e-02
1.186262723058462143e-02
1.178391557186841965e-02
1.206099148839712143e-02
1.176941022276878357e-02
1.191127486526966095e-02
1.192097645252943039e-02
1.178422290831804276e-02
1.184243056923151016e-02
1.161453127861022949e-02
1.177015062421560287e-02
1.166894380003213882e-02
1.162091828882694244e-02
1.156941987574100494e-02
1.156711578369140625e-02
1.141051482409238815e-02
1.149330101907253265e-02
1.173708867281675339e-02
1.152734458446502686e-02
1.151379942893981934e-02
1.169733051210641861e-02
1.119544450193643570e-02
1.139551680535078049e-02
1.156010292470455170e-02
1.141763851046562195e-02
1.124190166592597961e-02
1.131146959960460663e-02
1.110087241977453232e-02
1.123703271150588989e-02
1.139074750244617462e-02
1.109755225479602814e-02
1.112976670265197754e-02
1.114424876868724823e-02
1.127517223358154297e-02
1.095988228917121887e-02
1.109211333096027374e-02
1.122680306434631348e-02
1.106814667582511902e-02
1.107493042945861816e-02
1.107850018888711929e-02
1.107026077806949615e-02
1.104470342397689819e-02
1.104094926267862320e-02
1.090730540454387665e-02
1.089041493833065033e-02
1.073719188570976257e-02
1.087191980332136154e-02
1.083605550229549408e-02
1.082584261894226074e-02
1.076505053788423538e-02
1.071894075721502304e-02
1.074260473251342773e-02
1.074349973350763321e-02
1.064934208989143372e-02
1.062516309320926666e-02
1.065733935683965683e-02
1.069976016879081726e-02
1.060894317924976349e-02
1.057338900864124298e-02
1.058757305145263672e-02
1.057500671595335007e-02
1.053237728774547577e-02
1.037635654211044312e-02
1.072111539542675018e-02
1.047362759709358215e-02
1.068426016718149185e-02
1.039088889956474304e-02
1.057138945907354355e-02
1.033821422606706619e-02
1.041241828352212906e-02
1.051197852939367294e-02
1.039718836545944214e-02
1.041458174586296082e-02
1.039324700832366943e-02
1.025473326444625854e-02
1.054367423057556152e-02
1.040462404489517212e-02
1.039948686957359314e-02
1.027879212051630020e-02
1.015832740813493729e-02
1.021848339587450027e-02
1.026241574436426163e-02
1.029791589826345444e-02
1.020403765141963959e-02
1.007635705173015594e-02
1.019115652889013290e-02
1.024094317108392715e-02
1.013645436614751816e-02
1.030517648905515671e-02
1.021171733736991882e-02
9.979515336453914642e-03
1.008679997175931931e-02
1.011011190712451935e-02
1.001492515206336975e-02
1.013494003564119339e-02
1.012047007679939270e-02
9.992853738367557526e-03
9.890627115964889526e-03
9.956846944987773895e-03
1.002296619117259979e-02
1.002433244138956070e-02
1.006489619612693787e-02
9.945518337190151215e-03
9.951877407729625702e-03
9.933927096426486969e-03
9.849890135228633881e-03
9.870923124253749847e-03
9.968154132366180420e-03
9.723541326820850372e-03
9.950293228030204773e-03
9.802279062569141388e-03
9.904776699841022491e-03
9.721168316900730133e-03
9.792323224246501923e-03
9.974266402423381805e-03
9.651181288063526154e-03
1.001321617513895035e-02
9.714193642139434814e-03
9.806351736187934875e-03
9.750875644385814667e-03
9.615126997232437134e-03
9.722456336021423340e-03
9.651870466768741608e-03
9.630538523197174072e-03
9.601078927516937256e-03
9.714840911328792572e-03
9.781966917216777802e-03
9.643591009080410004e-03
9.557145647704601288e-03
9.630358777940273285e-03
9.668534621596336365e-03
9.595870971679687500e-03
9.595114737749099731e-03
9.552123025059700012e-03
9.611994028091430664e-03
9.538998827338218689e-03
9.714120998978614807e-03
9.426336735486984253e-03
9.700550697743892670e-03
9.389977902173995972e-03
9.365616366267204285e-03
9.621183387935161591e-03
9.509324096143245697e-03
9.516246616840362549e-03
9.400672279298305511e-03
9.416565299034118652e-03
9.374910034239292145e-03
9.503624401986598969e-03
9.390907362103462219e-03
9.559263475239276886e-03
9.345233440399169922e-03
9.372656233608722687e-03
9.322295896708965302e-03
9.421106427907943726e-03
9.311934001743793488e-03
9.282243438065052032e-03
9.352797642350196838e-03
9.349437430500984192e-03
9.185626171529293060e-03
9.370682761073112488e-03
9.312435984611511230e-03
9.416413493454456329e-03
9.290330111980438232e-03
9.405834600329399109e-03
9.312570095062255859e-03
9.187619201838970184e-03
9.256103076040744781e-03
9.179427288472652435e-03
9.146167896687984467e-03
9.201032109558582306e-03
9.267992340028285980e-03
9.220926091074943542e-03
9.107870981097221375e-03
9.188403375446796417e-03
9.173353202641010284e-03
9.256924502551555634e-03
9.201167151331901550e-03
8.991127833724021912e-03
9.086578153073787689e-03
9.232060983777046204e-03
9.234547615051269531e-03
9.130435995757579803e-03
9.100702591240406036e-03
9.205020032823085785e-03
9.049071930348873138e-03
9.086113423109054565e-03
9.041618555784225464e-03
9.135775268077850342e-03
9.011453017592430115e-03
9.004946798086166382e-03
8.992859162390232086e-03
9.068281389772891998e-03
8.912193588912487030e-03
8.974582888185977936e-03
8.958965539932250977e-03
9.072287008166313171e-03
8.810151368379592896e-03
9.106159210205078125e-03
8.862641640007495880e-03
8.929741568863391876e-03
9.104186668992042542e-03
8.891702629625797272e-03
8.870205841958522797e-03
9.012576192617416382e-03
8.995209820568561554e-03
8.937412872910499573e-03
8.667468093335628510e-03
8.858257904648780823e-03
8.916934020817279816e-03
8.916762657463550568e-03
9.052121080458164215e-03
8.873763494193553925e-03
8.915595710277557373e-03
8.815494365990161896e-03
8.798197843134403229e-03
8.796746842563152313e-03
9.062889032065868378e-03
8.916601538658142090e-03
8.830217644572257996e-03
8.953784592449665070e-03
8.659097366034984589e-03
8.830227889120578766e-03
8.786493912339210510e-03
8.747389540076255798e-03
8.881910704076290131e-03
8.921424858272075653e-03
8.603265509009361267e-03
8.771731518208980560e-03
8.664869703352451324e-03
8.973809890449047089e-03
8.802712894976139069e-03
8.667605929076671600e-03
8.680318482220172882e-03
8.669886738061904907e-03
8.628668263554573059e-03
8.558657020330429077e-03
8.730269968509674072e-03
8.791435509920120239e-03
8.473591879010200500e-03
8.726716041564941406e-03
8.718753233551979065e-03
8.610580116510391235e-03
8.716885000467300415e-03
8.634054102003574371e-03
8.599795401096343994e-03
8.710648864507675171e-03
8.549410849809646606e-03
8.732189424335956573e-03
8.622625842690467834e-03
8.547544479370117188e-03
8.569866418838500977e-03
8.675076998770236969e-03
8.659646846354007721e-03
8.587347343564033508e-03
8.512147702276706696e-03
8.794227614998817444e-03
8.494255132973194122e-03
8.503551594913005829e-03
8.563208393752574921e-03
8.608011528849601746e-03
8.520270697772502899e-03
8.595863357186317444e-03
8.523706346750259399e-03
8.535473607480525970e-03
8.433680981397628784e-03
8.337246254086494446e-03
8.511683903634548187e-03
8.514825254678726196e-03
8.443821221590042114e-03
8.486984297633171082e-03
8.594341576099395752e-03
8.463402278721332550e-03
8.399702608585357666e-03
8.604591712355613708e-03
8.556280285120010376e-03
8.429935202002525330e-03
8.495576679706573486e-03
8.523373864591121674e-03
8.426368236541748047e-03
8.496243506669998169e-03
8.220548741519451141e-03
8.408064022660255432e-03
8.359582163393497467e-03
8.407779969274997711e-03
8.469819091260433197e-03
8.302610367536544800e-03
8.441570214927196503e-03
8.363466709852218628e-03
8.260407485067844391e-03
8.285054937005043030e-03
8.423705585300922394e-03
8.460897952318191528e-03
8.451533503830432892e-03
8.497809991240501404e-03
8.286073803901672363e-03
8.469065651297569275e-03
8.397335186600685120e-03
8.360246196389198303e-03
8.269196376204490662e-03
8.261361159384250641e-03
8.307679556310176849e-03
8.445189334452152252e-03
8.305496536195278168e-03
8.442158810794353485e-03
8.252325467765331268e-03
8.306931704282760620e-03
8.358296938240528107e-03
8.288698270916938782e-03
8.185916580259799957e-03
8.326810784637928009e-03
8.282832801342010498e-03
8.188543841242790222e-03
8.304866962134838104e-03
8.192718029022216797e-03
8.256105706095695496e-03
8.367774076759815216e-03
8.159402757883071899e-03
8.221126161515712738e-03
8.264163509011268616e-03
8.063160814344882965e-03
8.272635750472545624e-03
8.204631507396697998e-03
8.137176744639873505e-03
8.139074780046939850e-03
8.457817137241363525e-03
8.285298943519592285e-03
8.056403137743473053e-03
8.120764046907424927e-03
8.173158392310142517e-03
8.253789506852626801e-03
8.039874024689197540e-03
8.172682486474514008e-03
8.252651430666446686e-03
8.104475215077400208e-03
8.151079528033733368e-03
8.293840102851390839e-03
8.275809697806835175e-03
8.174710907042026520e-03
8.138867095112800598e-03
7.994957268238067627e-03
8.137690834701061249e-03
8.006840012967586517e-03
8.268089033663272858e-03
8.207538165152072906e-03
8.045016787946224213e-03
8.119977079331874847e-03
8.074561133980751038e-03
8.030897937715053558e-03
8.335356600582599640e-03
8.070147596299648285e-03
8.018779568374156952e-03
8.102449588477611542e-03
8.105237036943435669e-03
8.124317973852157593e-03
8.127993904054164886e-03
7.969174534082412720e-03
8.122791536152362823e-03
8.081036619842052460e-03
8.058541454374790192e-03
8.153462782502174377e-03
8.008128032088279724e-03
7.989591918885707855e-03
7.992465980350971222e-03
8.223517797887325287e-03
8.290165103971958160e-03
8.115236647427082062e-03
8.123262785375118256e-03
8.054629899561405182e-03
8.079926483333110809e-03
8.089213632047176361e-03
8.060123771429061890e-03
7.914678193628787994e-03
8.053784258663654327e-03
7.898418232798576355e-03
7.997058331966400146e-03
8.003173395991325378e-03
8.104996755719184875e-03
8.052484132349491119e-03
7.905295118689537048e-03
7.896341383457183838e-03
7.974113337695598602e-03
7.890027016401290894e-03
7.980396971106529236e-03
7.999984547495841980e-03
8.032454177737236023e-03
7.954423315823078156e-03
7.904724217951297760e-03
7.881047204136848450e-03
8.047214709222316742e-03
7.898014038801193237e-03
7.962719537317752838e-03
8.023280650377273560e-03
7.946121506392955780e-03
7.792363408952951431e-03
7.956081070005893707e-03
7.992971688508987427e-03
8.010753430426120758e-03
7.872524671256542206e-03
7.971379905939102173e-03
7.843283005058765411e-03
7.856165990233421326e-03
7.875329814851284027e-03
7.958106696605682373e-03
7.935703732073307037e-03
7.773995865136384964e-03
7.910569198429584503e-03
7.907255552709102631e-03
7.760150823742151260e-03
7.933921180665493011e-03
7.715456187725067139e-03
7.867533713579177856e-03
7.883314974606037140e-03
7.829514332115650177e-03
7.999291643500328064e-03
7.890801876783370972e-03
7.775940466672182083e-03
7.803381420671939850e-03
7.935749366879463196e-03
7.921634241938591003e-03
7.955985143780708313e-03
7.939498871564865112e-03
7.709802594035863876e-03
7.901882752776145935e-03
7.729893550276756287e-03
7.743637077510356903e-03
7.884501479566097260e-03
7.794554345309734344e-03
7.801169529557228088e-03
7.666495628654956818e-03
7.868419401347637177e-03
7.877078838646411896e-03
8.097104728221893311e-03
7.608382031321525574e-03
7.691924460232257843e-03
7.730640470981597900e-03
7.907907478511333466e-03
7.823253050446510315e-03
7.819714955985546112e-03
7.810607086867094040e-03
7.738292682915925980e-03
7.726157549768686295e-03
7.775582838803529739e-03
7.764635141938924789e-03
7.746729534119367599e-03
7.774431258440017700e-03
7.586071733385324478e-03
7.591148372739553452e-03
7.676941342651844025e-03
7.739738561213016510e-03
7.648781873285770416e-03
7.673131767660379410e-03
7.766094990074634552e-03
7.658157963305711746e-03
7.714522071182727814e-03
7.662833668291568756e-03
7.733292877674102783e-03
7.762443739920854568e-03
7.615441456437110901e-03
7.624180521816015244e-03
7.752359379082918167e-03
7.752733770757913589e-03
7.757588289678096771e-03
7.631752174347639084e-03
7.804770953953266144e-03
7.822690531611442566e-03
7.709727622568607330e-03
7.714679930359125137e-03
7.549342699348926544e-03
7.550174836069345474e-03
7.672178093343973160e-03
7.726370356976985931e-03
7.772190030664205551e-03
7.757994811981916428e-03
7.602079305797815323e-03
7.752227131277322769e-03
7.640024181455373764e-03
7.602211087942123413e-03
7.664260920137166977e-03
7.596275769174098969e-03
7.631921209394931793e-03
7.726470939815044403e-03
7.806879468262195587e-03
7.691560778766870499e-03
7.565142121165990829e-03
7.407942321151494980e-03
7.605480961501598358e-03
7.671377621591091156e-03
7.605765014886856079e-03
7.574896328151226044e-03
7.534220349043607712e-03
7.569991983473300934e-03
7.658899761736392975e-03
7.634443696588277817e-03
7.569925393909215927e-03
7.542693987488746643e-03
7.560157682746648788e-03
7.420985028147697449e-03
7.819958031177520752e-03
7.581353653222322464e-03
7.553910370916128159e-03
7.631405722349882126e-03
7.663088385015726089e-03
7.588957436382770538e-03
7.554548792541027069e-03
7.640871684998273849e-03
7.583805825561285019e-03
7.495505735278129578e-03
7.678742520511150360e-03
7.625746540725231171e-03
7.547724992036819458e-03
7.536838762462139130e-03
7.529666181653738022e-03
7.404529023915529251e-03
7.574671413749456406e-03
7.651824504137039185e-03
7.550966925919055939e-03
7.509509567171335220e-03
7.544525898993015289e-03
7.564474828541278839e-03
7.557671051472425461e-03
7.496826816350221634e-03
7.639352232217788696e-03
7.471817079931497574e-03
7.779226172715425491e-03
7.404488045722246170e-03
7.389315869659185410e-03
7.429100107401609421e-03
7.609303575009107590e-03
7.456906139850616455e-03
7.472694851458072662e-03
7.393447682261466980e-03
7.391761057078838348e-03
7.325920276343822479e-03
7.356886751949787140e-03
7.677718997001647949e-03
7.302083540707826614e-03
7.575467228889465332e-03
7.385254371911287308e-03
7.461157627403736115e-03
7.430006749927997589e-03
7.334329653531312943e-03
7.393003907054662704e-03
7.560059428215026855e-03
7.393749430775642395e-03
7.362695876508951187e-03
7.462834008038043976e-03
7.345847319811582565e-03
7.584112696349620819e-03
7.593582384288311005e-03
7.238454651087522507e-03
7.435361389070749283e-03
7.501378189772367477e-03
7.433777675032615662e-03
7.386896293610334396e-03
7.388337980955839157e-03
7.674069143831729889e-03
7.322168443351984024e-03
7.313965354114770889e-03
7.445147261023521423e-03
7.409229408949613571e-03
7.385544478893280029e-03
7.483447901904582977e-03
7.421032991260290146e-03
7.407379336655139923e-03
7.316661067306995392e-03
7.426914758980274200e-03
7.373465690761804581e-03
7.424030918627977371e-03
7.443583104759454727e-03
7.276308257132768631e-03
7.381340023130178452e-03
7.399588823318481445e-03
7.448768708854913712e-03
7.321871351450681686e-03
7.206027861684560776e-03
7.545700762420892715e-03
7.464786991477012634e-03
7.383858319371938705e-03
7.365609984844923019e-03
7.499573286622762680e-03
7.277342025190591812e-03
7.289133500307798386e-03
7.564962375909090042e-03
7.402332499623298645e-03
7.432711310684680939e-03
7.405787706375122070e-03
7.248765788972377777e-03
7.318223826587200165e-03
7.489474024623632431e-03
7.282679434865713120e-03
7.327551022171974182e-03
7.276597432792186737e-03
7.200282532721757889e-03
7.384709548205137253e-03
7.361652329564094543e-03
7.158922962844371796e-03
7.321683689951896667e-03
7.445753552019596100e-03
7.206655573099851608e-03
7.288474589586257935e-03
7.262551691383123398e-03
7.434030063450336456e-03
7.290001958608627319e-03
7.454026024788618088e-03
7.304903585463762283e-03
7.280506193637847900e-03
7.213995791971683502e-03
7.316152099519968033e-03
7.202906999737024307e-03
7.374559529125690460e-03
7.177074905484914780e-03
7.240482140332460403e-03
7.257631979882717133e-03
7.265436928719282150e-03
7.253770250827074051e-03
7.189826108515262604e-03
7.206385955214500427e-03
7.335819303989410400e-03
7.390281651169061661e-03
7.179228588938713074e-03
7.125943433493375778e-03
7.231281138956546783e-03
7.236990612000226974e-03
7.274379953742027283e-03
7.408957928419113159e-03
7.189081981778144836e-03
7.193148136138916016e-03
7.268245797604322433e-03
7.273499388247728348e-03
7.277664262801408768e-03
7.478361018002033234e-03
7.312577683478593826e-03
7.165350485593080521e-03
7.250899448990821838e-03
7.087264209985733032e-03
7.347356993705034256e-03
7.240354083478450775e-03
7.140960544347763062e-03
7.160395849496126175e-03
7.272784598171710968e-03
7.161573972553014755e-03
7.373162545263767242e-03
7.229122798889875412e-03
7.230138871818780899e-03
7.183219306170940399e-03
7.364138495177030563e-03
7.256069220602512360e-03
7.163914851844310760e-03
7.109888829290866852e-03
7.311407011002302170e-03
7.030440494418144226e-03
7.175459992140531540e-03
7.143191061913967133e-03
7.096057757735252380e-03
7.228059694170951843e-03
7.299883756786584854e-03
7.271436508744955063e-03
7.156542036682367325e-03
7.221102248877286911e-03
7.211734540760517120e-03
7.092829328030347824e-03
7.184889633208513260e-03
7.190517615526914597e-03
7.310342043638229370e-03
7.262389641255140305e-03
7.341188378632068634e-03
7.125615607947111130e-03
7.068694569170475006e-03
7.244300097227096558e-03
7.169516757130622864e-03
7.163540460169315338e-03
7.263476494699716568e-03
7.204850669950246811e-03
7.182171568274497986e-03
6.986922584474086761e-03
7.191439159214496613e-03
7.185751106590032578e-03
7.296667899936437607e-03
6.909262854605913162e-03
7.251296192407608032e-03
7.007930893450975418e-03
7.280911318957805634e-03
7.283608894795179367e-03
7.265845779329538345e-03
7.149344775825738907e-03
7.170507218688726425e-03
7.085622288286685944e-03
7.137964945286512375e-03
7.070134393870830536e-03
7.268934044986963272e-03
7.182226050645112991e-03
7.039721123874187469e-03
7.019454147666692734e-03
7.046872284263372421e-03
7.270907051861286163e-03
7.016200572252273560e-03
7.257790304720401764e-03
7.163883186876773834e-03
7.172833196818828583e-03
7.016524206846952438e-03
7.031300105154514313e-03
7.065252866595983505e-03
7.299818564206361771e-03
7.150087505578994751e-03
7.099158596247434616e-03
7.016644347459077835e-03
7.201157975941896439e-03
6.959798745810985565e-03
7.033986505120992661e-03
7.099407725036144257e-03
7.197589147835969925e-03
7.124371826648712158e-03
7.056985050439834595e-03
6.985649932175874710e-03
7.145678158849477768e-03
7.000792771577835083e-03
7.167536299675703049e-03
7.053855806589126587e-03
7.145664189010858536e-03
7.193028926849365234e-03
7.009748369455337524e-03
7.162180729210376740e-03
7.121241185814142227e-03
7.041506469249725342e-03
6.984148640185594559e-03
7.200069259852170944e-03
7.041329517960548401e-03
7.044197525829076767e-03
6.971304770559072495e-03
7.134649902582168579e-03
6.987545639276504517e-03
6.907068192958831787e-03
7.113750558346509933e-03
7.049111649394035339e-03
6.959751248359680176e-03
7.145482581108808517e-03
7.070153020322322845e-03
7.069937884807586670e-03
7.193901576101779938e-03
6.979570258408784866e-03
7.079984061419963837e-03
7.104238495230674744e-03
7.068021688610315323e-03
7.043035700917243958e-03
7.137673906981945038e-03
6.928016431629657745e-03
7.213645149022340775e-03
7.075855974107980728e-03
7.085887715220451355e-03
7.027474232017993927e-03
7.126217707991600037e-03
7.082721684128046036e-03
7.252795621752738953e-03
6.957785692065954208e-03
6.969305220991373062e-03
7.000346668064594269e-03
7.088657468557357788e-03
7.153735961765050888e-03
7.154816295951604843e-03
6.894774269312620163e-03
6.951865740120410919e-03
7.086070254445075989e-03
7.092452142387628555e-03
6.974977441132068634e-03
6.967498920857906342e-03
6.905366200953722000e-03
6.851262878626585007e-03
7.022528443485498428e-03
7.028928026556968689e-03
6.972434930503368378e-03
7.010233588516712189e-03
6.975379306823015213e-03
6.902962923049926758e-03
6.916359532624483109e-03
6.882686633616685867e-03
6.988467648625373840e-03
6.860144436359405518e-03
7.046979386359453201e-03
6.976867560297250748e-03
6.856434978544712067e-03
7.086401805281639099e-03
6.869235541671514511e-03
6.977378390729427338e-03
6.905508693307638168e-03
6.982509512454271317e-03
6.935089826583862305e-03
7.001594640314579010e-03
7.073907181620597839e-03
6.849297787994146347e-03
6.936063058674335480e-03
6.971896626055240631e-03
6.899485364556312561e-03
6.927204318344593048e-03
6.989447399973869324e-03
7.077859714627265930e-03
6.912426091730594635e-03
6.983433850109577179e-03
6.887011229991912842e-03
6.925003603100776672e-03
6.888123229146003723e-03
6.913139484822750092e-03
7.060467265546321869e-03
6.947996094822883606e-03
7.024307269603013992e-03
6.914537865668535233e-03
6.926481146365404129e-03
6.818624678999185562e-03
7.067986298352479935e-03
6.792881526052951813e-03
6.918178405612707138e-03
6.920328363776206970e-03
6.855945568531751633e-03
6.757078226655721664e-03
6.998687516897916794e-03
6.816131528466939926e-03
6.851649377495050430e-03
6.752632558345794678e-03
7.024503778666257858e-03
6.825419608503580093e-03
7.026964798569679260e-03
6.840578280389308929e-03
6.946240086108446121e-03
6.868717260658740997e-03
6.790359970182180405e-03
6.977127864956855774e-03
6.792583968490362167e-03
6.973926443606615067e-03
6.825474556535482407e-03
6.997462362051010132e-03
6.799685303121805191e-03
6.745330989360809326e-03
6.798396352678537369e-03
6.758113391697406769e-03
6.942096166312694550e-03
6.819493602961301804e-03
6.915807723999023438e-03
6.814331281930208206e-03
7.064545992761850357e-03
6.842621602118015289e-03
6.745727732777595520e-03
6.935909390449523926e-03
7.059249095618724823e-03
6.945280823856592178e-03
6.816700566560029984e-03
6.841321941465139389e-03
6.738239899277687073e-03
6.902299355715513229e-03
6.832260638475418091e-03
6.876193452626466751e-03
7.006121799349784851e-03
7.025151979178190231e-03
7.106073200702667236e-03
6.827397737652063370e-03
6.691752932965755463e-03
6.691837217658758163e-03
6.874313578009605408e-03
7.025203201919794083e-03
6.740295328199863434e-03
6.868788506835699081e-03
6.834922358393669128e-03
6.877842359244823456e-03
6.780952680855989456e-03
6.907715462148189545e-03
6.754647009074687958e-03
6.871192716062068939e-03
6.889841053634881973e-03
6.790366489440202713e-03
6.824326235800981522e-03
6.843727082014083862e-03
6.858828943222761154e-03
6.802597548812627792e-03
6.733716465532779694e-03
6.887019611895084381e-03
6.877949461340904236e-03
6.811248138546943665e-03
6.890159565955400467e-03
6.784221623092889786e-03
6.745084188878536224e-03
6.769996136426925659e-03
6.809666752815246582e-03
6.801696028560400009e-03
6.848072633147239685e-03
6.883256137371063232e-03
6.631564348936080933e-03
6.788357626646757126e-03
6.813568063080310822e-03
7.068151608109474182e-03
6.815079599618911743e-03
6.690474692732095718e-03
6.768937222659587860e-03
6.834810134023427963e-03
6.836355663836002350e-03
6.804395001381635666e-03
6.675322074443101883e-03
6.800429429858922958e-03
6.917969323694705963e-03
6.776645779609680176e-03
6.742157042026519775e-03
6.874084472656250000e-03
6.910695228725671768e-03
6.690159905701875687e-03
6.821771152317523956e-03
6.942318752408027649e-03
6.766481325030326843e-03
6.722351070493459702e-03
6.685307249426841736e-03
6.943074986338615417e-03
6.943220272660255432e-03
6.622812710702419281e-03
6.784863304346799850e-03
6.750256288796663284e-03
6.719238124787807465e-03
6.795499939471483231e-03
6.835512816905975342e-03
6.885590963065624237e-03
6.748604588210582733e-03
6.845450494438409805e-03
6.780519615858793259e-03
6.596453953534364700e-03
6.761608179658651352e-03
6.694407667964696884e-03
6.774536799639463425e-03
6.718221586197614670e-03
6.805581972002983093e-03
6.736079696565866470e-03
6.667619105428457260e-03
6.713291630148887634e-03
6.819101516157388687e-03
6.723750382661819458e-03
6.589116994291543961e-03
6.699421443045139313e-03
6.792992353439331055e-03
6.752722430974245071e-03
7.047839462757110596e-03
6.681390572339296341e-03
6.737391930073499680e-03
6.769904401153326035e-03
6.728993263095617294e-03
6.727008614689111710e-03
6.640180014073848724e-03
6.758225616067647934e-03
6.687607616186141968e-03
6.742929574102163315e-03
6.710414774715900421e-03
6.658389233052730560e-03
6.783372256904840469e-03
6.784743629395961761e-03
6.768934428691864014e-03
6.826471537351608276e-03
6.874757353216409683e-03
6.862796843051910400e-03
6.653094664216041565e-03
6.651617120951414108e-03
6.631530821323394775e-03
6.671926937997341156e-03
6.691092159599065781e-03
6.708284374326467514e-03
6.859337911009788513e-03
6.738261319696903229e-03
6.584143266081809998e-03
6.729186512529850006e-03
6.655102595686912537e-03
6.557948421686887741e-03
6.692369002848863602e-03
6.894903257489204407e-03
6.651097442954778671e-03
6.797329522669315338e-03
6.712252739816904068e-03
6.665030959993600845e-03
6.764088291674852371e-03
6.704424042254686356e-03
6.711966823786497116e-03
6.710021756589412689e-03
6.729623302817344666e-03
6.810548715293407440e-03
6.698295008391141891e-03
6.667266134172677994e-03
6.843016948550939560e-03
6.615400779992341995e-03
6.809507962316274643e-03
6.690846290439367294e-03
6.662638392299413681e-03
6.701864767819643021e-03
6.615265738219022751e-03
6.591440644115209579e-03
6.632698699831962585e-03
6.707116030156612396e-03
6.673150230199098587e-03
6.509193219244480133e-03
6.570243742316961288e-03
6.733081769198179245e-03
6.662308238446712494e-03
6.868674419820308685e-03
6.565223913639783859e-03
6.695047952234745026e-03
6.695228628814220428e-03
6.682641338557004929e-03
6.601186003535985947e-03
6.807701196521520615e-03
6.827909965068101883e-03
6.654574535787105560e-03
6.586295552551746368e-03
6.562684196978807449e-03
6.623177323490381241e-03
6.756836548447608948e-03
6.748845335096120834e-03
6.586521863937377930e-03
6.543233059346675873e-03
6.654873024672269821e-03
6.586542353034019470e-03
6.628623232245445251e-03
6.694450508803129196e-03
6.684724241495132446e-03
6.514012813568115234e-03
6.697715260088443756e-03
6.634233985096216202e-03
6.604536902159452438e-03
6.726383231580257416e-03
6.642392370849847794e-03
6.657313089817762375e-03
6.719888187944889069e-03
6.456192117184400558e-03
6.707025691866874695e-03
6.577298510819673538e-03
6.682143546640872955e-03
6.777844857424497604e-03
6.513194181025028229e-03
6.566038355231285095e-03
6.672509480267763138e-03
6.659304723143577576e-03
6.563933100551366806e-03
6.692884489893913269e-03
6.522580515593290329e-03
6.619231309741735458e-03
6.646899506449699402e-03
6.637726444751024246e-03
6.605382077395915985e-03
6.686586420983076096e-03
6.496393121778964996e-03
6.558097898960113525e-03
6.681406870484352112e-03
6.752930115908384323e-03
6.679655052721500397e-03
6.499363575130701065e-03
6.681430153548717499e-03
6.571825593709945679e-03
6.765718571841716766e-03
6.619429215788841248e-03
6.674648728221654892e-03
6.430747918784618378e-03
6.566623691469430923e-03
6.484967656433582306e-03
6.460007280111312866e-03
6.620950531214475632e-03
6.589339114725589752e-03
6.443931721150875092e-03
6.513349711894989014e-03
6.624809931963682175e-03
6.496238522231578827e-03
6.623462773859500885e-03
6.573048885911703110e-03
6.697617005556821823e-03
6.630004849284887314e-03
6.514220498502254486e-03
6.627595983445644379e-03
6.637168116867542267e-03
6.582290865480899811e-03
6.579624023288488388e-03
6.563564296811819077e-03
6.575205363333225250e-03
6.532655097544193268e-03
6.717713549733161926e-03
6.501784082502126694e-03
6.572475656867027283e-03
6.722691003233194351e-03
6.675411015748977661e-03
6.584060844033956528e-03
6.557872984558343887e-03
6.568021606653928757e-03
6.550278514623641968e-03
6.539288908243179321e-03
6.660298444330692291e-03
6.512773688882589340e-03
6.643524393439292908e-03
6.634077057242393494e-03
6.534365937113761902e-03
6.551085039973258972e-03
6.531766150146722794e-03
6.682287901639938354e-03
6.472712848335504532e-03
6.631545256823301315e-03
6.703716237097978592e-03
6.669399328529834747e-03
6.493821274489164352e-03
6.537693552672863007e-03
6.566894706338644028e-03
6.586910225450992584e-03
6.608409341424703598e-03
6.555898580700159073e-03
6.469156127423048019e-03
6.562281399965286255e-03
6.524989381432533264e-03
6.682269275188446045e-03
6.526671815663576126e-03
6.453879643231630325e-03
6.551453378051519394e-03
6.564007606357336044e-03
6.648069247603416443e-03
6.618950050324201584e-03
6.555997300893068314e-03
6.471647880971431732e-03
6.441378500312566757e-03
6.709372159093618393e-03
6.643555127084255219e-03
6.452990695834159851e-03
6.720089819282293320e-03
6.448209751397371292e-03
6.459911819547414780e-03
6.557398010045289993e-03
6.436767056584358215e-03
6.558143068104982376e-03
6.626450922340154648e-03
6.701841484755277634e-03
6.491278763860464096e-03
6.654283031821250916e-03
6.637813523411750793e-03
6.497290916740894318e-03
6.375468801707029343e-03
6.529442034661769867e-03
6.541191600263118744e-03
6.775890942662954330e-03
6.556921172887086868e-03
6.519930437207221985e-03
6.483641453087329865e-03
6.604098714888095856e-03
6.585116498172283173e-03
6.579952314496040344e-03
6.544678937643766403e-03
6.481992546468973160e-03
6.576235871762037277e-03
6.619765423238277435e-03
6.559290457516908646e-03
6.590118631720542908e-03
6.397729273885488510e-03
6.591117940843105316e-03
6.559704896062612534e-03
6.489830557256937027e-03
6.470359396189451218e-03
6.444816011935472488e-03
6.531885825097560883e-03
6.536313798278570175e-03
6.520321592688560486e-03
6.510596722364425659e-03
6.427152547985315323e-03
6.476567126810550690e-03
6.436624564230442047e-03
6.790978834033012390e-03
6.444417871534824371e-03
6.454829592257738113e-03
6.586017552763223648e-03
6.459434516727924347e-03
6.370986811816692352e-03
6.610619369894266129e-03
6.556011736392974854e-03
6.422995124012231827e-03
6.488297600299119949e-03
6.513843312859535217e-03
6.469569634646177292e-03
6.417162716388702393e-03
6.583889480680227280e-03
6.462425459176301956e-03
6.626967806369066238e-03
6.351666990667581558e-03
6.507231388241052628e-03
6.469211541116237640e-03
6.413660477846860886e-03
6.409811787307262421e-03
6.511608604341745377e-03
6.493448745459318161e-03
6.561992689967155457e-03
6.544144824147224426e-03
6.497645750641822815e-03
6.502422504127025604e-03
6.567141972482204437e-03
6.423875223845243454e-03
6.414241157472133636e-03
6.443748250603675842e-03
6.493825931102037430e-03
6.349563132971525192e-03
6.459837779402732849e-03
6.318651139736175537e-03
6.372377276420593262e-03
6.386252585798501968e-03
6.618270184844732285e-03
6.433426402509212494e-03
6.451937835663557053e-03
6.414925213903188705e-03
6.537388544529676437e-03
6.353957578539848328e-03
6.298902444541454315e-03
6.527015008032321930e-03
6.500186864286661148e-03
6.391384173184633255e-03
6.424245424568653107e-03
6.398368626832962036e-03
6.431504618376493454e-03
6.388114765286445618e-03
6.680711638182401657e-03
6.361639592796564102e-03
6.440637633204460144e-03
6.521785631775856018e-03
6.549551617354154587e-03
6.324703339487314224e-03
6.386358290910720825e-03
6.530620623379945755e-03
6.606564391404390335e-03
6.375624798238277435e-03
6.408368237316608429e-03
6.550122983753681183e-03
6.500704679638147354e-03
6.378672085702419281e-03
6.376219913363456726e-03
6.585085764527320862e-03
6.463931873440742493e-03
6.417307537049055099e-03
6.387665867805480957e-03
6.426046602427959442e-03
6.344823166728019714e-03
6.544732954353094101e-03
6.327982060611248016e-03
6.445526611059904099e-03
6.451235618442296982e-03
6.306999828666448593e-03
6.431436631828546524e-03
6.270607002079486847e-03
6.441891193389892578e-03
6.469628773629665375e-03
6.496180780231952667e-03
6.360631436109542847e-03
6.347620859742164612e-03
6.538752466440200806e-03
6.331865210086107254e-03
6.416540127247571945e-03
6.539721041917800903e-03
6.443378515541553497e-03
6.613435689359903336e-03
6.443255580961704254e-03
6.288867909461259842e-03
6.443034391850233078e-03
6.538949906826019287e-03
6.519363261759281158e-03
6.557628512382507324e-03
6.333926692605018616e-03
6.512590218335390091e-03
6.526906508952379227e-03
6.410674192011356354e-03
6.277638953179121017e-03
6.297981832176446915e-03
6.521866656839847565e-03
6.281377747654914856e-03
6.558970548212528229e-03
6.305747199803590775e-03
6.396986078470945358e-03
6.539148278534412384e-03
6.679060403257608414e-03
6.299953442066907883e-03
6.258273031562566757e-03
6.366273853927850723e-03
6.425158586353063583e-03
6.460830569267272949e-03
6.461397744715213776e-03
6.383794359862804413e-03
6.221469026058912277e-03
6.426828447729349136e-03
6.350713782012462616e-03
6.264721974730491638e-03
6.337327416986227036e-03
6.441902834922075272e-03
6.419607903808355331e-03
6.408599670976400375e-03
6.405124440789222717e-03
6.381282117217779160e-03
6.232363171875476837e-03
6.354219280183315277e-03
6.390694528818130493e-03
6.333417724817991257e-03
6.316581740975379944e-03
6.355790421366691589e-03
6.371322087943553925e-03
6.491699721664190292e-03
6.410966161638498306e-03
6.371005903929471970e-03
6.292610894888639450e-03
6.428027991205453873e-03
6.418799515813589096e-03
6.444203201681375504e-03
6.329434923827648163e-03
6.396964192390441895e-03
6.411075592041015625e-03
6.386438850313425064e-03
6.407346110790967941e-03
6.367255467921495438e-03
6.364388857036828995e-03
6.360806059092283249e-03
6.371756084263324738e-03
6.496803369373083115e-03
6.454441696405410767e-03
6.402497645467519760e-03
6.296918727457523346e-03
6.347434129565954208e-03
6.450733635574579239e-03
6.270840298384428024e-03
6.383995525538921356e-03
6.392414681613445282e-03
6.540931295603513718e-03
6.440991070121526718e-03
6.327614653855562210e-03
6.426331121474504471e-03
6.265957374125719070e-03
6.319805048406124115e-03
6.374425254762172699e-03
6.288922857493162155e-03
6.499791517853736877e-03
6.377044133841991425e-03
6.438837852329015732e-03
6.448739208281040192e-03
6.390282884240150452e-03
6.538399960845708847e-03
6.278587970882654190e-03
6.296312902122735977e-03
6.431292742490768433e-03
6.226607132703065872e-03
6.261176429688930511e-03
6.359474733471870422e-03
6.335643585771322250e-03
6.526543758809566498e-03
6.358866579830646515e-03
6.380375474691390991e-03
6.382063962519168854e-03
6.434879731386899948e-03
6.386241875588893890e-03
6.333288270980119705e-03
6.413789931684732437e-03
6.252922117710113525e-03
6.375611759722232819e-03
6.638898048549890518e-03
6.270744372159242630e-03
6.242649629712104797e-03
6.211526691913604736e-03
6.235762964934110641e-03
6.359231192618608475e-03
6.249909754842519760e-03
6.291695870459079742e-03
6.503834389150142670e-03
6.572948303073644638e-03
6.455391645431518555e-03
6.330479867756366730e-03
6.425135303288698196e-03
6.224075797945261002e-03
6.253519561141729355e-03
6.213808897882699966e-03
6.356253288686275482e-03
6.525798235088586807e-03
6.358508951961994171e-03
6.346335168927907944e-03
6.295508705079555511e-03
6.437213160097599030e-03
6.267246324568986893e-03
6.200035102665424347e-03
6.221816875040531158e-03
6.493921391665935516e-03
6.321759428828954697e-03
6.404899060726165771e-03
6.323589943349361420e-03
6.296701263636350632e-03
6.152133457362651825e-03
6.426553707569837570e-03
6.406787317246198654e-03
6.232486572116613388e-03
6.146648898720741272e-03
6.465469487011432648e-03
6.298302207142114639e-03
6.189362145960330963e-03
6.402662489563226700e-03
6.293366197496652603e-03
6.360828876495361328e-03
6.334989331662654877e-03
6.213620305061340332e-03
6.294861901551485062e-03
6.317077670246362686e-03
6.268686149269342422e-03
6.411619950085878372e-03
6.285147275775671005e-03
6.217292044311761856e-03
6.219557486474514008e-03
6.384397391229867935e-03
6.201759446412324905e-03
6.292554084211587906e-03
6.443215534090995789e-03
6.335128564387559891e-03
6.252358201891183853e-03
6.142066325992345810e-03
6.301138550043106079e-03
6.314434576779603958e-03
6.238474044948816299e-03
6.334739737212657928e-03
6.506693549454212189e-03
6.250027567148208618e-03
6.228319834917783737e-03
6.301270797848701477e-03
6.162730511277914047e-03
6.222194060683250427e-03
6.225469522178173065e-03
6.326151546090841293e-03
6.313625257462263107e-03
6.335574667900800705e-03
6.280462257564067841e-03
6.153787486255168915e-03
6.309542339295148849e-03
6.160311866551637650e-03
6.309836171567440033e-03
6.387345027178525925e-03
6.278033368289470673e-03
6.337867118418216705e-03
6.364267319440841675e-03
6.185500416904687881e-03
6.189547013491392136e-03
6.342694628983736038e-03
6.443602964282035828e-03
6.176689174026250839e-03
6.258557084947824478e-03
6.203342229127883911e-03
6.280606612563133240e-03
6.286663003265857697e-03
6.321344524621963501e-03
6.325342226773500443e-03
6.312165409326553345e-03
6.294806022197008133e-03
6.246994249522686005e-03
6.261768285185098648e-03
6.437624804675579071e-03
6.173361558467149734e-03
6.305482704192399979e-03
6.192320957779884338e-03
6.246615201234817505e-03
6.358040962368249893e-03
6.373364944010972977e-03
6.198832765221595764e-03
6.494324188679456711e-03
6.219096016138792038e-03
6.281844340264797211e-03
6.252315361052751541e-03
6.462291814386844635e-03
6.253350060433149338e-03
6.152532529085874557e-03
6.323451176285743713e-03
6.188662257045507431e-03
6.239393260329961777e-03
6.250579841434955597e-03
6.351578980684280396e-03
6.206111982464790344e-03
6.303281988948583603e-03
6.251126062124967575e-03
6.201357115060091019e-03
6.259316112846136093e-03
6.446603685617446899e-03
6.263914052397012711e-03
6.214621942490339279e-03
6.285022012889385223e-03
6.312799639999866486e-03
6.163090933114290237e-03
6.410863250494003296e-03
6.243348587304353714e-03
6.170942913740873337e-03
6.351115647703409195e-03
6.121421698480844498e-03
6.406805012375116348e-03
6.291379220783710480e-03
6.312246900051832199e-03
6.306097842752933502e-03
6.125581916421651840e-03
6.292473524808883667e-03
6.221948657184839249e-03
6.100718863308429718e-03
6.205294746905565262e-03
6.198327522724866867e-03
6.377098616212606430e-03
6.204013712704181671e-03
6.244130898267030716e-03
6.232748739421367645e-03
6.338637787848711014e-03
6.466445978730916977e-03
6.359241902828216553e-03
6.191216874867677689e-03
6.209345534443855286e-03
6.258837413042783737e-03
6.194677203893661499e-03
6.108915433287620544e-03
6.282192189246416092e-03
6.095357704907655716e-03
6.276137195527553558e-03
6.210821680724620819e-03
6.228098645806312561e-03
6.208986509591341019e-03
6.330913398414850235e-03
6.154890172183513641e-03
6.357945036143064499e-03
6.134285125881433487e-03
6.227158010005950928e-03
6.284915376454591751e-03
6.299842149019241333e-03
6.244389805942773819e-03
6.268716882914304733e-03
6.198163144290447235e-03
6.125065498054027557e-03
6.211371626704931259e-03
6.379550788551568985e-03
6.261439528316259384e-03
6.181410513818264008e-03
6.374569144099950790e-03
6.218474823981523514e-03
6.255603861063718796e-03
6.017514504492282867e-03
6.082436069846153259e-03
6.241123657673597336e-03
6.192750763148069382e-03
6.238484755158424377e-03
6.215857341885566711e-03
6.215128581970930099e-03
6.171240936964750290e-03
6.155106239020824432e-03
6.333634257316589355e-03
6.174385547637939453e-03
6.313386838883161545e-03
6.247445475310087204e-03
6.167497020214796066e-03
6.233618594706058502e-03
6.122007500380277634e-03
6.247664336115121841e-03
6.381914950907230377e-03
6.066064350306987762e-03
6.042509805411100388e-03
6.133496761322021484e-03
6.241100374609231949e-03
6.258282344788312912e-03
6.236175075173377991e-03
6.147685460746288300e-03
6.268460769206285477e-03
6.279750727117061615e-03
6.214225664734840393e-03
6.122271064668893814e-03
6.390826310962438583e-03
6.114654708653688431e-03
6.180634256452322006e-03
6.168988998979330063e-03
6.313991732895374298e-03
6.253346800804138184e-03
6.184173747897148132e-03
6.105315405875444412e-03
6.116647738963365555e-03
6.196255795657634735e-03
6.138289812952280045e-03
6.382103078067302704e-03
6.264220457524061203e-03
6.186983082443475723e-03
6.227512378245592117e-03
6.112662609666585922e-03
6.094538141041994095e-03
6.338756531476974487e-03
6.150892935693264008e-03
6.277112755924463272e-03
6.224994547665119171e-03
6.231314502656459808e-03
6.084492895752191544e-03
6.183134857565164566e-03
6.203821394592523575e-03
6.281763780862092972e-03
6.293195299804210663e-03
6.163230165839195251e-03
6.182341370731592178e-03
6.112537346780300140e-03
6.154262460768222809e-03
6.154474802315235138e-03
6.116477772593498230e-03
6.274820771068334579e-03
6.305871531367301941e-03
6.143016740679740906e-03
6.036824546754360199e-03
6.154259201139211655e-03
6.115710362792015076e-03
6.033408921211957932e-03
6.294650491327047348e-03
6.170392502099275589e-03
6.270443089306354523e-03
6.356613710522651672e-03
6.195491179823875427e-03
6.240077316761016846e-03
6.103135645389556885e-03
6.236248183995485306e-03
6.215834524482488632e-03
6.104782223701477051e-03
6.280549336224794388e-03
6.177235394716262817e-03
6.136238109320402145e-03
6.180812604725360870e-03
6.019592750817537308e-03
6.117977201938629150e-03
6.122339982539415359e-03
6.124837789684534073e-03
6.141648162156343460e-03
6.115666124969720840e-03
6.287148222327232361e-03
6.229982245713472366e-03
6.130711175501346588e-03
6.047847680747509003e-03
6.140045821666717529e-03
6.045816466212272644e-03
6.363231223076581955e-03
6.202510092407464981e-03
6.152530666440725327e-03
6.223617121577262878e-03
6.298563443124294281e-03
6.330336909741163254e-03
6.130787543952465057e-03
6.121396552771329880e-03
6.379727739840745926e-03
6.205936893820762634e-03
6.255334243178367615e-03
6.118083838373422623e-03
6.021200213581323624e-03
6.140867713838815689e-03
6.050535943359136581e-03
6.134889088571071625e-03
6.139809265732765198e-03
6.181695964187383652e-03
6.425309926271438599e-03
6.185332778841257095e-03
6.119677796959877014e-03
6.307754665613174438e-03
6.096806377172470093e-03
6.151583511382341385e-03
6.046911701560020447e-03
6.120171397924423218e-03
6.343112792819738388e-03
6.081670988351106644e-03
6.101527716964483261e-03
6.005250848829746246e-03
6.218018010258674622e-03
6.207944359630346298e-03
6.184702739119529724e-03
6.077260244637727737e-03
6.098329089581966400e-03
6.195123773068189621e-03
6.213562097400426865e-03
6.262023467570543289e-03
6.057332269847393036e-03
5.992581136524677277e-03
6.114521063864231110e-03
6.155393086373806000e-03
6.172758061438798904e-03
6.068165414035320282e-03
6.138396449387073517e-03
6.114931777119636536e-03
6.326640024781227112e-03
6.078566424548625946e-03
6.196587812155485153e-03
6.215218920260667801e-03
6.045768968760967255e-03
6.277707405388355255e-03
6.303611211478710175e-03
6.236451677978038788e-03
5.982099566608667374e-03
5.975045729428529739e-03
6.031511351466178894e-03
6.031433120369911194e-03
6.105891428887844086e-03
6.060796324163675308e-03
6.061841733753681183e-03
6.117053795605897903e-03
6.142237223684787750e-03
6.117528770118951797e-03
6.139122415333986282e-03
6.101918406784534454e-03
6.108103320002555847e-03
6.176631432026624680e-03
6.204221863299608231e-03
6.116519216448068619e-03
6.084023974835872650e-03
6.062573287636041641e-03
6.149909924715757370e-03
6.228093523532152176e-03
6.219374947249889374e-03
6.093125790357589722e-03
6.105659529566764832e-03
6.297345273196697235e-03
6.149383727461099625e-03
6.203818600624799728e-03
6.069969385862350464e-03
6.133466493338346481e-03
6.082600913941860199e-03
6.255081389099359512e-03
6.141881924122571945e-03
6.099892314523458481e-03
6.139047443866729736e-03
6.104279775172472000e-03
6.080244202166795731e-03
5.999147891998291016e-03
6.104327738285064697e-03
6.093680858612060547e-03
6.122869905084371567e-03
6.195153109729290009e-03
6.098218727856874466e-03
6.280221976339817047e-03
6.205667275935411453e-03
6.112530361860990524e-03
6.106139626353979111e-03
6.076838355511426926e-03
6.060375832021236420e-03
6.035227328538894653e-03
6.096871569752693176e-03
6.196858827024698257e-03
6.214427296072244644e-03
6.080474704504013062e-03
6.056846119463443756e-03
6.173267960548400879e-03
6.083937827497720718e-03
6.075148936361074448e-03
6.188367959111928940e-03
6.013413891196250916e-03
6.216266192495822906e-03
6.073539145290851593e-03
5.983625538647174835e-03
6.137202493846416473e-03
5.962566938251256943e-03
6.171200890094041824e-03
6.079402286559343338e-03
5.989243276417255402e-03
6.056640762835741043e-03
6.088159047067165375e-03
6.226873956620693207e-03
6.157925818115472794e-03
6.099023390561342239e-03
6.064728368073701859e-03
5.878876894712448120e-03
6.038293242454528809e-03
6.065387278795242310e-03
6.074085365980863571e-03
6.211524829268455505e-03
6.074988748878240585e-03
6.048620678484439850e-03
6.204023957252502441e-03
6.184339523315429688e-03
6.091906689107418060e-03
6.025902926921844482e-03
5.992003716528415680e-03
6.103011313825845718e-03
6.097830366343259811e-03
6.034918595105409622e-03
5.992646329104900360e-03
6.142856087535619736e-03
6.047095637768507004e-03
6.051413249224424362e-03
6.141046062111854553e-03
6.270608864724636078e-03
6.079647224396467209e-03
6.162267643958330154e-03
5.971556529402732849e-03
6.008941680192947388e-03
6.157200317829847336e-03
6.020059809088706970e-03
6.152302958071231842e-03
6.136375013738870621e-03
6.074933335185050964e-03
6.111469119787216187e-03
6.053545512259006500e-03
6.057398393750190735e-03
6.020781118422746658e-03
5.927965976297855377e-03
5.884149577468633652e-03
6.144057027995586395e-03
6.066871806979179382e-03
6.156272720545530319e-03
6.107005290687084198e-03
5.999054759740829468e-03
6.208814680576324463e-03
6.218327209353446960e-03
6.193042267113924026e-03
6.018401589244604111e-03
6.143254693597555161e-03
5.987031850963830948e-03
6.244159769266843796e-03
6.051964592188596725e-03
6.077310536056756973e-03
5.944053642451763153e-03
6.095502991229295731e-03
6.028382107615470886e-03
6.064675748348236084e-03
6.042821798473596573e-03
6.039995234459638596e-03
6.111882627010345459e-03
6.116108503192663193e-03
6.073513068258762360e-03
6.210674066096544266e-03
6.167655345052480698e-03
6.050230469554662704e-03
6.066196598112583160e-03
6.020239554345607758e-03
6.099615711718797684e-03
5.898637697100639343e-03
6.191548891365528107e-03
6.038114428520202637e-03
6.034197285771369934e-03
6.020671222358942032e-03
6.142509635537862778e-03
6.217750720679759979e-03
6.070849951356649399e-03
6.136437878012657166e-03
6.015926133841276169e-03
6.096523255109786987e-03
5.989700090140104294e-03
5.946737714111804962e-03
6.035788916051387787e-03
6.137897260487079620e-03
6.076687946915626526e-03
6.216379348188638687e-03
6.013858132064342499e-03
5.970107391476631165e-03
6.140072364360094070e-03
6.086044944822788239e-03
6.147518754005432129e-03
6.029619369655847549e-03
6.059399805963039398e-03
6.090956274420022964e-03
6.035030353814363480e-03
6.165340542793273926e-03
6.000732537358999252e-03
