2.559269666671752930e-01
2.543277144432067871e-01
2.547687292098999023e-01
2.536120414733886719e-01
2.547916471958160400e-01
2.563544213771820068e-01
2.552233636379241943e-01
2.545555233955383301e-01
2.540530264377593994e-01
2.542964220046997070e-01
2.529884576797485352e-01
2.544149160385131836e-01
2.537893056869506836e-01
2.535468935966491699e-01
2.530371248722076416e-01
2.535904347896575928e-01
2.543035745620727539e-01
2.537407279014587402e-01
2.543373405933380127e-01
2.534945607185363770e-01
2.535580396652221680e-01
2.541211843490600586e-01
2.534518241882324219e-01
2.540996372699737549e-01
2.535759508609771729e-01
2.534625232219696045e-01
2.539487779140472412e-01
2.531705200672149658e-01
2.535357773303985596e-01
2.538773119449615479e-01
2.551936805248260498e-01
2.536904513835906982e-01
2.536599338054656982e-01
2.541657388210296631e-01
2.531001269817352295e-01
2.527871429920196533e-01
2.538449168205261230e-01
2.545014619827270508e-01
2.540649473667144775e-01
2.536135017871856689e-01
2.544017136096954346e-01
2.533124983310699463e-01
2.534867525100708008e-01
2.548106014728546143e-01
2.532082498073577881e-01
2.537935674190521240e-01
2.533282339572906494e-01
2.532724738121032715e-01
2.543288171291351318e-01
2.535106241703033447e-01
2.533569633960723877e-01
2.539403438568115234e-01
2.536705136299133301e-01
2.544244825839996338e-01
2.544504702091217041e-01
2.539766728878021240e-01
2.535993456840515137e-01
2.537938356399536133e-01
2.531186640262603760e-01
2.542067766189575195e-01
2.533012628555297852e-01
2.536825239658355713e-01
2.538866400718688965e-01
2.535162568092346191e-01
2.534248828887939453e-01
2.536662220954895020e-01
2.537148892879486084e-01
2.531462311744689941e-01
2.540683150291442871e-01
2.549744546413421631e-01
2.533160448074340820e-01
2.543360292911529541e-01
2.541767954826354980e-01
2.532145977020263672e-01
2.536510229110717773e-01
2.536072731018066406e-01
2.540529370307922363e-01
2.528510987758636475e-01
2.532417178153991699e-01
2.541576921939849854e-01
2.534847855567932129e-01
2.536802589893341064e-01
2.535982131958007812e-01
2.540128529071807861e-01
2.533982396125793457e-01
2.536580264568328857e-01
2.535217404365539551e-01
2.537170350551605225e-01
2.545772492885589600e-01
2.536173462867736816e-01
2.533607184886932373e-01
2.544858455657958984e-01
2.537229061126708984e-01
2.531662583351135254e-01
2.541376948356628418e-01
2.533594071865081787e-01
2.535770237445831299e-01
2.532914578914642334e-01
2.539124488830566406e-01
2.532325983047485352e-01
2.543356716632843018e-01
2.536556720733642578e-01
2.540522217750549316e-01
2.537387013435363770e-01
2.540994584560394287e-01
2.536024749279022217e-01
2.535196542739868164e-01
2.541360557079315186e-01
2.542142271995544434e-01
2.531459331512451172e-01
2.544333338737487793e-01
2.531131803989410400e-01
2.541710436344146729e-01
2.546924948692321777e-01
2.540416717529296875e-01
2.536815404891967773e-01
2.535134553909301758e-01
2.538287341594696045e-01
2.534114122390747070e-01
2.552255690097808838e-01
2.538147270679473877e-01
2.532160878181457520e-01
2.547616958618164062e-01
2.536479532718658447e-01
2.532938718795776367e-01
2.541877031326293945e-01
2.535673379898071289e-01
2.546748518943786621e-01
2.551786005496978760e-01
2.541296780109405518e-01
2.542532086372375488e-01
2.533260285854339600e-01
2.536152899265289307e-01
2.536261975765228271e-01
2.536217272281646729e-01
2.530660331249237061e-01
2.537847757339477539e-01
2.541316747665405273e-01
2.532350420951843262e-01
2.528771162033081055e-01
2.537481188774108887e-01
2.535803020000457764e-01
2.531649768352508545e-01
2.537687420845031738e-01
2.543243169784545898e-01
2.542150318622589111e-01
2.532199025154113770e-01
2.536371946334838867e-01
2.534793615341186523e-01
2.536910474300384521e-01
2.537623345851898193e-01
2.533020973205566406e-01
2.528971433639526367e-01
2.542179524898529053e-01
2.540805339813232422e-01
2.546264827251434326e-01
2.528398633003234863e-01
2.528850436210632324e-01
2.548225820064544678e-01
2.535279989242553711e-01
2.537549734115600586e-01
2.541331946849822998e-01
2.531551718711853027e-01
2.536156177520751953e-01
2.533174157142639160e-01
2.536363005638122559e-01
2.534628212451934814e-01
2.530729472637176514e-01
2.532525658607482910e-01
2.540492713451385498e-01
2.534079849720001221e-01
2.530747354030609131e-01
2.537899911403656006e-01
2.537255585193634033e-01
2.529264092445373535e-01
2.539451420307159424e-01
2.541601061820983887e-01
2.535379230976104736e-01
2.537695169448852539e-01
2.535309791564941406e-01
2.533947825431823730e-01
2.539746761322021484e-01
2.540419101715087891e-01
2.543806433677673340e-01
2.533388435840606689e-01
2.537297308444976807e-01
2.548783421516418457e-01
2.541639506816864014e-01
2.532387673854827881e-01
2.535463869571685791e-01
2.539859116077423096e-01
2.541415393352508545e-01
2.537629306316375732e-01
2.538703680038452148e-01
2.539136111736297607e-01
2.538802623748779297e-01
2.537915706634521484e-01
2.532296776771545410e-01
2.532723546028137207e-01
2.536157965660095215e-01
2.544808983802795410e-01
2.537960112094879150e-01
2.540580928325653076e-01
2.535055875778198242e-01
2.529486417770385742e-01
2.532315850257873535e-01
2.530587911605834961e-01
2.537983357906341553e-01
2.535679638385772705e-01
2.536361217498779297e-01
2.536742985248565674e-01
2.538539767265319824e-01
2.539364397525787354e-01
2.532696723937988281e-01
2.536853849887847900e-01
2.538453638553619385e-01
2.532467246055603027e-01
2.540526092052459717e-01
2.536185383796691895e-01
2.536264061927795410e-01
2.537514865398406982e-01
2.535526752471923828e-01
2.538503110408782959e-01
2.539168298244476318e-01
2.544223070144653320e-01
2.533541619777679443e-01
2.536533772945404053e-01
2.534844875335693359e-01
2.536980509757995605e-01
2.543829381465911865e-01
2.537202537059783936e-01
2.533541619777679443e-01
2.526339590549468994e-01
2.538960278034210205e-01
2.545353174209594727e-01
2.543349564075469971e-01
2.536606490612030029e-01
2.539502978324890137e-01
2.530631124973297119e-01
2.533129751682281494e-01
2.534075975418090820e-01
2.544170320034027100e-01
2.539159059524536133e-01
2.536982893943786621e-01
2.534736096858978271e-01
2.536978721618652344e-01
2.536779642105102539e-01
2.541702389717102051e-01
2.528679668903350830e-01
2.540739774703979492e-01
2.531480491161346436e-01
2.534897923469543457e-01
2.537924945354461670e-01
2.540130913257598877e-01
2.536635100841522217e-01
2.532857954502105713e-01
2.536044716835021973e-01
2.541787922382354736e-01
2.541500627994537354e-01
2.535017728805541992e-01
2.534652352333068848e-01
2.538170218467712402e-01
2.534090876579284668e-01
2.545384168624877930e-01
2.534431815147399902e-01
2.538509666919708252e-01
2.537980079650878906e-01
2.538760602474212646e-01
2.535963058471679688e-01
2.533717155456542969e-01
2.542106509208679199e-01
2.530000209808349609e-01
2.541375458240509033e-01
2.544617950916290283e-01
2.539103627204895020e-01
2.539885044097900391e-01
2.538294196128845215e-01
2.528788447380065918e-01
2.537668049335479736e-01
2.538852989673614502e-01
2.540552020072937012e-01
2.539392411708831787e-01
2.534756064414978027e-01
2.539716660976409912e-01
2.537066638469696045e-01
2.536912858486175537e-01
2.539581656455993652e-01
2.532138228416442871e-01
2.540902793407440186e-01
2.536535561084747314e-01
2.538454830646514893e-01
2.530241310596466064e-01
2.545441985130310059e-01
2.537129521369934082e-01
2.535226643085479736e-01
2.547059953212738037e-01
2.547863721847534180e-01
2.535694837570190430e-01
2.535797357559204102e-01
2.537501454353332520e-01
2.538143396377563477e-01
2.528509199619293213e-01
2.538034915924072266e-01
2.545430362224578857e-01
2.532231211662292480e-01
2.531185150146484375e-01
2.533600926399230957e-01
2.535197734832763672e-01
2.541002929210662842e-01
2.535730004310607910e-01
2.535779178142547607e-01
2.540419697761535645e-01
2.539356648921966553e-01
2.535921037197113037e-01
2.531428933143615723e-01
2.532405257225036621e-01
2.541039884090423584e-01
2.530601918697357178e-01
2.535644173622131348e-01
2.541632950305938721e-01
2.539484798908233643e-01
2.531922459602355957e-01
2.532711327075958252e-01
2.533138692378997803e-01
2.541116476058959961e-01
2.536580264568328857e-01
2.537592947483062744e-01
2.529765665531158447e-01
2.538610100746154785e-01
2.537052631378173828e-01
2.539731562137603760e-01
2.544217407703399658e-01
2.535177171230316162e-01
2.534453868865966797e-01
2.541228532791137695e-01
2.537892162799835205e-01
2.537969946861267090e-01
2.528603374958038330e-01
2.541837692260742188e-01
2.539818882942199707e-01
2.536400556564331055e-01
2.536478340625762939e-01
2.537645697593688965e-01
2.534878551959991455e-01
2.534015178680419922e-01
2.537941634654998779e-01
2.530764341354370117e-01
2.545762360095977783e-01
2.537513077259063721e-01
2.537564635276794434e-01
2.537938356399536133e-01
2.542184889316558838e-01
2.535975575447082520e-01
2.536625862121582031e-01
2.536779046058654785e-01
2.538511753082275391e-01
2.536473572254180908e-01
2.536160051822662354e-01
2.534355819225311279e-01
2.531628608703613281e-01
2.535481452941894531e-01
2.534475326538085938e-01
2.537364959716796875e-01
2.538438141345977783e-01
2.535333931446075439e-01
2.529537081718444824e-01
2.534110844135284424e-01
2.539815008640289307e-01
2.534916102886199951e-01
2.544376254081726074e-01
2.532098591327667236e-01
2.533843517303466797e-01
2.538557052612304688e-01
2.541137039661407471e-01
2.531616389751434326e-01
2.539148032665252686e-01
2.533901333808898926e-01
2.537456154823303223e-01
2.539038956165313721e-01
2.536103725433349609e-01
2.537814378738403320e-01
2.541778385639190674e-01
2.534568309783935547e-01
2.536349892616271973e-01
2.541786730289459229e-01
2.531332373619079590e-01
2.536368966102600098e-01
2.532313168048858643e-01
2.536701261997222900e-01
2.533509433269500732e-01
2.529703676700592041e-01
2.544514536857604980e-01
2.545650601387023926e-01
2.533817291259765625e-01
2.535849213600158691e-01
2.536189854145050049e-01
2.544928789138793945e-01
2.540052831172943115e-01
2.542715966701507568e-01
2.532966434955596924e-01
2.543751895427703857e-01
2.532887160778045654e-01
2.539220452308654785e-01
2.533890008926391602e-01
2.536490857601165771e-01
2.539580762386322021e-01
2.534558475017547607e-01
2.548932731151580811e-01
2.529588937759399414e-01
2.540339529514312744e-01
2.545982301235198975e-01
2.538633942604064941e-01
2.535943388938903809e-01
2.536324858665466309e-01
2.536479532718658447e-01
2.542707026004791260e-01
2.540285289287567139e-01
2.536499798297882080e-01
2.534888088703155518e-01
2.548674643039703369e-01
2.530049681663513184e-01
2.538018524646759033e-01
2.536946833133697510e-01
2.538117766380310059e-01
2.536056637763977051e-01
2.533321976661682129e-01
2.533459365367889404e-01
2.541076242923736572e-01
2.536707520484924316e-01
2.533081471920013428e-01
2.533532381057739258e-01
2.538614571094512939e-01
2.539183795452117920e-01
2.543368339538574219e-01
2.545223236083984375e-01
2.537742555141448975e-01
2.539058625698089600e-01
2.541820704936981201e-01
2.536956965923309326e-01
2.536993026733398438e-01
2.533559203147888184e-01
2.541614174842834473e-01
2.534792721271514893e-01
2.536244392395019531e-01
2.541162967681884766e-01
2.542285323143005371e-01
2.540865540504455566e-01
2.535396814346313477e-01
2.531650364398956299e-01
2.541864216327667236e-01
2.538523674011230469e-01
2.538550794124603271e-01
2.536782324314117432e-01
2.533137500286102295e-01
2.535944879055023193e-01
2.539956867694854736e-01
2.540198862552642822e-01
2.547314763069152832e-01
2.537003457546234131e-01
2.541410624980926514e-01
2.531302273273468018e-01
2.545137107372283936e-01
2.535775005817413330e-01
2.542045414447784424e-01
2.538990974426269531e-01
2.531129419803619385e-01
2.542998790740966797e-01
2.531637549400329590e-01
2.539438903331756592e-01
2.538979351520538330e-01
2.534097731113433838e-01
2.540054619312286377e-01
2.534056007862091064e-01
2.545642852783203125e-01
2.536438703536987305e-01
2.532875239849090576e-01
2.537993192672729492e-01
2.533635199069976807e-01
2.531628906726837158e-01
2.537045776844024658e-01
2.544353902339935303e-01
2.536510825157165527e-01
2.536059021949768066e-01
2.540464103221893311e-01
2.544390261173248291e-01
2.534022629261016846e-01
2.534043788909912109e-01
2.544008791446685791e-01
2.539650201797485352e-01
2.541231811046600342e-01
2.533703446388244629e-01
2.537883818149566650e-01
2.535053491592407227e-01
2.534869313240051270e-01
2.531930506229400635e-01
2.534429728984832764e-01
2.531617581844329834e-01
2.549425065517425537e-01
2.541613280773162842e-01
2.531221210956573486e-01
2.541772127151489258e-01
2.539974451065063477e-01
2.533655464649200439e-01
2.536379396915435791e-01
2.543057203292846680e-01
2.534951567649841309e-01
2.534000873565673828e-01
2.530452907085418701e-01
2.535326778888702393e-01
2.536714076995849609e-01
2.535544633865356445e-01
2.538617849349975586e-01
2.541418075561523438e-01
2.546452283859252930e-01
2.547346055507659912e-01
2.542182803153991699e-01
2.533117234706878662e-01
2.537174820899963379e-01
2.542472779750823975e-01
2.534853518009185791e-01
2.537972927093505859e-01
2.531926035881042480e-01
2.535450458526611328e-01
2.539251744747161865e-01
2.546481192111968994e-01
2.545144259929656982e-01
2.534548342227935791e-01
2.537915110588073730e-01
2.539053857326507568e-01
2.541481256484985352e-01
2.532562613487243652e-01
2.534670233726501465e-01
2.537307739257812500e-01
2.531584203243255615e-01
2.542685270309448242e-01
2.535602748394012451e-01
2.536855936050415039e-01
2.533484101295471191e-01
2.540836930274963379e-01
2.532030940055847168e-01
2.534300088882446289e-01
2.537652254104614258e-01
2.531260550022125244e-01
2.530108094215393066e-01
2.539850175380706787e-01
2.538574337959289551e-01
2.539961338043212891e-01
2.534923851490020752e-01
2.536343932151794434e-01
2.539928555488586426e-01
2.533826828002929688e-01
2.536233067512512207e-01
2.542420327663421631e-01
2.533890604972839355e-01
2.530652582645416260e-01
2.542001903057098389e-01
2.534795701503753662e-01
2.535567283630371094e-01
2.536275684833526611e-01
2.530542612075805664e-01
2.543614506721496582e-01
2.532910108566284180e-01
2.550605237483978271e-01
2.532112598419189453e-01
2.533295154571533203e-01
2.535227537155151367e-01
2.529915273189544678e-01
2.543305456638336182e-01
2.547136247158050537e-01
2.539868652820587158e-01
2.537876367568969727e-01
2.537331283092498779e-01
2.532818019390106201e-01
2.536406517028808594e-01
2.537844479084014893e-01
2.541304230690002441e-01
2.535883784294128418e-01
2.533721327781677246e-01
2.535188198089599609e-01
2.532823979854583740e-01
2.536734938621520996e-01
2.530410289764404297e-01
2.543354928493499756e-01
2.537222206592559814e-01
2.537866234779357910e-01
2.543023228645324707e-01
2.538881897926330566e-01
2.535952627658843994e-01
2.536688446998596191e-01
2.530090212821960449e-01
2.534086704254150391e-01
2.544593214988708496e-01
2.536867558956146240e-01
2.529452443122863770e-01
2.541142404079437256e-01
2.538676559925079346e-01
2.540544569492340088e-01
2.536999881267547607e-01
2.538543939590454102e-01
2.538657486438751221e-01
2.540772855281829834e-01
2.529458701610565186e-01
2.536252439022064209e-01
2.530415356159210205e-01
2.532046437263488770e-01
2.540535032749176025e-01
2.540202140808105469e-01
2.538122534751892090e-01
2.543226480484008789e-01
2.537121176719665527e-01
2.544108629226684570e-01
2.535846531391143799e-01
2.532936334609985352e-01
2.538188397884368896e-01
2.540812194347381592e-01
2.530998289585113525e-01
2.531842291355133057e-01
2.541010081768035889e-01
2.534436285495758057e-01
2.542557716369628906e-01
2.546301186084747314e-01
2.528598308563232422e-01
2.537456750869750977e-01
2.541875243186950684e-01
2.540757656097412109e-01
2.533848881721496582e-01
2.535410225391387939e-01
2.541811764240264893e-01
2.539270818233489990e-01
2.541912198066711426e-01
2.535917162895202637e-01
2.544406354427337646e-01
2.543155848979949951e-01
2.539364993572235107e-01
2.537907063961029053e-01
2.535724043846130371e-01
2.542613744735717773e-01
2.540388703346252441e-01
2.534282803535461426e-01
2.538612782955169678e-01
2.530939877033233643e-01
2.533204853534698486e-01
2.543618977069854736e-01
2.527959346771240234e-01
2.537227272987365723e-01
2.537702918052673340e-01
2.539654374122619629e-01
2.539325058460235596e-01
2.544086277484893799e-01
2.534639835357666016e-01
2.544180750846862793e-01
2.535982429981231689e-01
2.541791498661041260e-01
2.530045509338378906e-01
2.541845440864562988e-01
2.533194124698638916e-01
2.539677619934082031e-01
2.532361447811126709e-01
2.537308931350708008e-01
2.534503042697906494e-01
2.538272142410278320e-01
2.534153461456298828e-01
2.549358010292053223e-01
2.536326944828033447e-01
2.536941766738891602e-01
2.526480555534362793e-01
2.536768019199371338e-01
2.545891404151916504e-01
2.541692256927490234e-01
2.539823949337005615e-01
2.538799643516540527e-01
2.536163330078125000e-01
2.539038360118865967e-01
2.543268799781799316e-01
2.528891861438751221e-01
2.538356781005859375e-01
2.534634172916412354e-01
2.541797757148742676e-01
2.548166215419769287e-01
2.544042170047760010e-01
2.539199888706207275e-01
2.532008588314056396e-01
2.529610097408294678e-01
2.539752125740051270e-01
2.530871331691741943e-01
2.537359595298767090e-01
2.535564303398132324e-01
2.542654573917388916e-01
2.544194757938385010e-01
2.546968460083007812e-01
2.536365091800689697e-01
2.531560063362121582e-01
2.544262707233428955e-01
2.539769411087036133e-01
2.535109519958496094e-01
2.539931535720825195e-01
2.533898055553436279e-01
2.541894912719726562e-01
2.532218694686889648e-01
2.540474832057952881e-01
2.542062103748321533e-01
2.527568638324737549e-01
2.536953985691070557e-01
2.543405592441558838e-01
2.540638148784637451e-01
2.532467246055603027e-01
2.534562349319458008e-01
2.537831068038940430e-01
2.545628249645233154e-01
2.539845705032348633e-01
2.542817294597625732e-01
2.540613114833831787e-01
2.533935904502868652e-01
2.534400224685668945e-01
2.536231577396392822e-01
2.538669109344482422e-01
2.541882693767547607e-01
2.542470395565032959e-01
2.537961304187774658e-01
2.529437839984893799e-01
2.535315454006195068e-01
2.533282339572906494e-01
2.540468573570251465e-01
2.535499930381774902e-01
2.538657486438751221e-01
2.544139325618743896e-01
2.540377974510192871e-01
2.537071406841278076e-01
2.542224526405334473e-01
2.535238564014434814e-01
2.533438801765441895e-01
2.538001537322998047e-01
2.534670233726501465e-01
2.542132437229156494e-01
2.540008425712585449e-01
2.533462345600128174e-01
2.532918751239776611e-01
2.535993754863739014e-01
2.536198794841766357e-01
2.538293898105621338e-01
2.533527910709381104e-01
2.537093162536621094e-01
2.538504898548126221e-01
2.534857392311096191e-01
2.549671828746795654e-01
2.538162171840667725e-01
2.531947493553161621e-01
2.540341317653656006e-01
2.541835606098175049e-01
2.535235583782196045e-01
2.539019882678985596e-01
2.534054517745971680e-01
2.545820176601409912e-01
2.540557980537414551e-01
2.535901963710784912e-01
2.534671723842620850e-01
2.537369728088378906e-01
2.531425952911376953e-01
2.542710900306701660e-01
2.539465725421905518e-01
2.533037960529327393e-01
2.541074156761169434e-01
2.540774047374725342e-01
2.537763118743896484e-01
2.539218664169311523e-01
2.533769905567169189e-01
2.537984251976013184e-01
2.536675631999969482e-01
2.549578547477722168e-01
2.534393966197967529e-01
2.535623610019683838e-01
2.535152435302734375e-01
2.542345523834228516e-01
2.538812160491943359e-01
2.536381781101226807e-01
2.535807192325592041e-01
2.531982064247131348e-01
2.537265121936798096e-01
2.536886036396026611e-01
2.526683807373046875e-01
2.545791268348693848e-01
2.531364858150482178e-01
2.545511126518249512e-01
2.539191246032714844e-01
2.532402276992797852e-01
2.529914677143096924e-01
2.537378370761871338e-01
2.536148130893707275e-01
2.534442543983459473e-01
2.538743913173675537e-01
2.532712817192077637e-01
2.530465424060821533e-01
2.534129023551940918e-01
2.547753751277923584e-01
2.545881569385528564e-01
2.535533010959625244e-01
2.535562813282012939e-01
2.528416514396667480e-01
2.529041469097137451e-01
2.544257640838623047e-01
2.532140016555786133e-01
2.536043524742126465e-01
2.540867030620574951e-01
2.531632184982299805e-01
2.538441121578216553e-01
2.535383701324462891e-01
2.535565197467803955e-01
2.533018290996551514e-01
2.537427246570587158e-01
2.534548640251159668e-01
2.543449103832244873e-01
2.541520297527313232e-01
2.537566423416137695e-01
2.534084022045135498e-01
2.536817193031311035e-01
2.536320388317108154e-01
2.539159357547760010e-01
2.533683776855468750e-01
2.534214854240417480e-01
2.535667717456817627e-01
2.536586225032806396e-01
2.535753846168518066e-01
2.526440918445587158e-01
2.537069320678710938e-01
2.531616985797882080e-01
2.534998059272766113e-01
2.532898485660552979e-01
2.537013292312622070e-01
2.537937462329864502e-01
2.531752884387969971e-01
2.530393004417419434e-01
2.538363635540008545e-01
2.533606290817260742e-01
2.537810504436492920e-01
2.545627355575561523e-01
2.530678510665893555e-01
2.528041601181030273e-01
2.536415457725524902e-01
2.538544833660125732e-01
2.533857822418212891e-01
2.542530298233032227e-01
2.536388635635375977e-01
2.539499998092651367e-01
2.538203299045562744e-01
2.531566321849822998e-01
2.540898025035858154e-01
2.529523968696594238e-01
2.534604966640472412e-01
2.536954283714294434e-01
2.540491819381713867e-01
2.530629634857177734e-01
2.536120116710662842e-01
2.533608376979827881e-01
2.546770274639129639e-01
2.544243037700653076e-01
2.537587285041809082e-01
2.531671524047851562e-01
2.532528638839721680e-01
2.536305189132690430e-01
2.540644407272338867e-01
2.532628476619720459e-01
2.540827393531799316e-01
2.538059949874877930e-01
2.536314725875854492e-01
2.538383901119232178e-01
2.530919313430786133e-01
2.541214525699615479e-01
2.534240782260894775e-01
2.532098293304443359e-01
2.535780966281890869e-01
2.539600729942321777e-01
2.535172402858734131e-01
2.536135911941528320e-01
2.538734674453735352e-01
2.544164657592773438e-01
2.544679939746856689e-01
2.536006271839141846e-01
2.548611760139465332e-01
2.537685632705688477e-01
2.541505992412567139e-01
2.539235651493072510e-01
2.540349662303924561e-01
2.537683844566345215e-01
2.545096874237060547e-01
2.531151473522186279e-01
2.535407245159149170e-01
2.544434666633605957e-01
2.534677088260650635e-01
2.531857192516326904e-01
2.546709179878234863e-01
2.537583708763122559e-01
2.530262172222137451e-01
2.537078559398651123e-01
2.533206045627593994e-01
2.541955709457397461e-01
2.539571225643157959e-01
2.535353600978851318e-01
2.535597980022430420e-01
2.544909119606018066e-01
2.532624006271362305e-01
2.533030807971954346e-01
2.543292045593261719e-01
2.538289129734039307e-01
2.536396682262420654e-01
2.530334293842315674e-01
2.537813484668731689e-01
2.534475922584533691e-01
2.534630000591278076e-01
2.540342509746551514e-01
2.539469301700592041e-01
2.542137503623962402e-01
2.543024718761444092e-01
2.534693181514739990e-01
2.534407973289489746e-01
2.534268200397491455e-01
2.533979415893554688e-01
2.531299293041229248e-01
2.538838684558868408e-01
2.538220584392547607e-01
2.530970871448516846e-01
2.543023824691772461e-01
2.535248100757598877e-01
2.535173296928405762e-01
2.535806000232696533e-01
2.538226246833801270e-01
2.540353536605834961e-01
2.527723908424377441e-01
2.541617751121520996e-01
2.541917860507965088e-01
2.538917958736419678e-01
2.532507777214050293e-01
2.533408999443054199e-01
2.540563941001892090e-01
2.532445788383483887e-01
2.530610561370849609e-01
2.534300982952117920e-01
2.536885440349578857e-01
2.539564371109008789e-01
2.534873485565185547e-01
2.540852129459381104e-01
2.537618279457092285e-01
2.531671226024627686e-01
2.534100115299224854e-01
2.537209093570709229e-01
2.534465789794921875e-01
2.545206844806671143e-01
2.543833851814270020e-01
2.534394562244415283e-01
2.541804313659667969e-01
2.537366449832916260e-01
2.532495856285095215e-01
2.537600100040435791e-01
2.539628744125366211e-01
2.541465163230895996e-01
2.553277909755706787e-01
2.534029483795166016e-01
2.534431815147399902e-01
2.543168962001800537e-01
2.538597881793975830e-01
2.536498904228210449e-01
2.540454268455505371e-01
2.535715401172637939e-01
2.545943856239318848e-01
2.537762224674224854e-01
2.533202469348907471e-01
2.536864876747131348e-01
2.540414333343505859e-01
2.532933652400970459e-01
2.540497779846191406e-01
2.543644607067108154e-01
2.533989846706390381e-01
2.534127235412597656e-01
2.533175051212310791e-01
2.535987198352813721e-01
2.542903721332550049e-01
2.534100413322448730e-01
2.541662156581878662e-01
2.535307705402374268e-01
2.538700103759765625e-01
2.536422610282897949e-01
2.536559700965881348e-01
2.534490227699279785e-01
2.537754774093627930e-01
2.532303035259246826e-01
2.535916566848754883e-01
2.530623078346252441e-01
2.537496387958526611e-01
2.538397908210754395e-01
2.542558610439300537e-01
2.536875009536743164e-01
2.536837756633758545e-01
2.532314956188201904e-01
2.532885074615478516e-01
2.536019980907440186e-01
2.530552148818969727e-01
2.541923224925994873e-01
2.537683844566345215e-01
2.530803978443145752e-01
2.534859776496887207e-01
2.542158663272857666e-01
2.537559568881988525e-01
2.541350424289703369e-01
2.535004317760467529e-01
2.540100514888763428e-01
2.551963031291961670e-01
2.536928951740264893e-01
2.536712288856506348e-01
2.542296350002288818e-01
2.535557746887207031e-01
2.535179853439331055e-01
2.534916996955871582e-01
2.537753582000732422e-01
2.526904642581939697e-01
2.539702057838439941e-01
2.536527812480926514e-01
2.540003359317779541e-01
2.541263997554779053e-01
2.532143592834472656e-01
2.537724077701568604e-01
2.548187971115112305e-01
2.535105943679809570e-01
2.540612518787384033e-01
2.535696327686309814e-01
2.539359033107757568e-01
2.544500529766082764e-01
2.537950873374938965e-01
2.535533308982849121e-01
2.545473575592041016e-01
2.540247440338134766e-01
2.539120614528656006e-01
2.537197470664978027e-01
2.544870376586914062e-01
2.544854581356048584e-01
2.535378038883209229e-01
2.537603378295898438e-01
2.539751231670379639e-01
2.539773881435394287e-01
2.537607550621032715e-01
2.535259425640106201e-01
2.537834644317626953e-01
2.535942196846008301e-01
2.536707222461700439e-01
2.536868751049041748e-01
2.537313401699066162e-01
2.545905709266662598e-01
2.534237504005432129e-01
2.533259093761444092e-01
2.533147335052490234e-01
2.536214292049407959e-01
2.550674080848693848e-01
2.532615959644317627e-01
2.536633908748626709e-01
2.537030875682830811e-01
2.537211179733276367e-01
2.536552250385284424e-01
2.538323104381561279e-01
2.533599436283111572e-01
2.534871399402618408e-01
2.534556090831756592e-01
2.551079094409942627e-01
2.538300454616546631e-01
2.539483010768890381e-01
2.538332045078277588e-01
2.543324828147888184e-01
2.531030178070068359e-01
2.546783089637756348e-01
2.541238367557525635e-01
2.538366913795471191e-01
2.542990148067474365e-01
2.536327540874481201e-01
2.542003393173217773e-01
2.540443241596221924e-01
2.536424398422241211e-01
2.531633973121643066e-01
2.537796795368194580e-01
2.543032169342041016e-01
2.534507513046264648e-01
2.544356286525726318e-01
2.531864047050476074e-01
2.540435492992401123e-01
2.537280321121215820e-01
2.540200352668762207e-01
2.542405426502227783e-01
2.538110315799713135e-01
2.537121474742889404e-01
2.531563639640808105e-01
2.538859844207763672e-01
2.535523474216461182e-01
2.532698810100555420e-01
2.535432577133178711e-01
2.540978789329528809e-01
2.532444894313812256e-01
2.548872530460357666e-01
2.536717951297760010e-01
2.534597516059875488e-01
2.531650066375732422e-01
2.534684836864471436e-01
2.545573413372039795e-01
2.539187073707580566e-01
2.538390457630157471e-01
2.541097402572631836e-01
2.539891600608825684e-01
2.542902231216430664e-01
2.532795369625091553e-01
2.544865310192108154e-01
2.540429234504699707e-01
2.540306150913238525e-01
2.535920441150665283e-01
2.541018426418304443e-01
2.533219456672668457e-01
2.538119256496429443e-01
2.538650631904602051e-01
2.534509301185607910e-01
2.535206377506256104e-01
2.539314925670623779e-01
2.540399134159088135e-01
2.540790736675262451e-01
2.546165287494659424e-01
2.542035579681396484e-01
2.529819309711456299e-01
2.533709108829498291e-01
2.541382014751434326e-01
2.538448870182037354e-01
2.538250982761383057e-01
2.533131539821624756e-01
2.537488937377929688e-01
2.536650896072387695e-01
2.537443637847900391e-01
2.535641491413116455e-01
2.535048723220825195e-01
2.532808184623718262e-01
2.540663480758666992e-01
2.533171772956848145e-01
2.538514137268066406e-01
2.541486322879791260e-01
2.538599967956542969e-01
2.538338601589202881e-01
2.543292343616485596e-01
2.539803981781005859e-01
2.538795769214630127e-01
2.533860504627227783e-01
2.535906434059143066e-01
2.541381418704986572e-01
2.538413405418395996e-01
2.537532448768615723e-01
2.536785602569580078e-01
2.537905275821685791e-01
2.532409429550170898e-01
2.534524798393249512e-01
2.535600960254669189e-01
2.540077567100524902e-01
2.538386881351470947e-01
2.541604936122894287e-01
2.543230354785919189e-01
2.530612945556640625e-01
2.537698447704315186e-01
2.547745108604431152e-01
2.543198764324188232e-01
2.544534504413604736e-01
2.542106509208679199e-01
2.538473010063171387e-01
2.532532513141632080e-01
2.542076706886291504e-01
2.538078129291534424e-01
2.541453838348388672e-01
2.532222270965576172e-01
2.544049024581909180e-01
2.533053457736968994e-01
2.537486255168914795e-01
2.539380788803100586e-01
2.538052201271057129e-01
2.536283433437347412e-01
2.530840933322906494e-01
2.534621059894561768e-01
2.541010677814483643e-01
2.536584138870239258e-01
2.541737854480743408e-01
2.537457942962646484e-01
2.531673312187194824e-01
2.539389431476593018e-01
2.539987266063690186e-01
2.531343102455139160e-01
2.537147998809814453e-01
2.536301910877227783e-01
2.535992264747619629e-01
2.541037201881408691e-01
2.536356449127197266e-01
2.536318004131317139e-01
2.545077502727508545e-01
2.541821300983428955e-01
2.530232667922973633e-01
2.532764971256256104e-01
2.540738284587860107e-01
2.541743516921997070e-01
2.536770999431610107e-01
2.539579272270202637e-01
2.540810406208038330e-01
2.538540363311767578e-01
2.537671625614166260e-01
2.539887130260467529e-01
2.535527944564819336e-01
2.538827955722808838e-01
2.539962232112884521e-01
2.539866864681243896e-01
2.539162933826446533e-01
2.534328103065490723e-01
2.542669475078582764e-01
2.539474070072174072e-01
2.540569603443145752e-01
2.534988224506378174e-01
2.539182305335998535e-01
2.536484599113464355e-01
2.540715038776397705e-01
2.534531056880950928e-01
2.535169422626495361e-01
2.540012896060943604e-01
2.532710134983062744e-01
2.541649937629699707e-01
2.539483606815338135e-01
2.541193962097167969e-01
2.533347010612487793e-01
2.539861798286437988e-01
2.531714439392089844e-01
2.532494366168975830e-01
2.537049949169158936e-01
2.535701394081115723e-01
2.540750503540039062e-01
2.534307241439819336e-01
2.538302540779113770e-01
2.536175549030303955e-01
2.535722553730010986e-01
2.535771727561950684e-01
2.543924450874328613e-01
2.537803351879119873e-01
2.538606226444244385e-01
2.534433007240295410e-01
2.533299922943115234e-01
2.536630332469940186e-01
2.539159655570983887e-01
2.533383369445800781e-01
2.538960874080657959e-01
2.535904347896575928e-01
2.543616890907287598e-01
2.536324560642242432e-01
2.542707920074462891e-01
2.537253201007843018e-01
2.537998855113983154e-01
2.544392943382263184e-01
2.541221976280212402e-01
2.534058392047882080e-01
2.538428604602813721e-01
2.535364627838134766e-01
2.538609504699707031e-01
2.544204294681549072e-01
2.533609569072723389e-01
2.536654174327850342e-01
2.536461949348449707e-01
2.538014054298400879e-01
2.535580694675445557e-01
2.541103661060333252e-01
2.544288933277130127e-01
2.532648444175720215e-01
2.534540593624114990e-01
2.533980906009674072e-01
2.531790435314178467e-01
2.536080777645111084e-01
2.539348900318145752e-01
2.542010247707366943e-01
2.549615204334259033e-01
2.539384365081787109e-01
2.539538145065307617e-01
2.534560859203338623e-01
2.541129887104034424e-01
2.535538673400878906e-01
2.529744803905487061e-01
2.534315884113311768e-01
2.531358003616333008e-01
2.534596323966979980e-01
2.533616721630096436e-01
2.535194754600524902e-01
2.528996467590332031e-01
2.545329928398132324e-01
2.538999319076538086e-01
2.536283135414123535e-01
2.531165182590484619e-01
2.528551220893859863e-01
2.533241808414459229e-01
2.536824345588684082e-01
2.531047463417053223e-01
2.536616325378417969e-01
2.534977197647094727e-01
2.545470893383026123e-01
2.538152337074279785e-01
2.534850835800170898e-01
2.535605132579803467e-01
2.537373304367065430e-01
2.539113163948059082e-01
2.539914548397064209e-01
2.533606588840484619e-01
2.539484202861785889e-01
2.534226179122924805e-01
2.532683908939361572e-01
2.541540861129760742e-01
2.537887990474700928e-01
2.538208067417144775e-01
2.540917396545410156e-01
2.530564367771148682e-01
2.537580430507659912e-01
2.540097236633300781e-01
2.543438673019409180e-01
2.535248100757598877e-01
2.535879611968994141e-01
2.531939446926116943e-01
2.541186511516571045e-01
2.529711425304412842e-01
2.536528706550598145e-01
2.531063556671142578e-01
2.537210881710052490e-01
2.531666457653045654e-01
2.537900507450103760e-01
2.534208595752716064e-01
2.543664574623107910e-01
2.535392045974731445e-01
2.530731856822967529e-01
2.539673149585723877e-01
2.545290589332580566e-01
2.532758116722106934e-01
2.534810006618499756e-01
2.539392411708831787e-01
2.533467411994934082e-01
2.546829283237457275e-01
2.532058656215667725e-01
2.534502446651458740e-01
2.539069056510925293e-01
2.537569999694824219e-01
2.527249157428741455e-01
2.537636458873748779e-01
2.536778151988983154e-01
2.533445060253143311e-01
2.530997395515441895e-01
2.538292706012725830e-01
2.544063329696655273e-01
2.541214525699615479e-01
2.532759904861450195e-01
2.541886866092681885e-01
2.544215023517608643e-01
2.533366680145263672e-01
2.531881034374237061e-01
2.542653381824493408e-01
2.536355853080749512e-01
2.536956071853637695e-01
2.540124058723449707e-01
2.545100152492523193e-01
2.538868784904479980e-01
2.536443769931793213e-01
2.544030547142028809e-01
2.532456219196319580e-01
2.534716129302978516e-01
2.533405721187591553e-01
2.537520825862884521e-01
2.539725899696350098e-01
2.535703778266906738e-01
2.536223232746124268e-01
2.530937790870666504e-01
2.547836601734161377e-01
2.534357309341430664e-01
2.542156577110290527e-01
2.534136772155761719e-01
2.532735168933868408e-01
2.540104687213897705e-01
2.534560859203338623e-01
2.544720172882080078e-01
2.536203861236572266e-01
2.530324459075927734e-01
2.538908421993255615e-01
2.531178295612335205e-01
2.536966800689697266e-01
2.544802129268646240e-01
2.535943984985351562e-01
2.536000013351440430e-01
2.531000673770904541e-01
2.542193233966827393e-01
2.536602616310119629e-01
2.534790039062500000e-01
2.541615068912506104e-01
2.535752952098846436e-01
2.534978091716766357e-01
2.535204887390136719e-01
2.538088560104370117e-01
2.533432245254516602e-01
2.541360259056091309e-01
2.537043690681457520e-01
2.534551024436950684e-01
2.538062036037445068e-01
2.537805140018463135e-01
2.536631822586059570e-01
2.548282742500305176e-01
2.534942626953125000e-01
2.536372840404510498e-01
2.546204924583435059e-01
2.538048326969146729e-01
2.541916966438293457e-01
2.538139522075653076e-01
2.544731795787811279e-01
2.538223266601562500e-01
2.534591853618621826e-01
2.543225884437561035e-01
2.539761960506439209e-01
2.537945210933685303e-01
2.539113163948059082e-01
2.539054155349731445e-01
2.540166974067687988e-01
2.538253664970397949e-01
2.528422474861145020e-01
2.543918788433074951e-01
2.543413043022155762e-01
2.531875073909759521e-01
2.545782625675201416e-01
2.529614567756652832e-01
2.540397644042968750e-01
2.535822391510009766e-01
2.529539465904235840e-01
2.532555758953094482e-01
2.533248364925384521e-01
2.538980245590209961e-01
2.530235052108764648e-01
2.543452382087707520e-01
2.533778250217437744e-01
2.532882094383239746e-01
2.535286545753479004e-01
2.537985444068908691e-01
2.541617751121520996e-01
2.532625496387481689e-01
2.539891302585601807e-01
2.538971900939941406e-01
2.533994317054748535e-01
2.536316812038421631e-01
2.532532513141632080e-01
2.535287439823150635e-01
2.534976601600646973e-01
2.540716528892517090e-01
2.535923123359680176e-01
2.537941336631774902e-01
2.538496553897857666e-01
2.537455558776855469e-01
2.536758482456207275e-01
2.538643777370452881e-01
2.542252540588378906e-01
2.535760402679443359e-01
2.538658678531646729e-01
2.530300617218017578e-01
2.537091970443725586e-01
2.533503472805023193e-01
2.535781562328338623e-01
2.539621889591217041e-01
2.537432610988616943e-01
2.536079585552215576e-01
2.533766627311706543e-01
2.537344694137573242e-01
2.545058429241180420e-01
2.538663148880004883e-01
2.534939944744110107e-01
2.529596686363220215e-01
2.537337839603424072e-01
2.538090050220489502e-01
2.548612356185913086e-01
2.534098327159881592e-01
2.536953389644622803e-01
2.532281279563903809e-01
2.537307441234588623e-01
2.543658912181854248e-01
2.531738877296447754e-01
2.541231215000152588e-01
2.541493475437164307e-01
2.533160448074340820e-01
2.537668645381927490e-01
2.526964247226715088e-01
2.536619901657104492e-01
2.535306215286254883e-01
2.537485063076019287e-01
2.537479400634765625e-01
2.540885806083679199e-01
2.533031404018402100e-01
2.543506026268005371e-01
2.534355223178863525e-01
2.535067498683929443e-01
2.535038590431213379e-01
2.533328533172607422e-01
2.532806992530822754e-01
2.540116906166076660e-01
2.531745135784149170e-01
2.538724243640899658e-01
2.546984553337097168e-01
2.542912960052490234e-01
2.542075216770172119e-01
2.542072534561157227e-01
2.539863586425781250e-01
2.538851201534271240e-01
2.533065974712371826e-01
2.535514533519744873e-01
2.532147467136383057e-01
2.536907196044921875e-01
2.536805272102355957e-01
2.540732026100158691e-01
2.535285949707031250e-01
2.535135447978973389e-01
2.535451948642730713e-01
2.546258568763732910e-01
2.536507248878479004e-01
2.535634338855743408e-01
2.541687488555908203e-01
2.534866333007812500e-01
2.532360255718231201e-01
2.551606595516204834e-01
2.536732852458953857e-01
2.531270086765289307e-01
2.534199655055999756e-01
2.528453767299652100e-01
2.545167505741119385e-01
2.540526688098907471e-01
2.532562911510467529e-01
2.534091472625732422e-01
2.533940672874450684e-01
2.543164789676666260e-01
2.547248005867004395e-01
2.534762024879455566e-01
2.533046305179595947e-01
2.538492977619171143e-01
2.538012266159057617e-01
2.533286809921264648e-01
2.535646557807922363e-01
2.540202736854553223e-01
2.536755204200744629e-01
2.543886899948120117e-01
2.534691989421844482e-01
2.540368139743804932e-01
2.539024353027343750e-01
2.539883852005004883e-01
2.536022365093231201e-01
2.539185285568237305e-01
2.538973987102508545e-01
2.546564936637878418e-01
2.533641755580902100e-01
2.538228929042816162e-01
2.543083429336547852e-01
2.538101375102996826e-01
2.531187832355499268e-01
2.540140748023986816e-01
2.534644007682800293e-01
2.533840537071228027e-01
2.535842955112457275e-01
2.529086768627166748e-01
2.543208003044128418e-01
2.540812790393829346e-01
2.536740005016326904e-01
2.535886168479919434e-01
2.536452412605285645e-01
2.535538375377655029e-01
2.537800371646881104e-01
2.532883286476135254e-01
2.540716826915740967e-01
2.535967826843261719e-01
2.538790106773376465e-01
2.536930739879608154e-01
2.539089024066925049e-01
2.533930242061614990e-01
2.543410062789916992e-01
2.530376911163330078e-01
2.545813918113708496e-01
2.539748549461364746e-01
2.541275024414062500e-01
2.527439594268798828e-01
2.534990906715393066e-01
2.537033557891845703e-01
2.529949247837066650e-01
2.536972463130950928e-01
2.541597783565521240e-01
2.531621158123016357e-01
2.535288035869598389e-01
2.527855336666107178e-01
2.534414827823638916e-01
2.537883222103118896e-01
2.541829943656921387e-01
2.535105645656585693e-01
2.539226412773132324e-01
2.533041238784790039e-01
2.538505494594573975e-01
2.537326812744140625e-01
2.538062632083892822e-01
2.533210217952728271e-01
2.531450688838958740e-01
2.534616887569427490e-01
2.539963424205780029e-01
2.537853717803955078e-01
2.531494498252868652e-01
2.536695003509521484e-01
2.533399462699890137e-01
2.537206709384918213e-01
2.536492049694061279e-01
2.534443140029907227e-01
2.532314360141754150e-01
2.540081143379211426e-01
2.536529004573822021e-01
2.534596621990203857e-01
2.533766925334930420e-01
2.542652189731597900e-01
2.540003359317779541e-01
2.539967596530914307e-01
2.539542615413665771e-01
2.533510923385620117e-01
2.540914118289947510e-01
2.542717754840850830e-01
2.536893486976623535e-01
2.540451586246490479e-01
2.535769045352935791e-01
2.535402476787567139e-01
2.540583610534667969e-01
2.527634501457214355e-01
2.538614273071289062e-01
2.537738382816314697e-01
2.543238997459411621e-01
2.540388405323028564e-01
2.542037963867187500e-01
2.537037432193756104e-01
2.539006769657135010e-01
2.530399858951568604e-01
2.541077136993408203e-01
2.532998919486999512e-01
2.538942992687225342e-01
2.532322406768798828e-01
2.536208927631378174e-01
2.531718909740447998e-01
2.540929317474365234e-01
2.543308734893798828e-01
2.540545463562011719e-01
2.538429796695709229e-01
2.529627084732055664e-01
2.545160353183746338e-01
2.535391449928283691e-01
2.539866268634796143e-01
2.535436153411865234e-01
2.538166344165802002e-01
2.536673843860626221e-01
2.537511289119720459e-01
2.535957098007202148e-01
2.534120678901672363e-01
2.536430060863494873e-01
2.537741959095001221e-01
2.528237402439117432e-01
2.537050843238830566e-01
2.548665702342987061e-01
2.531034648418426514e-01
2.537650465965270996e-01
2.536493539810180664e-01
2.536920011043548584e-01
2.534096837043762207e-01
2.539285421371459961e-01
2.538453936576843262e-01
2.532445788383483887e-01
2.547806203365325928e-01
2.532646358013153076e-01
2.543975710868835449e-01
2.534271478652954102e-01
2.537334859371185303e-01
2.537669837474822998e-01
2.533059716224670410e-01
2.537260651588439941e-01
2.540236711502075195e-01
2.535481154918670654e-01
2.545934915542602539e-01
2.540518939495086670e-01
2.541257143020629883e-01
2.535951435565948486e-01
2.532193362712860107e-01
2.540840804576873779e-01
2.537022233009338379e-01
2.544026076793670654e-01
2.534417212009429932e-01
2.540979981422424316e-01
2.534626722335815430e-01
2.533701360225677490e-01
2.539569735527038574e-01
2.540785074234008789e-01
2.527866959571838379e-01
2.540423274040222168e-01
2.543403506278991699e-01
2.534614801406860352e-01
2.535167336463928223e-01
2.537993788719177246e-01
2.541428804397583008e-01
2.534903287887573242e-01
2.533912062644958496e-01
2.534559965133666992e-01
2.534822225570678711e-01
2.538265585899353027e-01
2.543128430843353271e-01
2.540296316146850586e-01
2.536314129829406738e-01
2.532306909561157227e-01
2.535116672515869141e-01
2.542214691638946533e-01
2.540202140808105469e-01
2.540869116783142090e-01
2.534826397895812988e-01
2.536526322364807129e-01
2.535692751407623291e-01
2.536726295948028564e-01
2.538049221038818359e-01
2.532483935356140137e-01
2.542936205863952637e-01
2.535140812397003174e-01
2.539171278476715088e-01
2.540822625160217285e-01
2.550066113471984863e-01
2.532168328762054443e-01
2.540529668331146240e-01
2.540403604507446289e-01
2.537142932415008545e-01
2.531590759754180908e-01
2.539904713630676270e-01
2.534127831459045410e-01
2.532676756381988525e-01
2.540062963962554932e-01
2.531339228153228760e-01
2.535111904144287109e-01
2.542864680290222168e-01
2.537353932857513428e-01
2.535753846168518066e-01
2.532169520854949951e-01
2.541449368000030518e-01
2.536315321922302246e-01
2.540529668331146240e-01
2.529728710651397705e-01
2.543682456016540527e-01
2.533257901668548584e-01
2.545582354068756104e-01
2.538874447345733643e-01
2.534073293209075928e-01
2.531580924987792969e-01
2.537372708320617676e-01
2.542648017406463623e-01
2.536867558956146240e-01
2.542631626129150391e-01
2.537028491497039795e-01
2.533441781997680664e-01
2.533697783946990967e-01
2.531000077724456787e-01
2.537596821784973145e-01
2.541597783565521240e-01
2.544178068637847900e-01
2.533141076564788818e-01
2.535842359066009521e-01
2.543475329875946045e-01
2.540282905101776123e-01
2.537209093570709229e-01
2.536028623580932617e-01
2.544952929019927979e-01
2.531466782093048096e-01
2.537181079387664795e-01
2.525482177734375000e-01
2.536216676235198975e-01
2.544486224651336670e-01
2.551001310348510742e-01
2.537444829940795898e-01
2.542638480663299561e-01
2.536282241344451904e-01
2.536641657352447510e-01
2.535781264305114746e-01
2.532455027103424072e-01
2.537486553192138672e-01
2.532331943511962891e-01
2.548402249813079834e-01
2.533437907695770264e-01
2.547321617603302002e-01
2.534066140651702881e-01
2.540567517280578613e-01
2.533185780048370361e-01
2.542743086814880371e-01
2.541062533855438232e-01
2.542420327663421631e-01
2.543382346630096436e-01
2.534884810447692871e-01
2.541379034519195557e-01
2.541539072990417480e-01
2.538601160049438477e-01
2.539775669574737549e-01
2.536458373069763184e-01
2.538132369518280029e-01
2.538969218730926514e-01
2.532902956008911133e-01
2.543590068817138672e-01
2.532694041728973389e-01
2.534014880657196045e-01
2.538590431213378906e-01
2.542783617973327637e-01
2.535785734653472900e-01
2.530481517314910889e-01
2.528845071792602539e-01
2.539563775062561035e-01
2.538672983646392822e-01
2.533227503299713135e-01
2.541922628879547119e-01
2.537145912647247314e-01
2.548012733459472656e-01
2.537267804145812988e-01
2.544949352741241455e-01
2.531772553920745850e-01
2.542316317558288574e-01
2.532689571380615234e-01
2.537243068218231201e-01
2.538301646709442139e-01
2.532069087028503418e-01
2.541924715042114258e-01
2.539961636066436768e-01
2.539340257644653320e-01
2.533659636974334717e-01
2.532325983047485352e-01
2.539103627204895020e-01
2.537972629070281982e-01
2.540435194969177246e-01
2.541264295578002930e-01
2.530617415904998779e-01
2.534780502319335938e-01
2.531131505966186523e-01
2.533722221851348877e-01
2.538008093833923340e-01
2.540287375450134277e-01
2.533120512962341309e-01
2.537710070610046387e-01
2.548775076866149902e-01
2.540223598480224609e-01
2.529490292072296143e-01
2.540998458862304688e-01
2.532295286655426025e-01
2.542449235916137695e-01
2.531659305095672607e-01
2.544791102409362793e-01
2.537393867969512939e-01
2.538436949253082275e-01
2.537494897842407227e-01
2.537992000579833984e-01
2.538596689701080322e-01
2.532585859298706055e-01
2.535317540168762207e-01
2.535512745380401611e-01
2.542719841003417969e-01
2.531237304210662842e-01
2.540713250637054443e-01
2.532016336917877197e-01
2.538503408432006836e-01
2.533189952373504639e-01
2.539256215095520020e-01
2.533808946609497070e-01
2.538153231143951416e-01
2.538382411003112793e-01
2.534352838993072510e-01
2.536832392215728760e-01
2.532433867454528809e-01
2.532863914966583252e-01
2.546248733997344971e-01
2.529410719871520996e-01
2.532408833503723145e-01
2.550167739391326904e-01
2.536483705043792725e-01
2.528993189334869385e-01
2.544254362583160400e-01
2.530058622360229492e-01
2.533863782882690430e-01
2.540602982044219971e-01
2.530651390552520752e-01
2.533382177352905273e-01
2.542863786220550537e-01
2.534631788730621338e-01
2.538753449916839600e-01
2.535080611705780029e-01
2.546653747558593750e-01
2.543973028659820557e-01
2.532342374324798584e-01
2.539680302143096924e-01
2.537101507186889648e-01
2.533773779869079590e-01
2.533004283905029297e-01
2.536775469779968262e-01
2.540920972824096680e-01
2.536056339740753174e-01
2.536166906356811523e-01
2.538549900054931641e-01
2.540275454521179199e-01
2.532771527767181396e-01
2.544810771942138672e-01
2.537699043750762939e-01
2.539941668510437012e-01
2.538249790668487549e-01
2.539798617362976074e-01
2.538966536521911621e-01
2.530423998832702637e-01
2.539401352405548096e-01
2.535340785980224609e-01
2.534481883049011230e-01
2.530128061771392822e-01
2.540244460105895996e-01
2.542741000652313232e-01
2.529128193855285645e-01
2.538077235221862793e-01
2.537012398242950439e-01
2.534124553203582764e-01
2.541276216506958008e-01
2.534730732440948486e-01
2.531302571296691895e-01
2.534716427326202393e-01
2.544400691986083984e-01
2.540770173072814941e-01
2.535108029842376709e-01
2.532669603824615479e-01
2.536439299583435059e-01
2.534484267234802246e-01
2.537227869033813477e-01
2.533787786960601807e-01
2.537981271743774414e-01
2.535891234874725342e-01
2.542511522769927979e-01
2.533616721630096436e-01
2.532664537429809570e-01
2.543763220310211182e-01
2.536297142505645752e-01
2.538629770278930664e-01
2.539586722850799561e-01
2.538882195949554443e-01
2.535314559936523438e-01
2.531770169734954834e-01
2.533612251281738281e-01
2.535513937473297119e-01
2.542875409126281738e-01
2.532510459423065186e-01
2.542095184326171875e-01
2.532290518283843994e-01
2.543678581714630127e-01
2.541632652282714844e-01
2.539582252502441406e-01
2.532759606838226318e-01
2.539888918399810791e-01
2.536962330341339111e-01
2.541122138500213623e-01
2.534532248973846436e-01
2.536972761154174805e-01
2.530653476715087891e-01
2.534969747066497803e-01
2.535081207752227783e-01
2.532653510570526123e-01
2.528592646121978760e-01
2.530542910099029541e-01
2.543029785156250000e-01
2.539831995964050293e-01
2.545843124389648438e-01
2.535000443458557129e-01
2.535346448421478271e-01
2.546371817588806152e-01
2.533823251724243164e-01
2.540588974952697754e-01
2.538046240806579590e-01
2.537809908390045166e-01
2.535438835620880127e-01
2.536137998104095459e-01
2.537765502929687500e-01
2.530543804168701172e-01
2.542452812194824219e-01
2.530235052108764648e-01
2.541394233703613281e-01
2.536176145076751709e-01
2.539958655834197998e-01
2.537365853786468506e-01
2.538486719131469727e-01
2.534216940402984619e-01
2.535085082054138184e-01
2.534919083118438721e-01
2.535459399223327637e-01
2.535722255706787109e-01
2.535094320774078369e-01
2.539199292659759521e-01
2.537096440792083740e-01
2.538251578807830811e-01
2.538119256496429443e-01
2.539065778255462646e-01
2.538200020790100098e-01
2.533376812934875488e-01
2.530706524848937988e-01
2.539468109607696533e-01
2.533379197120666504e-01
2.534617781639099121e-01
2.541678845882415771e-01
2.540153861045837402e-01
2.540474534034729004e-01
2.536268532276153564e-01
2.532545924186706543e-01
2.533969283103942871e-01
2.542933225631713867e-01
2.536647021770477295e-01
2.536694407463073730e-01
2.539554536342620850e-01
2.532016634941101074e-01
2.538612186908721924e-01
2.543255388736724854e-01
2.534569501876831055e-01
2.544679343700408936e-01
2.537702918052673340e-01
2.529443502426147461e-01
2.535303831100463867e-01
2.535930573940277100e-01
2.536202669143676758e-01
2.531636357307434082e-01
2.542195618152618408e-01
2.533365190029144287e-01
2.539288997650146484e-01
2.539141178131103516e-01
2.542782425880432129e-01
2.541323304176330566e-01
2.538535594940185547e-01
2.535628974437713623e-01
2.543072700500488281e-01
2.538646757602691650e-01
2.537362575531005859e-01
2.537125349044799805e-01
2.542744576930999756e-01
2.540972232818603516e-01
2.545152008533477783e-01
2.541620433330535889e-01
2.539078295230865479e-01
2.534574270248413086e-01
2.536337077617645264e-01
2.537029981613159180e-01
2.538027167320251465e-01
2.537524402141571045e-01
2.535273432731628418e-01
2.527885437011718750e-01
2.540170252323150635e-01
2.540464401245117188e-01
2.531857490539550781e-01
2.538877427577972412e-01
2.535429000854492188e-01
2.534851133823394775e-01
2.533244192600250244e-01
2.543088793754577637e-01
2.537265419960021973e-01
2.544167935848236084e-01
2.530493140220642090e-01
2.536528110504150391e-01
2.537173032760620117e-01
2.537456154823303223e-01
2.533167600631713867e-01
2.543621361255645752e-01
2.534994482994079590e-01
2.535174489021301270e-01
2.538987100124359131e-01
2.529437839984893799e-01
2.534892857074737549e-01
2.532366216182708740e-01
2.540326714515686035e-01
2.535003125667572021e-01
2.537546753883361816e-01
2.536234557628631592e-01
2.538186311721801758e-01
2.539927363395690918e-01
2.535034418106079102e-01
2.534900903701782227e-01
2.538757622241973877e-01
2.533009350299835205e-01
2.538315951824188232e-01
2.536087036132812500e-01
2.538508474826812744e-01
2.546767592430114746e-01
2.537210881710052490e-01
2.536152601242065430e-01
2.537270784378051758e-01
2.531750500202178955e-01
2.533813118934631348e-01
2.548427283763885498e-01
2.530030608177185059e-01
2.546113133430480957e-01
2.544443011283874512e-01
2.533440887928009033e-01
2.532609403133392334e-01
2.545170187950134277e-01
2.536196112632751465e-01
2.538501918315887451e-01
2.530873417854309082e-01
2.539705932140350342e-01
2.540335059165954590e-01
2.543182969093322754e-01
2.541005611419677734e-01
2.531284689903259277e-01
2.541529834270477295e-01
2.540638744831085205e-01
2.536701858043670654e-01
2.528600692749023438e-01
2.537395060062408447e-01
2.544945776462554932e-01
2.531045079231262207e-01
2.531902790069580078e-01
2.533871829509735107e-01
2.540277242660522461e-01
2.529667913913726807e-01
2.544274032115936279e-01
2.535691559314727783e-01
2.531797885894775391e-01
2.539878189563751221e-01
2.543929517269134521e-01
2.536059021949768066e-01
2.530339062213897705e-01
2.537896931171417236e-01
2.540796101093292236e-01
2.535290122032165527e-01
2.533431947231292725e-01
2.537855803966522217e-01
2.541622817516326904e-01
2.539034187793731689e-01
2.535434663295745850e-01
2.538110613822937012e-01
2.536556124687194824e-01
2.531411051750183105e-01
2.538781464099884033e-01
2.539128363132476807e-01
2.536910474300384521e-01
2.533111870288848877e-01
2.537252306938171387e-01
2.542233467102050781e-01
2.540090084075927734e-01
2.536362707614898682e-01
2.536521255970001221e-01
2.532975673675537109e-01
2.537628114223480225e-01
2.532784938812255859e-01
2.538927197456359863e-01
2.531594038009643555e-01
2.535641491413116455e-01
2.533753514289855957e-01
2.535105645656585693e-01
2.536908388137817383e-01
2.536658942699432373e-01
2.543683052062988281e-01
2.534963190555572510e-01
2.541374862194061279e-01
2.533515989780426025e-01
2.535208165645599365e-01
2.530802488327026367e-01
2.535187005996704102e-01
2.534135580062866211e-01
2.533942759037017822e-01
2.541803717613220215e-01
2.534674108028411865e-01
2.531033456325531006e-01
2.544357776641845703e-01
2.537917196750640869e-01
2.532909512519836426e-01
2.538712322711944580e-01
2.538807988166809082e-01
2.531388103961944580e-01
2.536392211914062500e-01
2.536650002002716064e-01
2.539238333702087402e-01
2.535779178142547607e-01
2.541860044002532959e-01
2.533068060874938965e-01
2.538236677646636963e-01
2.534838616847991943e-01
2.538340687751770020e-01
2.529605031013488770e-01
2.534053921699523926e-01
2.532058656215667725e-01
2.531943321228027344e-01
2.540155947208404541e-01
2.536882162094116211e-01
2.538232505321502686e-01
2.533520460128784180e-01
2.536700069904327393e-01
2.531633675098419189e-01
2.534955143928527832e-01
2.534073293209075928e-01
2.533349096775054932e-01
2.540482580661773682e-01
2.539212405681610107e-01
2.536421120166778564e-01
2.539928257465362549e-01
2.539248764514923096e-01
2.547829449176788330e-01
2.533166110515594482e-01
2.528293728828430176e-01
2.541529536247253418e-01
2.534863054752349854e-01
2.533258199691772461e-01
2.536661922931671143e-01
2.540846467018127441e-01
2.542001605033874512e-01
2.533470094203948975e-01
2.539109885692596436e-01
2.544610202312469482e-01
2.536182999610900879e-01
2.531611025333404541e-01
2.539542615413665771e-01
2.535839080810546875e-01
2.532690465450286865e-01
2.535991370677947998e-01
2.534654736518859863e-01
2.541370391845703125e-01
2.542035877704620361e-01
2.538565397262573242e-01
2.538879513740539551e-01
2.533587515354156494e-01
2.541078925132751465e-01
2.533823251724243164e-01
2.527393996715545654e-01
2.539139389991760254e-01
2.537848949432373047e-01
2.531536519527435303e-01
2.536717355251312256e-01
2.532067596912384033e-01
2.540985643863677979e-01
2.542728185653686523e-01
2.533554434776306152e-01
2.533146142959594727e-01
2.538546025753021240e-01
2.542168796062469482e-01
2.538545727729797363e-01
2.547748386859893799e-01
2.534946799278259277e-01
2.528671920299530029e-01
2.547459602355957031e-01
2.537012398242950439e-01
2.543090879917144775e-01
2.534160315990447998e-01
2.530233263969421387e-01
2.535274922847747803e-01
2.541423738002777100e-01
2.531989812850952148e-01
2.534354627132415771e-01
2.538314163684844971e-01
2.530423998832702637e-01
2.544012069702148438e-01
2.535588443279266357e-01
2.537544667720794678e-01
2.537421882152557373e-01
2.539460957050323486e-01
2.537090778350830078e-01
2.551236450672149658e-01
2.539378702640533447e-01
2.542692124843597412e-01
2.539219260215759277e-01
2.540901601314544678e-01
2.527512609958648682e-01
2.538370490074157715e-01
2.540901601314544678e-01
2.536771893501281738e-01
2.535557448863983154e-01
2.528970241546630859e-01
2.542357146739959717e-01
2.531000077724456787e-01
2.535207867622375488e-01
2.532028257846832275e-01
2.532886266708374023e-01
2.535488307476043701e-01
2.535408735275268555e-01
2.543646097183227539e-01
2.530083060264587402e-01
2.544697523117065430e-01
2.544874846935272217e-01
2.530516982078552246e-01
2.532981932163238525e-01
2.543392777442932129e-01
2.536791861057281494e-01
2.530962824821472168e-01
2.539790272712707520e-01
2.537038028240203857e-01
2.539012730121612549e-01
2.534289360046386719e-01
2.529001533985137939e-01
2.536622583866119385e-01
2.543360292911529541e-01
2.542718648910522461e-01
2.530603110790252686e-01
2.538060247898101807e-01
2.539257705211639404e-01
2.535610496997833252e-01
2.535111606121063232e-01
2.535470426082611084e-01
2.531404197216033936e-01
2.545925378799438477e-01
2.538428604602813721e-01
2.533727288246154785e-01
2.538649141788482666e-01
2.529492676258087158e-01
2.539845108985900879e-01
2.535710632801055908e-01
2.537483870983123779e-01
2.539285719394683838e-01
2.538032233715057373e-01
2.538688778877258301e-01
2.534755468368530273e-01
2.536291182041168213e-01
2.535396814346313477e-01
2.542697191238403320e-01
2.542532086372375488e-01
2.527749240398406982e-01
2.538714408874511719e-01
2.539161443710327148e-01
2.532401680946350098e-01
2.531664967536926270e-01
2.535132169723510742e-01
2.541303634643554688e-01
2.529474198818206787e-01
2.532280981540679932e-01
2.533974647521972656e-01
2.540610432624816895e-01
2.533043324947357178e-01
2.537353336811065674e-01
2.532207965850830078e-01
2.533736228942871094e-01
2.541339099407196045e-01
2.536081373691558838e-01
2.539929151535034180e-01
2.535991668701171875e-01
2.534690499305725098e-01
2.532908022403717041e-01
2.542809247970581055e-01
2.532156705856323242e-01
2.534909248352050781e-01
2.540786564350128174e-01
2.532333135604858398e-01
2.540023922920227051e-01
2.535746097564697266e-01
2.539643645286560059e-01
2.546205520629882812e-01
2.540519535541534424e-01
2.533078491687774658e-01
2.542422115802764893e-01
2.537152767181396484e-01
2.535035610198974609e-01
2.531494796276092529e-01
2.536199986934661865e-01
2.537929117679595947e-01
2.536254823207855225e-01
2.535695731639862061e-01
2.539700269699096680e-01
2.534004747867584229e-01
2.540327310562133789e-01
2.539601027965545654e-01
2.537932395935058594e-01
2.536889314651489258e-01
2.533434927463531494e-01
2.541133463382720947e-01
2.535109817981719971e-01
2.537748515605926514e-01
2.537551522254943848e-01
2.531950175762176514e-01
2.538173794746398926e-01
2.535651028156280518e-01
2.539146244525909424e-01
2.542869746685028076e-01
2.532292902469635010e-01
2.537277936935424805e-01
2.531788647174835205e-01
2.535956799983978271e-01
2.547878921031951904e-01
2.540761828422546387e-01
2.536538541316986084e-01
2.541242241859436035e-01
2.535590827465057373e-01
2.538930773735046387e-01
2.538743913173675537e-01
2.537714540958404541e-01
2.532041966915130615e-01
2.533289790153503418e-01
2.530223131179809570e-01
2.537812888622283936e-01
2.546470165252685547e-01
2.540571391582489014e-01
2.535923421382904053e-01
2.528856694698333740e-01
2.528637945652008057e-01
2.534543275833129883e-01
2.531152665615081787e-01
2.534866333007812500e-01
2.539614737033843994e-01
2.536736726760864258e-01
2.543083727359771729e-01
2.535508275032043457e-01
2.540844082832336426e-01
2.535775601863861084e-01
2.532754242420196533e-01
2.535102963447570801e-01
2.533835172653198242e-01
2.534660398960113525e-01
2.536171078681945801e-01
2.538889646530151367e-01
2.531920373439788818e-01
2.530826032161712646e-01
2.537856698036193848e-01
2.536309659481048584e-01
2.536791563034057617e-01
2.540403902530670166e-01
2.541677355766296387e-01
2.533075511455535889e-01
2.532096505165100098e-01
2.541594207286834717e-01
2.537485957145690918e-01
2.536219060420989990e-01
2.536753416061401367e-01
2.539411187171936035e-01
2.536050677299499512e-01
2.533669471740722656e-01
2.530044913291931152e-01
2.528974711894989014e-01
2.542741000652313232e-01
2.536508142948150635e-01
2.540607154369354248e-01
2.537946105003356934e-01
2.525474429130554199e-01
2.539283633232116699e-01
2.537857294082641602e-01
2.533806860446929932e-01
2.539718747138977051e-01
2.534857690334320068e-01
2.547144591808319092e-01
2.535229325294494629e-01
2.532539367675781250e-01
2.534870803356170654e-01
2.537398636341094971e-01
2.538317739963531494e-01
2.537453770637512207e-01
2.538529932498931885e-01
2.534545660018920898e-01
2.537752091884613037e-01
2.538732588291168213e-01
2.535651624202728271e-01
2.537774145603179932e-01
2.539089322090148926e-01
2.532084882259368896e-01
2.540510594844818115e-01
2.530286610126495361e-01
2.534632086753845215e-01
2.532501816749572754e-01
2.534207403659820557e-01
2.534781694412231445e-01
2.538380622863769531e-01
2.538347840309143066e-01
2.541316151618957520e-01
2.536638677120208740e-01
2.530201077461242676e-01
2.533538639545440674e-01
2.543237507343292236e-01
2.532988488674163818e-01
2.545849382877349854e-01
2.535941004753112793e-01
2.535471320152282715e-01
2.548449933528900146e-01
2.539409101009368896e-01
2.530944347381591797e-01
2.535124719142913818e-01
2.543294727802276611e-01
2.537338137626647949e-01
2.532095611095428467e-01
2.537212371826171875e-01
2.542920112609863281e-01
2.534029483795166016e-01
2.538481950759887695e-01
2.547798752784729004e-01
2.536834180355072021e-01
2.534040510654449463e-01
2.538861930370330811e-01
2.535642087459564209e-01
2.540951967239379883e-01
2.529743313789367676e-01
2.536142170429229736e-01
2.537800967693328857e-01
2.533667981624603271e-01
2.540580332279205322e-01
2.532519400119781494e-01
2.534656822681427002e-01
2.532558739185333252e-01
2.539165318012237549e-01
2.534296512603759766e-01
2.540808022022247314e-01
2.546849846839904785e-01
2.541776299476623535e-01
2.534447312355041504e-01
2.535776197910308838e-01
2.543357908725738525e-01
2.532948255538940430e-01
2.539951801300048828e-01
2.529349029064178467e-01
2.540180385112762451e-01
2.547323703765869141e-01
2.543143928050994873e-01
2.540099024772644043e-01
2.534746527671813965e-01
2.533189058303833008e-01
2.536616623401641846e-01
2.542911171913146973e-01
2.535971403121948242e-01
2.539663910865783691e-01
2.538751363754272461e-01
2.534174621105194092e-01
2.534645497798919678e-01
2.545627057552337646e-01
2.540567517280578613e-01
2.539163231849670410e-01
2.536393702030181885e-01
2.537389397621154785e-01
2.539240419864654541e-01
2.534675300121307373e-01
2.547094523906707764e-01
2.546159029006958008e-01
2.533693313598632812e-01
2.529339492321014404e-01
2.538502514362335205e-01
2.536028325557708740e-01
2.539342939853668213e-01
2.534550130367279053e-01
2.532168924808502197e-01
2.540948390960693359e-01
2.542695999145507812e-01
2.529955804347991943e-01
2.540524601936340332e-01
2.533624470233917236e-01
2.543508708477020264e-01
2.534384727478027344e-01
2.537839412689208984e-01
2.540379464626312256e-01
2.533993721008300781e-01
2.530554533004760742e-01
2.541949748992919922e-01
2.531076967716217041e-01
2.551913857460021973e-01
2.535800039768218994e-01
2.532862424850463867e-01
2.533482611179351807e-01
2.530390322208404541e-01
2.539089024066925049e-01
2.541777193546295166e-01
2.534034252166748047e-01
2.538662850856781006e-01
2.542186379432678223e-01
2.543353438377380371e-01
2.530849874019622803e-01
2.531321346759796143e-01
2.543458044528961182e-01
2.539114356040954590e-01
2.539986670017242432e-01
2.534062266349792480e-01
2.534248232841491699e-01
2.535017728805541992e-01
2.529712319374084473e-01
2.537127137184143066e-01
2.536825239658355713e-01
2.536186575889587402e-01
2.532494366168975830e-01
2.533902525901794434e-01
2.536601424217224121e-01
2.534821927547454834e-01
2.531696557998657227e-01
2.534888386726379395e-01
2.538598477840423584e-01
2.544727921485900879e-01
2.540380358695983887e-01
2.539179027080535889e-01
2.530813217163085938e-01
2.539323270320892334e-01
2.540422379970550537e-01
2.532712221145629883e-01
2.536001205444335938e-01
2.538762688636779785e-01
2.535597980022430420e-01
2.534284293651580811e-01
2.540323734283447266e-01
2.538369596004486084e-01
2.528643906116485596e-01
2.528108358383178711e-01
2.542962431907653809e-01
2.539319992065429688e-01
2.534940242767333984e-01
2.538090646266937256e-01
2.532799839973449707e-01
2.542462646961212158e-01
2.539486289024353027e-01
2.533715367317199707e-01
2.536897659301757812e-01
2.541048526763916016e-01
2.534904181957244873e-01
2.531515061855316162e-01
2.534026801586151123e-01
2.531406581401824951e-01
2.541733384132385254e-01
2.541415393352508545e-01
2.540909051895141602e-01
2.534478902816772461e-01
2.543494403362274170e-01
2.546725571155548096e-01
2.533248662948608398e-01
2.535316646099090576e-01
2.537743747234344482e-01
2.541133761405944824e-01
2.534005045890808105e-01
2.535097301006317139e-01
2.537032961845397949e-01
2.540167272090911865e-01
2.536520957946777344e-01
2.533430457115173340e-01
2.535088062286376953e-01
2.536035776138305664e-01
2.534357905387878418e-01
2.534789144992828369e-01
2.547931373119354248e-01
2.534415125846862793e-01
2.541952133178710938e-01
2.534176707267761230e-01
2.532147169113159180e-01
2.545761764049530029e-01
2.533186376094818115e-01
2.538771331310272217e-01
2.533363401889801025e-01
2.533712387084960938e-01
2.546759545803070068e-01
2.550448775291442871e-01
2.532708346843719482e-01
2.541776895523071289e-01
2.540030181407928467e-01
2.535344660282135010e-01
2.528776228427886963e-01
2.533143460750579834e-01
2.533117830753326416e-01
2.536741793155670166e-01
2.538992166519165039e-01
2.534397542476654053e-01
2.534497976303100586e-01
2.532106339931488037e-01
2.530901134014129639e-01
2.543314993381500244e-01
2.535614669322967529e-01
2.533964216709136963e-01
2.532569766044616699e-01
2.533743083477020264e-01
2.537433505058288574e-01
2.532090842723846436e-01
2.537557482719421387e-01
2.531476020812988281e-01
2.537752687931060791e-01
2.532190680503845215e-01
2.536058425903320312e-01
2.540045976638793945e-01
2.534003257751464844e-01
2.533004581928253174e-01
2.538586556911468506e-01
2.534569501876831055e-01
2.538759410381317139e-01
2.530948519706726074e-01
2.542484998703002930e-01
2.536047995090484619e-01
2.531384527683258057e-01
2.540571987628936768e-01
2.534266114234924316e-01
2.529220879077911377e-01
2.540172934532165527e-01
2.547720670700073242e-01
2.538448274135589600e-01
2.542460262775421143e-01
2.529572248458862305e-01
2.535027861595153809e-01
2.534677982330322266e-01
2.535971105098724365e-01
2.549745440483093262e-01
2.532328367233276367e-01
2.530784904956817627e-01
2.539405524730682373e-01
2.536749839782714844e-01
2.541840970516204834e-01
2.553530633449554443e-01
2.534604668617248535e-01
2.533469498157501221e-01
2.529486417770385742e-01
2.542845010757446289e-01
2.531751096248626709e-01
2.537188529968261719e-01
2.532066106796264648e-01
2.538640797138214111e-01
2.537497580051422119e-01
2.536189854145050049e-01
2.532833814620971680e-01
2.534652054309844971e-01
2.536066770553588867e-01
2.543419003486633301e-01
2.533366084098815918e-01
2.538873851299285889e-01
2.537266314029693604e-01
2.533199191093444824e-01
2.531991302967071533e-01
2.542948424816131592e-01
2.532876133918762207e-01
2.543062567710876465e-01
2.527738213539123535e-01
2.536266446113586426e-01
2.546117901802062988e-01
2.546865344047546387e-01
2.535439729690551758e-01
2.537270188331604004e-01
2.535125315189361572e-01
2.537553310394287109e-01
2.535050213336944580e-01
2.543126046657562256e-01
2.537141144275665283e-01
2.537669539451599121e-01
2.530559003353118896e-01
2.542099654674530029e-01
2.536889314651489258e-01
2.536623179912567139e-01
2.541629076004028320e-01
2.535347342491149902e-01
2.533408403396606445e-01
2.535660564899444580e-01
2.536359131336212158e-01
2.533621788024902344e-01
2.543526589870452881e-01
2.535252273082733154e-01
2.531895339488983154e-01
2.538565993309020996e-01
2.534374296665191650e-01
2.535080313682556152e-01
2.536275684833526611e-01
2.542697489261627197e-01
2.538432478904724121e-01
2.547166049480438232e-01
2.537046074867248535e-01
2.535125315189361572e-01
2.535215914249420166e-01
2.537965178489685059e-01
2.532966732978820801e-01
2.533813416957855225e-01
2.532681524753570557e-01
2.532820701599121094e-01
2.533348202705383301e-01
2.531756758689880371e-01
2.533066868782043457e-01
2.541127800941467285e-01
2.535102069377899170e-01
2.532932758331298828e-01
2.531749606132507324e-01
2.536303699016571045e-01
2.527921795845031738e-01
2.532766759395599365e-01
2.536488473415374756e-01
2.537434399127960205e-01
2.543197274208068848e-01
2.539712488651275635e-01
2.538555562496185303e-01
2.533510923385620117e-01
2.534027695655822754e-01
2.540596127510070801e-01
2.532678842544555664e-01
2.538040280342102051e-01
2.538068294525146484e-01
2.534743249416351318e-01
2.539528012275695801e-01
2.539950907230377197e-01
2.547592818737030029e-01
2.543714046478271484e-01
2.530765235424041748e-01
2.538450062274932861e-01
2.543621063232421875e-01
2.540077865123748779e-01
2.531411051750183105e-01
2.546699345111846924e-01
2.551816999912261963e-01
2.531080245971679688e-01
2.539966404438018799e-01
2.536249756813049316e-01
2.536990046501159668e-01
2.535141408443450928e-01
2.534334063529968262e-01
2.530469298362731934e-01
2.535161972045898438e-01
2.533577084541320801e-01
2.534404695034027100e-01
2.530081868171691895e-01
2.533563077449798584e-01
2.535403668880462646e-01
2.529846131801605225e-01
2.532013058662414551e-01
2.535448372364044189e-01
2.533982992172241211e-01
2.537604272365570068e-01
2.536033093929290771e-01
2.538605034351348877e-01
2.538306117057800293e-01
2.534085512161254883e-01
2.539003491401672363e-01
2.536522746086120605e-01
2.534500360488891602e-01
2.533955872058868408e-01
2.532379925251007080e-01
2.541594505310058594e-01
2.541207671165466309e-01
2.532217502593994141e-01
2.541188895702362061e-01
2.533477246761322021e-01
2.545630335807800293e-01
2.536872625350952148e-01
2.534592747688293457e-01
2.538725435733795166e-01
2.534524798393249512e-01
2.537421882152557373e-01
2.546836733818054199e-01
2.541268765926361084e-01
2.533073127269744873e-01
2.540398836135864258e-01
2.534985542297363281e-01
2.533886432647705078e-01
2.535503506660461426e-01
2.542276978492736816e-01
2.535876035690307617e-01
2.539037466049194336e-01
2.537293136119842529e-01
2.535091936588287354e-01
2.542980909347534180e-01
2.545275986194610596e-01
2.535023689270019531e-01
2.536393702030181885e-01
2.532994747161865234e-01
2.535892426967620850e-01
2.532930970191955566e-01
2.540455460548400879e-01
2.528735697269439697e-01
2.537463307380676270e-01
2.536344230175018311e-01
2.535841464996337891e-01
2.531141340732574463e-01
2.533741891384124756e-01
2.540926635265350342e-01
2.538552582263946533e-01
2.538753747940063477e-01
2.530691325664520264e-01
2.533218562602996826e-01
2.547599971294403076e-01
2.530274391174316406e-01
2.541033327579498291e-01
2.537719309329986572e-01
2.530919015407562256e-01
2.535039484500885010e-01
2.532971203327178955e-01
2.535999417304992676e-01
2.540172934532165527e-01
2.537354826927185059e-01
2.529923915863037109e-01
2.531699538230895996e-01
2.535473108291625977e-01
2.528165876865386963e-01
2.539311051368713379e-01
2.534220218658447266e-01
2.538070678710937500e-01
2.533734440803527832e-01
2.533015012741088867e-01
2.537842094898223877e-01
2.536863088607788086e-01
2.531431317329406738e-01
2.535328269004821777e-01
2.540438175201416016e-01
2.534215748310089111e-01
2.540903985500335693e-01
2.536440491676330566e-01
2.538558840751647949e-01
2.540549337863922119e-01
2.541694939136505127e-01
2.533918619155883789e-01
2.534134685993194580e-01
2.536497712135314941e-01
2.536168694496154785e-01
2.529514729976654053e-01
2.543679773807525635e-01
2.534700334072113037e-01
2.533697187900543213e-01
2.538014650344848633e-01
2.540143728256225586e-01
2.538507580757141113e-01
2.540080249309539795e-01
2.537943422794342041e-01
2.537891268730163574e-01
2.543965876102447510e-01
2.546652555465698242e-01
2.535113990306854248e-01
2.536597549915313721e-01
2.540805637836456299e-01
2.536199390888214111e-01
2.537271976470947266e-01
2.538093328475952148e-01
2.531001269817352295e-01
2.539319396018981934e-01
2.539190053939819336e-01
2.543196976184844971e-01
2.532386779785156250e-01
2.536512911319732666e-01
2.537832558155059814e-01
2.539603412151336670e-01
2.536571323871612549e-01
2.529383003711700439e-01
2.532341480255126953e-01
2.535725533962249756e-01
2.529489099979400635e-01
2.538085877895355225e-01
2.534964978694915771e-01
2.540103495121002197e-01
2.535304129123687744e-01
2.537180483341217041e-01
2.538524270057678223e-01
2.546259760856628418e-01
2.541548311710357666e-01
2.544299364089965820e-01
2.531888782978057861e-01
2.532875537872314453e-01
2.530651986598968506e-01
2.544067203998565674e-01
2.537464201450347900e-01
2.539305388927459717e-01
2.544067203998565674e-01
2.539813220500946045e-01
2.541716694831848145e-01
2.531762421131134033e-01
2.534117400646209717e-01
2.532299160957336426e-01
2.536105811595916748e-01
2.542987763881683350e-01
2.541878223419189453e-01
2.535114586353302002e-01
2.539802789688110352e-01
2.529581189155578613e-01
2.532474100589752197e-01
2.541159391403198242e-01
2.530156373977661133e-01
2.535536289215087891e-01
2.534631788730621338e-01
2.543410062789916992e-01
2.535315752029418945e-01
2.535159885883331299e-01
2.542722523212432861e-01
2.540606856346130371e-01
2.539399266242980957e-01
2.537885606288909912e-01
2.532384991645812988e-01
2.534116804599761963e-01
2.546316981315612793e-01
2.536113262176513672e-01
2.534686326980590820e-01
2.529915869235992432e-01
2.543228268623352051e-01
2.547882199287414551e-01
2.531933486461639404e-01
2.540141046047210693e-01
2.537454962730407715e-01
2.536973059177398682e-01
2.537367641925811768e-01
2.539061605930328369e-01
2.540002763271331787e-01
2.535585761070251465e-01
2.532984316349029541e-01
2.531973719596862793e-01
2.537521421909332275e-01
2.534146904945373535e-01
2.530389130115509033e-01
2.532675266265869141e-01
2.538091540336608887e-01
2.535775005817413330e-01
2.535306513309478760e-01
2.535077333450317383e-01
2.533048987388610840e-01
2.529312372207641602e-01
2.537263631820678711e-01
2.535156905651092529e-01
2.534988224506378174e-01
2.538604438304901123e-01
2.534518241882324219e-01
2.534599006175994873e-01
2.538570761680603027e-01
2.535969913005828857e-01
2.530822753906250000e-01
2.539171278476715088e-01
2.535627782344818115e-01
2.538981139659881592e-01
2.534742653369903564e-01
2.538562715053558350e-01
2.535296082496643066e-01
2.541669607162475586e-01
2.539110183715820312e-01
2.542885243892669678e-01
2.541041076183319092e-01
2.532295882701873779e-01
2.533336579799652100e-01
2.542673945426940918e-01
2.536444664001464844e-01
2.540017068386077881e-01
2.543424367904663086e-01
2.536175549030303955e-01
2.539955079555511475e-01
2.535470426082611084e-01
2.535098195075988770e-01
2.536518573760986328e-01
